"Est.Theta","Est.ExpScore","SimSum.Score","Scaled.Weighted.Score","True.Theta","True.ExpScore"
0.678104651513347,14.1147713509448,14,13.8935873694242,0.576915107717037,13.7378443822323
-0.660858916786811,7.04546760072742,7,6.65053554112608,-0.555881525257624,7.69300054979739
0.265671776169352,11.9651432262154,12,11.7035974436884,0.213977945525379,11.7747309863266
1.10229612468372,15.96122581789,16,15.769296351537,0.510639519679161,13.3879987004771
0.0871814174882274,11.0032791692764,11,10.7174277763835,0.194989568165489,11.6711055017345
0.278648206460939,12.0350716822819,12,11.7751431057575,0.412093383713844,12.8571582443844
-0.635987868836762,7.17928857817631,7,6.78731864368328,-0.313955424700933,8.96415314287935
0.0904198263604543,11.020673259544,11,10.7352923423294,-0.0975504360696208,10.0993739206976
-0.283450440864878,9.04114240015496,9,8.69856345849563,-0.0919559911002377,10.1289510449489
0.28593743602059,12.0743338000283,12,11.8153037142097,0.184799775245907,11.6155523802131
1.74359353963091,18.0108555815131,18,17.8880133313583,1.77626714243659,18.1601903073947
-1.06522472563426,4.84441502062265,5,4.42100606391453,-0.786349418722693,6.45295935179512
0.667603113384884,14.063261176674,14,13.8412933071945,1.21555605336558,16.5075334616968
0.445567548174687,12.9270780799912,13,12.6858641453328,0.623221714818265,13.9775764494307
1.13389803394064,16.0795980376177,16,15.8900579146175,0.662379969565068,14.1767089836125
0.275445486709042,12.0178163247049,12,11.7574907024929,0.40408260970176,12.8136176329148
-0.0648388287847459,10.1917159137836,10,9.88298380805128,0.00478300936472076,10.643249227817
-0.439675870860933,8.22200564077572,8,7.85620132712787,-0.256594694401837,9.26398449887986
1.72868538058859,17.96915802668,18,17.8442117457055,1.08000394247204,16.0235971736334
1.11156656715003,15.9962106371955,16,15.8049743812044,1.21146958239829,16.4936535816913
0.451161971810305,12.9565878360413,13,12.715933438649,0.423573676929077,12.9194766109719
0.0904198263604543,11.020673259544,11,10.7352923423294,0.0120515914774909,10.6821239930809
0.100285999511591,11.0736886705653,11,10.7897354886429,-0.0901819306292953,10.1383337540453
-0.0584542982200975,10.2255875694668,10,9.9178392340551,0.0275969089822221,10.7653788850893
0.865056923767904,14.9876653293114,15,14.7794061556376,0.857240051221436,15.1066231969591
-1.07423714784225,4.79625197873741,5,4.3727719039633,-1.52996175164144,2.73392763791032
-0.866990770281406,5.92297282300177,6,5.50804906089879,-0.531346623202861,7.8230208907349
-1.0534141023554,4.90771091325985,5,4.48443954502176,-1.02197947845553,5.16611594343579
0.852108862119729,14.9301022016634,15,14.7209839492803,0.907575580949725,15.327932541522
1.09886786787028,15.94823284398,16,15.7560485800207,0.96119942904213,15.5545771410317
-0.489355462384621,7.96012732879938,8,7.58730878672198,-0.650720324007811,7.18688147852719
-0.299350122442602,8.95788140696353,9,8.6128770122888,-0.424564107772604,8.38538699132568
-1.48391798903448,2.83705169827549,3,2.44178512739258,-1.65008646287663,2.30256895556847
-1.59701194113822,2.4098913768064,2,2.03194300452575,-1.40061662497178,3.26881395814929
-1.24774327857647,3.90134484821145,4,3.48239794101104,-1.41241686715009,3.21708993661747
2.15632450761989,19.0290093060723,19,18.9649353692596,2.36252485297536,19.4062846705061
-0.115923068596914,9.92136230488632,10,9.60471941318698,0.0304122312729793,10.7804732603823
0.469786936021544,13.0545782753541,13,12.8157559193759,0.127108535311111,11.301925005291
0.469786936021544,13.0545782753541,13,12.8157559193759,0.921030939283122,15.3856895827848
-0.877171864771424,5.86717239106551,6,5.45151902244973,-0.573372191870212,7.60009241272089
-0.470189289262437,8.06128716978839,8,7.69114835474453,-0.695873949751782,6.94382100622766
1.74359353963091,18.0108555815131,18,17.8880133313583,1.2056726787604,16.4738942258427
-0.429770189252688,8.27410233393974,8,7.90972201769213,0.0852522274199367,11.075504150065
1.72868538058859,17.96915802668,18,17.8442117457055,1.55814691278853,17.5611678304187
0.0746731725814818,10.9361307794831,11,10.6484560720482,-0.171688210957798,9.70883637963767
0.876856300580012,15.0397264031645,15,14.8322491071871,0.63795122586468,14.0528907894671
-0.29355226002291,8.98824148953539,9,8.64412031218212,-0.79926230159058,6.38254554461595
0.100285999511591,11.0736886705653,11,10.7897354886429,0.332938235819553,12.4254577038862
0.627109620797846,13.8624688257264,14,13.6373905493153,0.507262638067408,13.3699928505708
-1.61317056486951,2.35352607207927,2,1.97830349786816,-1.73403683945286,2.038300863207
-0.48167839198345,8.00066804861278,8,7.62891872486067,-0.17608671881916,9.68573906623125
-0.499393754911533,7.90707361984395,8,7.53286564040847,-0.287861500564596,9.10052297070013
-1.02449340338011,5.06347468506965,5,4.6407470057154,-0.788150080674924,6.44314488477355
0.0536884696667419,10.8236127684632,11,10.5328468358664,-0.418118964066184,8.41918377929612
0.100285999511591,11.0736886705653,11,10.7897354886429,0.155400312753983,11.4555234341344
0.0812445493117623,10.9714009201044,11,10.6846870523015,0.154883803623215,11.4527155677536
0.0695914739943039,10.90886729811,11,10.6204451563379,0.137829101262365,11.3600781906599
-1.51029138565027,2.73235371813681,3,2.34082889943755,-1.31330879003747,3.66845570041767
0.288530725665828,12.0882984199324,12,11.829586252071,0.290404988193087,12.1927175053503
0.862840503170162,14.9778439276879,15,14.7694378001013,0.90861596520413,15.3324195695804
-0.287084696049438,9.02210999830099,9,8.67897573818594,-0.0203856045863573,10.5088980247713
-0.104161446895853,9.98350696267212,10,9.66868980242232,-0.0114406244824031,10.5566010154043
1.39145641719413,16.9624433092914,17,16.7958993434488,1.20540001859538,16.4729628013068
-0.296387968864828,8.97339237601108,9,8.62883903899423,-0.463836621612794,8.17913923006224
-0.104580495541354,9.98129183056074,10,9.66640965888478,-0.0536256456383873,10.3320625819013
-0.110113595190487,9.95205037746152,10,9.6363095278204,0.382307152797745,12.6950595942888
-0.489355462384621,7.96012732879938,8,7.58730878672198,-0.384551101880278,8.5950180001859
-0.489186239936109,7.96102126015615,8,7.58822622537577,-0.95728189255056,5.5181287049009
-0.292400107640282,8.99427479139995,9,8.6503292985444,-0.742763189893221,6.69002239280256
-0.682415206077272,6.92914767202114,7,6.53172872275289,-1.29612998921361,3.75040318283512
-0.116887750898799,9.91626781841192,10,9.5994750976575,-0.298680902986519,9.04397751460973
0.0797329896789551,10.9632865957328,11,10.6763497292774,-0.103528702069035,10.0677857114512
0.0897705330609691,11.0171854889218,11,10.7317103142447,0.447724037503743,13.0502226495329
-1.0492383899321,4.9301356535245,5,4.50692489554187,-1.17327853681406,4.36348483306257
-1.0576661194772,4.88490075227807,5,4.46157407565816,-0.983394955506475,5.37569629306901
0.429174681671145,12.8404181642001,13,12.5975397858872,0.18567658389173,11.6203309487468
0.0808999565019574,10.9695510096686,11,10.682784513061,0.344790550774764,12.4902587103496
-0.692272980247482,6.87585264688657,7,6.47732266805796,-0.559243984214135,7.67515402723534
-0.656955212403819,7.06649935404516,7,6.67202580067624,-0.475489399452006,8.11782510367554
-0.489496021631968,7.9593848024099,8,7.58654673653161,-0.799092959117611,6.38346944180593
1.10010555101345,15.952927084134,16,15.7608347127084,1.21004192500663,16.4887949023448
-0.103503162879297,9.98698686905415,10,9.67227183050696,0.358295943895634,12.5640472896291
-0.824041981004723,6.15825031745994,6,5.74670583006482,-0.665672878109601,7.10654298058406
-0.293722503420652,8.98735000624754,9,8.64320287352833,-0.312132948401656,8.97367735296088
-2.15440817687164,1.05965873318223,1,0.795045410070316,-1.76685411184814,1.94298466327161
-0.489186239936109,7.96102126015615,8,7.58822622537577,-0.688384800249546,6.98422839204456
-2.31843572048875,0.837258849896114,1,0.608092805117532,-1.68309218474838,2.19509712712337
-1.06430239996084,4.84935081663102,5,4.42595079688291,-0.843031897162796,6.14339254238233
-0.679701831577634,6.94380616912538,7,6.54669597310352,-0.659905511381359,7.13754821326394
0.0800375768031956,10.9649216063817,11,10.6780292181216,-0.129752985712209,9.92943232135654
-1.72260656722066,2.00214940292002,2,1.64673971732226,-1.38183910605205,3.35228017128444
-1.9943723720554,1.33809753845447,1,1.03864691220473,-1.74989044297347,1.99170797498254
0.0695914739943039,10.90886729811,11,10.6204451563379,-0.113287447153188,10.0162613168568
0.656101987470012,14.0065767832754,14,13.783740083159,0.528995032402823,13.4855884524345
0.66665062122304,14.0585774185784,14,13.8365380122551,0.320414982619677,12.356954412403
-0.679345390334009,6.94573141832554,7,6.54866187451725,-0.429038313578593,8.3619175534075
0.275406997893165,12.0176089420333,12,11.7572785398116,0.567849352635893,13.6904242768888
0.0800375768031956,10.9649216063817,11,10.6780292181216,0.0822733101857215,11.0594295862934
1.73390510648636,17.9837850365624,18,17.8595736098337,1.15773545708468,16.3072285958766
0.648262178798893,13.9677781580905,14,13.7443415248972,0.735936707821425,14.5405142228126
-0.31734958519903,8.86363106063918,9,8.51589439224322,-0.643996843321472,7.22295708464149
-0.0999040320462548,10.0060163733379,10,9.69185955081665,-0.392591028647609,8.5529292345432
1.09886786787028,15.94823284398,16,15.7560485800207,0.767039763184482,14.6898960609564
0.287523275416025,12.082873634393,12,11.824038069193,0.361928830293745,12.5838851495268
-0.823152333546784,6.16312009620096,6,5.75165056303321,-0.869729613949532,5.99726626001518
1.10010555101345,15.952927084134,16,15.7608347127084,0.836708507790889,15.0140020850893
-0.489355462384621,7.96012732879938,8,7.58730878672198,-0.38381041583537,8.59889475314708
0.0973938243399208,11.0581442826077,11,10.7737734619375,-0.386629896205964,8.58413695573099
-0.296387968864828,8.97339237601108,9,8.62883903899423,-0.132501051006015,9.91495320252617
-0.296034913015963,8.97524112845096,9,8.63074157823471,0.109122057238477,11.2045020129081
1.39145641719413,16.9624433092914,17,16.7958993434488,1.58190242004708,17.6284939283275
-0.95863286830921,5.42132547172418,5,5.00091248373629,-0.949017606090694,5.56327809638064
2.13037638164233,18.9753442567933,19,18.9078860120905,1.81260257385629,18.2555448610859
-1.25748321750994,3.85343786406165,4,3.4350812197136,-1.13342890306937,4.57089614804038
1.39869874528888,16.9855135772771,17,16.8197228464056,1.06117433918276,15.9522187748709
-0.439675870860933,8.22200564077572,8,7.85620132712787,-0.442882307625203,8.28925586851261
-0.868400330852217,5.91524744776796,6,5.50022098786289,-1.19095498944148,4.27266263476914
0.855265017139506,14.9441751884791,15,14.7352664871415,1.02046718596916,15.7941580892528
-0.679345390334009,6.94573141832554,7,6.54866187451725,-0.766986997091026,6.5583942453259
-0.106786534942029,9.96963173420855,10,9.65440726456105,0.164380888132425,11.5043647402334
-0.296387968864828,8.97339237601108,9,8.62883903899423,-0.323298363978482,8.91532606018747
0.275406997893165,12.0176089420333,12,11.7572785398116,0.116376751447719,11.2437745938871
0.268261357557371,11.9791012362724,12,11.7178799815497,0.660464446288656,14.1670508723998
-0.114030573462415,9.93135769927381,10,9.61500870629918,-0.0662283742955839,10.2651891545482
-0.63492065040586,7.18502151843909,7,6.79318081530546,-0.692243694688614,6.96341247593917
2.14320910883432,19.0020997326472,19,18.9363257336151,1.52083468411744,17.4543114389679
0.279649382230712,12.0404651943659,12,11.7806604508873,0.589689578805303,13.8044040474918
1.10010555101345,15.952927084134,16,15.7608347127084,1.01778809597091,15.7835723902038
0.268341342872749,11.9795323395288,12,11.7183210941641,0.339767758415411,12.4628016819539
1.72868538058859,17.96915802668,18,17.8442117457055,1.83684583906778,18.3183258673725
1.39145641719413,16.9624433092914,17,16.7958993434488,1.29548475961167,16.7713383795313
-0.057622362122996,10.2300026055388,10,9.92238236631315,-0.0111588327695456,10.5581046070918
-0.695269210403205,6.85964144535047,7,6.46077714147619,-0.770949230551145,6.53683389274982
0.647311321367617,13.9630637695686,14,13.7395553922095,0.595250242252459,13.8332790853525
-0.868046333277865,5.91718760857377,6,5.50218688927662,-0.912249657482381,5.76442397336622
-0.489186239936109,7.96102126015615,8,7.58822622537577,-0.570973555934931,7.61284473876413
2.13037638164233,18.9753442567933,19,18.9078860120905,2.22418937329048,19.1832815458822
0.468005702029547,13.0452242114204,13,12.8062286764541,0.254188257146506,11.994522053384
1.11280633033578,16.0008727534426,16,15.8097296761439,1.40743924359769,17.1199241707388
-0.0999040320462548,10.0060163733379,10,9.69185955081665,-0.284865222280658,9.11618350097023
1.39145641719413,16.9624433092914,17,16.7958993434488,1.66859004280621,17.8698451397136
0.887324689673042,15.0855975498349,15,14.8788167868339,0.802926637237564,14.8587076987763
-1.20082857928032,4.13605451471625,4,3.71476282553907,-1.02953948453159,5.12520971261396
-0.296387968864828,8.97339237601108,9,8.62883903899423,-0.397313383005915,8.52820085840213
0.481424962833907,13.1155999728315,13,12.8778986543277,0.630801416885233,14.0163926114323
1.7847604604942,18.124696887662,18,18.0077401280938,1.25050712981025,16.6246334800858
1.72868538058859,17.96915802668,18,17.8442117457055,1.41130744698359,17.1316053145976
-0.0893879683571439,10.0616498739611,10,9.74912267502443,-0.362703167081431,8.70932574978175
1.10010555101345,15.952927084134,16,15.7608347127084,0.612701362774519,13.9234956217551
0.258472313036327,11.9263306432869,12,11.6638779478506,0.367374551739248,12.6136124638528
1.11156656715003,15.9962106371955,16,15.8049743812044,1.21178518806236,16.4947269965023
0.100285999511591,11.0736886705653,11,10.7897354886429,-0.105503018917702,10.0573577859534
0.878985783426362,15.0490817491159,15,14.8417455123607,0.813793144701632,14.9090494373798
0.469786936021544,13.0545782753541,13,12.8157559193759,0.424363465467276,12.9237601331228
0.855265017139506,14.9441751884791,15,14.7352664871415,0.754591475627111,14.6304442192459
0.649206803339309,13.9724597960546,14,13.7490968198366,0.32068328601293,12.3584223487973
-0.246685870995189,9.23374829634446,9,8.89681414074633,-0.180718620732689,9.66142366000419
0.265671776169352,11.9651432262154,12,11.7035974436884,0.103491028051258,11.1740400854414
-1.27850116249736,3.75108799008092,4,3.33412499175857,-0.904578169036834,5.80642812490463
0.667609571140146,14.0632929252197,14,13.8413241449427,0.576915107717037,13.7378443822323
0.672170613578937,14.0856941693333,14,13.8640683216327,0.483371105564001,13.2421728933187
1.74359353963091,18.0108555815131,18,17.8880133313583,1.3127377529254,16.8265129802234
0.462789270675532,13.0178087933767,13,12.7783036331203,0.481544354837453,13.232370495784
-0.0999040320462548,10.0060163733379,10,9.69185955081665,-0.217878009867854,9.46660228135538
1.11156656715003,15.9962106371955,16,15.8049743812044,0.972871233065402,15.6026597029922
0.276056834277805,12.0211102944671,12,11.7608605678962,0.119715742783536,11.2618600386163
2.13037638164233,18.9753442567933,19,18.9078860120905,2.13453896690622,19.0119621794743
0.469786936021544,13.0545782753541,13,12.8157559193759,0.397629791450573,12.7785141906399
-0.10991008459681,9.95312566382738,10,9.63741640450314,-0.5019987704527,7.97810903499724
0.0759151657679799,10.9427956118165,11,10.6553005823417,0.0926888708097146,11.115656741787
-1.61376987017904,2.35145798466621,2,1.97633759645443,-1.47123661907511,2.96790289725452
-1.02910978592914,5.03854384389999,5,4.6157091965328,-1.48147703377489,2.92602300642309
0.646370031517815,13.9583949832325,14,13.7348142819753,0.603441507929727,13.8757024144787
0.0999817086281798,11.0720530868635,11,10.7880559997987,0.192154964887519,11.6556475482692
0.0897705330609691,11.0171854889218,11,10.7317103142447,0.0714077052682382,11.0008440432849
-0.848818299907876,6.02255750070831,6,5.60900528885382,-0.802482258944195,6.36497583069794
-1.6587060226729,2.2009416278727,2,1.83369232227504,-1.67007772028806,2.23691457754606
-0.489355462384621,7.96012732879938,8,7.58730878672198,-0.748985968724026,6.65624016179871
-0.126077372119884,9.86775668853326,10,9.54953616930903,-0.32030419783651,8.93097413729603
1.40737301806668,17.0130427664734,17,16.8481625679302,1.65775167397016,17.840032417267
-1.21759404939272,4.05145431821706,4,3.6309053868126,-0.589394957943873,7.51481505535146
0.0902535295704577,11.0197799587595,11,10.7343749036756,0.0693488971490838,10.989751568843
1.10010555101345,15.952927084134,16,15.7608347127084,1.42926210186407,17.1855473460295
0.648262178798893,13.9677781580905,14,13.7443415248972,0.782491955761133,14.7630585130664
-0.994121000212643,5.22805030045334,5,4.80620935111802,-1.02178978608797,5.16714308983321
0.265572083853238,11.9646058502081,12,11.7030475561794,0.0372851539515233,10.8173438374256
0.884339544830935,15.0725475198054,15,14.8655690153176,0.700747730557195,14.3682425468344
0.437047953226955,12.8820742886963,13,12.6399999655391,0.874034054683938,15.1813765778913
-2.02089161268775,1.2870072107263,1,0.99329609232102,-1.61930063376575,2.40706978329412
-0.306491683975391,8.92048615568592,9,8.57439589268072,-0.251553758836275,9.29034954219221
0.649206803339309,13.9724597960546,14,13.7490968198366,0.676899401478984,14.2496257610892
-0.823152333546784,6.16312009620096,6,5.75165056303321,-0.876542477612592,5.95996051792718
0.276753114493946,12.0248617715695,12,11.7646984241818,0.263636040124195,12.0462125228221
-0.858826185719444,5.96771827227397,6,5.5533998807825,-0.727119306543804,6.7748494292692
-0.296387968864828,8.97339237601108,9,8.62883903899423,-0.0462469384468327,10.3712592677726
-0.489355462384621,7.96012732879938,8,7.58730878672198,-0.633670189683826,7.27830682425749
-0.292229867559651,8.99516626652476,9,8.65124673719819,-0.369685632525066,8.67280301598004
0.67742674161526,14.1114534290334,14,13.8902191083782,0.390112585579322,12.7375883759383
-0.505193791578104,7.87639616530878,8,7.50138995509464,-0.400529398645512,8.51135720199995
0.449032208434755,12.9453576646573,13,12.7044907614691,0.538427206524275,13.5355400257026
-1.25748321750994,3.85343786406165,4,3.4350812197136,-0.837417620074572,6.17410242559012
0.864826710010716,14.986645825246,15,14.7783713892926,0.95329957887845,15.5217804956986
1.79009006038845,18.1392897277516,18,18.023101992222,1.9883668041625,18.6919820105937
0.268341342872749,11.9795323395288,12,11.7183210941641,-0.201504754518856,9.55239405404641
0.889767515713885,15.0962586178942,15,14.8896365471995,0.713053582171729,14.4288691681909
0.259392252288307,11.9312906103138,12,11.668954180366,0.29252974556511,12.2043473683419
1.72868538058859,17.96915802668,18,17.8442117457055,1.38592101087586,17.054540006126
1.12789743721335,16.057313376864,16,15.8673137379276,0.908227022246197,15.3307425297147
-0.312645203702937,8.88826474102961,9,8.54124071852273,-0.397440544542919,8.52753490807048
-0.0705086840137701,10.1616515680328,10,9.85204480439318,-0.190455869555668,9.61033148974413
0.460647920568115,13.0065455463224,13,12.7668301181922,0.295198884821702,12.2189568289042
0.468005702029547,13.0452242114204,13,12.8062286764541,0.262635184811561,12.0407360791968
0.667609571140146,14.0632929252197,14,13.8413241449427,0.473398277140846,13.1886110318448
-0.489355462384621,7.96012732879938,8,7.58730878672198,-0.527919075103999,7.84115756874591
-0.286850122160322,9.02333842514492,9,8.68023999157983,-0.241910249798212,9.34079863521768
-1.07277255526148,4.80407050007375,5,4.3805999769992,-1.08035914961675,4.85199340754046
-1.05394996188659,4.90483490031163,5,4.48155620495423,-0.726212051948963,6.77976438669508
-0.113296173673267,9.93523690634782,10,9.61900195104825,-0.328832938432966,8.88640029595057
-0.489355462384621,7.96012732879938,8,7.58730878672198,0.0367766764415491,10.8146150151041
-0.0999040320462548,10.0060163733379,10,9.69185955081665,0.119718129652655,11.2618729692123
-0.443821582266241,8.20019153036963,8,7.83379362892392,-0.836803214269684,6.1774626984093
-0.679701831577634,6.94380616912538,7,6.54669597310352,-0.683346961213149,7.01138911139874
0.442952167747782,12.9132707646684,13,12.6717937701529,0.732527453502278,14.5239725418132
-1.44730030992313,2.98744530277617,3,2.58731374163948,-1.06914113349408,4.91200807836758
0.278786483647252,12.0358166217728,12,11.7759051559478,0.145275614442467,11.4005075823444
-0.102668300349628,9.99140049652209,10,9.67681496276501,-0.247270117100957,9.31275700412871
-0.111098898790873,9.94684458939854,10,9.63095078297133,0.303345590286284,12.2635461167627
-0.470189289262437,8.06128716978839,8,7.69114835474453,-0.754010392486735,6.62894748165379
0.855265017139506,14.9441751884791,15,14.7352664871415,1.13173342608077,16.2142659273937
-0.296387968864828,8.97339237601108,9,8.62883903899423,0.0527268925921493,10.9002930134724
-0.671119621485376,6.99013813042746,7,6.59401269440096,-0.631687232773757,7.28892707849576
0.262899876243723,11.9502009823321,12,11.6883068354763,-0.598463740097069,7.46647617079532
-1.06068116949244,4.86874162780387,5,4.44537966353221,-0.825250406827771,6.24062626986631
-1.69146903582257,2.09680845207258,2,1.73554188901712,-1.4213001360504,3.17852808161808
0.278786483647252,12.0358166217728,12,11.7759051559478,0.335673049477553,12.4404130783522
-0.679701831577634,6.94380616912538,7,6.54669597310352,-0.691510629784369,6.96736757670745
0.657828498407981,14.0151039088006,14,13.792398343759,0.198650611949658,11.6910748498425
-0.307721099327845,8.91404863146171,9,8.56777167086818,-0.666190264758095,7.1037604320916
-0.679179044084597,6.94662987729278,7,6.54957931317105,-0.649140146882565,7.19536283050492
-1.49566031565088,2.79005879251519,3,2.39643430750887,-1.279615187062,3.83013585330022
0.477161442095559,13.0932643829137,13,12.8551544776378,0.478785932973477,13.2175612687311
-0.292229867559651,8.99516626652476,9,8.65124673719819,-0.258514905673718,9.25394243609996
-0.308397245530207,8.91050816212818,9,8.56412855219446,-0.581814986588812,7.55517783267786
-2.31843572048875,0.837258849896114,1,0.608092805117532,-2.47354260786046,0.69285824755307
0.648262178798893,13.9677781580905,14,13.7443415248972,1.11260050664686,16.1446514102068
2.15632450761989,19.0290093060723,19,18.9649353692596,2.95118778233339,19.8782872788094
-1.0084418632709,5.15033936036237,5,4.72804104715617,-0.924431881163453,5.69774064889649
1.40893921708065,17.018001604777,17,16.8532867834612,1.0905559362515,16.0631286994755
0.288530725665828,12.0882984199324,12,11.829586252071,0.589883671315936,13.805412935093
-0.256778151959409,9.18085923063924,9,8.84237099443282,-0.36185961631532,8.71373753333305
-0.859881429834123,5.96193534627416,6,5.54753770916033,-0.466136708057281,8.16704132898692
-0.114030573462415,9.93135769927381,10,9.61500870629918,-0.431665747114098,8.34813227771171
-0.409206759715728,8.38214583238925,8,8.0207462338767,-0.309572425075463,8.98705852623416
0.873846244343482,15.0264814157414,15,14.8188047138995,0.940135970046357,15.4666766285353
-0.67255400315063,6.98239785055674,7,6.5861069690489,-0.858326916338457,6.0596927010254
0.627109620797846,13.8624688257264,14,13.6373905493153,0.703676961903571,14.3827103301931
1.11156656715003,15.9962106371955,16,15.8049743812044,1.49736760364439,17.3863660287327
1.1313898317155,16.070294049298,16,15.8805615094439,1.04909301444241,15.9058487796914
-0.306491683975391,8.92048615568592,9,8.57439589268072,-0.612416569737814,7.39199979590631
-1.44202080017408,3.00960403596612,3,2.60880400118965,-1.0121602457628,5.21933067349966
-0.120670427093586,9.89629523386386,10,9.57891490406564,-0.0530941341061384,10.3348849639448
0.648262178798893,13.9677781580905,14,13.7443415248972,0.475577045836967,13.2003225021199
-0.296387968864828,8.97339237601108,9,8.62883903899423,-0.152529846869861,9.80952616761484
-0.878594801645628,5.85937356413592,6,5.44362048882162,-0.83955816696442,6.16239467804223
-1.23003990746106,3.98916319003826,4,3.56923421129217,-1.0572723309033,4.97569823472522
-2.31843572048875,0.837258849896114,1,0.608092805117532,-1.82886148351775,1.77456050959108
0.0758351499386178,10.9423662101817,11,10.6548594697273,0.478974215063635,13.2185723875142
1.1313898317155,16.070294049298,16,15.8805615094439,1.11106005817843,16.1390008604846
-1.0534141023554,4.90771091325985,5,4.48443954502176,-1.22161674211254,4.11704220776978
-0.134818758759478,9.82164343965236,10,9.50206405954817,-0.0414912766627463,10.3965392171357
0.435597489567519,12.8744048528723,13,12.6321830492097,0.18531157833599,11.618341645834
-0.679701831577634,6.94380616912538,7,6.54669597310352,-0.924431881163453,5.69774064889649
0.288530725665828,12.0882984199324,12,11.829586252071,0.38109734897151,12.6884649507546
1.39869874528888,16.9855135772771,17,16.8197228464056,1.10292789811788,16.1090567886653
-0.0999040320462548,10.0060163733379,10,9.69185955081665,-0.159070897770687,9.775132381515
0.096087727580003,11.0511254082427,11,10.7665657402486,0.111311694426567,11.2163521970038
0.460528929874131,13.0059195142381,13,12.7661923838064,0.903658044883477,15.3110049417198
1.7481179394441,18.0234617245763,18,17.9012611028746,1.14235028740174,16.2524488561383
1.39145641719413,16.9624433092914,17,16.7958993434488,1.73460921194621,18.0491661113116
0.667609571140146,14.0632929252197,14,13.8413241449427,0.615492363975329,13.9378659271767
-0.0193047421826052,10.4337026289704,10,10.1319548321513,-0.152641475372635,9.80893906219755
0.865056923767904,14.9876653293114,15,14.7794061556376,0.763962394186016,14.6752410011073
-1.06430239996084,4.84935081663102,5,4.42595079688291,-0.844205490261442,6.1369720296178
1.12789743721335,16.057313376864,16,15.8673137379276,0.87665702014206,15.1929694817872
0.469786936021544,13.0545782753541,13,12.8157559193759,0.786085736324012,14.77997185457
0.667609571140146,14.0632929252197,14,13.8413241449427,0.682220501088451,14.2762175988089
-0.679179044084597,6.94662987729278,7,6.54957931317105,-0.62157284973501,7.34305650146678
-1.25707717986356,3.855429077945,4,3.43704712112733,-0.798917042143195,6.38442919518341
1.73841407647333,17.9963964238792,18,17.87282138135,1.69157789389075,17.9327330848408
-2.31843572048875,0.837258849896114,1,0.608092805117532,-1.68175353499567,2.19936497462664
-0.489186239936109,7.96102126015615,8,7.58822622537577,-0.424881001816612,8.38372493774084
0.265671776169352,11.9651432262154,12,11.7035974436884,0.108016489521036,11.1985198072843
0.284643683480127,12.0673663232864,12,11.8081772891936,-0.251226550394821,9.29206104189861
-1.44801104502716,2.98447132492917,3,2.58443040157196,-1.16441107417179,4.40933079625278
-0.682637646431305,6.9279457665111,7,6.53050156097758,-0.28532816926988,9.1137637961567
-1.71979986312196,2.01051181687654,2,1.65456779035817,-0.994809845681334,5.31356894301721
0.862945372597351,14.9783089247013,15,14.769909750464,0.424057241666371,12.9220993461941
-0.292400107640282,8.99427479139995,9,8.6503292985444,-0.187318179833556,9.62679175505838
-1.26738861224619,3.80502407499285,4,3.38730388467818,-1.2347426254536,4.05122030265216
0.469786936021544,13.0545782753541,13,12.8157559193759,0.232376353906438,11.8752474597573
0.31250815798447,12.2173074873543,12,11.9614910996877,0.676581991101165,14.248037282025
-0.490267487149048,7.95530924056498,8,7.5823640537536,-0.754914031117714,6.62403741462969
0.455395443016544,12.9788959036359,13,12.7386620744289,0.297480073565492,12.231442718475
-1.8169914982099,1.73993620399884,2,1.40313821518785,-1.92014972900261,1.55264233260542
-0.114030573462415,9.93135769927381,10,9.61500870629918,0.0294410443725192,10.7752656590795
0.0798933636311195,10.9641474719645,11,10.677236330183,-0.247273384206828,9.31273991291906
-1.25748321750994,3.85343786406165,4,3.4350812197136,-0.907973533201879,5.78783642403629
-0.692272980247482,6.87585264688657,7,6.47732266805796,-0.729788894501017,6.76038430381423
1.41364048723808,17.0328652607784,17,16.8686486475893,1.36799913329088,16.999537887894
0.645426304149598,13.9537122783764,14,13.7300589870359,0.559011725418904,13.6440558355172
1.10010555101345,15.952927084134,16,15.7608347127084,1.08957446955741,16.059465817309
0.645426304149598,13.9537122783764,14,13.7300589870359,0.595593426445545,13.8350591575121
0.0800375768031956,10.9649216063817,11,10.6780292181216,0.0880427385580787,11.0905669826349
1.72868538058859,17.96915802668,18,17.8442117457055,1.78611125656158,18.1861665439902
1.41174091006976,17.0268633470329,17,16.8624451057915,0.953304269579915,15.5218000300462
0.0964973190124009,11.0533264624142,11,10.7688287289691,0.596224513013205,13.8383319500367
1.72868538058859,17.96915802668,18,17.8442117457055,1.32828502061511,16.8757447073265
0.278786483647252,12.0358166217728,12,11.7759051559478,0.059943145540371,10.93910898262
1.10010555101345,15.952927084134,16,15.7608347127084,0.730403626237614,14.5136513272379
1.10010555101345,15.952927084134,16,15.7608347127084,1.47586037189217,17.3235571095812
-0.101213356913329,9.99909299599526,10,9.68473312580058,-0.512023107744708,7.92518669151087
-1.01264007033899,5.12759475130661,5,4.70517557779257,-0.719084909455485,6.81835732117756
-0.296387968864828,8.97339237601108,9,8.62883903899423,-0.286661555626309,9.10679460752414
-1.75997673184904,1.89396641008126,2,1.54578348936723,-1.67071765279003,2.23484140199601
-1.06121830074035,4.86586423060811,5,4.44249632346469,-0.937164425862039,5.62808107006806
0.276919565204022,12.0257585706014,12,11.7656158628356,0.137499060916871,11.3582869777727
1.73841407647333,17.9963964238792,18,17.87282138135,1.57949937561257,17.6217074412466
1.39145641719413,16.9624433092914,17,16.7958993434488,1.12414231118766,16.1867707837752
-0.443821582266241,8.20019153036963,8,7.83379362892392,-0.13381461839427,9.90803344738889
2.15022486679607,19.0165494610462,19,18.9516875977433,1.81539500049109,18.2628117125332
1.39145641719413,16.9624433092914,17,16.7958993434488,1.60353410166201,17.6893463854894
1.39548101820212,16.9752732875363,17,16.8091471149651,0.637298624944104,14.0495641607246
0.667609571140146,14.0632929252197,14,13.8413241449427,0.256773450782667,12.0086647862877
1.39145641719413,16.9624433092914,17,16.7958993434488,1.13234937818048,16.2164897798014
-0.848818299907876,6.02255750070831,6,5.60900528885382,-0.400873562521269,8.5095545121512
-0.287392275814477,9.0204992558372,9,8.67731802204949,-0.270513018576473,9.19120739322799
0.89839718982467,15.1337896869689,15,14.9277425880176,0.665371948145087,14.1917768984632
-0.48613404459808,7.97714232076143,8,7.60477175195755,-0.52907250275564,7.83505499780888
0.876856300580012,15.0397264031645,15,14.8322491071871,0.922024228971878,15.3899297207989
-0.489186239936109,7.96102126015615,8,7.58822622537577,-0.251222670460432,9.29208133642578
-2.31843572048875,0.837258849896114,1,0.608092805117532,-1.98580529502904,1.41056804338791
0.669512652514885,14.0726452253042,14,13.8508205501164,0.528626973516214,13.483636486945
-0.882986462275379,5.83530415185675,6,5.41924688920393,-1.02934770964832,5.12624665024708
0.259392252288307,11.9312906103138,12,11.668954180366,0.211250684710579,11.7598397973796
1.10010555101345,15.952927084134,16,15.7608347127084,1.11401331935633,16.1498277422934
0.285632524911269,12.072691751558,12,11.8136242253655,0.645689040436985,14.0922604432619
0.456287449665628,12.9835937338643,13,12.7434482071165,0.142909520179547,11.3876581874019
1.11156656715003,15.9962106371955,16,15.8049743812044,0.737162666483526,14.5464545970017
0.667609571140146,14.0632929252197,14,13.8413241449427,0.262463327369488,12.0397957287452
0.669512652514885,14.0726452253042,14,13.8508205501164,0.587174214961751,13.7913226620553
0.467116935570534,13.0405554856283,13,12.8014733815147,0.504078388612591,13.3529998963647
2.13037638164233,18.9753442567933,19,18.9078860120905,1.71320472628349,17.9914642353384
1.10010555101345,15.952927084134,16,15.7608347127084,1.0818289664225,16.0304582442285
-1.22831999375677,3.99774461627127,4,3.57772649389298,-1.30846558732014,3.69145472398164
0.468749540124822,13.0491309012895,13,12.8102077364979,-0.294727083070377,9.06464078863836
0.0902535295704577,11.0197799587595,11,10.7343749036756,0.159566317817256,11.4781756148998
-0.490267487149048,7.95530924056498,8,7.5823640537536,-0.639592749822109,7.24657129474892
-1.40054177494533,3.18776664228637,3,2.78201687425776,-2.11054716334786,1.17604483779821
0.667609571140146,14.0632929252197,14,13.8413241449427,0.847744817679314,15.0639561203565
-0.874296594568312,5.88293124101603,6,5.46748104915516,-0.825250764893036,6.24062431282439
-0.679701831577634,6.94380616912538,7,6.54669597310352,-0.650904717782541,7.18589166464001
1.39145641719413,16.9624433092914,17,16.7958993434488,1.21034727334793,16.4898344984533
1.74359353963091,18.0108555815131,18,17.8880133313583,1.16748862213893,16.3416234491743
-0.660858916786811,7.04546760072742,7,6.65053554112608,-0.540543055467196,7.77432593769514
-1.19093023267072,4.18635942093873,4,3.76467909884576,-0.960459956796768,5.50077450728758
-0.624131778216412,7.24293460355448,7,6.85240984092697,-0.481313775976519,8.08715625724719
0.268261357557371,11.9791012362724,12,11.7178799815497,-0.0486387549187137,10.3585500707263
0.100285999511591,11.0736886705653,11,10.7897354886429,-0.00457417044486281,10.5932534705407
-0.306491683975391,8.92048615568592,9,8.57439589268072,-0.38415178765506,8.59710802649735
1.39548101820212,16.9752732875363,17,16.8091471149651,1.04512454393232,15.8905183876882
-0.491290741906352,7.94990305128092,8,7.57681587087558,-0.508115579750535,7.94582216056506
0.862840503170162,14.9778439276879,15,14.7694378001013,1.11259218067015,16.1446208879868
-0.679701831577634,6.94380616912538,7,6.54669597310352,-0.535449698814505,7.80130107952169
-2.31843572048875,0.837258849896114,1,0.608092805117532,-2.76292866121066,0.449681136513601
1.72868538058859,17.96915802668,18,17.8442117457055,1.20625197357567,16.4758725252791
-0.874296594568312,5.88293124101603,6,5.46748104915516,-0.61261048498406,7.39096383020975
-0.322609038395772,8.83609010902111,9,8.48755962239959,-0.736355505317114,6.72478490597057
0.0695914739943039,10.90886729811,11,10.6204451563379,0.442620823774364,13.0226374640222
0.269123638581427,11.9837486678641,12,11.7226352764891,0.442620281078072,13.0226345292242
-1.72389513459314,1.99832139379448,2,1.64315743585797,-1.43082808067771,3.13753053448681
-0.880005153210512,5.85164376305149,6,5.43579241578571,-0.740253757562656,6.70363925959251
0.648262178798893,13.9677781580905,14,13.7443415248972,0.782044376818831,14.7609493587362
1.14717107651403,16.1285765554029,16,15.9400630420681,1.19921614370743,16.451788815968
-0.100044035813236,10.0052760334154,10,9.69109750062628,-0.246079059012901,9.31898790977182
-0.306721518018767,8.91928268732428,9,8.573157516451,-0.824047610853563,6.24720003703571
-0.489186239936109,7.96102126015615,8,7.58822622537577,-0.398175853704094,8.52368398405375
-0.489186239936109,7.96102126015615,8,7.58822622537577,-0.350045830478251,8.77551333341099
-0.48613404459808,7.97714232076143,8,7.60477175195755,-0.437970385812102,8.31504431074371
0.29733718861113,12.1357046482405,12,11.8780652351262,0.286894129461255,12.1735008288934
-0.489355462384621,7.96012732879938,8,7.58730878672198,-0.510362485024128,7.93395732691518
0.467116935570534,13.0405554856283,13,12.8014733815147,0.510956412424219,13.3896875952003
-0.676701582058814,6.9600088421811,7,6.5632414996853,-0.761571417095267,6.58784958045868
-1.19093023267072,4.18635942093873,4,3.76467909884576,-1.03410728240467,5.10052301896983
-0.0999040320462548,10.0060163733379,10,9.69185955081665,0.111030079864939,11.2148279600745
0.268255765946035,11.9790710986654,12,11.7178491438015,0.0438600116312628,10.8526437200488
0.469786936021544,13.0545782753541,13,12.8157559193759,0.127214091325857,11.3024972827472
0.648262178798893,13.9677781580905,14,13.7443415248972,1.03394220377381,15.8470555587394
-1.17989662109379,4.24273360161793,4,3.82066378646249,-0.847394621001003,6.11952323701424
0.0860528406982072,10.9972182514435,11,10.7112051552813,0.0669473860737158,10.9768160286799
0.638562406648086,13.9195993864477,14,13.6954157237135,1.23773631561067,16.5821746214175
0.862945372597351,14.9783089247013,15,14.769909750464,0.712102264323417,14.4241967876474
0.100285999511591,11.0736886705653,11,10.7897354886429,0.30445647557556,12.2696260390225
1.72868538058859,17.96915802668,18,17.8442117457055,1.29159609518741,16.7588212535203
-0.0999040320462548,10.0060163733379,10,9.69185955081665,0.215950028189081,11.785500301064
2.13037638164233,18.9753442567933,19,18.9078860120905,1.71625560663586,17.9997149381481
-0.630482226113481,7.20885583490691,7,6.81755441492315,-0.577402546448013,7.57865701371524
0.657828498407981,14.0151039088006,14,13.792398343759,1.06117927266032,15.9522376183066
0.278786483647252,12.0358166217728,12,11.7759051559478,0.574254439749467,13.7239428194709
-1.05394996188659,4.90483490031163,5,4.48155620495423,-1.23475178330492,4.05117455354385
-1.49566031565088,2.79005879251519,3,2.39643430750887,-1.93648162418104,1.51599556590475
0.0975600660605152,11.059037695499,11,10.7746909005912,-0.0968521608572022,10.1030647111259
-0.488823620544207,7.96293677914903,8,7.59019212678951,-0.40007704536116,8.51372652900327
0.459032721927045,12.9980463005546,13,12.7581718575922,0.412445027403155,12.8590685029013
0.278786483647252,12.0358166217728,12,11.7759051559478,0.672129423906949,14.2257280271253
-1.44608276819386,2.99254494936832,3,2.59225847460787,-0.961133716990656,5.49709598309659
0.0975600660605152,11.059037695499,11,10.7746909005912,0.42672638658628,12.9365727977195
-0.656361886424715,7.06969508705104,7,6.67529143558606,-0.807620358361573,6.33693093902719
-0.0962649136581695,10.0252630301136,10,9.71167038876883,-0.251550956654988,9.29036419923586
0.660679642674007,14.0291717818448,14,13.8066808816203,0.751728761115939,14.6167084611469
0.0565039430744671,10.8386988452145,11,10.5483496067599,-0.059293195167636,10.3019776204444
-0.660858916786811,7.04546760072742,7,6.65053554112608,-1.13272763598104,4.57457659683114
0.627109620797846,13.8624688257264,14,13.6373905493153,0.74959582423882,14.6064589389164
-0.0935020044416218,10.0398794461184,10,9.72671497682047,-0.241089365798785,9.34509378343084
-0.695269210403205,6.85964144535047,7,6.46077714147619,-0.364595488468809,8.69942848154781
-0.296387968864828,8.97339237601108,9,8.62883903899423,-0.285155427275879,9.11466667243387
-0.439675870860933,8.22200564077572,8,7.85620132712787,-0.362703167081431,8.70932574978175
-0.296387968864828,8.97339237601108,9,8.62883903899423,-0.106407461671382,10.0525813748863
1.39837015620957,16.9844685630597,17,16.8186435201387,1.37989341237172,17.0360982207032
1.10256421973951,15.9622406236784,16,15.770331117882,1.1685209646424,16.345249192795
0.669512652514885,14.0726452253042,14,13.8508205501164,0.182851513891555,11.6049355883254
0.648262178798893,13.9677781580905,14,13.7443415248972,0.577165056288703,13.7391496516414
-1.02754335846764,5.04700066301279,5,4.62420147913362,-1.01236950422351,5.21819566887352
-0.661025538141852,7.04456967796896,7,6.64961810247228,-0.81444902505073,6.29964252554583
-1.94581545165717,1.43733295215749,1,1.12744908389959,-1.70465868058415,2.12738910353217
-0.100632005250714,10.0021669440393,10,9.68789991843495,-0.355773654024366,8.74556414079993
-0.0377037061640953,10.3358061421551,10,10.0312457505187,-0.093082693108395,10.1229929795135
-1.42298170176381,3.09049191296118,3,2.68735253094072,-1.46403866742009,2.99761011315623
-0.479701996294572,8.01110033234526,8,7.63962717796137,-0.36761434827068,8.68363798314607
-1.27850116249736,3.75108799008092,4,3.33412499175857,-1.34095005018882,3.53880926300898
-1.33445370582406,3.48594171753326,3,3.073473256798,-1.24324021669568,4.00887641297197
-0.489186239936109,7.96102126015615,8,7.58822622537577,-0.708974560353023,6.87304967766599
-1.48391798903448,2.83705169827549,3,2.44178512739258,-1.4495365047937,3.05813547424495
1.10010555101345,15.952927084134,16,15.7608347127084,0.844258206078654,15.0482164893805
0.864826710010716,14.986645825246,15,14.7783713892926,0.706830934310346,14.3982627520208
1.11156656715003,15.9962106371955,16,15.8049743812044,0.706617135272254,14.3972093313632
0.239369562600854,11.8233070067868,12,11.5584150614332,0.00922872799623306,10.6670223869659
-0.489186239936109,7.96102126015615,8,7.58822622537577,-0.276178280711938,9.16159091845959
-2.31843572048875,0.837258849896114,1,0.608092805117532,-1.70599347811522,2.1232631375772
0.134890830491595,11.2598762400936,11,10.9808597458775,-0.305848231843375,9.00652096921962
0.477161442095559,13.0932643829137,13,12.8551544776378,0.672191422930174,14.2260390056931
0.462789270675532,13.0178087933767,13,12.7783036331203,0.577492501408169,13.7408594445203
-0.882986462275379,5.83530415185675,6,5.41924688920393,-1.19596444016788,4.2470668082467
0.24809793044622,11.8703863561085,12,11.6066148236428,-0.316692632698628,8.94984847287656
0.667609571140146,14.0632929252197,14,13.8413241449427,0.0159563638457537,10.7030219350565
0.645426304149598,13.9537122783764,14,13.7300589870359,0.380974697255499,12.6877963341994
-1.2690185407497,3.79708779202069,4,3.37947581164228,-1.13343349658158,4.57087204325506
0.469786936021544,13.0545782753541,13,12.8157559193759,0.309315225330209,12.2962170552674
0.0758351499386178,10.9423662101817,11,10.6548594697273,0.587342782665417,13.7921996957157
-1.38824897208865,3.24192714327604,3,2.83481648763197,-1.3068519420636,3.69913580634004
-1.73911745432568,1.95363083755486,2,1.60138889743855,-2.11726259770103,1.16460886888684
0.0699363361724692,10.9107171809083,11,10.6223476955784,0.177037441738309,11.5732621645563
0.646282473229568,13.9579606025287,14,13.7343731693609,0.754825600546888,14.6315665402686
1.39145641719413,16.9624433092914,17,16.7958993434488,0.803622097991426,14.861940515617
-0.489186239936109,7.96102126015615,8,7.58822622537577,0.0298917703369811,10.7776824215824
-0.858826185719444,5.96771827227397,6,5.5533998807825,-0.530597983381514,7.82698283271707
0.855265017139506,14.9441751884791,15,14.7352664871415,0.750804505194887,14.6122686884038
1.12789743721335,16.057313376864,16,15.8673137379276,1.04435091503139,15.8875241029178
-1.03893500648958,4.98556497671638,5,4.56253030361319,-1.05746949306881,4.97463867929024
-1.72260656722066,2.00214940292002,2,1.64673971732226,-1.57140551515828,2.57791889959259
-0.679701831577634,6.94380616912538,7,6.54669597310352,-0.908508596567336,5.78490674071223
0.481424962833907,13.1155999728315,13,12.8778986543277,0.389762187382098,12.7356799078738
-0.125885201128678,9.86877078771687,10,9.55058013422201,-0.0714879279489426,10.2373076483952
-0.308344923503297,8.91078213327148,9,8.56441046691706,-0.541337813934791,7.77011544831345
1.1313898317155,16.070294049298,16,15.8805615094439,1.16828256960027,16.3444121640178
0.456369670600697,12.9840267124167,13,12.7438893197309,0.260630395400467,12.0297667374762
1.10584429281558,15.9746416844573,16,15.782978726821,1.02218973503164,15.8009522104614
-0.439675870860933,8.22200564077572,8,7.85620132712787,-0.460354795838207,8.19744860641705
-0.0952611708607785,10.0305726688685,10,9.71713794772936,-0.0983367124938641,10.0952182986811
-0.299491542923826,8.95714088090092,9,8.61211496209843,0.132136065392454,11.329188824585
-0.318449688361176,8.85787048372941,9,8.50996732060355,-0.442760413206983,8.28989594112296
-1.06522472563426,4.84441502062265,5,4.42100606391453,-1.21650083372815,4.14282967532879
-0.880005153210512,5.85164376305149,6,5.43579241578571,-1.22652474130306,4.0923722173099
1.12789743721335,16.057313376864,16,15.8673137379276,0.950294875444449,15.5092526390533
-1.72260656722066,2.00214940292002,2,1.64673971732226,-1.45759330475532,3.02439948259964
-1.8169914982099,1.73993620399884,2,1.40313821518785,-1.48261253535485,2.92140706556429
0.0831165914115797,10.9814515433012,11,10.6950107431553,-0.484175593403152,8.07208141288487
1.75337356954648,18.0380765380527,18,17.9166229670028,1.29515435667237,16.7702760339983
1.39548101820212,16.9752732875363,17,16.8091471149651,1.95000265309575,18.6008381865575
-0.489186239936109,7.96102126015615,8,7.58822622537577,-0.265418125137612,9.21784509102927
0.100285999511591,11.0736886705653,11,10.7897354886429,0.209108041130602,11.7481424159981
-0.102668300349628,9.99140049652209,10,9.67681496276501,-0.364592947383218,8.69944177237474
0.0897705330609691,11.0171854889218,11,10.7317103142447,0.184769813049429,11.615389093196
-1.72157131653142,2.00522997738589,2,1.64962305738978,-1.41163308840945,3.22050785603116
-0.88387754600679,5.83042048384742,6,5.41430215623555,-1.02989707902726,5.12327628299437
-0.296387968864828,8.97339237601108,9,8.62883903899423,0.0902172847717333,11.1023082034136
-1.48317701068913,2.84003735199234,3,2.4446684674601,-1.39280874233524,3.30334852416713
2.13037638164233,18.9753442567933,19,18.9078860120905,1.58983329275996,17.6508539124727
-1.49566031565088,2.79005879251519,3,2.39643430750887,-1.44455592713803,3.07912816230257
0.66665062122304,14.0585774185784,14,13.8365380122551,0.284521790447112,12.1605159382603
-0.679701831577634,6.94380616912538,7,6.54669597310352,-0.730446774020545,6.75681892815198
0.0397241873346335,10.7488370874659,11,10.4559959913489,0.253647116908968,11.9915617927916
-0.874296594568312,5.88293124101603,6,5.46748104915516,-1.20524266267737,4.19983273513838
1.10010555101345,15.952927084134,16,15.7608347127084,0.983218095789985,15.6449126461647
1.10010555101345,15.952927084134,16,15.7608347127084,1.30795276853455,16.8112688691683
-0.882986462275379,5.83530415185675,6,5.41924688920393,-0.924870797204054,5.69533865359433
-0.308344923503297,8.91078213327148,9,8.56441046691706,-0.599064826337753,7.46327035437477
1.72868538058859,17.96915802668,18,17.8442117457055,2.28808797384598,19.2926185319405
-0.489355462384621,7.96012732879938,8,7.58730878672198,-0.454987542568356,8.2256629348839
-0.685062452842073,6.91484179057832,7,6.51712282703017,-0.103038987655547,10.070372589171
0.876856300580012,15.0397264031645,15,14.8322491071871,0.246491098444398,11.9524202869252
-0.0893879683571439,10.0616498739611,10,9.74912267502443,0.0646655004753658,10.9645281959759
-0.501234054473273,7.89734183305377,8,7.52288021464481,-0.817677676678415,6.28200619194321
0.448719701856889,12.9437094105261,13,12.7028112726249,0.75502373724656,14.6325162211773
0.0799793728477656,10.9646091673858,11,10.6777082805457,-0.314008320649799,8.9638767094825
-0.104161446895853,9.98350696267212,10,9.66868980242232,-0.0232261223443518,10.4937601770725
0.096087727580003,11.0511254082427,11,10.7665657402486,0.0586554928348751,10.9321803253971
-1.8169914982099,1.73993620399884,2,1.40313821518785,-1.13250482831278,4.57574616214408
-0.101091943321356,9.99973496892683,10,9.68539392928484,0.00927426927430492,10.6672659809012
1.74648252842435,18.0189076777427,18,17.896474970187,1.41318048210373,17.1372537476946
-0.0999040320462548,10.0060163733379,10,9.69185955081665,-0.68560149568377,6.99923621138183
0.0439355870312093,10.7713795548154,11,10.4791657397432,-0.10622531618533,10.0535432615515
2.14320910883432,19.0020997326472,19,18.9363257336151,2.2649589570911,19.2542949642798
-1.03002216854687,5.03361937200515,5,4.61076446356442,-1.19563570083081,4.24874451755995
-0.114030573462415,9.93135769927381,10,9.61500870629918,-0.0293990034754188,10.4608805449452
1.08733559221817,15.9043045639194,16,15.7112711771389,0.662692867130663,14.1782857810978
2.13037638164233,18.9753442567933,19,18.9078860120905,2.06547965265317,18.8665960005008
1.72868538058859,17.96915802668,18,17.8442117457055,1.61287697059371,17.7154983196923
-0.498067451015034,7.9140862374377,8,7.54006126515777,-0.595983298322708,7.4797028143396
-0.104161446895853,9.98350696267212,10,9.66868980242232,-0.2038814521284,9.53993610863677
-0.695435327502944,6.85874249562775,7,6.45985970282239,-0.649801450742699,7.19181359030792
-0.68076464645285,6.93806508422085,7,6.54083380148135,-0.911264844181089,5.76981576440522
-0.217667759757661,9.38592083589642,9,9.05347057228872,-0.164417675028108,9.74703096482917
0.862938520183348,14.9782785416159,15,14.7698789127158,1.22175341262086,16.5285061608515
-0.626302564059826,7.2312884502772,7,6.8404975366029,-0.466780728908961,8.16365353500343
0.0972552473837706,11.0573995522429,11,10.7730114117471,0.080646121364566,11.0506514008923
-0.145645415300832,9.76457122679532,10,9.44330822106422,0.0596250204955469,10.9373971041113
0.891913982425805,15.1056128228805,15,14.8991329523731,0.854497095621101,15.0943273666396
0.876856300580012,15.0397264031645,15,14.8322491071871,0.556297848298008,13.6297896119342
0.862945372597351,14.9783089247013,15,14.769909750464,0.912550936550022,15.3493584375987
0.646282473229568,13.9579606025287,14,13.7343731693609,0.256220560917095,12.0056400209342
-0.292840097001217,8.9919707593319,9,8.64795816846776,-0.490767737684583,8.03734225808863
0.854206714472407,14.9394593088834,15,14.7304803544539,0.316992275191453,12.3382272160295
0.887850374009614,15.0878931386435,15,14.8811440706226,0.952791405548193,15.5196637893099
0.28593743602059,12.0743338000283,12,11.8153037142097,0.813556144441768,14.9079553801063
0.657828498407981,14.0151039088006,14,13.792398343759,0.203801029514506,11.719176490135
-1.6587060226729,2.2009416278727,2,1.83369232227504,-1.78579488802713,1.88994472899356
0.647311321367617,13.9630637695686,14,13.7395553922095,0.0038186789512222,10.6380942030872
0.354808740777401,12.4442836419439,12,12.1933805763971,0.721985993675371,14.4726209861029
0.648262178798893,13.9677781580905,14,13.7443415248972,0.695978640585105,14.3446392963408
0.667609571140146,14.0632929252197,14,13.8413241449427,0.454584955642937,13.0872700217798
0.0904198263604543,11.020673259544,11,10.7352923423294,0.34779874548478,12.5066994974114
1.41039354904645,17.0226030669494,17,16.8580420784006,1.25577149662015,16.6420290248889
1.10010555101345,15.952927084134,16,15.7608347127084,1.05187497460325,15.9165664147912
-1.73911745432568,1.95363083755486,2,1.60138889743855,-1.82695499486935,1.77951824494341
-0.0102366969761398,10.4820098752541,10,10.1816426835254,0.715122875099354,14.4390240352127
-0.485221746715799,7.9819600075225,8,7.60971648492594,-0.5953561531021,7.48304635739194
-0.405054323912401,8.40394775939154,8,8.04315393208066,-0.481049465747337,8.08854834215911
-1.03893500648958,4.98556497671638,5,4.56253030361319,-1.456386680791,3.02943436731806
-0.292229867559651,8.99516626652476,9,8.65124673719819,-0.195064555976597,9.58616015158299
-0.88387754600679,5.83042048384742,6,5.41430215623555,-0.241055731843984,9.34526977060476
-0.292400107640282,8.99427479139995,9,8.6503292985444,-0.541574883591159,7.76885942510521
-0.868400330852217,5.91524744776796,6,5.50022098786289,-1.32227082340306,3.62611734342071
-0.489186239936109,7.96102126015615,8,7.58822622537577,-0.739980848775,6.70511991523968
0.657701285889252,14.0144758282359,14,13.7917606093732,0.260969416982069,12.0316216793001
-0.69243913895348,6.87495379017811,7,6.47640522940417,-0.623965627194232,7.33025716455092
-0.100212589673875,10.0043847319035,10,9.69018006197249,0.33363096815067,12.4292460851903
-0.679701831577634,6.94380616912538,7,6.54669597310352,-0.736031959306837,6.7265395419684
0.0973938243399208,11.0581442826077,11,10.7737734619375,-0.282630562885095,9.12786370058399
-1.0084418632709,5.15033936036237,5,4.72804104715617,-1.02521542034144,5.14859951128014
-0.489355462384621,7.96012732879938,8,7.58730878672198,-0.0828564622909542,10.1770949244905
-1.8169914982099,1.73993620399884,2,1.40313821518785,-2.41267927390465,0.757538163083081
-0.292400107640282,8.99427479139995,9,8.6503292985444,-0.257190115056411,9.26087059078206
-2.15440817687164,1.05965873318223,1,0.795045410070316,-1.94839895083754,1.48980970315424
1.42061734077443,17.0548651111409,17,16.8913928242793,0.950551223245742,15.5103226143652
-1.2690185407497,3.79708779202069,4,3.37947581164228,-1.2010597512664,4.2210991765939
0.667609571140146,14.0632929252197,14,13.8413241449427,0.827217533962613,14.9707336369999
-0.100923378243007,10.0006262653861,10,9.68631136793863,-0.353544580421628,8.75721983634769
0.660679642674007,14.0291717818448,14,13.8066808816203,0.391779532949722,12.746666564985
0.63558775272614,13.9047859834026,14,13.6803711356618,0.301530679867313,12.2536128641948
0.462789270675532,13.0178087933767,13,12.7783036331203,0.710175780974461,14.4147274475334
-1.02754335846764,5.04700066301279,5,4.62420147913362,-0.943238152096066,5.59486888856128
-0.0102366969761398,10.4820098752541,10,10.1816426835254,-0.067241047262728,10.2598196307239
-0.679701831577634,6.94380616912538,7,6.54669597310352,-0.507173170362245,7.95079780114659
0.449032208434755,12.9453576646573,13,12.7044907614691,0.404786413085523,12.8174447173245
-0.306661954212246,8.91959457825351,9,8.57347845402693,-0.705632979479966,6.89111185191879
-0.485771344960572,7.97905772288012,8,7.60673765337128,-0.55527431211093,7.69622266122469
0.276803860905099,12.0251351825756,12,11.7649781284498,0.880664780425122,15.2106396967627
0.278786483647252,12.0358166217728,12,11.7759051559478,0.122336933566171,11.2760619828471
0.0800375768031956,10.9649216063817,11,10.6780292181216,0.0801129879249226,11.0477756642085
-1.48190780824084,2.84515697208113,3,2.44961320042848,-1.04478240355713,5.04292015487023
0.259087882129166,11.9296495773278,12,11.6672746915218,0.486255192868258,13.2576408625649
-0.695269210403205,6.85964144535047,7,6.46077714147619,-0.8508263958383,6.10074431683299
0.649206803339309,13.9724597960546,14,13.7490968198366,0.20404835662513,11.7205261944248
-0.260932888185976,9.15909037847486,9,8.81996329622887,0.365246210232925,12.6019956358769
0.648262178798893,13.9677781580905,14,13.7443415248972,0.417313085558582,12.8855044554831
-0.515219806426592,7.82332473473718,8,7.44694680878114,-0.82066797550031,6.26566853951272
0.439795957165332,12.8965986187931,13,12.654802910095,0.317332226271993,12.3400873189825
-0.292229867559651,8.99516626652476,9,8.65124673719819,0.230762370732804,11.8664259679107
-1.23003990746106,3.98916319003826,4,3.56923421129217,-1.01761189621623,5.18977446378194
-1.94581545165717,1.43733295215749,1,1.12744908389959,-1.42218102047763,3.17472194341884
-0.311980374897306,8.89174597005811,9,8.54482274660737,-0.0436162221002756,10.385241840547
1.09843330616556,15.9465837242773,16,15.7543690911766,1.14188868276438,16.2507952462443
1.39145641719413,16.9624433092914,17,16.7958993434488,1.27460004858704,16.7037503614114
0.0897705330609691,11.0171854889218,11,10.7317103142447,0.427484420495011,12.9406822014007
0.876856300580012,15.0397264031645,15,14.8322491071871,1.08928136552685,16.0583713821909
-0.489355462384621,7.96012732879938,8,7.58730878672198,-0.265385821299454,9.21801399538072
1.72868538058859,17.96915802668,18,17.8442117457055,1.01304620380551,15.7647799742104
0.455434980457509,12.9791041499487,13,12.7388742371102,0.265152890335111,12.0545126041937
-0.100212589673875,10.0043847319035,10,9.69018006197249,-0.529075239961198,7.83504051488941
0.69452734416905,14.1948394914822,14,13.9748643403937,0.779180856305099,14.7474411838708
-0.292229867559651,8.99516626652476,9,8.65124673719819,-0.299184376728851,9.04134631890626
0.668562191023078,14.0679753516437,14,13.8460794398822,0.730582942409407,14.5145232400095
0.886777875061468,15.08320888619,15,14.8763887756832,1.06203427739045,15.9555021821719
1.10010555101345,15.952927084134,16,15.7608347127084,1.4066690331706,17.1175957152777
1.10010555101345,15.952927084134,16,15.7608347127084,0.854676983096792,15.0951344878095
-0.88387754600679,5.83042048384742,6,5.41430215623555,-0.556078669107797,7.69195437976828
-0.0995545041889076,10.0078647138701,10,9.69376209005712,-0.0014861838572105,10.609746552982
-1.07277255526148,4.80407050007375,5,4.3805999769992,-0.767338715119282,6.55648071476419
0.100285999511591,11.0736886705653,11,10.7897354886429,0.0454239466583785,10.8610444306513
-1.07423714784225,4.79625197873741,5,4.3727719039633,-0.646564547041858,7.20918336090092
-0.296387968864828,8.97339237601108,9,8.62883903899423,-0.246409545122092,9.3172589786383
-1.41374854431463,3.1302651441804,3,2.72603218664104,-1.29740005066169,3.74430962301691
0.876856300580012,15.0397264031645,15,14.8322491071871,0.84704939776645,15.0608198823647
-0.105338307557046,9.97728615390252,10,9.66228640474329,-0.112965475062129,10.0179605082728
0.264140600073545,11.9568894356424,12,11.6951513457698,-0.218173720188278,9.46505349037464
-1.06283251833907,4.85721939791083,5,4.43383425499389,-0.927902918557755,5.67874641765767
-0.292229867559651,8.99516626652476,9,8.65124673719819,-0.0583656119079751,10.3069002088018
-1.75997673184904,1.89396641008126,2,1.54578348936723,-1.70537369746705,2.12517799668121
0.862945372597351,14.9783089247013,15,14.769909750464,0.950547486113956,15.5103070174224
-1.01865891805553,5.09501752993059,5,4.67243563908485,-0.785736458367088,6.45629993298197
2.14320910883432,19.0020997326472,19,18.9363257336151,2.13583744828225,19.0145875403995
0.278786483647252,12.0358166217728,12,11.7759051559478,0.161465625655459,11.4885056827081
0.876856300580012,15.0397264031645,15,14.8322491071871,0.719503368425614,14.4604826327336
1.73390510648636,17.9837850365624,18,17.8595736098337,1.37496599585883,17.0209799811106
0.100285999511591,11.0736886705653,11,10.7897354886429,-0.00945139404507963,10.5672162725645
-0.296387968864828,8.97339237601108,9,8.62883903899423,0.252035648376422,11.9827466876076
-1.05531000483975,4.89753717215654,5,4.47424034190921,-1.08081719999946,4.84954688641952
0.442068605230034,12.9086045523451,13,12.6670384752135,0.712844795669735,14.427843925767
0.288530725665828,12.0882984199324,12,11.829586252071,0.469713764481474,13.1687936777963
-0.489186239936109,7.96102126015615,8,7.58822622537577,-0.437470248314237,8.31766963513356
1.72868538058859,17.96915802668,18,17.8442117457055,1.62009505269946,17.7356494279465
0.0800375768031956,10.9649216063817,11,10.6780292181216,-0.386472377031668,8.58496149203659
1.39548101820212,16.9752732875363,17,16.8091471149651,1.35757358713036,16.9673022777561
0.449032208434755,12.9453576646573,13,12.7044907614691,0.272861643535115,12.0966981228445
0.669512652514885,14.0726452253042,14,13.8508205501164,0.584813140006377,13.7790325996891
-0.110078764711384,9.95223440958019,10,9.63649896584935,-0.131372388113713,9.92089952740448
0.469786936021544,13.0545782753541,13,12.8157559193759,0.447089920913355,13.0467962839749
0.28593743602059,12.0743338000283,12,11.8153037142097,0.319961475431945,12.3544731671944
-0.904245942014563,5.71881033948253,6,5.30135750948454,-1.05322309439216,4.99747009826685
-0.103671761180822,9.98609558504597,10,9.67135439185317,-0.204300716244252,9.53773862073213
-1.01865891805553,5.09501752993059,5,4.67243563908485,-0.843380038186986,6.14148796148461
-0.296387968864828,8.97339237601108,9,8.62883903899423,-0.530730647405433,7.82628077262698
-1.17989662109379,4.24273360161793,4,3.82066378646249,-0.733703839441427,6.73916342718342
-0.104161446895853,9.98350696267212,10,9.66868980242232,-0.475078992558559,8.11998556958259
-0.478789284311872,8.01591740494638,8,7.64457191092976,-0.457453988598241,8.21269887479623
1.41039354904645,17.0226030669494,17,16.8580420784006,0.950486596174293,15.5100528864277
2.13037638164233,18.9753442567933,19,18.9078860120905,1.11184746124936,16.1418900077869
1.10010555101345,15.952927084134,16,15.7608347127084,0.997978760696968,15.7045885459272
-1.06539588442449,4.84349920672698,5,4.42008862526074,-0.953370862079453,5.53949174014097
1.79469546795956,18.1518718318948,18,18.0363497637383,1.65731434078592,17.8388272917637
1.11156656715003,15.9962106371955,16,15.8049743812044,1.0205421930232,15.7944541304785
-0.30757966682392,8.91478920711132,9,8.56853372105855,0.249490635823855,11.9688258101699
0.855265017139506,14.9441751884791,15,14.7352664871415,0.718667892445,14.4563939369995
1.39145641719413,16.9624433092914,17,16.7958993434488,1.2169065457645,16.5121115785139
1.10256421973951,15.9622406236784,16,15.770331117882,1.11800304736371,16.1644144283911
0.456369670600697,12.9840267124167,13,12.7438893197309,-0.0688986324392094,10.2510318361099
-1.49566031565088,2.79005879251519,3,2.39643430750887,-1.94838723224194,1.48983522525272
1.39145641719413,16.9624433092914,17,16.7958993434488,1.11470692076869,16.1523668835049
-0.673849089828303,6.97540807287982,7,6.57896810634932,-0.733539670716013,6.74005348550017
0.248959242338549,11.875031622767,12,11.6113701185823,0.0661600412813286,10.9725758489949
1.71709734954032,17.9365804363724,18,17.8100100742642,1.21965053075518,16.5214000553006
0.667609571140146,14.0632929252197,14,13.8413241449427,0.766600703843282,14.6878068739508
-0.660858916786811,7.04546760072742,7,6.65053554112608,-0.827506113828923,6.22829665838809
0.442068605230034,12.9086045523451,13,12.6670384752135,0.391891643816815,12.747277063231
-0.296387968864828,8.97339237601108,9,8.62883903899423,-0.166885670597602,9.73406350361421
-0.296387968864828,8.97339237601108,9,8.62883903899423,-0.108756908625421,10.040175758725
-1.72260656722066,2.00214940292002,2,1.64673971732226,-1.47195409378921,2.96495394513924
1.11502286778497,16.0091983581793,16,15.8182221527207,0.832701362186898,14.9957686220418
0.660679642674007,14.0291717818448,14,13.8066808816203,0.639686302647844,14.0617306483171
0.0749665522511432,10.9377050722705,11,10.6500733370396,0.458612413341986,13.1089957231363
-0.124625344656699,9.87541950511115,10,9.55742464451547,-0.295285346444359,9.06172318412928
-0.878594801645628,5.85937356413592,6,5.44362048882162,-0.633629387230725,7.27852537918595
0.855265017139506,14.9441751884791,15,14.7352664871415,0.885065606081865,15.2299827426338
0.254412036804084,11.9044374292731,12,11.6414702496467,-0.085493387038807,10.1631388343504
-1.37402872026623,3.3053353882155,3,2.89671283409746,-1.43097903351282,3.13688404296145
-0.124765608193222,9.87467925194796,10,9.55666259432511,-0.0930400291640554,10.1232185766036
0.0692863527499403,10.9072306289688,11,10.6187656674937,0.320988329203013,12.3600912815571
-0.650620712987106,7.10060560732536,7,6.70688122668006,-0.427257909510786,8.37125744167533
0.881961121487121,15.0621324423679,15,14.854993283877,1.12851096026757,16.2026140143886
1.72868538058859,17.96915802668,18,17.8442117457055,1.29782117844773,16.7788444519811
0.431300886620503,12.8516736916181,13,12.6090133008153,0.514753365767255,13.4099127267181
-0.292229867559651,8.99516626652476,9,8.65124673719819,-0.460342326903724,8.19751416604202
-0.858826185719444,5.96771827227397,6,5.5533998807825,-0.781904165640524,6.47718156671081
1.72868538058859,17.96915802668,18,17.8442117457055,1.54953009367258,17.5366135992924
-0.103503162879297,9.98698686905415,10,9.67227183050696,-0.352332182372709,8.76355912766872
-1.21045038755835,4.08740706239711,4,3.66652866558784,-1.51854592776065,2.77823089925902
0.100285999511591,11.0736886705653,11,10.7897354886429,0.260931814927757,12.0314159405235
0.43824802209733,12.8884181076911,13,12.6464655870709,0.692886367045884,14.3293032868958
0.257823189144761,11.9228307215038,12,11.660295919766,0.00424834754247815,10.6403910109602
0.667609571140146,14.0632929252197,14,13.8413241449427,1.24448128285489,16.6046455852729
-0.104161446895853,9.98350696267212,10,9.66868980242232,0.136511705551754,11.3529286960313
1.12650503322001,16.0521296042486,16,15.8620237383735,0.912799407539185,15.3504263257596
-0.49463997479651,7.93220430808152,8,7.55865307930242,-0.55607586817997,7.69196924342646
-1.8169914982099,1.73993620399884,2,1.40313821518785,-1.5410029851987,2.69162381539831
-0.120501613701973,9.89718644500854,10,9.57983234271943,-0.0144721287193932,10.5404285898956
0.279649382230712,12.0404651943659,12,11.7806604508873,0.364072334361292,12.5955876322826
-0.0999040320462548,10.0060163733379,10,9.69185955081665,0.0529028275669817,10.9012389684149
-0.786529589754095,6.36336851686526,6,5.95514869456777,-1.20490894036272,4.20152770723741
0.862945372597351,14.9783089247013,15,14.769909750464,0.659407323126856,14.1617170627683
-1.434402963082,3.04178534591182,3,2.64003580964328,-1.02040559849912,5.1746392652453
-0.692272980247482,6.87585264688657,7,6.47732266805796,-0.960911216215767,5.49831074456084
-0.120139884815882,9.89909614826,10,9.58179824413316,-0.129717248829538,9.92962063624139
-0.489355462384621,7.96012732879938,8,7.58730878672198,-0.424561515123738,8.38540058918082
1.39145641719413,16.9624433092914,17,16.7958993434488,1.91785330714852,18.5225183734155
1.39145641719413,16.9624433092914,17,16.7958993434488,1.15772079690245,16.30717670414
-0.679701831577634,6.94380616912538,7,6.54669597310352,-0.973075587521095,5.43193626954354
0.0934993875209928,11.0372175607843,11,10.7522832023873,-0.265043711083266,9.21980276607219
-2.31843572048875,0.837258849896114,1,0.608092805117532,-1.37349506822444,3.38981909551005
1.73390510648636,17.9837850365624,18,17.8595736098337,1.30119199593193,16.7896545655295
0.667603113384884,14.063261176674,14,13.8412933071945,0.857027914697928,15.1056731167386
-0.489186239936109,7.96102126015615,8,7.58822622537577,-1.08102286781027,4.84844848545868
1.74359353963091,18.0108555815131,18,17.8880133313583,0.858957819638631,15.1143111070657
-0.296529383710376,8.97265186809691,9,8.62807698880386,-0.170991471676386,9.71249572653121
-2.05522631219088,1.22394029560642,1,0.9376906842497,-1.82412686749029,1.78689792918439
-0.456551168810346,8.13316848891434,8,7.76495700553409,-0.155435835798379,9.79424391199296
0.449032208434755,12.9453576646573,13,12.7044907614691,0.455485166393118,13.0921275292294
1.11903169467869,16.0242246507115,16,15.8335531791007,1.14266001222116,16.2535580551651
-0.882986462275379,5.83530415185675,6,5.41924688920393,-0.8478053765379,6.11727568818864
1.72868538058859,17.96915802668,18,17.8442117457055,1.2433145647577,16.6007660702037
0.855265017139506,14.9441751884791,15,14.7352664871415,0.669007499221036,14.2100566468841
0.657995698624254,14.0159293670015,14,13.7932364883327,0.576869344951493,13.7376053895834
0.668562191023078,14.0679753516437,14,13.8460794398822,0.584276176748979,13.7762360675172
0.100285999511591,11.0736886705653,11,10.7897354886429,0.342837242201969,12.4795818073883
0.0863577769862432,10.9988558387688,11,10.7128846441254,0.080227879993443,11.0483953804142
1.11626537052923,16.0138599505349,16,15.8229774476602,0.873629418140896,15.1795861896161
-0.679701831577634,6.94380616912538,7,6.54669597310352,-0.574306420902719,7.59512462657034
-0.297617244958484,8.96695538688368,9,8.62221481718169,-0.0553910553176597,10.3226892657049
0.28593743602059,12.0743338000283,12,11.8153037142097,0.464081350742823,13.138470731869
0.862840503170162,14.9778439276879,15,14.7694378001013,0.417274083759111,12.8852927253196
1.72868538058859,17.96915802668,18,17.8442117457055,1.5806321747166,17.6249072683687
1.12789743721335,16.057313376864,16,15.8673137379276,1.51264590994372,17.4306693794378
-0.695269210403205,6.85964144535047,7,6.46077714147619,-0.563261991386127,7.65381919724831
1.72868538058859,17.96915802668,18,17.8442117457055,1.33948271715306,16.9109278479313
0.667609571140146,14.0632929252197,14,13.8413241449427,0.986329206716614,15.6575492648362
0.477161442095559,13.0932643829137,13,12.8551544776378,0.106051392772744,11.1878884701342
1.09886786787028,15.94823284398,16,15.7560485800207,0.814562974253363,14.9126019729779
-0.114030573462415,9.93135769927381,10,9.61500870629918,-0.272945897517403,9.17848855643973
-0.489186239936109,7.96102126015615,8,7.58822622537577,-0.565771338138341,7.64049008637797
1.11156656715003,15.9962106371955,16,15.8049743812044,0.746730841969133,14.5926711290985
1.10010555101345,15.952927084134,16,15.7608347127084,0.637355186249252,14.0498525196193
-0.317179303052548,8.86452272249324,9,8.51681183089702,-0.153185791149717,9.80607633002445
0.0863577769862432,10.9988558387688,11,10.7128846441254,-0.058692747834775,10.3051640750147
-1.05394996188659,4.90483490031163,5,4.48155620495423,-0.802083967533783,6.3671493445491
-1.434402963082,3.04178534591182,3,2.64003580964328,-1.6127564371292,2.42981809698374
-0.882986462275379,5.83530415185675,6,5.41924688920393,-0.688943944962158,6.98121282034902
-0.823152333546784,6.16312009620096,6,5.75165056303321,-0.965529276289523,5.47310316345535
-0.0999040320462548,10.0060163733379,10,9.69185955081665,-0.0300947600611232,10.4571760960627
0.24809793044622,11.8703863561085,12,11.6066148236428,0.00612276006711288,10.6504121213097
-0.285762448543927,9.0290344442043,9,8.68610216320201,-0.0991129304157658,10.0911161549037
0.0834632607135659,10.9833128825894,11,10.69692261742,-0.19239542513962,9.60015821222148
0.854206714472407,14.9394593088834,15,14.7304803544539,0.527830174710099,13.4794100378352
-0.106786534942029,9.96963173420855,10,9.65440726456105,0.00858034358450659,10.663554412919
0.29733718861113,12.1357046482405,12,11.8780652351262,0.426772093753253,12.9368205955326
-2.31843572048875,0.837258849896114,1,0.608092805117532,-2.02485035509573,1.33243106008637
-1.1418919410418,4.4391675428096,4,4.01610867401609,-0.987122575955005,5.35539797816125
0.268341342872749,11.9795323395288,12,11.7183210941641,0.414454217982084,12.8699814777449
0.649206803339309,13.9724597960546,14,13.7490968198366,0.722700239181497,14.4761100368731
0.469786936021544,13.0545782753541,13,12.8157559193759,0.54141496085461,13.5513336969092
-0.439675870860933,8.22200564077572,8,7.85620132712787,-0.649997859074329,7.19075940354172
0.0897705330609691,11.0171854889218,11,10.7317103142447,0.1736506749887,11.5548188023813
0.288530725665828,12.0882984199324,12,11.829586252071,0.080646121364566,11.0506514008923
0.477161442095559,13.0932643829137,13,12.8551544776378,-0.0231040617731038,10.4944105660983
-1.26738861224619,3.80502407499285,4,3.38730388467818,-1.14720621354804,4.49879445386589
-1.2558671171644,3.86136632089909,4,3.4429092927495,-1.18754577977457,4.29011872676905
-1.51029138565027,2.73235371813681,3,2.34082889943755,-1.4900820871203,2.89118170671565
-0.515388688900202,7.82243031184836,8,7.44602937012734,-0.504164270575887,7.96668086054264
-1.18160035706298,4.23400850167823,4,3.8119958201432,-1.03856959480652,5.07642855978139
0.278786483647252,12.0358166217728,12,11.7759051559478,0.0928651209659112,11.1166087745494
-0.679701831577634,6.94380616912538,7,6.54669597310352,-1.14096281942802,4.53141933924059
-0.125663602019938,9.86994019959377,10,9.55178398544537,-0.322739695710593,8.91824579182077
1.41364048723808,17.0328652607784,17,16.8686486475893,0.916812241488077,15.3676447837285
0.265671776169352,11.9651432262154,12,11.7035974436884,0.0200567033868764,10.7249770370923
-0.489355462384621,7.96012732879938,8,7.58730878672198,-0.654615797016984,7.16596597357751
-0.674912455332215,6.96966810172401,7,6.57310593472714,-0.872966837076248,5.97954046669952
-0.741214537039146,6.61036168567098,6,6.20657826973809,-0.195423991602035,9.58427528858562
-0.480455830876872,8.0071214805186,8,7.63554294667321,-0.152357175586739,9.81043433512746
-1.49566031565088,2.79005879251519,3,2.39643430750887,-1.71537413670875,2.09447779738512
0.259392252288307,11.9312906103138,12,11.668954180366,0.292236182829303,12.2027405541704
-0.488823620544207,7.96293677914903,8,7.59019212678951,-0.549551894675236,7.72657730233884
0.855265017139506,14.9441751884791,15,14.7352664871415,0.854515869075391,15.094411604444
-0.0690846581006981,10.1692010608413,10,9.85981405965696,-0.754485008963768,6.62636863265976
-0.505193791578104,7.87639616530878,8,7.50138995509464,-0.742917388089955,6.68918555141991
0.265671776169352,11.9651432262154,12,11.7035974436884,-0.0762990380678309,10.2118171071864
-1.06967946491425,4.82059329329229,5,4.39714550358098,-1.54169520067765,2.68898953602754
-0.480455830876872,8.0071214805186,8,7.63554294667321,-0.328057045777208,8.89045549676659
-0.292229867559651,8.99516626652476,9,8.65124673719819,-0.41512523819565,8.4348778324806
0.469786936021544,13.0545782753541,13,12.8157559193759,0.0770270197659147,11.0311333167721
0.100285999511591,11.0736886705653,11,10.7897354886429,-0.136435447548424,9.89422949319616
-0.892445890912498,5.78346376117967,6,5.36676964430415,-1.09742375825845,4.76107182535922
0.456369670600697,12.9840267124167,13,12.7438893197309,0.706153853794925,14.3949262551649
0.435456112052379,12.8736571934361,13,12.6314209990193,0.150384060283656,11.4282595144275
-0.0999040320462548,10.0060163733379,10,9.69185955081665,-0.394941027949705,8.54062425246815
-0.68076464645285,6.93806508422085,7,6.54083380148135,-0.257626596843385,9.2585879279231
1.75348934750372,18.0383981427958,18,17.9169610498461,1.90385114769257,18.4878941885713
-1.44730030992313,2.98744530277617,3,2.58731374163948,-1.19930783795435,4.23001990517084
0.278786483647252,12.0358166217728,12,11.7759051559478,0.229912846482958,11.8617830237248
0.254326528872532,11.9039763371219,12,11.640998299284,0.2847806775158,12.1619329385185
0.0704695525781749,10.9135775093627,11,10.6252863236539,0.0895275963820483,11.0985839962388
1.39548101820212,16.9752732875363,17,16.8091471149651,0.836907064505624,15.0149042419688
-1.22831999375677,3.99774461627127,4,3.57772649389298,-0.859543946217769,6.05303073418804
0.278786483647252,12.0358166217728,12,11.7759051559478,0.333422525726339,12.4281061766836
-0.0443887782207989,10.3002758153698,10,9.99469007857257,-0.435574904705308,8.32761788431632
0.276056834277805,12.0211102944671,12,11.7608605678962,0.0969368857068604,11.1386080266387
-0.296387968864828,8.97339237601108,9,8.62883903899423,-0.643439621104373,7.22594556154154
-0.27313505366864,9.09516879590992,9,8.75416886656695,-0.169156371281816,9.72213472791046
-0.312645203702937,8.88826474102961,9,8.54124071852273,-0.498729840934489,7.99535598311093
0.431300886620503,12.8516736916181,13,12.6090133008153,0.316159735647157,12.3336717610764
1.12789743721335,16.057313376864,16,15.8673137379276,0.708885846270251,14.4083814053018
-0.0999040320462548,10.0060163733379,10,9.69185955081665,-0.326084709694624,8.9007637599982
0.268341342872749,11.9795323395288,12,11.7183210941641,0.14792079073495,11.4148759931257
-0.306491683975391,8.92048615568592,9,8.57439589268072,-0.251109002001299,9.29267589592305
0.469786936021544,13.0545782753541,13,12.8157559193759,0.282666522985476,12.1503613210442
0.645426304149598,13.9537122783764,14,13.7300589870359,0.908407771076646,15.3315219421726
0.67742674161526,14.1114534290334,14,13.8902191083782,0.407012738228074,12.829548684186
-0.443821582266241,8.20019153036963,8,7.83379362892392,-0.598454023441914,7.46652799140642
0.865056923767904,14.9876653293114,15,14.7794061556376,0.824105506087415,14.9564843488287
-0.46988311290181,8.06290180039898,8,7.69280607088099,-0.335556474422054,8.85125817072262
-0.992703561254572,5.2357517979898,5,4.81395987878351,-1.39803557902519,3.28020283191886
-0.679701831577634,6.94380616912538,7,6.54669597310352,-0.633667243651199,7.27832260447226
-0.501064982751156,7.89823598332959,8,7.5237976532986,-0.583794195029845,7.54464221464781
-1.61376987017904,2.35145798466621,2,1.97633759645443,-1.68547191825208,2.18752899986685
0.269773201774136,11.987249507313,12,11.7262173045738,-0.00963372004783337,10.5662432109867
0.268261357557371,11.9791012362724,12,11.7178799815497,0.355010694924502,12.5461035371515
-0.0999040320462548,10.0060163733379,10,9.69185955081665,0.216497640159347,11.7884909647268
-0.485221746715799,7.9819600075225,8,7.60971648492594,-0.47026501495059,8.14532180341793
-0.109597482191046,9.95477739145999,10,9.63911665634897,0.366801383722429,12.6104842080073
0.0800375768031956,10.9649216063817,11,10.6780292181216,-0.155689604996656,9.79290953356284
0.449032208434755,12.9453576646573,13,12.7044907614691,0.452401322992738,13.0754838773093
-0.670385532978948,6.99409892764881,7,6.5980582962263,-0.936270596223187,5.6329697034077
1.10010555101345,15.952927084134,16,15.7608347127084,1.00790312816168,15.7443163545371
1.74359353963091,18.0108555815131,18,17.8880133313583,1.82564498884563,18.2894072855599
0.648168178414884,13.9673121835461,14,13.7438695745345,0.773981526018213,14.7228515399994
0.862945372597351,14.9783089247013,15,14.769909750464,1.45076773305305,17.2495830284487
1.73390510648636,17.9837850365624,18,17.8595736098337,1.42247085479885,17.1651968954997
-1.43370289864742,3.04475504526039,3,2.6429191497108,-1.21161910554832,4.16750459671186
-0.489355462384621,7.96012732879938,8,7.58730878672198,-0.666031804357163,7.10461266436973
0.28593743602059,12.0743338000283,12,11.8153037142097,-0.00474849085660509,10.5923225970316
-1.8169914982099,1.73993620399884,2,1.40313821518785,-1.80269462434761,1.84381357848768
-1.07423714784225,4.79625197873741,5,4.3727719039633,-1.21139094589508,4.16865944419388
-1.20645736411187,4.10756495439608,4,3.68651079488392,-0.884375447886758,5.91706488198837
-1.48190780824084,2.84515697208113,3,2.44961320042848,-1.25498918568451,3.95068970640243
0.304441135616324,12.1739267483503,12,11.917144940037,0.317189922303702,12.3393086793847
-1.72260656722066,2.00214940292002,2,1.64673971732226,-1.56468195976519,2.60271319118374
1.41364048723808,17.0328652607784,17,16.8686486475893,1.28444859544666,16.7357344115629
-0.488823620544207,7.96293677914903,8,7.59019212678951,-0.235746524983697,9.37305256766733
-1.25064269808023,3.88705287459391,4,3.46827798333714,-0.968273025884645,5.45813172722093
-0.106786534942029,9.96963173420855,10,9.65440726456105,-0.466193168349131,8.16674433345104
-1.01211043761829,5.13046317671756,5,4.70805891786009,-0.49149914700541,8.03348662308719
-0.489186239936109,7.96102126015615,8,7.58822622537577,-0.36197110046709,8.71315447567148
-0.8300975287961,6.12509792899265,6,5.71304845270331,-0.602586731351518,7.44448200996405
-0.695269210403205,6.85964144535047,7,6.46077714147619,-0.333756941521238,8.86066415024061
1.40015637139512,16.9901473426317,17,16.8245089790933,1.52706670837372,17.4722569728121
0.452053098439066,12.9612852373369,13,12.7207195713366,0.07633584807219,11.0274066986746
0.456287449665628,12.9835937338643,13,12.7434482071165,0.270141671971721,12.0818126343872
2.13037638164233,18.9753442567933,19,18.9078860120905,1.87439606716397,18.4141109823513
2.13037638164233,18.9753442567933,19,18.9078860120905,2.20566571713233,19.1495710862345
1.72868538058859,17.96915802668,18,17.8442117457055,1.69468895781323,17.9412077946556
-0.326919611019863,8.81351708171594,9,8.46433458599724,-0.120091664061121,9.98036432138932
0.667609571140146,14.0632929252197,14,13.8413241449427,1.12804208524606,16.200916195213
0.659571502948038,14.0237061318384,14,13.8011326987423,0.833167605009548,14.9978927510533
-1.23925865152926,3.94331562496643,4,3.52388339140846,-1.85226885030029,1.71479731898458
-0.859318327511982,5.96502125928498,6,5.55066587233187,-1.07513797400763,4.87990288291226
-0.105338307557046,9.97728615390252,10,9.66228640474329,-0.0927587682364115,10.1247058437118
-0.489186239936109,7.96102126015615,8,7.58822622537577,-0.481174826508012,8.08788808859092
0.469786936021544,13.0545782753541,13,12.8157559193759,0.507865693106738,13.3732095440612
-2.31843572048875,0.837258849896114,1,0.608092805117532,-2.23360740013485,0.983373110787728
0.657828498407981,14.0151039088006,14,13.792398343759,0.195570414700916,11.6742734183706
-0.490267487149048,7.95530924056498,8,7.5823640537536,-0.119270834878817,9.98469357162669
0.278786483647252,12.0358166217728,12,11.7759051559478,0.273247021273756,12.09880721696
-1.01865891805553,5.09501752993059,5,4.67243563908485,-1.30912913010667,3.68829885735807
0.886777875061468,15.08320888619,15,14.8763887756832,0.440317159425642,13.0101772829521
0.855265017139506,14.9441751884791,15,14.7352664871415,0.807677720015116,14.8807631847781
0.28593743602059,12.0743338000283,12,11.8153037142097,0.297029180078614,12.2289748048315
0.456287449665628,12.9835937338643,13,12.7434482071165,0.101253129626472,11.161939011233
-0.48613404459808,7.97714232076143,8,7.60477175195755,-0.648594349831849,7.19829192038042
-1.48391798903448,2.83705169827549,3,2.44178512739258,-1.24527239241958,3.99878198919633
1.39145641719413,16.9624433092914,17,16.7958993434488,0.703175809342432,14.3802366904781
0.657995698624254,14.0159293670015,14,13.7932364883327,-0.0719180728233292,10.2350280956335
-0.501064982751156,7.89823598332959,8,7.5237976532986,-0.417218669001366,8.42390369196893
-0.485771344960572,7.97905772288012,8,7.60673765337128,-0.313792456721869,8.96500481071661
1.1137727874637,16.0045044151941,16,15.8134360200331,0.833454517218972,14.9991995361787
-1.44752639425348,2.9864990489618,3,2.58639630298569,-1.57140551515828,2.57791889959259
-0.10388614134633,9.98496229587328,10,9.67019074095246,-0.434820231095961,8.33157865400207
1.73390510648636,17.9837850365624,18,17.8595736098337,2.17384974653993,19.0895974208994
-0.292229867559651,8.99516626652476,9,8.65124673719819,-0.404430174243223,8.49092359190275
0.268261357557371,11.9791012362724,12,11.7178799815497,0.398103732323223,12.781093327096
1.39548101820212,16.9752732875363,17,16.8091471149651,1.27492698545462,16.7048153751355
1.09886786787028,15.94823284398,16,15.7560485800207,1.14321662291733,16.2555507450039
0.470676291654029,13.0592472629885,13,12.8205112143154,0.581432301849555,13.761415898848
0.259392252288307,11.9312906103138,12,11.668954180366,0.422680505323504,12.9146317887972
1.74359353963091,18.0108555815131,18,17.8880133313583,1.22169075749793,16.5282945879532
-0.858826185719444,5.96771827227397,6,5.5533998807825,-0.837055518905724,6.17608282087606
0.875784102831365,15.0350112972631,15,14.8274629744995,0.915457329720308,15.3618369729998
-1.06430239996084,4.84935081663102,5,4.42595079688291,-1.24377740782771,4.00620681303041
0.659571502948038,14.0237061318384,14,13.8011326987423,0.648889923068226,14.1085061625552
0.865056923767904,14.9876653293114,15,14.7794061556376,0.601426326849047,13.8652781121407
0.0854887372777978,10.9941889570984,11,10.708093747722,-0.182396244063414,9.65261874227133
1.74359353963091,18.0108555815131,18,17.8880133313583,1.26714015632775,16.6793877290988
-1.2558671171644,3.86136632089909,4,3.4429092927495,-1.4232631332924,3.1700507313417
1.41039354904645,17.0226030669494,17,16.8580420784006,1.27227224033292,16.6961608752182
0.839346993136375,14.8729256344126,15,14.6629587748821,0.986978114810962,15.660181021862
0.0868764900477285,11.0016415395908,11,10.7157482875393,0.207037528232556,11.7368402948247
-0.691377391838035,6.88069714165317,7,6.48226740102635,-1.33371191358004,3.57248885739865
0.887850374009614,15.0878931386435,15,14.8811440706226,1.3398691072482,16.9121378731692
0.648262178798893,13.9677781580905,14,13.7443415248972,0.345549948732446,12.4944093281105
-0.490267487149048,7.95530924056498,8,7.5823640537536,-0.624553776196483,7.32711048128048
0.104870547257131,11.098334590437,11,10.8150447233038,0.188067961548321,11.6333654600286
-0.0999040320462548,10.0060163733379,10,9.69185955081665,-0.265570364057189,9.21704909396529
-0.489186239936109,7.96102126015615,8,7.58822622537577,-0.574177234559291,7.59581161050579
-2.31843572048875,0.837258849896114,1,0.608092805117532,-1.88515968127673,1.63420240751468
0.268261357557371,11.9791012362724,12,11.7178799815497,0.304460842456719,12.2696499389792
0.456287449665628,12.9835937338643,13,12.7434482071165,0.347223204035163,12.5035541825914
1.39145641719413,16.9624433092914,17,16.7958993434488,0.904143652709771,15.3131059743107
0.281731596751213,12.0516815975075,12,11.7921339658154,0.234889098205051,11.8889825889418
-0.0999040320462548,10.0060163733379,10,9.69185955081665,-0.136882657871957,9.89187433747044
-0.296387968864828,8.97339237601108,9,8.62883903899423,-0.0112030148760904,10.5578688557358
-0.114030573462415,9.93135769927381,10,9.61500870629918,0.00435666868356217,10.640970063806
1.40883585243829,17.0176744455084,17,16.8529487006179,1.84070063126108,18.3282425733722
-0.292229867559651,8.99516626652476,9,8.65124673719819,-0.299360843741234,9.04042408926018
0.0913038230802175,11.0254220102011,11,10.7401719530734,0.204384407443516,11.722360113255
-0.478789284311872,8.01591740494638,8,7.64457191092976,-0.496518040004278,8.00702249403731
0.657828498407981,14.0151039088006,14,13.792398343759,0.287674888663985,12.1777743024345
0.43824802209733,12.8884181076911,13,12.6464655870709,0.555419795410845,13.6251711898763
-0.480455830876872,8.0071214805186,8,7.63554294667321,-0.339229322784062,8.83205977340347
-1.25748321750994,3.85343786406165,4,3.4350812197136,-1.23823653572926,4.03378401269639
1.39145641719413,16.9624433092914,17,16.7958993434488,0.912376826180218,15.3486100186789
0.0904198263604543,11.020673259544,11,10.7352923423294,0.29932194765446,12.2415239238296
-1.21759404939272,4.05145431821706,4,3.6309053868126,-1.19995933378768,4.22670154882831
1.39145641719413,16.9624433092914,17,16.7958993434488,1.45068004350977,17.2493231442658
2.13037638164233,18.9753442567933,19,18.9078860120905,1.50383288853954,17.4051448853023
-0.114030573462415,9.93135769927381,10,9.61500870629918,0.290284910009387,12.192060256667
-0.105338307557046,9.97728615390252,10,9.66228640474329,-0.358166201247535,8.73305291291854
-2.31843572048875,0.837258849896114,1,0.608092805117532,-2.26439938116469,0.940322375806153
1.42807225820164,17.0782965269283,17,16.9156261401843,0.799388320292492,14.8422369737155
-1.48391798903448,2.83705169827549,3,2.44178512739258,-1.15415751711166,4.46256905100057
-0.489355462384621,7.96012732879938,8,7.58730878672198,-0.598242046652467,7.46765848524823
0.258306055561417,11.9254342294807,12,11.6629605091968,0.669008468652029,14.2100615169309
-0.67201679481511,6.98529691960655,7,6.58906796143258,-0.719081844508483,6.81837391086259
0.100285999511591,11.0736886705653,11,10.7897354886429,0.601273135269384,13.8644853334454
0.449032208434755,12.9453576646573,13,12.7044907614691,0.235813173490394,11.8940341476764
-0.679701831577634,6.94380616912538,7,6.54669597310352,-0.399897741165938,8.51466567045666
0.862840503170162,14.9778439276879,15,14.7694378001013,0.965673102340339,15.5730592566325
-0.27313505366864,9.09516879590992,9,8.75416886656695,-0.235298334564505,9.37539818268704
0.267049184656981,11.9725677226905,12,11.7111946691481,0.00870051062834132,10.6641971227793
0.096087727580003,11.0511254082427,11,10.7665657402486,0.666438988536,14.1971453753631
-1.75997673184904,1.89396641008126,2,1.54578348936723,-1.41386044862646,3.21080132692896
1.73841407647333,17.9963964238792,18,17.87282138135,1.65717254329115,17.838436515218
-2.15440817687164,1.05965873318223,1,0.795045410070316,-1.27281937787576,3.8632089914132
-1.58134489590486,2.46565758661433,2,2.08512189744536,-1.71359869829954,2.09989759057492
-1.51271261909676,2.72289554380429,3,2.33172382070909,-1.36680071921402,3.42013335014397
0.278786483647252,12.0358166217728,12,11.7759051559478,0.147957545152058,11.4150756657974
1.7481179394441,18.0234617245763,18,17.9012611028746,0.669137486701236,14.2107096332197
-1.9943723720554,1.33809753845447,1,1.03864691220473,-2.16705834210733,1.08324960702725
0.855265017139506,14.9441751884791,15,14.7352664871415,0.660015104026706,14.1647840028313
0.873846244343482,15.0264814157414,15,14.8188047138995,1.00657363684214,15.7390126925746
0.0897705330609691,11.0171854889218,11,10.7317103142447,0.298546041452662,12.2372771412853
-1.8169914982099,1.73993620399884,2,1.40313821518785,-2.53989223329434,0.628286191949504
-2.15440817687164,1.05965873318223,1,0.795045410070316,-2.6656759033116,0.520905891413839
-0.0904645117416555,10.0559523568641,10,9.74326050340225,-0.150900858378638,9.8180943523928
1.11156656715003,15.9962106371955,16,15.8049743812044,0.733635116608738,14.5293504847267
-0.0999040320462548,10.0060163733379,10,9.69185955081665,-0.676281040540302,7.0494556253956
1.11156656715003,15.9962106371955,16,15.8049743812044,1.15409290179911,16.2943174030518
-1.23003990746106,3.98916319003826,4,3.56923421129217,-1.93647835471975,1.51600281365925
-2.31843572048875,0.837258849896114,1,0.608092805117532,-1.85550932561365,1.70668332975064
-2.31843572048875,0.837258849896114,1,0.608092805117532,-1.9938162635838,1.39416382016895
0.445567548174687,12.9270780799912,13,12.6858641453328,1.09032031580935,16.0622496139785
1.72868538058859,17.96915802668,18,17.8442117457055,1.56260852862894,17.5738533441323
-0.5145133075409,7.82706627302724,8,7.45078466506678,0.100561306383087,11.1581986895504
2.14320910883432,19.0020997326472,19,18.9363257336151,1.83759097512391,18.3202442194222
0.28593743602059,12.0743338000283,12,11.8153037142097,0.0529028275669817,10.9012389684149
-1.02754335846764,5.04700066301279,5,4.62420147913362,-0.611576067390187,7.39648977839604
1.39145641719413,16.9624433092914,17,16.7958993434488,1.02919800813533,15.8284973109931
-0.656955212403819,7.06649935404516,7,6.67202580067624,-0.836498089396679,6.17913143145282
0.627109620797846,13.8624688257264,14,13.6373905493153,0.504439640517856,13.3549284281354
-0.81552865389518,6.20484184749113,6,5.79402255136226,-1.15421830330046,4.46225274261727
-0.295191847111622,8.97965580110043,9,8.63528471049276,-0.4145713450677,8.43778122220051
-0.848818299907876,6.02255750070831,6,5.60900528885382,-0.807588558961028,6.33710453978971
-0.120670427093586,9.89629523386386,10,9.57891490406564,-0.187315722938852,9.62680464515252
0.660679642674007,14.0291717818448,14,13.8066808816203,0.863668209119706,15.1353437895311
-0.689769141847292,6.88939533394502,7,6.49114595010727,-0.86946031459642,5.99874079087225
-0.679701831577634,6.94380616912538,7,6.54669597310352,-0.912002297007758,5.76577824348656
0.886777875061468,15.08320888619,15,14.8763887756832,0.847042147301477,15.0607871757288
0.272550068013309,12.0022144326894,12,11.7415286757875,0.257230304682129,12.0111641909816
-0.632130410269835,7.2000066457166,7,6.80850462420272,-0.89677047346571,5.84918381686725
-0.109035811001249,9.95774525225391,10,9.64217169944258,-0.317252654931945,8.94692177344407
-2.05522631219088,1.22394029560642,1,0.9376906842497,-1.91763454709086,1.5583653619104
-0.822633566827628,6.16595963978567,6,5.75453390310073,-0.599238029533155,7.46234655384712
0.255273622471234,11.9090833704384,12,11.6462255445861,0.185786831122104,11.6209318138168
0.667609571140146,14.0632929252197,14,13.8413241449427,0.51162726671318,13.3932624842044
1.4398386799837,17.1151230520355,17,16.9537321810024,1.27979668855054,16.7206521079658
-1.22845444265701,3.99707347838454,4,3.57706228432807,-1.65007324836132,2.30261292581956
-1.44202080017408,3.00960403596612,3,2.60880400118965,-1.02953589449515,5.1252291237865
-0.0935020044416218,10.0398794461184,10,9.72671497682047,-0.0710854057526243,10.239440909606
0.648262178798893,13.9677781580905,14,13.7443415248972,0.853331050491099,15.0890930228737
-1.22831999375677,3.99774461627127,4,3.57772649389298,-0.915134446328235,5.74863076654306
-0.485221746715799,7.9819600075225,8,7.60971648492594,-0.565444695592312,7.64222535884285
-0.114258332110221,9.93015469078031,10,9.61377033006946,-0.404277999856262,8.4917208090718
-1.45926587489988,2.93766493162526,3,2.53907958168825,-1.37967986060416,3.36196808574867
1.72868538058859,17.96915802668,18,17.8442117457055,2.03190683921431,18.7920695285118
1.11280633033578,16.0008727534426,16,15.8097296761439,0.821716123938074,14.9455232536155
0.261551666563057,11.9429327597943,12,11.6808688079085,0.0692292655986779,10.9891070978742
0.460647920568115,13.0065455463224,13,12.7668301181922,0.350080825315765,12.5191699710256
-1.07423714784225,4.79625197873741,5,4.3727719039633,-0.89322742772098,5.86858699389465
1.14551786895112,16.1224995138464,16,15.9338595002703,1.09300673935138,16.0722627081909
-0.679179044084597,6.94662987729278,7,6.54957931317105,-0.328316581473447,8.88909903791667
-0.670378523246655,6.99413674715555,7,6.59809692568912,-0.218049541658783,9.46570387617077
0.278481735412905,12.0341748476219,12,11.7742256671037,0.119140942582351,11.2587462168553
0.887850374009614,15.0878931386435,15,14.8811440706226,0.79580504353123,14.8255178516607
1.4398386799837,17.1151230520355,17,16.9537321810024,1.34565962215826,16.9302400043091
2.15022486679607,19.0165494610462,19,18.9516875977433,1.8230793694667,18.28276196845
0.456227629773177,12.983278715257,13,12.7431272695406,0.203626770493881,11.7182255433851
-0.296387968864828,8.97339237601108,9,8.62883903899423,-0.767622806144574,6.55493506327819
-0.680598320872801,6.93896358604885,7,6.54175124013514,-0.617556263240674,7.36453329547201
-0.679701831577634,6.94380616912538,7,6.54669597310352,-0.484018285054541,8.07291014487224
-0.882986462275379,5.83530415185675,6,5.41924688920393,-0.484056117507816,8.07271083695388
-1.21858822052815,4.04646220759591,4,3.62596065384421,-1.35699860235278,3.46483357083209
0.960726653592824,15.3987748474392,15,15.1968815760869,0.941016269467382,15.4703793692183
0.660166576090554,14.0266415190361,14,13.8041131297723,0.643543279347578,14.0813566261781
0.856744844218767,14.9507643534243,15,14.741953869382,1.0297466990333,15.8306473031921
0.886777875061468,15.08320888619,15,14.8763887756832,0.810534627696135,14.8939919456075
-0.511263212519775,7.84427491352618,8,7.4684370683313,-0.865903884751975,6.01821299230621
-1.0576661194772,4.88490075227807,5,4.46157407565816,-1.06533355213432,4.93241924536003
0.475455957140262,13.0843234339349,13,12.8460493989093,0.858263690106278,15.1112056584213
-0.114030573462415,9.93135769927381,10,9.61500870629918,-0.0690662335313238,10.2501433753471
-0.0935020044416218,10.0398794461184,10,9.72671497682047,-0.211436689306312,9.50034447453189
-0.285932669631175,9.02814301169704,9,8.68518472454822,-0.4128827662863,8.44663183752963
1.11280633033578,16.0008727534426,16,15.8097296761439,0.854687947944368,15.0951836816521
-0.292400107640282,8.99427479139995,9,8.6503292985444,0.230726518200493,11.8662300175984
0.660679642674007,14.0291717818448,14,13.8066808816203,0.544114629771876,13.5655922004534
1.45943312002886,17.1760376069408,17,17.0168151658495,1.79758181174657,18.2163027698805
0.667609571140146,14.0632929252197,14,13.8413241449427,0.232417981711082,11.8754749922205
-0.971250513357347,5.35250715053486,5,4.93153917869073,-1.18406195304416,4.30798716159985
1.73678426655398,17.9918404866247,18,17.8680352486624,1.46290182112408,17.2854513227381
-2.31843572048875,0.837258849896114,1,0.608092805117532,-1.69331731255954,2.16274948509022
0.27199219986831,11.9992081446275,12,11.7384528696922,0.206119312852772,11.731828587902
0.075776536113076,10.9420516630467,11,10.6545385321513,0.452368046044012,13.0753042289027
-1.05394996188659,4.90483490031163,5,4.48155620495423,-1.35285245974229,3.48385187437359
1.39145641719413,16.9624433092914,17,16.7958993434488,1.12259194902479,16.1811352423605
1.14308175987086,16.1135324996617,16,15.9247011779399,1.06032528923973,15.9489747106454
-2.31843572048875,0.837258849896114,1,0.608092805117532,-2.36537199936238,0.811747599692337
-1.434402963082,3.04178534591182,3,2.64003580964328,-1.36489311911419,3.42880347992489
-0.501064982751156,7.89823598332959,8,7.5237976532986,-0.328830711168711,8.88641193678963
0.865056923767904,14.9876653293114,15,14.7794061556376,0.526017368945774,13.4697908353253
-1.07423714784225,4.79625197873741,5,4.3727719039633,-0.552238624399288,7.71232792185732
-1.45926587489988,2.93766493162526,3,2.53907958168825,-1.30712191691724,3.69785006856759
-1.25748321750994,3.85343786406165,4,3.4350812197136,-1.47662746526882,2.94579975887397
1.11156656715003,15.9962106371955,16,15.8049743812044,1.20539903419715,16.4729594382072
-0.296387968864828,8.97339237601108,9,8.62883903899423,-0.289650540820849,9.09117252350693
-0.882986462275379,5.83530415185675,6,5.41924688920393,-0.434949107853687,8.33090228134267
0.0800375768031956,10.9649216063817,11,10.6780292181216,-0.333335410676193,8.86286741613134
1.09886786787028,15.94823284398,16,15.7560485800207,1.17692354518519,16.3746558191421
-2.31843572048875,0.837258849896114,1,0.608092805117532,-2.79590388963541,0.427613456869884
-0.284650027741373,9.03486013573507,9,8.69209783696382,-0.746302669079771,6.67080999213983
0.121665275263565,11.1886767840544,11,10.9077899834277,0.511133071269673,13.3906290462677
-1.3157182526493,3.57349072914137,3,3.15939208842534,-1.63837335304116,2.3418411706906
1.09372689574525,15.9286923326836,16,15.7361294464407,0.491408851243835,13.2852557630338
0.288530725665828,12.0882984199324,12,11.829586252071,0.0612733361793536,10.9462676305477
-0.485221746715799,7.9819600075225,8,7.60971648492594,-0.211434828937901,9.50035422146175
1.39145641719413,16.9624433092914,17,16.7958993434488,1.21056841833833,16.4905872716084
1.39145641719413,16.9624433092914,17,16.7958993434488,1.68442685134047,17.9132203439657
-0.494900652836403,7.93082654040089,8,7.55723924002616,-0.268689258244416,9.2007422403431
-1.20140215071634,4.13314751911352,4,3.71187948547155,-1.30336748662517,3.71575314200287
-0.882986462275379,5.83530415185675,6,5.41924688920393,-0.730449867054985,6.75680216484438
-0.932765719944232,5.56267545501272,5,5.14355775791568,-0.620308315607603,7.34981915332497
0.332864356926138,12.3266487878666,12,12.0732282079572,0.25711222729239,12.0105181976328
-2.02089161268775,1.2870072107263,1,0.99329609232102,-2.59398020269038,0.579836275475237
1.39145641719413,16.9624433092914,17,16.7958993434488,1.628146338231,17.7580721976495
-0.0999040320462548,10.0060163733379,10,9.69185955081665,-0.256857974693867,9.26260759930032
-0.459778974171364,8.11616316589456,8,7.74749404029852,-0.78860112038787,6.44068626759104
-1.31529310252357,3.57549217498612,3,3.16135798983907,-0.773509526133064,6.52289783484739
-1.07423714784225,4.79625197873741,5,4.3727719039633,-1.69502052292581,2.15740446104674
0.288530725665828,12.0882984199324,12,11.829586252071,0.206186192832919,11.732193615308
-0.296387968864828,8.97339237601108,9,8.62883903899423,-0.103561962080206,10.0676100225386
0.0695914739943039,10.90886729811,11,10.6204451563379,0.242170403040124,11.9287920381854
1.72868538058859,17.96915802668,18,17.8442117457055,1.36688696867772,16.9961076519295
-0.0999040320462548,10.0060163733379,10,9.69185955081665,-0.423695081987967,8.3899447142234
-1.26738861224619,3.80502407499285,4,3.38730388467818,-1.3081293897574,3.69305429870126
0.891837516896087,15.105279806285,15,14.8987948695298,0.567716457309589,13.6897280369907
-0.489355462384621,7.96012732879938,8,7.58730878672198,-0.636851865462252,7.26126101060345
0.839346993136375,14.8729256344126,15,14.6629587748821,1.09913499226519,16.0950244914132
-0.816112143024266,6.2016492062419,6,5.79077964425598,-0.700841209158273,6.9170002052064
-0.282862906301591,9.04421936726565,9,8.70173025113,-0.133928530864685,9.90743340373805
-1.07277255526148,4.80407050007375,5,4.3805999769992,-1.01676366775891,5.19437132018412
-0.29758781281846,8.96710950501283,9,8.62237341746242,-0.0483740741817116,10.3599563148834
0.891913982425805,15.1056128228805,15,14.8991329523731,0.779630639060534,14.749564585286
-1.21719896909031,4.05343894303749,4,3.63287128822633,-1.0977134223313,4.75953256496527
-1.75997673184904,1.89396641008126,2,1.54578348936723,-1.36927850907271,3.40889274939871
0.876856300580012,15.0397264031645,15,14.8322491071871,0.755024595843307,14.632520336235
-0.660858916786811,7.04546760072742,7,6.65053554112608,-0.38906160398688,8.5714074515428
-1.4023775370389,3.17973110127316,3,2.77418880122185,-1.64942778939826,2.30476156167164
-0.882986462275379,5.83530415185675,6,5.41924688920393,-1.05321316489407,4.99752351287925
0.648262178798893,13.9677781580905,14,13.7443415248972,0.331512529289921,12.4176605323756
-1.51029138565027,2.73235371813681,3,2.34082889943755,-1.08914657960105,4.80511504219867
1.72868538058859,17.96915802668,18,17.8442117457055,1.25040810721142,16.6243056788748
0.0999817086281798,11.0720530868635,11,10.7880559997987,0.502090412335201,13.342384028543
0.469786936021544,13.0545782753541,13,12.8157559193759,0.567849352635893,13.6904242768888
-0.0999040320462548,10.0060163733379,10,9.69185955081665,-0.227745581590147,9.41493210673867
-1.2690185407497,3.79708779202069,4,3.37947581164228,-1.60133688598292,2.46996448526631
0.468005702029547,13.0452242114204,13,12.8062286764541,0.0767277660082348,11.0295197819287
1.43280930177589,17.0931453104837,17,16.9309880043125,0.859482792195697,15.1166587383841
-1.12635699885265,4.52038912350357,4,4.09708277267504,-1.58893895078973,2.51420079375492
-1.27850116249736,3.75108799008092,4,3.33412499175857,-0.922142690578308,5.71026907939939
1.73390510648636,17.9837850365624,18,17.8595736098337,1.98727843679347,18.6894331329198
-1.19704113187784,4.15527228907031,4,3.73382751618136,-1.15861349278811,4.43940365644911
-0.485221746715799,7.9819600075225,8,7.60971648492594,-0.353061407432526,8.7597462352902
0.648262178798893,13.9677781580905,14,13.7443415248972,0.501305936507158,13.3381934533195
1.74359353963091,18.0108555815131,18,17.8880133313583,1.4733907898334,17.3163106334964
-1.43411060699084,3.04302528013908,3,2.64123966086664,-1.5894415014219,2.51239449059036
0.657828498407981,14.0151039088006,14,13.792398343759,0.499192512801717,13.3268997653489
-1.16308034260864,4.32923495613905,4,3.90666016346024,-1.16859873113436,4.38765702433499
0.429174681671145,12.8404181642001,13,12.5975397858872,0.168738383425831,11.5280770129307
-1.69146903582257,2.09680845207258,2,1.73554188901712,-1.62173442900206,2.39865759485455
-0.292400107640282,8.99427479139995,9,8.6503292985444,0.0613817997238071,10.9468513949076
0.855265017139506,14.9441751884791,15,14.7352664871415,1.00318272665388,15.7254598293568
-0.0935020044416218,10.0398794461184,10,9.72671497682047,-0.179872041898802,9.66586725500625
1.74622222507561,18.0181825490383,18,17.8957129199966,1.13832778750178,16.2380191556059
0.647160000088552,13.9623133408592,14,13.7387933420191,0.858725377841114,15.1132713642776
-0.292229867559651,8.99516626652476,9,8.65124673719819,-0.0798664465117254,10.1929243885514
1.39145641719413,16.9624433092914,17,16.7958993434488,1.72746175005644,18.029946054559
0.627109620797846,13.8624688257264,14,13.6373905493153,0.593114831046195,13.8221976352325
-0.489355462384621,7.96012732879938,8,7.58730878672198,-0.58704566038486,7.52732879530399
-0.837326925927476,6.08550789562167,6,5.67286753673304,-0.719407089586277,6.81661341926501
1.11156656715003,15.9962106371955,16,15.8049743812044,1.60158773601053,17.6838884024059
0.894317967312991,15.1160742978603,15,14.9097537062671,1.27405022540371,16.7019587753219
-0.868400330852217,5.91524744776796,6,5.50022098786289,-1.16327031210795,4.41524200954501
0.0798993743893735,10.9641797374823,11,10.6772671679312,-0.0766206003072025,10.2101138478868
1.12789743721335,16.057313376864,16,15.8673137379276,0.770503837701362,14.7063593121285
0.0959678247609946,11.0504810876586,11,10.7659067594387,-0.295333484041217,9.06147160725794
0.449032208434755,12.9453576646573,13,12.7044907614691,1.06920059842806,15.9827764069605
0.675256725558527,14.1008258859696,14,13.8794301857609,0.21976653870586,11.806345273157
1.10010555101345,15.952927084134,16,15.7608347127084,1.04879217306656,15.9046883328613
0.854206714472407,14.9394593088834,15,14.7304803544539,1.17320447173186,16.3616630108391
-0.11524892670448,9.92492267811087,10,9.60838448448664,-0.407228072903031,8.47626473809146
-1.21045038755835,4.08740706239711,4,3.66652866558784,-1.16892816634772,4.3859537274312
-1.35752441222805,3.37992558709754,3,2.96963368877545,-1.40754589054527,3.23837212296813
-0.296387968864828,8.97339237601108,9,8.62883903899423,-0.786134044790978,6.45413314126467
-1.44608276819386,2.99254494936832,3,2.59225847460787,-1.48976528074609,2.89245874162896
-0.46988311290181,8.06290180039898,8,7.69280607088099,-0.171431841187162,9.71018283934325
-0.296387968864828,8.97339237601108,9,8.62883903899423,-0.517271503288318,7.89745761586419
1.39145641719413,16.9624433092914,17,16.7958993434488,1.30667783368133,16.807199698852
0.876812239295071,15.0395327005645,15,14.8320524854158,0.54930022365371,13.5929469992148
-0.485221746715799,7.9819600075225,8,7.60971648492594,-0.71220191490188,6.85559817747367
-0.292400107640282,8.99427479139995,9,8.6503292985444,-0.431890888374305,8.34695092794947
-0.849708152960446,6.01768195665988,6,5.60406055588544,-1.08988101561907,4.80120255886345
-0.301876093367669,8.94465462068076,9,8.59926589292088,-0.571308447730236,7.61106450358402
-0.679179044084597,6.94662987729278,7,6.54957931317105,-0.928347853743612,5.67631185236547
-1.06430239996084,4.84935081663102,5,4.42595079688291,-0.74041154451364,6.70278317290362
-0.809789739355132,6.23623752735537,6,5.8259169849824,-1.21140269614385,4.16859996593444
0.878985783426362,15.0490817491159,15,14.8417455123607,0.345204247285788,12.4925198594585
-0.296387968864828,8.97339237601108,9,8.62883903899423,-0.106013636510139,10.0546611356443
-0.398593871953038,8.43785822794744,8,8.07800935808448,-0.87289969769801,5.97990810662942
0.627109620797846,13.8624688257264,14,13.6373905493153,0.782935875211754,14.7651498277626
-1.02910978592914,5.03854384389999,5,4.6157091965328,-1.21132164919198,4.16901022294189
1.10010555101345,15.952927084134,16,15.7608347127084,1.1332693562765,16.2198093113919
0.275406997893165,12.0176089420333,12,11.7572785398116,0.345744582791677,12.4954731060941
-0.30250332186151,8.94137027072233,9,8.59588615223089,-0.506804193017894,7.95274576758876
0.862945372597351,14.9783089247013,15,14.769909750464,0.969818206524098,15.5901255775796
0.469786936021544,13.0545782753541,13,12.8157559193759,0.960781474280568,15.5528470984772
1.72868538058859,17.96915802668,18,17.8442117457055,2.00539695991122,18.7315727889867
-1.04516769515053,4.95201861687826,5,4.52887292625167,-0.916224258979759,5.74266477061935
0.660679642674007,14.0291717818448,14,13.8066808816203,0.748933034610466,14.6032713362669
-2.05522631219088,1.22394029560642,1,0.9376906842497,-1.72382347130611,2.06886516870411
-0.0935020044416218,10.0398794461184,10,9.72671497682047,-0.383851074443537,8.59868194888833
-0.285762448543927,9.0290344442043,9,8.68610216320201,-0.125051260461386,9.95421309491699
1.39145641719413,16.9624433092914,17,16.7958993434488,1.27072738836264,16.6911177617325
-1.07423714784225,4.79625197873741,5,4.3727719039633,-1.04891534835438,5.02065477589062
1.12789743721335,16.057313376864,16,15.8673137379276,1.40126088243058,17.1012216813845
-0.292400107640282,8.99427479139995,9,8.6503292985444,-0.251378381659481,9.29126686963152
0.862840503170162,14.9778439276879,15,14.7694378001013,1.00627141227751,15.7378062543692
0.278786483647252,12.0358166217728,12,11.7759051559478,-0.0245260458547869,10.4868342220444
-0.110078764711384,9.95223440958019,10,9.63649896584935,-0.290364440044922,9.0874413674168
1.10229612468372,15.96122581789,16,15.769296351537,1.1332661732947,16.2197978304239
-0.226287549293475,9.34070023228007,9,9.00691590118165,-0.34775234550134,8.7875042186909
-0.635087678905124,7.18412431667386,7,6.79226337665167,-0.698826844084101,6.92787873223626
0.0992807609045037,11.0682855631132,11,10.7841873057649,0.0622460991243534,10.9515034277292
-0.286509962607152,9.02511979328734,9,8.68207331698892,-0.229982481758964,9.40322204431856
-0.511082322965834,7.84523252175302,8,7.46941940700259,-0.289775016449593,9.09052195632875
-0.485221746715799,7.9819600075225,8,7.60971648492594,-0.247151901904499,9.31337542448347
-1.20744454214858,4.10257732884823,4,3.68156606191553,-1.54169520067765,2.68898953602754
-0.479701996294572,8.01110033234526,8,7.63962717796137,-0.94051119274848,5.60977883275786
0.459032721927045,12.9980463005546,13,12.7581718575922,0.470677593812068,13.1739791410517
-1.2690185407497,3.79708779202069,4,3.37947581164228,-1.06553576283553,4.93133475336801
1.09875737981101,15.9478135982936,16,15.7556230083163,1.02576364656066,15.8150184564276
0.64533266233016,13.9532475349416,14,13.7295870366732,0.68324588947487,14.2813337144566
-0.100044035813236,10.0052760334154,10,9.69109750062628,-0.475489399452006,8.11782510367554
2.13037638164233,18.9753442567933,19,18.9078860120905,1.88396273712972,18.4382112560241
0.638562406648086,13.9195993864477,14,13.6954157237135,1.16264772884009,16.3245836965024
0.862945372597351,14.9783089247013,15,14.769909750464,0.890478539938726,15.2536877718703
-1.41374854431463,3.1302651441804,3,2.72603218664104,-1.39932074567305,3.27452866458186
0.285799084886746,12.0735887361923,12,11.8145416640193,0.257264143681138,12.0113493222296
-1.19984540895681,4.14103950797115,4,3.71970755850746,-1.15290151482333,4.46910664087075
-0.858472313606419,5.96965753291264,6,5.55536578219623,-1.29027411381592,3.77856995822883
1.39145641719413,16.9624433092914,17,16.7958993434488,1.18878960578645,16.4158706474986
-0.285932669631175,9.02814301169704,9,8.68518472454822,-0.00197272908670546,10.6071474908554
0.876856300580012,15.0397264031645,15,14.8322491071871,0.630798042831874,14.0163753607546
-0.0913542577294899,10.0512438377853,10,9.73841422192372,-0.161100164366697,9.76446570492695
1.11156656715003,15.9962106371955,16,15.8049743812044,0.853696946118787,15.0907359879091
0.449032208434755,12.9453576646573,13,12.7044907614691,0.225457807892054,11.8374378594445
-0.292400107640282,8.99427479139995,9,8.6503292985444,-0.45857340582577,8.20681422273874
-0.494809129182061,7.93131027639654,8,7.55773564064863,-0.501719760249777,7.97958130741095
-1.58719202762857,2.44471637436138,2,2.06513976814929,-1.75865541584739,1.96638798280618
0.28593743602059,12.0743338000283,12,11.8153037142097,0.660673743024723,14.1681065802168
0.459032721927045,12.9980463005546,13,12.7581718575922,0.342529972491986,12.4779021542485
-0.631007379918017,7.20603645489192,7,6.81467107485562,-0.682268339681385,7.01720215231799
-1.44801104502716,2.98447132492917,3,2.58443040157196,-1.33457852341195,3.56844625009003
-1.12635699885265,4.52038912350357,4,4.09708277267504,-0.901700007689561,5.82218869488668
-0.882986462275379,5.83530415185675,6,5.41924688920393,-0.774038214548662,6.52001969236825
-0.333296598383325,8.78012099798885,9,8.42997556061589,-0.366726516556794,8.68828204460934
-0.0893879683571439,10.0616498739611,10,9.74912267502443,-0.107936314759104,10.0445083641733
-0.482136229834051,7.99825111530894,8,7.62643786794476,-0.10421570568116,10.0641568767129
-2.15440817687164,1.05965873318223,1,0.795045410070316,-1.47026943682165,2.97188169550691
-0.0999040320462548,10.0060163733379,10,9.69185955081665,-0.289485663882984,9.09203424790135
0.648262178798893,13.9677781580905,14,13.7443415248972,0.0822778016439899,11.0594538185915
-0.284479810903085,9.03575155958538,9,8.69301527561761,-0.119271319488066,9.98469101558502
1.39145641719413,16.9624433092914,17,16.7958993434488,1.0429096330062,15.881940720653
0.635143822270619,13.9025737384595,14,13.6781243213898,0.615500705970115,13.9379088538333
-0.488823620544207,7.96293677914903,8,7.59019212678951,-0.045913977456511,10.3730287660608
0.265671776169352,11.9651432262154,12,11.7035974436884,0.119140942582351,11.2587462168553
-1.0492383899321,4.9301356535245,5,4.50692489554187,-1.0732061569798,4.89023953721136
1.72868538058859,17.96915802668,18,17.8442117457055,1.7249081033064,18.0230673706247
1.42807225820164,17.0782965269283,17,16.9156261401843,1.28484257073239,16.7370096956273
-1.62773997931711,2.30370366347208,2,1.93098677657072,-1.63960867671728,2.33767116107416
-0.660858916786811,7.04546760072742,7,6.65053554112608,-0.761378922220546,6.588896271624
-1.48391798903448,2.83705169827549,3,2.44178512739258,-1.39833831840814,3.27886560019377
-2.31843572048875,0.837258849896114,1,0.608092805117532,-1.38118535465005,3.35521142151685
-1.17988138654105,4.24281165297771,4,3.8207413318329,-1.38017113097035,3.35976227832096
-2.15440817687164,1.05965873318223,1,0.795045410070316,-2.23017709168645,0.988288630884886
1.72868538058859,17.96915802668,18,17.8442117457055,1.36772944129307,16.9987062659657
-0.679701831577634,6.94380616912538,7,6.54669597310352,-0.78820647741146,6.44283747133771
0.878985783426362,15.0490817491159,15,14.8417455123607,0.761474874013874,14.6633746162253
-0.0938108259306261,10.0382455436745,10,9.7250354879763,-0.372064453718229,8.66035839787378
-1.05486913892341,4.89990249590893,5,4.47661147198585,-0.986855955958021,5.35684950888646
-0.296387968864828,8.97339237601108,9,8.62883903899423,-0.323300216101312,8.91531638053717
-0.648188312096259,7.11369498811458,7,6.72025996062747,-0.418115467572259,8.41920211058951
-1.71979986312196,2.01051181687654,2,1.65456779035817,-2.33396021911242,0.849788199803184
0.648262178798893,13.9677781580905,14,13.7443415248972,0.379834340483199,12.6815794941332
-1.59827683497554,2.40543698685769,2,2.0276999195772,-1.27155973388966,3.86935584425878
-1.71979986312196,2.01051181687654,2,1.65456779035817,-1.09741886740193,4.76109781633741
0.0897705330609691,11.0171854889218,11,10.7317103142447,-0.124881777938756,9.95510655826693
0.646282473229568,13.9579606025287,14,13.7343731693609,0.729890363906746,14.5111551294765
0.288530725665828,12.0882984199324,12,11.829586252071,0.177855811082245,11.5777195273056
-0.114030573462415,9.93135769927381,10,9.61500870629918,-0.244585668046144,9.32680079496347
-1.48391798903448,2.83705169827549,3,2.44178512739258,-1.24880057300843,3.98128618447233
0.885050791125289,15.075659054904,15,14.8687276460525,0.979278786309955,15.6288669636954
-2.31843572048875,0.837258849896114,1,0.608092805117532,-1.97966136827838,1.42328238559734
-0.489355462384621,7.96012732879938,8,7.58730878672198,-0.760129468902325,6.59568968948794
0.460647920568115,13.0065455463224,13,12.7668301181922,0.60554888302657,13.8865947942268
1.39145641719413,16.9624433092914,17,16.7958993434488,1.1894349073959,16.4181016267857
0.096087727580003,11.0511254082427,11,10.7665657402486,0.0531975536313416,10.9028236751215
-1.25748321750994,3.85343786406165,4,3.4350812197136,-1.69208767452618,2.16661598856167
-0.0999040320462548,10.0060163733379,10,9.69185955081665,-0.174146652354691,9.6959258177141
1.1137727874637,16.0045044151941,16,15.8134360200331,1.3812688041427,17.0403113203537
1.39145641719413,16.9624433092914,17,16.7958993434488,1.71321653205767,17.9914961790811
0.303260015657729,12.1675731175879,12,11.9106492026221,0.689368850115918,14.3118282398273
-1.42157648028085,3.09652226092304,3,2.6932147025629,-1.30136195345283,3.7253366608917
1.74359353963091,18.0108555815131,18,17.8880133313583,1.65787657541566,17.8403765677525
-1.00861022682893,5.14942688467045,5,4.72712360850238,-1.34066253951058,3.54014336517013
1.74359353963091,18.0108555815131,18,17.8880133313583,1.11232484311608,16.143640747951
-2.31843572048875,0.837258849896114,1,0.608092805117532,-1.76684266461619,1.94301715129473
-1.71979986312196,2.01051181687654,2,1.65456779035817,-1.52071738103899,2.76975967375506
0.288530725665828,12.0882984199324,12,11.829586252071,0.290109055292631,12.1910977147815
-0.679701831577634,6.94380616912538,7,6.54669597310352,-0.671628110452215,7.07450441272127
0.646036679722592,13.9567411254194,14,13.7331347931312,0.483531682033743,13.2430343614547
-0.398593871953038,8.43785822794744,8,8.07800935808448,-0.660308963038958,7.13537999200409
-0.116797793626552,9.91674286630871,10,9.59996411824755,-0.232292796893957,9.3911288149085
0.667475350840056,14.0626330336753,14,13.8406555728087,0.884906648027294,15.2292851687764
-0.0947188830090184,10.0334414689556,10,9.72009075500792,-0.0226816628827435,10.4966613528252
-1.51029138565027,2.73235371813681,3,2.34082889943755,-1.55691806664255,2.63159243605547
0.685108424691855,14.1489911264168,14,13.9283251491963,0.695299121305226,14.3412713757769
0.667609571140146,14.0632929252197,14,13.8413241449427,0.587342782665417,13.7921996957157
-2.31843572048875,0.837258849896114,1,0.608092805117532,-1.47706036852629,2.94403023335177
0.269606831282995,11.9863528576944,12,11.72529986592,-0.0409543924483482,10.3993940191994
-1.45926587489988,2.93766493162526,3,2.53907958168825,-1.52721902413755,2.74451949020025
0.274993358952229,12.0153801793679,12,11.754998396274,-0.0928966120356517,10.1239769403755
0.469786936021544,13.0545782753541,13,12.8157559193759,0.29482131799862,12.2168902356432
-0.631007379918017,7.20603645489192,7,6.81467107485562,-0.628073286960635,7.30827576676524
0.0897705330609691,11.0171854889218,11,10.7317103142447,-0.0713725026705994,10.2379193624708
0.476264851258134,13.0885644812601,13,12.8503683449501,0.182432297646883,11.6026513333479
1.39548101820212,16.9752732875363,17,16.8091471149651,1.15773080453673,16.3072121276044
-0.81552865389518,6.20484184749113,6,5.79402255136226,-0.9294032714044,5.6705370930791
0.273714658913977,12.0084900444197,12,11.7479492748659,0.26330828997114,12.0444191375645
0.0863577769862432,10.9988558387688,11,10.7128846441254,0.0979452491793344,11.14405762987
0.071023875793438,10.9165511773239,11,10.6283413667475,-0.106668207244577,10.0512044407216
0.457173894567836,12.9882613835849,13,12.7482035020559,0.362669237211462,12.5879276152497
-2.31843572048875,0.837258849896114,1,0.608092805117532,-2.32180067522149,0.864973797784341
0.886777875061468,15.08320888619,15,14.8763887756832,0.634942178973363,14.0375442134783
0.448890409017536,12.9446097848683,13,12.7037287112787,0.609051726009006,13.9046797776506
0.460647920568115,13.0065455463224,13,12.7668301181922,0.504299926994036,13.3541825927037
-0.866990770281406,5.92297282300177,6,5.50804906089879,-0.859774394361848,6.05176924386077
-0.134287671876989,9.82444420644482,10,9.5049473996157,0.211949408613345,11.7636546864552
-1.73911745432568,1.95363083755486,2,1.60138889743855,-1.71591814178618,2.09281977735677
-0.705289083065055,6.80538724817871,7,6.40541655650888,-0.885017657528281,5.91354784234248
0.645426304149598,13.9537122783764,14,13.7300589870359,0.452601190504317,13.0765628560771
0.0556403806181371,10.8340712964696,11,10.5435943118204,-0.0325156145445776,10.4442889455221
-1.01244879415547,5.12863064703469,5,4.70621684882856,-1.1069775711185,4.71037908483758
-1.03002216854687,5.03361937200515,5,4.61076446356442,-0.598888844797712,7.46420895361582
1.39145641719413,16.9624433092914,17,16.7958993434488,1.28509867646497,16.7378385296273
0.900849846193274,15.144419186159,15,14.938531510635,0.710174956362329,14.4147233921439
-1.20645736411187,4.10756495439608,4,3.68651079488392,-1.23823653572926,4.03378401269639
-0.978431202349654,5.31338913772829,5,4.89212818274535,-0.76362765408291,6.57666754727702
-0.317179303052548,8.86452272249324,9,8.51681183089702,-0.76810222499195,6.55232659781047
-1.94581545165717,1.43733295215749,1,1.12744908389959,-1.7763091058214,1.91632961780578
0.469786936021544,13.0545782753541,13,12.8157559193759,0.807924808110882,14.88190831122
0.468005702029547,13.0452242114204,13,12.8062286764541,0.454943643216331,13.0892055848281
1.76324634813459,18.0654461819468,18,17.9454007713707,1.60512119833291,17.693794389819
-1.72260656722066,2.00214940292002,2,1.64673971732226,-1.89989320567777,1.59934474911994
-0.292400107640282,8.99427479139995,9,8.6503292985444,-0.494094391504164,8.01980367863185
0.255193698026199,11.9086523976926,12,11.6457844319717,-0.0198517704410824,10.5117435241286
-1.48391798903448,2.83705169827549,3,2.44178512739258,-1.85386980098025,1.71078381584159
2.16072586518469,19.0379401565284,19,18.9744317744332,2.06668531940635,18.8692272332026
2.13037638164233,18.9753442567933,19,18.9078860120905,2.13018465791278,19.0031284192966
-1.8169914982099,1.73993620399884,2,1.40313821518785,-1.2604073720466,3.92399980150176
-1.34674719325124,3.42919950305204,3,3.01786784872668,-0.935870223794671,5.63515954543795
1.11280633033578,16.0008727534426,16,15.8097296761439,0.727431042695587,14.4991843295872
0.24809793044622,11.8703863561085,12,11.6066148236428,0.188059277161563,11.6333181204377
-1.42637515685264,3.07596326677565,3,2.67323257326682,-1.06914113349408,4.91200807836758
-2.31843572048875,0.837258849896114,1,0.608092805117532,-2.69567749249362,0.497912062267914
-1.03748704671486,4.99336529364158,5,4.57035837664909,-1.17751225089648,4.3416619027917
0.680094252641608,14.1245033264618,14,13.9034668798945,0.672740104365499,14.2287907025762
1.08394074632858,15.8913076583654,16,15.6980234056226,1.43015895683624,17.1882301222651
-0.0705086840137701,10.1616515680328,10,9.85204480439318,-0.224682801201636,9.43096745416128
-1.44801104502716,2.98447132492917,3,2.58443040157196,-1.45085788204674,3.05258361306465
0.469786936021544,13.0545782753541,13,12.8157559193759,0.0592136000366444,10.9351832839178
0.467116935570534,13.0405554856283,13,12.8014733815147,0.258592399421351,12.0186162700577
2.14320910883432,19.0020997326472,19,18.9363257336151,2.08492360732445,18.9086360749921
0.256817810491557,11.9174098155004,12,11.654747736888,-0.0511621783372216,10.3451452580452
0.648262178798893,13.9677781580905,14,13.7443415248972,0.403742141473583,12.8117661461026
1.10010555101345,15.952927084134,16,15.7608347127084,0.502446165925661,13.3442841525942
1.74359353963091,18.0108555815131,18,17.8880133313583,1.49812381508977,17.3885648840364
-0.670953153371167,6.99103634556886,7,6.59493013305475,-0.350465617918079,8.77331851899194
-1.01120231434943,5.13538211278028,5,4.71300365082848,-0.531761970325298,7.82082266137235
1.73841407647333,17.9963964238792,18,17.87282138135,1.24924891360652,16.6204666891981
-0.322609038395772,8.83609010902111,9,8.48755962239959,-0.110845298928264,10.0291509181201
-0.0999040320462548,10.0060163733379,10,9.69185955081665,-0.290072429657608,9.08896754079543
-0.686712396866698,6.90592309013612,7,6.50801774830171,-0.835783267061652,6.18304070628602
-0.488823620544207,7.96293677914903,8,7.59019212678951,-0.383851074443537,8.59868194888833
2.13037638164233,18.9753442567933,19,18.9078860120905,1.71251440345403,17.9895961549533
0.264140600073545,11.9568894356424,12,11.6951513457698,0.501475117948491,13.3390972690035
0.455395443016544,12.9788959036359,13,12.7386620744289,0.166478856534495,11.515780193646
-0.686698605047302,6.90599764852744,7,6.50809386277362,-0.303652385594908,9.01799639379384
-0.673849089828303,6.97540807287982,7,6.57896810634932,-0.514196209574585,7.91370720683344
-1.48190780824084,2.84515697208113,3,2.44961320042848,-1.50660454943114,2.82518584998263
-0.505193791578104,7.87639616530878,8,7.50138995509464,-0.472550845137729,8.13329261525455
-1.9943723720554,1.33809753845447,1,1.03864691220473,-1.56382756588998,2.60587822483174
1.73390510648636,17.9837850365624,18,17.8595736098337,1.33318054018508,16.8911542462908
0.449032208434755,12.9453576646573,13,12.7044907614691,0.0207097518735883,10.7284747529775
0.435597489567519,12.8744048528723,13,12.6321830492097,0.149950018568096,11.42590104046
-0.733913823102072,6.6500554385094,6,6.24702663898313,-0.37499263806075,8.64503843518407
-0.695269210403205,6.85964144535047,7,6.46077714147619,-0.507301894062189,7.95011820523306
-1.74175197859504,1.94599519322877,2,1.59426247242248,-0.924383453277771,5.6980056761879
-0.0807052607675921,10.1076213152712,10,9.79643939632186,-0.475124696762973,8.11974497698953
-0.676618561771086,6.96045710438035,7,6.56369927084494,-0.414729208900384,8.43695374284631
-1.8169914982099,1.73993620399884,2,1.40313821518785,-1.32947996629285,3.59226989059322
1.4311770759145,17.0880324116314,17,16.9256980047584,1.97912124167249,18.6702595072709
-0.109597482191046,9.95477739145999,10,9.63911665634897,-0.265792507534887,9.2158875987143
-0.868400330852217,5.91524744776796,6,5.50022098786289,-0.161427598626697,9.76274472570601
-0.884042881642754,5.82951435112831,6,5.41338471758176,-0.810091212932795,6.3234407248652
0.279649382230712,12.0404651943659,12,11.7806604508873,0.308724231793305,12.2929827693719
0.0897705330609691,11.0171854889218,11,10.7317103142447,0.342965006615211,12.4802802085122
1.39145641719413,16.9624433092914,17,16.7958993434488,1.50639722149185,17.4125804502142
2.13037638164233,18.9753442567933,19,18.9078860120905,2.32234348509148,19.3467563050185
-0.88387754600679,5.83042048384742,6,5.41430215623555,-0.896594120915299,5.8501495843963
0.096087727580003,11.0511254082427,11,10.7665657402486,0.397351267089409,12.7769984260062
-0.858826185719444,5.96771827227397,6,5.5533998807825,-0.842820941322555,6.14454660758105
0.862945372597351,14.9783089247013,15,14.769909750464,1.10703597590892,16.124207556442
-0.865566365175023,5.93077946996987,6,5.51596003221041,-0.863141197973191,6.03333815982017
1.72868538058859,17.96915802668,18,17.8442117457055,1.98754085380144,18.6900478972791
-1.06121830074035,4.86586423060811,5,4.44249632346469,-1.13653121562115,4.55462629230043
-0.0893879683571439,10.0616498739611,10,9.74912267502443,0.12925935656273,11.3135870083204
-0.100044035813236,10.0052760334154,10,9.69109750062628,0.166332844612853,11.514985647709
-0.489186239936109,7.96102126015615,8,7.58822622537577,-0.467864068859572,8.15795435886963
0.449032208434755,12.9453576646573,13,12.7044907614691,0.432563937040113,12.968206803413
-0.680598320872801,6.93896358604885,7,6.54175124013514,-0.743244120105866,6.68741231465156
0.667609571140146,14.0632929252197,14,13.8413241449427,0.890718573892658,15.2547367464806
0.862945372597351,14.9783089247013,15,14.769909750464,0.903959061221758,15.3123074111148
-0.983891859990047,5.2836661156901,5,4.86219403873474,-0.726212504964811,6.77976193265444
0.87913178922799,15.0497227360817,15,14.8423992669233,0.813403347501312,14.9072499355017
-0.0999040320462548,10.0060163733379,10,9.69185955081665,-0.374728974683301,8.64641795981823
-0.0936419393739027,10.0391390778315,10,9.7259529266301,-0.0981377943179674,10.0962695888883
1.10999443389827,15.9902930622899,16,15.7989407535265,1.06061566818451,15.9500844448538
-0.818767023672288,6.18712139353764,6,5.77602416265089,-1.23964245270221,4.02677801185665
-0.067595569645465,10.1770964791612,10,9.86793921999964,0.289262028374447,12.1864615084457
-0.292229867559651,8.99516626652476,9,8.65124673719819,0.0304681627533659,10.7807731889909
0.464562464187902,13.0271315516686,13,12.7878000382939,0.455122526602178,13.090170834057
0.0889029469695717,11.0125253593474,11,10.7269241815571,0.195173406539292,11.6721081357706
-1.71979986312196,2.01051181687654,2,1.65456779035817,-1.75734518604333,1.97015315859426
-0.0648388287847459,10.1917159137836,10,9.88298380805128,0.297404367645314,12.2310283513246
0.638562406648086,13.9195993864477,14,13.6954157237135,0.254858434520663,11.9981882674062
-0.296387968864828,8.97339237601108,9,8.62883903899423,-0.254777851555699,9.27348647929465
-0.292229867559651,8.99516626652476,9,8.65124673719819,-0.407236667147287,8.47621970752846
-1.06539588442449,4.84349920672698,5,4.42008862526074,-1.18262012754164,4.31539110415611
1.10010555101345,15.952927084134,16,15.7608347127084,1.52826201813411,17.4756943515329
1.10010555101345,15.952927084134,16,15.7608347127084,0.814163326815549,14.9107579484893
0.4580578804235,12.9929151987871,13,12.7529446122901,0.429825091127906,12.9533683441922
-0.305779407459633,8.92421581435709,9,8.57823374896637,-0.311110131605155,8.97902254982069
-1.26738861224619,3.80502407499285,4,3.38730388467818,-1.60486098842899,2.45751399079818
-2.31843572048875,0.837258849896114,1,0.608092805117532,-2.26436801047183,0.940365271179978
-1.22831999375677,3.99774461627127,4,3.57772649389298,-1.09433310140835,4.77750415505418
0.268261357557371,11.9791012362724,12,11.7178799815497,0.54468685672303,13.5686129451753
0.49215258403099,13.1716974684166,13,12.9350135769656,0.804523750986603,14.8661295902135
0.477161442095559,13.0932643829137,13,12.8551544776378,0.706620893875984,14.3972278516309
-1.01264007033899,5.12759475130661,5,4.70517557779257,-0.870509013508962,5.99299866468807
-0.650620712987106,7.10060560732536,7,6.70688122668006,-0.606292077639762,7.42470633371615
-1.45926587489988,2.93766493162526,3,2.53907958168825,-1.26132561168937,3.91948569390456
0.647311321367617,13.9630637695686,14,13.7395553922095,0.229872085392723,11.8615602550102
-0.114030573462415,9.93135769927381,10,9.61500870629918,-0.025424440288303,10.4820482141196
-1.48391798903448,2.83705169827549,3,2.44178512739258,-1.59186992003625,2.50368179940183
1.10010555101345,15.952927084134,16,15.7608347127084,0.903658044883477,15.3110049417198
0.469786936021544,13.0545782753541,13,12.8157559193759,0.555121748084938,13.6236032085058
-0.490267487149048,7.95530924056498,8,7.5823640537536,-0.510732850332597,7.9320013540621
-1.07423714784225,4.79625197873741,5,4.3727719039633,-0.953199338070875,5.54042880251251
0.667609571140146,14.0632929252197,14,13.8413241449427,0.624008607588452,13.9816120114689
-0.246685870995189,9.23374829634446,9,8.89681414074633,-0.225023912193058,9.42918144221704
0.862945372597351,14.9783089247013,15,14.769909750464,1.00291974754033,15.7244072042327
0.862945372597351,14.9783089247013,15,14.769909750464,0.73659313434468,14.5436954585031
-1.23003990746106,3.98916319003826,4,3.56923421129217,-0.933333616215199,5.64903467223758
-1.2267363457074,4.00565378679012,4,3.58555456692889,-1.17329597176205,4.3633948752003
-1.27850116249736,3.75108799008092,4,3.33412499175857,-1.41151962019957,3.22100287922483
-1.2558671171644,3.86136632089909,4,3.4429092927495,-1.20464982884476,4.20284393762739
0.648262178798893,13.9677781580905,14,13.7443415248972,0.633750166935989,14.0314591621213
-1.2690185407497,3.79708779202069,4,3.37947581164228,-1.52150482334483,2.76669283740083
0.278786483647252,12.0358166217728,12,11.7759051559478,0.546283675141587,13.5770396121776
1.11502286778497,16.0091983581793,16,15.8182221527207,1.45910979348786,17.2742618509708
0.638562406648086,13.9195993864477,14,13.6954157237135,0.336210449385029,12.4433516520392
0.876856300580012,15.0397264031645,15,14.8322491071871,0.618639282490241,13.9540490290941
1.0928901311452,15.9255054191859,16,15.7328788316264,0.766600703843282,14.6878068739508
-0.502015970149328,7.89320641217441,8,7.51863712969626,-0.225721125330781,9.42553101107017
-0.443821582266241,8.20019153036963,8,7.83379362892392,-0.15285363885791,9.80782321146931
0.269606831282995,11.9863528576944,12,11.72529986592,0.0622052714398105,10.9512836648817
0.0818189597970937,10.9744846797081,11,10.6878546303101,0.129384833265145,11.3142674361722
1.11156656715003,15.9962106371955,16,15.8049743812044,0.917802590869897,15.3718860911649
-0.845840889228861,6.03887002990967,6,5.6255508154356,-0.669636668260168,7.08522081585461
-0.691377391838035,6.88069714165317,7,6.48226740102635,-0.153185791149717,9.80607633002445
-0.995833481717936,5.21874800422918,5,4.79684802800377,-0.682268339681385,7.01720215231799
1.72868538058859,17.96915802668,18,17.8442117457055,1.12750473360006,16.1989696539788
0.633940858462051,13.8965770051255,14,13.6720338126377,0.849751760595645,15.0729984547846
1.42236750255111,17.0603730077641,17,16.8970883691139,1.00723433888343,15.7416491015887
0.274582844099662,12.0131682083731,12,11.7527354075535,0.105585956424539,11.1853707522792
-1.07423714784225,4.79625197873741,5,4.3727719039633,-1.04271600411266,5.05406014276104
0.0556403806181371,10.8340712964696,11,10.5435943118204,-0.0144697540252012,10.5404412561233
-0.490378785418238,7.95472124058451,8,7.58176060384396,-0.27550218300137,9.16512521034974
0.265671776169352,11.9651432262154,12,11.7035974436884,0.257880795057851,12.0147230173325
-0.0935020044416218,10.0398794461184,10,9.72671497682047,0.230467765456435,11.8648158266923
1.08394074632858,15.8913076583654,16,15.6980234056226,0.749118582421954,14.6041638319807
-1.51029138565027,2.73235371813681,3,2.34082889943755,-1.44224886072068,3.0888877480651
-0.489355462384621,7.96012732879938,8,7.58730878672198,-0.935593754590227,5.63667172585138
-0.106786534942029,9.96963173420855,10,9.65440726456105,-0.309099032655574,8.98953244946095
1.12789743721335,16.057313376864,16,15.8673137379276,1.3740242149167,17.0180860141416
0.627109620797846,13.8624688257264,14,13.6373905493153,0.802568010974974,14.8570400596909
0.460647920568115,13.0065455463224,13,12.7668301181922,0.434710463446106,12.9798317924393
0.439625596627804,12.895698421236,13,12.6538854714412,-0.0619975800611038,10.287628587
-0.0999040320462548,10.0060163733379,10,9.69185955081665,-0.0368573049306537,10.4211854193771
-0.311980374897306,8.89174597005811,9,8.54482274660737,-0.0485233208197379,10.3591633649568
0.0741830645908068,10.9335009036391,11,10.6457543909988,0.320953274026981,12.3598994906701
-0.512342628171599,7.83856024583004,8,7.46257489670912,-0.313959851615613,8.96413000789445
-1.75997673184904,1.89396641008126,2,1.54578348936723,-1.30752451883795,3.69593317708807
-0.690630537661725,6.88473669643382,7,6.48639065516784,-0.676699154263703,7.04720402757077
-0.695435327502944,6.85874249562775,7,6.45985970282239,-0.764350085541884,6.57273835250968
0.868007109894487,15.0007175470609,15,14.7926539271539,0.972871233065402,15.6026597029922
1.11156656715003,15.9962106371955,16,15.8049743812044,0.726323754902766,14.4937891130471
-0.0999040320462548,10.0060163733379,10,9.69185955081665,0.305951187904202,12.2778065228565
0.27199219986831,11.9992081446275,12,11.7384528696922,0.51730704246404,13.4235038752799
-0.296387968864828,8.97339237601108,9,8.62883903899423,-0.131515609289856,9.92014493877992
0.278786483647252,12.0358166217728,12,11.7759051559478,0.124216466317128,11.2862479058645
-0.272827567404964,9.09677938235769,9,8.7558265827034,-0.0927587682364115,10.1247058437118
-0.112935284514052,9.937143258713,10,9.62096785246198,-0.0409479832118626,10.3994281004138
0.449032208434755,12.9453576646573,13,12.7044907614691,0.30701391057595,12.2836226431753
-0.858826185719444,5.96771827227397,6,5.5533998807825,-0.235702823794625,9.37328127704731
0.0766973190133102,10.9469931318403,11,10.6596147646667,-0.568726706054056,7.62478686962572
0.468892011853524,13.0498790975981,13,12.8109697866883,0.750218734439874,14.609453596804
-0.489355462384621,7.96012732879938,8,7.58730878672198,-0.415441199651241,8.43322158930209
-0.679179044084597,6.94662987729278,7,6.54957931317105,-0.08807932336908,10.1494562808275
1.74165062240792,18.0054351406433,18,17.8823177865237,1.22685841881729,16.545713320287
-1.00861022682893,5.14942688467045,5,4.72712360850238,-0.615103657324455,7.3776421882217
-0.489186239936109,7.96102126015615,8,7.58822622537577,-0.0322590221203051,10.4456547165805
-0.670953153371167,6.99103634556886,7,6.59493013305475,-0.381014715690581,8.61352642075128
0.100285999511591,11.0736886705653,11,10.7897354886429,0.053159079050879,10.9026167987825
0.648262178798893,13.9677781580905,14,13.7443415248972,0.979543765601226,15.6299478660437
-0.134649772045923,9.82253460457272,10,9.50298149820197,-0.330972249064933,8.87521901261019
0.638562406648086,13.9195993864477,14,13.6954157237135,0.555411801869926,13.6251291390538
-0.696559504303495,6.85265850351704,7,6.45365071646011,-0.798298066891396,6.38780604457154
-0.4923421917502,7.94434735607515,8,7.57111437459604,-1.05323218516517,4.99742119559108
1.39837015620957,16.9844685630597,17,16.8186435201387,1.27969723556172,16.7203291735997
1.10600063511639,15.9752320885814,16,15.7835788893983,1.12415074377857,16.1868014173917
1.39145641719413,16.9624433092914,17,16.7958993434488,1.61944514498532,17.7338369394791
-1.07369760080472,4.79913189048777,5,4.37565524403082,-0.936880919429032,5.62963162826086
-0.495077151544504,7.92989366821678,8,7.55628194922579,-0.565444695592312,7.64222535884285
0.648262178798893,13.9677781580905,14,13.7443415248972,0.386740700872694,12.7192203320149
-1.48190780824084,2.84515697208113,3,2.44961320042848,-1.50630289830978,2.82638006391815
-0.489186239936109,7.96102126015615,8,7.58822622537577,-0.630887459166024,7.29320973485296
0.096087727580003,11.0511254082427,11,10.7665657402486,0.158862458267963,11.4743478641703
0.265710240571616,11.9653505620795,12,11.7038096063698,0.124221074691203,11.2862728828734
-0.854140554411356,5.99339509349146,6,5.57943214278047,-0.758164478169678,6.6063718503629
0.506593582433098,13.2469734694079,13,13.01163547155,0.387638440023838,12.7241113009309
-0.0880217780023763,10.0688810658579,10,9.75656734373944,-0.0068975097377722,10.5808483837756
1.72868538058859,17.96915802668,18,17.8442117457055,1.74691753623893,18.0821490700336
-1.51029138565027,2.73235371813681,3,2.34082889943755,-1.72265658601184,2.07238468044002
1.72868538058859,17.96915802668,18,17.8442117457055,1.93489842656034,18.5642526729642
0.277129859954745,12.0268915814265,12,11.7667749449852,0.375334583253712,12.657042068551
0.667609571140146,14.0632929252197,14,13.8413241449427,0.46698722924491,13.1541192395377
2.14320910883432,19.0020997326472,19,18.9363257336151,2.22888450029394,19.1916833102339
-0.679701831577634,6.94380616912538,7,6.54669597310352,-0.65725905922546,7.15176801081509
0.0871814174882274,11.0032791692764,11,10.7174277763835,0.064385031949012,10.96301811386
-0.635087678905124,7.18412431667386,7,6.79226337665167,-0.239229340996335,9.35482655112208
0.0904198263604543,11.020673259544,11,10.7352923423294,0.224913877250175,11.8344658505426
0.288530725665828,12.0882984199324,12,11.829586252071,0.176307756322496,11.5692880784687
1.42807225820164,17.0782965269283,17,16.9156261401843,0.568852684565607,13.6956797214451
0.0758351499386178,10.9423662101817,11,10.6548594697273,-0.271072290003692,9.18828352531689
-0.105181672150525,9.97811408411341,10,9.6631416195443,-0.499281447697485,7.9924460656557
-0.319538190798478,8.85217061636369,9,8.50410514898137,-0.593364205004091,7.49366448714346
-1.01264007033899,5.12759475130661,5,4.70517557779257,-0.549361535836809,7.72758673109345
1.11502286778497,16.0091983581793,16,15.8182221527207,0.969309766722264,15.5880352361407
0.463677096239869,13.0224770914021,13,12.7830589280598,0.420171981978987,12.9010215294409
-0.134649772045923,9.82253460457272,10,9.50298149820197,-0.643790638424451,7.22406302065097
-0.283450440864878,9.04114240015496,9,8.69856345849563,-0.22253434766787,9.44221710362044
1.7847604604942,18.124696887662,18,18.0077401280938,1.46499777418279,17.2916284435232
0.100285999511591,11.0736886705653,11,10.7897354886429,0.338618234010744,12.4565168649904
1.11156656715003,15.9962106371955,16,15.8049743812044,1.09427197202165,16.0769711823546
-0.662061922646715,7.038984183562,7,6.64391131931353,-0.50415786284702,7.9667146800731
0.449835061509903,12.9495916657558,13,12.7088049437941,0.406566789464498,12.8271244387516
-1.16955352387481,4.29585647752265,4,3.8734633998367,-1.30262262547256,3.71931086172288
-0.443821582266241,8.20019153036963,8,7.83379362892392,-0.522984858291837,7.86725534557013
-0.0999040320462548,10.0060163733379,10,9.69185955081665,0.350123300794409,12.5194020635111
-0.596901892054709,7.38875318028364,7,7.00162367980841,-0.609254586920692,7.40888876406668
0.0862196189571339,10.9981138900205,11,10.712122593935,-0.362710515328223,8.70928731786207
-2.31843572048875,0.837258849896114,1,0.608092805117532,-1.68595284780049,2.18600246011174
1.10229612468372,15.96122581789,16,15.769296351537,0.592802824292918,13.8205777639607
-1.73911745432568,1.95363083755486,2,1.60138889743855,-2.23355596638426,0.983446633678011
0.873846244343482,15.0264814157414,15,14.8188047138995,0.767093789119488,14.6901530946819
1.10010555101345,15.952927084134,16,15.7608347127084,1.34485488309999,16.9277277731271
0.290067363899559,12.0965721107187,12,11.8380478908996,0.400916494747353,12.7963972127492
-0.289078857964906,9.01166700697227,9,8.6682282622319,-0.297327292728782,9.05105163164751
0.0863577769862432,10.9988558387688,11,10.7128846441254,0.208741305172652,11.7461404410655
1.39548101820212,16.9752732875363,17,16.8091471149651,0.925513514512428,15.4047990427585
-1.04499764866788,4.95293320906809,5,4.52979036490546,-0.936100403227575,5.63390057012039
-0.296387968864828,8.97339237601108,9,8.62883903899423,-0.216133290838544,9.47574074745673
0.839346993136375,14.8729256344126,15,14.6629587748821,0.332902727328296,12.4252635138434
2.13037638164233,18.9753442567933,19,18.9078860120905,2.11382034756639,18.9695212169595
0.465415735490518,13.0316164086526,13,12.7923683027862,-0.12715083426435,9.94314586527242
-0.296387968864828,8.97339237601108,9,8.62883903899423,-0.457456665164146,8.21268480498858
0.456326995330143,12.9838019837806,13,12.7436603697979,0.973462831866158,15.6050849810944
0.0934993875209928,11.0372175607843,11,10.7522832023873,0.260518340059284,12.0291536350201
-0.114030573462415,9.93135769927381,10,9.61500870629918,-0.00185516936904282,10.6077754660147
-0.882632202936136,5.83724571477787,6,5.42121279061766,-0.990463913751997,5.33721134537982
-0.0705086840137701,10.1616515680328,10,9.85204480439318,-0.220564444646642,9.45253280769024
0.43824802209733,12.8884181076911,13,12.6464655870709,0.634597944491143,14.0357872718629
-0.283450440864878,9.04114240015496,9,8.69856345849563,0.00467734970862068,10.6426843737083
0.680981547192485,14.1288406566402,14,13.9078699072855,0.204384407443516,11.722360113255
-0.848818299907876,6.02255750070831,6,5.60900528885382,-0.615449819603747,7.37579223229205
-0.109035811001249,9.95774525225391,10,9.64217169944258,-0.362249799010848,8.71169688521141
-1.05394996188659,4.90483490031163,5,4.48155620495423,-0.709710238853133,6.8690721739856
-0.882986462275379,5.83530415185675,6,5.41924688920393,-0.689007390831052,6.98087063196717
0.431300886620503,12.8516736916181,13,12.6090133008153,0.173980724229046,11.556615932167
0.0897705330609691,11.0171854889218,11,10.7317103142447,0.155399595082679,11.4555195326111
0.670466364213207,14.0773291132081,14,13.8555758450558,0.617263411948547,13.9469761704417
-0.104161446895853,9.98350696267212,10,9.66868980242232,-0.0984260416064789,10.0947461976199
-0.103503162879297,9.98698686905415,10,9.67227183050696,-0.443693189244721,8.2849977569401
1.39548101820212,16.9752732875363,17,16.8091471149651,1.38636677992142,17.055901614659
-1.38239644008834,3.26792623937518,3,2.86018517821961,-1.70291572982784,2.13278799738587
0.648262178798893,13.9677781580905,14,13.7443415248972,0.592847949812242,13.8208120576661
0.0798993743893735,10.9641797374823,11,10.6772671679312,0.176711768350085,11.5714884205267
2.14320910883432,19.0020997326472,19,18.9363257336151,1.91553253511937,18.5168004793899
-0.100212589673875,10.0043847319035,10,9.69018006197249,0.168825226023352,11.5285496756611
0.278786483647252,12.0358166217728,12,11.7759051559478,0.320118386889651,12.3553316705153
0.862945372597351,14.9783089247013,15,14.769909750464,0.541456341406277,13.5515523399713
1.39145641719413,16.9624433092914,17,16.7958993434488,1.00244552747855,15.7225084837029
0.460505735081942,13.0057974802432,13,12.7660680680019,0.653967279831097,14.1342267233775
1.39145641719413,16.9624433092914,17,16.7958993434488,1.16263442354649,16.3245367762311
-1.07423714784225,4.79625197873741,5,4.3727719039633,-0.92123861374457,5.71521727804277
1.10010555101345,15.952927084134,16,15.7608347127084,0.434431788306362,12.978322787338
-0.29355226002291,8.98824148953539,9,8.64412031218212,-0.0121740266029173,10.5526879429971
-0.124625344656699,9.87541950511115,10,9.55742464451547,0.333980958166151,12.4311600523284
-0.882986462275379,5.83530415185675,6,5.41924688920393,-0.86967350875655,5.99757346096017
1.75348934750372,18.0383981427958,18,17.9169610498461,1.44279861223052,17.2259247437056
0.0800375768031956,10.9649216063817,11,10.6780292181216,0.244012428979073,11.9388649091819
1.39402623160955,16.9706384025711,17,16.8043609822775,1.45160734355457,17.2520708740494
-0.679701831577634,6.94380616912538,7,6.54669597310352,-0.510076277095432,7.935468799217
-1.0576661194772,4.88490075227807,5,4.46157407565816,-1.06623056666124,4.92760882843467
1.72868538058859,17.96915802668,18,17.8442117457055,1.53959515185326,17.5082128784162
0.635612317497484,13.9049083858216,14,13.6804954514664,0.452603812385447,13.0765770099638
0.278648206460939,12.0350716822819,12,11.7751431057575,0.463586330531027,13.1358040918718
0.248959242338549,11.875031622767,12,11.6113701185823,0.48062829701116,13.227453416428
0.279649382230712,12.0404651943659,12,11.7806604508873,0.179951275425619,11.5891340922883
0.855265017139506,14.9441751884791,15,14.7352664871415,0.583702504968715,13.773247749304
0.456369670600697,12.9840267124167,13,12.7438893197309,0.671927978003762,14.2247175367202
1.39850458910804,16.9848961203836,17,16.8190851120199,1.70217383590769,17.9615612250275
0.851968074111716,14.9294738171408,15,14.7203462148945,0.507051523844154,13.3688666508655
0.648262178798893,13.9677781580905,14,13.7443415248972,0.695778881984283,14.3436493518404
-0.695269210403205,6.85964144535047,7,6.46077714147619,-0.668924518967137,7.08905240983341
-1.04778593356278,4.93794118629085,5,4.51475296857777,-1.40714943086838,3.24010859287023
0.0800375768031956,10.9649216063817,11,10.6780292181216,-0.178392229945321,9.67363522047112
0.0759151657679799,10.9427956118165,11,10.6553005823417,0.618645579695737,13.9540813915035
0.86188218134542,14.9735932960388,15,14.7651236177763,0.978353058004047,15.6250889437806
0.670466364213207,14.0773291132081,14,13.8555758450558,0.486840171916009,13.2607770022386
0.422240759325817,12.8036811549467,13,12.5600874996316,0.0671709468400144,10.9780200674952
0.86188218134542,14.9735932960388,15,14.7651236177763,1.06559478790918,15.9690727369933
-2.31843572048875,0.837258849896114,1,0.608092805117532,-2.11454936937685,1.16921567555291
1.11741618825973,16.0181740996797,16,15.8273804750511,1.06891163044893,15.9816796644
0.0862196189571339,10.9981138900205,11,10.712122593935,0.0135345890165716,10.6900596954949
-1.38960626348292,3.23591715048896,3,2.8289543160098,-1.67058214456441,2.23528025822399
-0.858826185719444,5.96771827227397,6,5.5533998807825,-0.807281179558968,6.33878257909105
0.465411040620402,13.0315917344062,13,12.792343170552,0.519492606608214,13.4351284396036
2.14320910883432,19.0020997326472,19,18.9363257336151,2.43644843629008,19.5048049889461
0.624298811419077,13.8484077425299,14,13.623108011454,0.205973932223794,11.7310351134717
1.7847604604942,18.124696887662,18,18.0077401280938,1.26655676357742,16.6774774616916
0.486965558881328,13.1445916481248,13,12.9074177021192,0.555547669856475,13.6258438714114
-0.48613404459808,7.97714232076143,8,7.60477175195755,-0.694990734426543,6.94858826348781
-0.283450440864878,9.04114240015496,9,8.69856345849563,-0.136881940629964,9.8918781146294
-0.296387968864828,8.97339237601108,9,8.62883903899423,-0.0511621783372216,10.3451452580452
-1.75997673184904,1.89396641008126,2,1.54578348936723,-1.49171974631081,2.88458731393552
0.257823189144761,11.9228307215038,12,11.660295919766,0.222456294598836,11.8210387949895
0.268341342872749,11.9795323395288,12,11.7183210941641,0.0855734249117422,11.0772376918721
-0.501071818217227,7.89819983366942,8,7.52376056168001,-0.589772869844498,7.51280174524558
-0.868273985286009,5.91593991267678,6,5.50092263588272,-0.897806299800554,5.84351130425036
-2.31843572048875,0.837258849896114,1,0.608092805117532,-1.31427615185728,3.66387190476638
-1.04870332572586,4.93301077737858,5,4.50980823560939,-1.11546579470361,4.66547570601741
-1.04870332572586,4.93301077737858,5,4.50980823560939,-0.71226560404305,6.85525372026673
-0.691377391838035,6.88069714165317,7,6.48226740102635,-0.442703617349437,8.29019417665195
1.1062804429831,15.9762885875425,16,15.7846582156652,0.736454618041864,14.5430242686277
-1.03893500648958,4.98556497671638,5,4.56253030361319,-0.565004902700554,7.6445616340253
1.39145641719413,16.9624433092914,17,16.7958993434488,1.16456219774457,16.3313300171812
-1.20645736411187,4.10756495439608,4,3.68651079488392,-1.02953184596407,5.12525101403621
-1.99325073224347,1.34030563460543,1,1.04061281361846,-1.39415727116352,3.29736639836207
-1.03748704671486,4.99336529364158,5,4.57035837664909,-0.916227849125216,5.74264511730305
0.876856300580012,15.0397264031645,15,14.8322491071871,1.03696254927487,15.8588335301697
-0.505193791578104,7.87639616530878,8,7.50138995509464,-0.546192350980614,7.74438906476407
-1.2459504413995,3.9101951540993,4,3.49114345270074,-1.38015797071784,3.35982135553063
-0.492130151771194,7.94546778624432,8,7.57226419867034,-0.869304273367465,5.99959518065713
1.42807225820164,17.0782965269283,17,16.9156261401843,1.43071968543093,17.1899068844367
0.0844087545605487,10.9883896568516,11,10.7021371681714,0.126747405783534,11.2999671692693
-1.27850116249736,3.75108799008092,4,3.33412499175857,-1.46562035107592,2.99106317927116
-0.0999040320462548,10.0060163733379,10,9.69185955081665,-0.194952272727643,9.58674896774851
1.12789743721335,16.057313376864,16,15.8673137379276,0.749978941119021,14.6083009157884
-0.874296594568312,5.88293124101603,6,5.46748104915516,-0.559437938707794,7.67412439095181
0.0800375768031956,10.9649216063817,11,10.6780292181216,-0.342187200544802,8.81659776560074
0.0872198805187164,11.0034857394664,11,10.7176399390649,-0.0647991743447871,10.2727682416313
1.10010555101345,15.952927084134,16,15.7608347127084,0.836098937828374,15.0112316783358
1.39145641719413,16.9624433092914,17,16.7958993434488,1.18878960578645,16.4158706474986
-0.882986462275379,5.83530415185675,6,5.41924688920393,-0.851144155060389,6.09900538881345
-0.882986462275379,5.83530415185675,6,5.41924688920393,-0.964438882993269,5.47905406869873
0.86188218134542,14.9735932960388,15,14.7651236177763,0.631985845398083,14.0224467351076
0.0555019879110777,10.8333297235297,11,10.5428322616301,-0.00214087878241523,10.6062492916796
0.855265017139506,14.9441751884791,15,14.7352664871415,0.954097296715458,15.5251015416952
1.39837015620957,16.9844685630597,17,16.8186435201387,1.30214835447354,16.7927174928637
-1.58719202762857,2.44471637436138,2,2.06513976814929,-0.940893803331969,5.60768671284439
0.667609571140146,14.0632929252197,14,13.8413241449427,1.15464807307504,16.2962875526907
0.0897705330609691,11.0171854889218,11,10.7317103142447,0.0970735562888708,11.1393466139781
0.876856300580012,15.0397264031645,15,14.8322491071871,0.581608907571626,13.7623366822163
-1.00288268638633,5.18048348892619,5,4.75835447071219,-0.788344045039411,6.44208759665699
-2.31843572048875,0.837258849896114,1,0.608092805117532,-1.62334161931895,2.39311672480971
-1.06376471260398,4.85222880516206,5,4.42883413695044,-1.24970175084236,3.9768234397419
0.460505735081942,13.0057974802432,13,12.7660680680019,0.866436629580632,15.1476718497538
0.678300127699274,14.1157278912772,14,13.8945584229374,0.265720961766051,12.0576211153867
-1.8169914982099,1.73993620399884,2,1.40313821518785,-2.48591125777179,0.680368472859234
0.886777875061468,15.08320888619,15,14.8763887756832,1.10861152431147,16.1300051839919
-1.19023689741303,4.18989269623275,4,3.76818654156271,-0.807620358361573,6.33693093902719
0.456287449665628,12.9835937338643,13,12.7434482071165,0.192152809588697,11.6556357959634
-1.05394996188659,4.90483490031163,5,4.48155620495423,-1.04927990632978,5.01869179638012
0.100285999511591,11.0736886705653,11,10.7897354886429,-0.301789451398419,9.02773208416345
0.660679642674007,14.0291717818448,14,13.8066808816203,0.63800713990773,14.0531757662069
0.275406997893165,12.0176089420333,12,11.7572785398116,0.268360663826827,12.0720661514639
0.453665641448169,12.9697832099365,13,12.7293778319366,0.281995115493909,12.1466864700948
-0.670953153371167,6.99103634556886,7,6.59493013305475,-0.983289093150705,5.37627289134802
-0.0935020044416218,10.0398794461184,10,9.72671497682047,-0.325485080899647,8.90389763484964
0.0556403806181371,10.8340712964696,11,10.5435943118204,0.085535501418693,11.0770330108946
-0.882986462275379,5.83530415185675,6,5.41924688920393,-0.936381049823188,5.63236558473764
0.645181468857571,13.952497125251,14,13.7288249864829,0.931935947564038,15.4320632167328
0.878753611766154,15.048062361672,15,14.8407107460158,1.12849903958216,16.2025708567109
0.477161442095559,13.0932643829137,13,12.8551544776378,0.472830537637063,13.1855583993992
1.40714018435801,17.0123052727773,17,16.8474005177399,1.06457417315986,15.965186731781
-0.666696209232151,7.0139993760671,7,6.61838629401865,-0.705882861843536,6.88976141523117
0.0863577769862432,10.9988558387688,11,10.7128846441254,-0.228000880839791,9.41359557103799
0.855265017139506,14.9441751884791,15,14.7352664871415,0.770678643148732,14.7071891470939
0.660679642674007,14.0291717818448,14,13.8066808816203,0.340340394328821,12.4659323364983
-0.114030573462415,9.93135769927381,10,9.61500870629918,-0.457326506020238,8.21336900454152
0.0952203992881766,11.0464647650328,11,10.7617796075609,-0.238562746176717,9.35831473932955
0.278786483647252,12.0358166217728,12,11.7759051559478,-0.227630086028311,9.41553675081154
-1.8169914982099,1.73993620399884,2,1.40313821518785,-1.87417903834602,1.66067767662583
-2.31843572048875,0.837258849896114,1,0.608092805117532,-1.15310874851463,4.46802773349608
1.41039354904645,17.0226030669494,17,16.8580420784006,1.52827073225227,17.4757194055161
-0.490267487149048,7.95530924056498,8,7.5823640537536,-0.365336903946226,8.69555055783141
-0.296387968864828,8.97339237601108,9,8.62883903899423,-0.60663074903889,7.42289837457771
0.107413586591909,11.1120085531817,11,10.8290842607355,0.00612853278810883,10.650442987277
-0.314108375270569,8.88060314345044,9,8.53335735747879,-0.183219436492235,9.64829861431321
-1.17346092057281,4.27575698586678,4,3.85348127054063,-1.14618795678156,4.5041097021458
-0.679701831577634,6.94380616912538,7,6.54669597310352,-0.753962495208297,6.62920772660652
-0.634701473962689,7.18619880687568,7,6.79438466652882,-0.246934920542029,9.31451052759523
0.0904198263604543,11.020673259544,11,10.7352923423294,0.331207710043268,12.4159934221413
0.0863577769862432,10.9988558387688,11,10.7128846441254,0.452160478702727,13.0741836347131
-0.0102366969761398,10.4820098752541,10,10.1816426835254,-0.106228142439081,10.0535283363435
0.524896575428684,13.3419632744256,13,13.1082928386977,0.392658008347477,12.7514500965768
-0.612077931511955,7.30754521201375,7,6.91851064287817,-0.785976652580521,6.45499091618988
2.14320910883432,19.0020997326472,19,18.9363257336151,1.90125720503303,18.4814472787163
-0.635087678905124,7.18412431667386,7,6.79226337665167,-0.915354157641194,5.7474279780205
-1.04870332572586,4.93301077737858,5,4.50980823560939,-0.900667245947654,5.82784417545835
1.72868538058859,17.96915802668,18,17.8442117457055,1.88563720316081,18.4424163034173
0.0755357925726008,10.9407597427027,11,10.6532113669877,0.544303868238887,13.5665912355283
-0.615863315019009,7.2872654379031,7,6.89776066081067,-0.659867109849798,7.13775458425911
0.0597092299838781,10.8558775791906,11,10.5660020100244,0.21426735692439,11.7763113507677
0.469786936021544,13.0545782753541,13,12.8157559193759,0.750168225254826,14.6092108140416
1.40893921708065,17.018001604777,17,16.8532867834612,1.15845680882933,16.3097812038206
0.469786936021544,13.0545782753541,13,12.8157559193759,0.7739901461493,14.7228923746044
0.469786936021544,13.0545782753541,13,12.8157559193759,0.755020602573562,14.6325011973892
0.655060270186195,14.00142878395,14,13.7785128378569,0.206124385896201,11.731856276251
-0.50030509445468,7.90225453494462,8,7.52792090744009,-0.66976845943884,7.08451169943171
-0.0935020044416218,10.0398794461184,10,9.72671497682047,-0.178219416805766,9.67454241743137
-0.298857878345402,8.96045896927109,9,8.61552950478005,-0.263379509262244,9.22850448472085
-1.75997673184904,1.89396641008126,2,1.54578348936723,-1.37476328985132,3.38409587103694
-0.868046333277865,5.91718760857377,6,5.50218688927662,-1.17751225089648,4.3416619027917
-0.885343459754439,5.82238650446765,6,5.40616820256602,-0.870303369911949,5.99412467068824
-0.671119621485376,6.99013813042746,7,6.59401269440096,-0.634244548415469,7.27523020146227
1.39145641719413,16.9624433092914,17,16.7958993434488,1.77391572862438,18.1539703454816
-1.42157648028085,3.09652226092304,3,2.6932147025629,-1.81521719687087,1.81034507357568
0.667609571140146,14.0632929252197,14,13.8413241449427,0.395162598001466,12.7650857733037
0.0755357925726008,10.9407597427027,11,10.6532113669877,0.718450044772228,14.455327510139
1.10010555101345,15.952927084134,16,15.7608347127084,0.710173111150776,14.4147143175054
0.856744844218767,14.9507643534243,15,14.741953869382,0.960567518317462,15.5519612481372
0.459032721927045,12.9980463005546,13,12.7581718575922,0.238898625760333,11.9109025800431
-0.301876093367669,8.94465462068076,9,8.59926589292088,-0.229981818778609,9.40322551482334
-0.246685870995189,9.23374829634446,9,8.89681414074633,0.116260752538381,11.2431464069378
-0.285762448543927,9.0290344442043,9,8.68610216320201,0.00382075065096771,10.6381052771458
0.0902535295704577,11.0197799587595,11,10.7343749036756,-0.100607466786173,10.083218737862
0.0871814174882274,11.0032791692764,11,10.7174277763835,0.122631068482378,11.2776558843937
-0.670908730082763,6.99127603804198,7,6.59517495615877,-0.447605024718399,8.26445245126205
-0.454119199578765,8.14597818031824,8,7.77811210638068,-0.5658233842625,7.64021358788028
0.453665641448169,12.9697832099365,13,12.7293778319366,0.00205605564683325,10.6286732705911
1.39145641719413,16.9624433092914,17,16.7958993434488,1.39910405180491,17.094679506131
0.100285999511591,11.0736886705653,11,10.7897354886429,0.122051273729104,11.2745140537926
1.39145641719413,16.9624433092914,17,16.7958993434488,0.76017596070345,14.6571711315797
-0.489186239936109,7.96102126015615,8,7.58822622537577,-0.134505322849378,9.90439519320401
-1.71979986312196,2.01051181687654,2,1.65456779035817,-1.59812486156945,2.48136007257209
0.481424962833907,13.1155999728315,13,12.8778986543277,0.446927177757886,13.0459168616019
1.39548101820212,16.9752732875363,17,16.8091471149651,1.48370800937122,17.3465367270396
0.265533619811834,11.9643985151982,12,11.702835393498,0.639689270646496,14.0617457638145
0.443691634289475,12.9171753513301,13,12.6757728301967,-0.0327981299383926,10.442785240247
-0.113156029109256,9.93597719617494,10,9.61976400123862,-0.136761800506178,9.8925108030146
-0.297617244958484,8.96695538688368,9,8.62221481718169,-0.473357012195921,8.12904961506454
-0.823152333546784,6.16312009620096,6,5.75165056303321,-0.637911499544757,7.25558251991987
-1.42110570840187,3.0985443645395,3,2.69518060397663,-0.994272792783478,5.31648981224619
1.39145641719413,16.9624433092914,17,16.7958993434488,1.55816204143854,17.5612108773311
-1.00808111424801,5.15229459516539,5,4.7300069485699,-0.917670868154104,5.73474586715292
0.24809793044622,11.8703863561085,12,11.6066148236428,-0.180427711715701,9.6629505798392
0.864826710010716,14.986645825246,15,14.7783713892926,0.73659313434468,14.5436954585031
-0.992176357965433,5.23861673007479,5,4.81684321885103,-1.13654090947211,4.55457548435472
0.656101987470012,14.0065767832754,14,13.783740083159,0.484128379124074,13.2462352796214
0.464562464187902,13.0271315516686,13,12.7878000382939,0.116374364628699,11.243761668097
0.667609571140146,14.0632929252197,14,13.8413241449427,1.048173639755,15.9023015563551
-1.72260656722066,2.00214940292002,2,1.64673971732226,-2.59398020269038,0.579836275475237
0.469786936021544,13.0545782753541,13,12.8157559193759,0.702990742322353,14.3793230500387
-0.292400107640282,8.99427479139995,9,8.6503292985444,-0.773701480106824,6.52185286729149
1.10010555101345,15.952927084134,16,15.7608347127084,1.11165888866069,16.1411982588873
1.75136568864334,18.0324967008265,18,17.9107575080483,1.71394381770098,17.9934638005926
-0.858826185719444,5.96771827227397,6,5.5533998807825,-0.57150328511478,7.61002874499112
-1.72260656722066,2.00214940292002,2,1.64673971732226,-1.55644237327346,2.63337052525375
0.873846244343482,15.0264814157414,15,14.8188047138995,0.355922415674323,12.5510836671918
-1.72260656722066,2.00214940292002,2,1.64673971732226,-1.0649592047553,4.93442708607528
0.656101987470012,14.0065767832754,14,13.783740083159,0.584810680526953,13.7790197918466
-0.309454160907122,8.904973888579,9,8.55843386597529,-0.0528017685089891,10.3364375270489
-0.292400107640282,8.99427479139995,9,8.6503292985444,-0.0926136034122603,10.1254734707876
-1.75997673184904,1.89396641008126,2,1.54578348936723,-1.46510567334394,2.99319236678747
-0.488823620544207,7.96293677914903,8,7.59019212678951,-0.47810094066325,8.10407565744051
0.261471714325889,11.9425017250063,12,11.6804276952941,0.460404121635086,13.1186556101864
0.268341342872749,11.9795323395288,12,11.7183210941641,-0.129752985712209,9.92943232135654
0.0695914739943039,10.90886729811,11,10.6204451563379,0.140275311482844,11.3733561982729
1.13389803394064,16.0795980376177,16,15.8900579146175,0.750015508334577,14.6084767042347
0.878985783426362,15.0490817491159,15,14.8417455123607,0.688650127388776,14.3082537048928
0.268341342872749,11.9795323395288,12,11.7183210941641,0.126675887024121,11.2995794443648
-0.817345887478307,6.19489827055097,6,5.78392269627901,-0.352332182372709,8.76355912766872
-1.07423714784225,4.79625197873741,5,4.3727719039633,-1.07519639172112,4.87959039007105
1.72868538058859,17.96915802668,18,17.8442117457055,1.88493971849668,18.4406652111562
1.10010555101345,15.952927084134,16,15.7608347127084,1.79893600014165,18.2198510379133
-0.458455079905669,8.1231384795685,8,7.75465694728107,-0.325674904058437,8.90290555291451
0.449032208434755,12.9453576646573,13,12.7044907614691,0.6623894398014,14.1767567108247
0.446805632489239,12.9336117157414,13,12.6925219795127,0.0737093916571316,11.0132482346909
0.100285999511591,11.0736886705653,11,10.7897354886429,-0.0738326359169189,10.2248831356715
-0.0935020044416218,10.0398794461184,10,9.72671497682047,-0.10622531618533,10.0535432615515
-0.103812336552647,9.98535245181003,10,9.6705923416628,-0.355776168189646,8.74555099400832
-1.17664905181217,4.25938498914943,4,3.83720931304427,-1.65815762138381,2.27585419913547
0.278648206460939,12.0350716822819,12,11.7751431057575,0.552571931174422,13.6101828569606
0.435636851199151,12.8746130088987,13,12.632395211891,0.326129585217505,12.3882174530121
0.862945372597351,14.9783089247013,15,14.769909750464,0.279281362006461,12.1318333340819
1.72868538058859,17.96915802668,18,17.8442117457055,1.76480726604471,18.1298224477645
0.0913038230802175,11.0254220102011,11,10.7401719530734,-0.301484535727017,9.02932557892918
-1.8169914982099,1.73993620399884,2,1.40313821518785,-1.98668490590987,1.40875726464955
0.667609571140146,14.0632929252197,14,13.8413241449427,0.692289395311477,14.3263397756
1.72868538058859,17.96915802668,18,17.8442117457055,1.65150830944038,17.8228121413848
0.468892011853524,13.0498790975981,13,12.8109697866883,0.347447980943732,12.5047825929867
1.72868538058859,17.96915802668,18,17.8442117457055,1.60224525345721,17.6857325887275
-0.505193791578104,7.87639616530878,8,7.50138995509464,-0.577587792316845,7.57767154163623
-1.07423714784225,4.79625197873741,5,4.3727719039633,-0.924634017768156,5.6966344383236
0.44717769712457,12.9355748576341,13,12.6945224059328,0.786027306062698,14.7796971767005
-1.01264007033899,5.12759475130661,5,4.70517557779257,-1.23974656460355,4.02625943269147
0.274538763666945,12.0129306879966,12,11.7524924071239,0.0745666863416051,11.0178691898611
0.456369670600697,12.9840267124167,13,12.7438893197309,1.11906479409134,16.1682885296696
0.449032208434755,12.9453576646573,13,12.7044907614691,0.745823944232383,14.5883017637514
0.0800375768031956,10.9649216063817,11,10.6780292181216,-0.0823127068851834,10.1799732577314
0.0759151657679799,10.9427956118165,11,10.6553005823417,-0.1457088558337,9.84541078572502
1.72868538058859,17.96915802668,18,17.8442117457055,1.43704287278966,17.2087860112822
-0.489186239936109,7.96102126015615,8,7.58822622537577,-0.712479456186851,6.85409710068552
-0.281775317020526,9.04991522525854,9,8.70759242275217,-0.182227895410244,9.6535022674993
-1.06430239996084,4.84935081663102,5,4.42595079688291,-0.88453226897759,5.91620605750324
-0.0893879683571439,10.0616498739611,10,9.74912267502443,-0.380262572539939,8.61746258752669
1.72868538058859,17.96915802668,18,17.8442117457055,1.77491766944265,18.1566213878772
-0.0596674204729176,10.2191501764716,10,9.91121501224256,-0.367264271640458,8.68546917613319
-2.15440817687164,1.05965873318223,1,0.795045410070316,-2.23360740013485,0.983373110787728
1.11156656715003,15.9962106371955,16,15.8049743812044,1.17279579991801,16.3602330805928
-0.443821582266241,8.20019153036963,8,7.83379362892392,-0.404123747012089,8.49252890864062
-1.25748321750994,3.85343786406165,4,3.4350812197136,-1.18268047996195,4.31508108395066
-1.75997673184904,1.89396641008126,2,1.54578348936723,-1.71712333206881,2.08915099815182
-1.41308229003233,3.13314880154504,3,2.72883798133814,-1.22566717855833,4.09667779312391
-1.61376987017904,2.35145798466621,2,1.97633759645443,-1.18934609587143,4.28089693694746
0.274582844099662,12.0131682083731,12,11.7527354075535,0.0554751592256177,10.9150719483338
1.39145641719413,16.9624433092914,17,16.7958993434488,1.5108706523877,17.4255345747585
-1.42157648028085,3.09652226092304,3,2.6932147025629,-0.904088075861414,5.80911178229918
-1.8169914982099,1.73993620399884,2,1.40313821518785,-1.69278988846117,2.16440714447399
0.667609571140146,14.0632929252197,14,13.8413241449427,0.873621974745515,15.1795532499792
-0.292400107640282,8.99427479139995,9,8.6503292985444,0.0735869868816179,11.0125884907465
0.268341342872749,11.9795323395288,12,11.7183210941641,-0.686793002800141,6.99281212639293
0.134890830491595,11.2598762400936,11,10.9808597458775,0.355462862563393,12.5485734678918
-0.480455830876872,8.0071214805186,8,7.63554294667321,-0.689467664942744,6.97838811451002
-0.0893879683571439,10.0616498739611,10,9.74912267502443,-0.426854809281042,8.37337193583588
-0.679701831577634,6.94380616912538,7,6.54669597310352,-0.798522421864341,6.38658208409133
0.460647920568115,13.0065455463224,13,12.7668301181922,0.0091628587593321,10.6666700639608
1.10010555101345,15.952927084134,16,15.7608347127084,1.27297917765988,16.6984669562295
1.10010555101345,15.952927084134,16,15.7608347127084,1.27265138190971,16.6973977943972
-1.06430239996084,4.84935081663102,5,4.42595079688291,-1.01378860183532,5.21049962772477
-1.26738861224619,3.80502407499285,4,3.38730388467818,-1.09016081701078,4.79971223074158
0.0699601971105972,10.9108451755953,11,10.6224791951253,0.171728712066173,11.5443546173205
1.39145641719413,16.9624433092914,17,16.7958993434488,0.915243384004124,15.3609193468388
-1.06522472563426,4.84441502062265,5,4.42100606391453,-1.40073165439223,3.26830701745141
-0.485221746715799,7.9819600075225,8,7.60971648492594,-1.02455427829458,5.15217747115971
0.865056923767904,14.9876653293114,15,14.7794061556376,0.559352416503985,13.6458458735416
-0.489355462384621,7.96012732879938,8,7.58730878672198,-0.486516860457504,8.05974578745176
-1.98991935058536,1.34688685438876,1,1.04647498524064,-1.82803041725151,1.77671997460752
-0.0999040320462548,10.0060163733379,10,9.69185955081665,0.289993486530729,12.1904651484544
-0.679701831577634,6.94380616912538,7,6.54669597310352,-0.662646104327707,7.12281762869675
-1.69146903582257,2.09680845207258,2,1.73554188901712,-1.76519050691847,1.94771159863625
-0.0999040320462548,10.0060163733379,10,9.69185955081665,0.0114040464776665,10.6786593410341
0.265671776169352,11.9651432262154,12,11.7035974436884,0.189872078536241,11.6432005700464
-0.88387754600679,5.83042048384742,6,5.41430215623555,-0.712055308610971,6.85639107515305
0.288530725665828,12.0882984199324,12,11.829586252071,0.119318589237411,11.2597085486972
0.435597489567519,12.8744048528723,13,12.6321830492097,0.148052252075843,11.4155901754224
0.258472313036327,11.9263306432869,12,11.6638779478506,0.373026421185528,12.6444517802608
1.10267815303136,15.9626718337405,16,15.7707727097631,1.00291894306842,15.7244039838359
-0.317179303052548,8.86452272249324,9,8.51681183089702,0.116053958925946,11.2420265443757
-1.72260656722066,2.00214940292002,2,1.64673971732226,-1.26095303860632,3.9213169594873
-0.489186239936109,7.96102126015615,8,7.58822622537577,-0.628076957457324,7.30825611973488
1.10010555101345,15.952927084134,16,15.7608347127084,0.795962781440531,14.8262546630991
0.257823189144761,11.9228307215038,12,11.660295919766,0.679449980811886,14.2623809817244
-0.855848028490565,5.98403855463101,6,5.56994540736428,-0.999460170965425,5.28828653607242
1.40893921708065,17.018001604777,17,16.8532867834612,1.27199430022955,16.6952539240016
0.448719701856889,12.9437094105261,13,12.7028112726249,0.648642628023643,14.1072518917413
1.72868538058859,17.96915802668,18,17.8442117457055,1.3523403477663,16.9510525184179
1.39145641719413,16.9624433092914,17,16.7958993434488,1.03870997992001,15.8656346184749
1.08394074632858,15.8913076583654,16,15.6980234056226,1.79902418525494,18.2200820313501
-2.31843572048875,0.837258849896114,1,0.608092805117532,-1.76043474728811,1.96128585798666
-0.306661954212246,8.91959457825351,9,8.57347845402693,-0.177237603190193,9.67969673052118
-2.05522631219088,1.22394029560642,1,0.9376906842497,-2.25703840180715,0.950440797255637
-0.84148292201199,6.06274375877745,6,5.64976970470044,-0.750541060473791,6.64779442007172
1.12789743721335,16.057313376864,16,15.8673137379276,0.722324759738691,14.4742760144485
0.899691835957151,15.1394025759921,15,14.9334381328523,1.18856020222993,16.4150772825357
1.40883585243829,17.0176744455084,17,16.8529487006179,1.22662177726538,16.5449170500327
-0.317179303052548,8.86452272249324,9,8.51681183089702,-0.347760317561243,8.78746253989355
-0.489186239936109,7.96102126015615,8,7.58822622537577,-0.227873730888478,9.41426122117021
-1.06430239996084,4.84935081663102,5,4.42595079688291,-1.17335380523717,4.36309648113453
-0.880005153210512,5.85164376305149,6,5.43579241578571,-0.380493610862251,8.61625351422664
-0.489186239936109,7.96102126015615,8,7.58822622537577,-0.392548833485679,8.55315016335824
1.10010555101345,15.952927084134,16,15.7608347127084,0.68324588947487,14.2813337144566
1.43690139706078,17.1059476449033,17,16.9442357758288,1.0078947030925,15.7442827627578
0.444334547318299,12.9205696365987,13,12.6792317977207,0.637159958156849,14.04885718398
1.74359353963091,18.0108555815131,18,17.8880133313583,1.81313098814741,18.256920669762
-0.299350122442602,8.95788140696353,9,8.6128770122888,-0.0978725915814721,10.0976712277536
0.865056923767904,14.9876653293114,15,14.7794061556376,0.754540806237465,14.6302013052962
-1.45926587489988,2.93766493162526,3,2.53907958168825,-1.37307315394323,3.39172450392695
0.876856300580012,15.0397264031645,15,14.8322491071871,0.86643318682868,15.1476565342042
0.886777875061468,15.08320888619,15,14.8763887756832,1.08981072553046,16.0603477984304
0.641775362142575,13.9355794013713,14,13.711644533581,0.656991904162003,14.1495198302982
-1.8169914982099,1.73993620399884,2,1.40313821518785,-1.42257243463897,3.17303174596675
0.100285999511591,11.0736886705653,11,10.7897354886429,-0.279026478924624,9.14670245377666
-0.490267487149048,7.95530924056498,8,7.5823640537536,-0.362436571439303,8.71072006078598
0.469786936021544,13.0545782753541,13,12.8157559193759,0.443377551575733,13.0267294419061
-1.0492383899321,4.9301356535245,5,4.50692489554187,-0.460354795838207,8.19744860641705
-1.26738861224619,3.80502407499285,4,3.38730388467818,-1.33529599431885,3.56510144799092
1.75348934750372,18.0383981427958,18,17.9169610498461,1.64150564802383,17.7951517683051
-1.46138961163823,2.92889374382168,3,2.53058729908744,-1.30097606291538,3.7271822525532
0.268261357557371,11.9791012362724,12,11.7178799815497,-0.0184921407604671,10.5189915686581
-0.480455830876872,8.0071214805186,8,7.63554294667321,-0.514946351329964,7.90974398203857
0.862945372597351,14.9783089247013,15,14.769909750464,0.577541049222559,13.7411129256595
0.0897705330609691,11.0171854889218,11,10.7317103142447,0.33964803685623,12.462147141989
0.27199219986831,11.9992081446275,12,11.7384528696922,0.404475086346114,12.8157518504286
-0.679701831577634,6.94380616912538,7,6.54669597310352,-0.427387136122169,8.37057956201933
0.4580578804235,12.9929151987871,13,12.7529446122901,0.350126175029144,12.5194177687466
-0.865566365175023,5.93077946996987,6,5.51596003221041,-0.857384508622363,6.06485122625936
0.238038809237189,11.8161284259075,12,11.5510648006466,0.33901620500799,12.4586927382049
-2.31843572048875,0.837258849896114,1,0.608092805117532,-1.46478120352687,2.99453525995769
-0.136489135697804,9.81283517476886,10,9.4929960724383,0.265123917467802,12.054354064432
0.467116935570534,13.0405554856283,13,12.8014733815147,0.217088219464524,11.7917163902052
0.478941024080856,13.1025899512858,13,12.8646508828114,0.109009149750613,11.2038910399908
-1.02910978592914,5.03854384389999,5,4.6157091965328,-1.23964701755506,4.02675527374481
0.330471920449565,12.3138082074536,12,12.0601090675675,0.168869042740781,11.5287881605095
0.856744844218767,14.9507643534243,15,14.741953869382,0.39812882339978,12.781229866247
-0.992703561254572,5.2357517979898,5,4.81395987878351,-0.876979721897446,5.95756613156792
1.10010555101345,15.952927084134,16,15.7608347127084,1.49814670948896,17.3886314447473
1.39145641719413,16.9624433092914,17,16.7958993434488,1.48368949820343,17.3464826066985
-0.075393668927811,10.1357608036611,10,9.82539974626757,-0.0901823145096706,10.1383317235838
1.40893921708065,17.018001604777,17,16.8532867834612,1.68339079235432,17.910389504948
2.13037638164233,18.9753442567933,19,18.9078860120905,1.32285915178,16.8586144998581
-0.680598320872801,6.93896358604885,7,6.54175124013514,-1.23450733845475,4.05239579060358
1.74359353963091,18.0108555815131,18,17.8880133313583,1.32373660287115,16.8613884203362
-0.489355462384621,7.96012732879938,8,7.58730878672198,0.110452825503721,11.2117037184341
-1.25064269808023,3.88705287459391,4,3.46827798333714,-1.20610596036688,4.19544944160867
-1.01211043761829,5.13046317671756,5,4.70805891786009,-0.904338513839794,5.80774042854993
-0.868400330852217,5.91524744776796,6,5.50022098786289,-1.12299383216506,4.6257631677685
0.456369670600697,12.9840267124167,13,12.7438893197309,0.592981362547552,13.8215047191658
-1.51029138565027,2.73235371813681,3,2.34082889943755,-1.46437344482445,2.99622350266954
0.646977835923481,13.9614098943375,14,13.7378759033653,0.330370027541868,12.4114118866865
-1.19093023267072,4.18635942093873,4,3.76467909884576,-1.61274038432928,2.42987412942874
2.14320910883432,19.0020997326472,19,18.9363257336151,1.9680302935219,18.6439949244272
0.278786483647252,12.0358166217728,12,11.7759051559478,0.316650986014187,12.3363597755277
-0.652261964219763,7.0917713591577,7,6.69785226242351,-0.850158068586691,6.10440164958424
-1.27850116249736,3.75108799008092,4,3.33412499175857,-1.0162819052408,5.19698246899792
-1.8169914982099,1.73993620399884,2,1.40313821518785,-1.38614100672922,3.3330338129084
-0.124625344656699,9.87541950511115,10,9.55742464451547,-0.137128381012208,9.89058031726069
-1.19037557345554,4.18918589555696,4,3.76748489354287,-1.20981790106614,4.1766254007736
-0.285932669631175,9.02814301169704,9,8.68518472454822,-0.431843568256668,8.34719922508685
1.72868538058859,17.96915802668,18,17.8442117457055,1.13366509085377,16.2212364986014
-0.882986462275379,5.83530415185675,6,5.41924688920393,-1.04222974612477,5.05668229907313
0.839346993136375,14.8729256344126,15,14.6629587748821,0.733262898092331,14.5275436662476
-0.882986462275379,5.83530415185675,6,5.41924688920393,-1.09490622771143,4.77445577110511
1.11156656715003,15.9962106371955,16,15.8049743812044,0.953261272628051,15.5216209672623
0.265671776169352,11.9651432262154,12,11.7035974436884,0.344787352445253,12.4902412289829
0.862945372597351,14.9783089247013,15,14.769909750464,0.423389772158643,12.9184791090016
-0.297710441135785,8.96646737562202,9,8.62171261397816,-0.211834065326297,9.49826254471499
-1.25688773298047,3.85635830573306,4,3.43796455978112,-1.27000187634234,3.87696503332609
-0.839665628542888,6.07269823987614,6,5.65986955978369,-0.630649492875808,7.29448392271475
1.39145641719413,16.9624433092914,17,16.7958993434488,1.11860111021438,16.1665970377386
-1.06407789281563,4.85055244709078,5,4.42715464810627,-1.36845732009454,3.4126154666715
-0.682803942447623,6.9270472030007,7,6.52958412232379,-0.504766541839245,7.96350202350834
-0.309374647669662,8.90539023995769,9,8.55886228403904,-0.631901845479616,7.28777778990205
-0.770973137249387,6.44827170062595,6,6.04152529735475,-0.89744338681898,5.84549872438044
-0.093976796966839,10.0373674470142,10,9.72413168406245,-0.291869272735001,9.07957652604803
-2.31843572048875,0.837258849896114,1,0.608092805117532,-2.29214608972828,0.903128350025197
0.0897705330609691,11.0171854889218,11,10.7317103142447,-0.10092691177952,10.0815308797568
0.449775331166463,12.9492766904892,13,12.7084840062181,0.369288236477544,12.6240560207992
-0.296387968864828,8.97339237601108,9,8.62883903899423,-0.478537318465232,8.10177788336973
0.435636851199151,12.8746130088987,13,12.632395211891,0.884327120875729,15.2267412661167
0.0871814174882274,11.0032791692764,11,10.7174277763835,0.207042597759412,11.7368679655955
0.266533917166277,11.9697903782323,12,11.7083527386279,0.370200282276587,12.6290327714758
0.449032208434755,12.9453576646573,13,12.7044907614691,0.0747267105106127,11.0187317963241
-0.10991008459681,9.95312566382738,10,9.63741640450314,-0.748644859950063,6.65809254847362
-0.240226506318968,9.26760748773304,9,8.93166956675015,0.0161528360945873,10.7040736921932
-1.42157648028085,3.09652226092304,3,2.6932147025629,-1.27026784480539,3.87566538377587
0.648262178798893,13.9677781580905,14,13.7443415248972,0.517351336031998,13.4237395318529
0.285799084886746,12.0735887361923,12,11.8145416640193,0.0946257659917747,11.1261201025639
-0.43984562700369,8.221112536163,8,7.85528388847408,-0.51050562631549,7.93320137771947
0.28593743602059,12.0743338000283,12,11.8153037142097,0.227415077046226,11.8481329580265
-0.968744213060493,5.36616889127963,5,4.94530707566497,-0.730110272692332,6.75864262861447
-0.10954864135582,9.9550354602626,10,9.63938230591687,-0.4431134373139,8.28804218204533
0.645426304149598,13.9537122783764,14,13.7300589870359,0.689582913782803,14.3128926195941
2.14320910883432,19.0020997326472,19,18.9363257336151,2.39650590179909,19.4533176299989
-0.114339461202381,9.92972617668756,10,9.61332921745502,-0.0488488129770119,10.3574340656103
-0.296387968864828,8.97339237601108,9,8.62883903899423,-0.399900351357267,8.51465199911827
0.669512652514885,14.0726452253042,14,13.8508205501164,0.487388003596255,13.2637136126257
-1.19646907208133,4.15817827910208,4,3.73671085624888,-0.68288550969149,7.0138761173618
-1.2475550962594,3.90227334271546,4,3.48331537966483,-1.36428901421065,3.43155209926596
0.476264851258134,13.0885644812601,13,12.8503683449501,0.287107637205661,12.1746694593718
-0.88387754600679,5.83042048384742,6,5.41430215623555,-0.640575195093281,7.24130467173269
1.11156656715003,15.9962106371955,16,15.8049743812044,1.34045041344122,16.9139578022726
-0.670953153371167,6.99103634556886,7,6.59493013305475,-0.287529941682299,9.10225588886008
1.39145641719413,16.9624433092914,17,16.7958993434488,1.46456032615646,17.2903396557704
1.72868538058859,17.96915802668,18,17.8442117457055,1.60265797944491,17.686889992175
0.268341342872749,11.9795323395288,12,11.7183210941641,0.0535607238357144,10.9047764736922
-2.15440817687164,1.05965873318223,1,0.795045410070316,-2.32964590510777,0.855146228374441
-0.489186239936109,7.96102126015615,8,7.58822622537577,0.113214766715594,11.2266537653858
0.0758351499386178,10.9423662101817,11,10.6548594697273,0.422913040418715,12.9158931865642
0.43824802209733,12.8884181076911,13,12.6464655870709,0.397979102859747,12.7804151200322
2.14320910883432,19.0020997326472,19,18.9363257336151,2.0262830397143,18.7793541555497
0.875784102831365,15.0350112972631,15,14.8274629744995,1.23798426032936,16.583002498264
0.648262178798893,13.9677781580905,14,13.7443415248972,0.709062213392835,14.4092493346044
-0.103503162879297,9.98698686905415,10,9.67227183050696,0.00693947701563227,10.654779208732
0.88547858335625,15.0775298794853,15,14.8706268257665,0.745497091922938,14.5867264381418
-1.65616180258543,2.20922489491726,2,1.84152039531095,-1.95084827708317,1.48448502647371
0.0863577769862432,10.9988558387688,11,10.7128846441254,0.0112782791253761,10.6779864611713
0.0897705330609691,11.0171854889218,11,10.7317103142447,0.00479045208135588,10.6432890166782
-1.0492383899321,4.9301356535245,5,4.50692489554187,-1.13343253851003,4.57087707080083
1.39145641719413,16.9624433092914,17,16.7958993434488,1.09785583087207,16.0902825433119
-1.42276164225662,3.09143572969562,3,2.68826996959451,-1.41120845027889,3.2223606782757
0.876856300580012,15.0397264031645,15,14.8322491071871,0.878095784280212,15.1993189997585
-1.0084418632709,5.15033936036237,5,4.72804104715617,-0.742298416585744,6.69254465727916
2.14320910883432,19.0020997326472,19,18.9363257336151,1.61304067257206,17.7159558484966
0.667609571140146,14.0632929252197,14,13.8413241449427,0.867216492591306,15.1511401888297
0.066957703942711,10.8947409596619,11,10.6059336685436,-0.0460355231517457,10.3723828121312
1.72868538058859,17.96915802668,18,17.8442117457055,1.50604643209237,17.4115637208774
-1.58134489590486,2.46565758661433,2,2.08512189744536,-1.63085796850459,2.36735385886681
-0.874296594568312,5.88293124101603,6,5.46748104915516,-0.915956533928327,5.74413036787364
0.459032721927045,12.9980463005546,13,12.7581718575922,0.411682718244061,12.8549272470733
0.435597489567519,12.8744048528723,13,12.6321830492097,0.377716809656879,12.6700337101605
-1.23003990746106,3.98916319003826,4,3.56923421129217,-1.42858190337868,3.14716155090188
-0.814473877068422,6.21061294432091,6,5.79988472298444,-0.818186900086711,6.27922424506881
-0.0935020044416218,10.0398794461184,10,9.72671497682047,-0.64056837795018,7.24134121882213
0.268341342872749,11.9795323395288,12,11.7183210941641,0.101653142141992,11.1641017965668
0.459032721927045,12.9980463005546,13,12.7581718575922,0.490804299885242,13.2820180901635
1.73390510648636,17.9837850365624,18,17.8595736098337,1.52734048409604,17.4730444056412
-0.63492065040586,7.18502151843909,7,6.79318081530546,-0.25110311140295,9.29270670761631
1.39145641719413,16.9624433092914,17,16.7958993434488,1.40551564690749,17.1141072499155
-1.25748321750994,3.85343786406165,4,3.4350812197136,-0.843023744000289,6.14343714566929
-0.636745200938765,7.17521983535552,7,6.78315829792321,-0.381016744375223,8.61351580394536
0.278786483647252,12.0358166217728,12,11.7759051559478,0.0897332722321064,11.0996945827557
1.39145641719413,16.9624433092914,17,16.7958993434488,0.920813696326145,15.3847617880318
2.15022486679607,19.0165494610462,19,18.9516875977433,1.65717254329115,17.838436515218
0.862945372597351,14.9783089247013,15,14.769909750464,1.0221846762878,15.8009322714487
0.100285999511591,11.0736886705653,11,10.7897354886429,-0.0413267810836654,10.3974138794528
-0.800600527249757,6.28648602853879,6,5.87698039060592,-1.00217620635919,5.27352822097184
0.852014257110554,14.9296799533681,15,14.7205583775759,0.850416013780366,15.0759884256227
2.13037638164233,18.9753442567933,19,18.9078860120905,1.66972305266071,17.8729556966298
-0.505193791578104,7.87639616530878,8,7.50138995509464,-0.201621343055089,9.55178289281977
0.0868764900477285,11.0016415395908,11,10.7157482875393,-0.164626145260016,9.74593551994922
0.0749665522511432,10.9377050722705,11,10.6500733370396,0.364681645723041,12.5989138372886
-0.882986462275379,5.83530415185675,6,5.41924688920393,-1.29027266807679,3.77857692660965
1.10010555101345,15.952927084134,16,15.7608347127084,0.837319909384819,15.0167796322621
0.255235181085657,11.9088760849307,12,11.6460133819047,0.177896680430926,11.5779421355736
0.456326995330143,12.9838019837806,13,12.7436603697979,0.104018696068315,11.1768937963988
-0.302187780417683,8.94302253631177,9,8.59758640407672,-0.18271983980923,9.6509204785774
1.40893921708065,17.018001604777,17,16.8532867834612,1.27306237573539,16.698738284736
-1.2690185407497,3.79708779202069,4,3.37947581164228,-1.42257698528745,3.17301209917023
0.465411040620402,13.0315917344062,13,12.792343170552,0.222833589360113,11.8231000401303
-0.116966560756188,9.91585164074057,10,9.59904667959375,0.0139995527135969,10.6925480630789
-0.670908730082763,6.99127603804198,7,6.59517495615877,-0.531718100702563,7.82105484639449
1.12550106653387,16.0483889541007,16,15.8582086591991,1.64153027778229,17.7952199848454
-1.75997673184904,1.89396641008126,2,1.54578348936723,-1.90320870352819,1.59160462636343
0.852108862119729,14.9301022016634,15,14.7209839492803,0.649094559184423,14.1095439613366
-0.679701831577634,6.94380616912538,7,6.54669597310352,-0.527954265850448,7.84097139192016
-0.0999040320462548,10.0060163733379,10,9.69185955081665,0.565488316748626,13.6780500955422
0.633940858462051,13.8965770051255,14,13.6720338126377,0.515085275980927,13.4116797398341
-0.0935020044416218,10.0398794461184,10,9.72671497682047,0.101117082497503,11.161203454047
1.75511834019622,18.0429215077013,18,17.9217163447855,1.12391799686579,16.1859558283944
-0.311980374897306,8.89174597005811,9,8.54482274660737,-0.15252742213315,9.80953892047285
1.39145641719413,16.9624433092914,17,16.7958993434488,1.72598978388257,18.0259818126455
-0.505193791578104,7.87639616530878,8,7.50138995509464,-0.301229516313665,9.03065831643317
-1.37781042241348,3.2883943840115,3,2.88016730751568,-1.70370543162982,2.13034026334215
-0.695435327502944,6.85874249562775,7,6.45985970282239,-0.811062578047136,6.3181366804869
2.13037638164233,18.9753442567933,19,18.9078860120905,2.69864097254293,19.7519057133018
-0.296387968864828,8.97339237601108,9,8.62883903899423,-0.071082488388291,10.2394563712005
0.0897705330609691,11.0171854889218,11,10.7317103142447,0.234742319702408,11.8881802272847
-2.31843572048875,0.837258849896114,1,0.608092805117532,-1.52058517017198,2.77027485990215
0.870603458086733,15.0121847843432,15,14.8042932261052,0.361926297254348,12.5838713192956
-0.489355462384621,7.96012732879938,8,7.58730878672198,-0.244643276912781,9.32649939865532
0.268341342872749,11.9795323395288,12,11.7183210941641,0.243669716384799,11.9369907773623
-2.31843572048875,0.837258849896114,1,0.608092805117532,-2.40382928793601,0.767408056882212
1.47434711791924,17.2220686044882,17,17.0645281997634,1.41329398080584,17.1375958598123
0.0565039430744671,10.8386988452145,11,10.5483496067599,-0.174601339943117,9.69353825708126
0.267255361178942,11.9736790195396,12,11.7123317986717,0.429702865262704,12.9527060063355
-1.07423714784225,4.79625197873741,5,4.3727719039633,-1.17199388993705,4.37011513137633
-0.871316646618725,5.89926380063566,6,5.48402657573694,-0.78612952113471,6.45415779499069
-0.507965137792729,7.86173177863877,8,7.486345367043,-0.531759189121706,7.82083738124401
-0.0999040320462548,10.0060163733379,10,9.69185955081665,-0.15931150893962,9.77386754279492
-0.299350122442602,8.95788140696353,9,8.6128770122888,-0.665474912994817,7.10760760604305
0.241315506737473,11.8338038418754,12,11.5691625373872,0.127548072680976,11.3043080206946
1.394392088879,16.971804306431,17,16.8055648335008,1.21056303788509,16.4905689580704
-0.490677064110801,7.953145373929,8,7.58014333885258,-0.593533174529296,7.49276389000579
0.272931262859887,12.0042686064407,12,11.7436303288251,0.276070539657866,12.1142601086689
-0.489496021631968,7.9593848024099,8,7.58654673653161,-0.58359690709842,7.54569251856265
-0.114030573462415,9.93135769927381,10,9.61500870629918,-0.0904658481786816,10.1368320482935
-0.117462497590495,9.9132327657247,10,9.59635461194118,-0.00722529752918967,10.5790984894993
-0.276984115748646,9.07500847585775,9,8.73341888449945,-0.218041174523885,9.46574769922997
-1.69243013854286,2.09382428287358,2,1.73273609432002,-1.43684318974883,3.11184311879872
1.72868538058859,17.96915802668,18,17.8442117457055,1.2792330061078,16.7188214988364
1.39145641719413,16.9624433092914,17,16.7958993434488,0.978948948160381,15.6275211702468
-0.489186239936109,7.96102126015615,8,7.58822622537577,-0.426675545669489,8.37431226027656
0.865056923767904,14.9876653293114,15,14.7794061556376,1.28476281083622,16.7367515414424
0.656101987470012,14.0065767832754,14,13.783740083159,0.665990459604453,14.1948890808606
-0.306126827062655,8.92239663782081,9,8.57636179409446,-0.320005673035322,8.93253426680883
-1.31402624862454,3.58145987853401,3,3.16722016146125,-1.44316444329531,3.08501187190013
-0.489186239936109,7.96102126015615,8,7.58822622537577,-0.642943026249428,7.2286087079322
2.14320910883432,19.0020997326472,19,18.9363257336151,1.63241519286085,17.7699377271543
1.39145641719413,16.9624433092914,17,16.7958993434488,1.15325454749204,16.2913407288108
0.855265017139506,14.9441751884791,15,14.7352664871415,0.896706175032926,15.2808423153973
0.0907756981865961,11.0225849380327,11,10.7372582437431,0.02562821340643,10.7548267258328
0.268261357557371,11.9791012362724,12,11.7178799815497,0.177484491065994,11.5756970448104
-1.24654127787642,3.9072774113729,4,3.48826011263321,-1.01305824591101,5.21446025916977
-1.8169914982099,1.73993620399884,2,1.40313821518785,-2.43559174914748,0.732544327826923
-1.75997673184904,1.89396641008126,2,1.54578348936723,-1.22711775781106,4.08939608508686
-0.285932669631175,9.02814301169704,9,8.68518472454822,0.206524229888561,11.7340386275527
-0.281775317020526,9.04991522525854,9,8.70759242275217,0.00206533242354114,10.6287228482682
-0.296952515229641,8.97043617626104,9,8.62579684526632,-0.562577307194273,7.65745542708214
0.245373180519312,11.855690473644,12,11.5915702355912,0.294308580038453,12.2140837847724
-1.51029138565027,2.73235371813681,3,2.34082889943755,-1.4303793953389,3.13945269774413
-0.864448466114423,5.93690619707922,6,5.52216901857269,-0.556033796698631,7.6921925032092
0.0787775799700343,10.95815822051,11,10.6710840587331,0.143451772737038,11.3906027062764
0.839346993136375,14.8729256344126,15,14.6629587748821,1.09401304011912,16.0760079717404
0.275445486709042,12.0178163247049,12,11.7574907024929,0.50225643260103,13.3432707842758
1.09886786787028,15.94823284398,16,15.7560485800207,1.05734202835309,15.937558616765
0.648262178798893,13.9677781580905,14,13.7443415248972,0.300813257140789,12.2496862587845
-1.23925865152926,3.94331562496643,4,3.52388339140846,-1.09771462016975,4.75952620000476
-1.06522472563426,4.84441502062265,5,4.42100606391453,-1.09926848128198,4.75127147976999
0.852108862119729,14.9301022016634,15,14.7209839492803,0.190127837525101,11.6445949412958
0.460647920568115,13.0065455463224,13,12.7668301181922,0.978092588836611,15.6240254318795
-0.0996833460860975,10.0071833780108,10,9.69306340204001,-0.0464078132497525,10.3704043334637
0.653211209426075,13.9922854328027,14,13.7692285953647,1.18247831746446,16.393994645754
0.265710240571616,11.9653505620795,12,11.7038096063698,0.188049973868137,11.6332674071494
-2.31843572048875,0.837258849896114,1,0.608092805117532,-2.48605022687492,0.68022935256844
1.10010555101345,15.952927084134,16,15.7608347127084,1.02164137118901,15.7987903637293
-1.2558671171644,3.86136632089909,4,3.4429092927495,-1.57330792915779,2.57093967258376
1.39145641719413,16.9624433092914,17,16.7958993434488,1.03331446132464,15.8446040444636
0.275406997893165,12.0176089420333,12,11.7572785398116,-0.265570364057189,9.21704909396529
-0.490267487149048,7.95530924056498,8,7.5823640537536,-0.865724196488829,6.01919678166998
0.659723638994771,14.0244566623767,14,13.8018947489327,0.53879985048338,13.5375106469565
-0.858826185719444,5.96771827227397,6,5.5533998807825,-0.749362602169294,6.65419478205548
0.849046127375053,14.9164201534639,15,14.7070984433782,0.903708973136051,15.3112253243408
-1.48190780824084,2.84515697208113,3,2.44961320042848,-1.34094420174149,3.53883639780702
1.10010555101345,15.952927084134,16,15.7608347127084,0.60674010016883,13.8927478148896
-1.03748704671486,4.99336529364158,5,4.57035837664909,-1.27281937787576,3.8632089914132
-0.892445890912498,5.78346376117967,6,5.36676964430415,-0.983815634574615,5.37340506318187
0.660679642674007,14.0291717818448,14,13.8066808816203,0.683245185656958,14.2813302037106
-1.69146903582257,2.09680845207258,2,1.73554188901712,-1.47607818852495,2.94804613336911
-0.488823620544207,7.96293677914903,8,7.59019212678951,-0.547115968786309,7.73949284875735
-0.296387968864828,8.97339237601108,9,8.62883903899423,-0.412133255386826,8.45056010236674
-0.679701831577634,6.94380616912538,7,6.54669597310352,-0.535562318189817,7.80070479043943
-1.42637515685264,3.07596326677565,3,2.67323257326682,-1.30812299572322,3.69308472434623
-0.489186239936109,7.96102126015615,8,7.58822622537577,-0.427127701281785,8.37194046504725
-0.290399450756417,9.00475146473321,9,8.66111117224003,0.0277779366551336,10.7663493136703
-1.18044793512921,4.239909438962,4,3.81785799176538,-1.03466952945698,5.09748591903404
0.862945372597351,14.9783089247013,15,14.769909750464,0.818313065323464,14.9298811262281
0.466767685097929,13.0387206027899,13,12.7996044546415,0.742874111466137,14.5740734720961
-0.0935020044416218,10.0398794461184,10,9.72671497682047,-0.398211863722547,8.52349539073489
1.10010555101345,15.952927084134,16,15.7608347127084,1.09943473812427,16.0961349749544
-1.434402963082,3.04178534591182,3,2.64003580964328,-1.75737340198399,1.97007200204108
0.460647920568115,13.0065455463224,13,12.7668301181922,0.364384303010269,12.5972906748193
-0.292229867559651,8.99516626652476,9,8.65124673719819,0.00660746142075425,10.6530038286222
0.660640104514483,14.0289768134401,14,13.806484259849,0.703491153795165,14.3817932771242
-0.825680145020896,6.14928274561241,6,5.73760075133636,-0.47810094066325,8.10407565744051
0.645341864376087,13.9532932054026,14,13.7296334153315,0.35272046285326,12.5335922319794
0.124469038721288,11.2037668452896,11,10.9232756840938,0.67967963529502,14.2635286633292
-0.868400330852217,5.91524744776796,6,5.50022098786289,-0.912001566136279,5.76578224493679
1.11156656715003,15.9962106371955,16,15.8049743812044,1.11441819087806,16.1513100676134
0.0798125714451674,10.9637137839336,11,10.6767908418919,-0.0530941341061384,10.3348849639448
-0.0935020044416218,10.0398794461184,10,9.72671497682047,0.19285892888889,11.6594861856393
0.447829256142001,12.9390123480639,13,12.6980251399373,0.592632609496101,13.8196939652215
-1.07277255526148,4.80407050007375,5,4.3805999769992,-1.28469322168408,3.80552195032313
-0.695269210403205,6.85964144535047,7,6.46077714147619,-0.672038862374191,7.07229373380773
-0.848818299907876,6.02255750070831,6,5.60900528885382,-0.820818108795434,6.26484819663225
0.633982753566004,13.896785899504,14,13.6722459753191,0.850779352125784,15.0776233051219
0.268261357557371,11.9791012362724,12,11.7178799815497,0.100972287976501,11.1604206149742
1.73390510648636,17.9837850365624,18,17.8595736098337,0.956699101542877,15.5359188439094
0.865884928089486,14.991330968467,15,14.7831266842321,0.672801427347104,14.2290981977688
0.459032721927045,12.9980463005546,13,12.7581718575922,0.174188421105304,11.5577468739353
-0.0936419393739027,10.0391390778315,10,9.7259529266301,-0.188103361358018,9.62267240365874
-1.8169914982099,1.73993620399884,2,1.40313821518785,-1.99621242369291,1.38929506765127
-0.858826185719444,5.96771827227397,6,5.5533998807825,-0.511539681364554,7.92774007235813
0.646370031517815,13.9583949832325,14,13.7348142819753,0.866436629580632,15.1476718497538
1.11280633033578,16.0008727534426,16,15.8097296761439,1.25535436138055,16.6406528886038
0.0897705330609691,11.0171854889218,11,10.7317103142447,0.201170580851497,11.7048230619818
-1.434402963082,3.04178534591182,3,2.64003580964328,-1.68350729236278,2.19377524559644
0.449032208434755,12.9453576646573,13,12.7044907614691,0.124430480741227,11.2874078589664
-0.10991008459681,9.95312566382738,10,9.63741640450314,0.0592559240022849,10.9354110208109
1.11502286778497,16.0091983581793,16,15.8182221527207,0.994157130985759,15.6892057106041
0.446063010937226,12.9296929408537,13,12.6885287347636,0.260669836605703,12.0299825375049
-1.05394996188659,4.90483490031163,5,4.48155620495423,-1.18292124494819,4.3138444046642
-1.25748321750994,3.85343786406165,4,3.4350812197136,-1.21682853225245,4.14117567008188
-1.51029138565027,2.73235371813681,3,2.34082889943755,-1.66612948144081,2.24974455109941
0.477161442095559,13.0932643829137,13,12.8551544776378,-0.0739943624452667,10.2240262675535
0.274582844099662,12.0131682083731,12,11.7527354075535,-0.0717348671812602,10.2359989811404
-0.656955212403819,7.06649935404516,7,6.67202580067624,-0.74936168220746,6.65419977818176
-0.329137773147713,8.80190092632074,9,8.45238325881984,-0.55637872316232,7.69036205849541
0.458944697482776,12.9975830262745,13,12.7576999072296,0.535351712184745,13.519267791527
0.852108862119729,14.9301022016634,15,14.7209839492803,1.0740496389481,16.0011424251443
-1.8169914982099,1.73993620399884,2,1.40313821518785,-1.35253852081136,3.48529457189873
1.09886786787028,15.94823284398,16,15.7560485800207,0.660673743024723,14.1681065802168
-0.489186239936109,7.96102126015615,8,7.58822622537577,-1.15346311933566,4.4661830150034
0.494840045378749,13.1857274820907,13,12.9492961148268,0.295084153690772,12.2183288541115
-0.893857479913794,5.77572855258082,6,5.35894157126825,-0.628549584038595,7.30572622110124
1.10010555101345,15.952927084134,16,15.7608347127084,0.552450710959156,13.6095445700263
0.649206803339309,13.9724597960546,14,13.7490968198366,0.415365267178924,12.8749289088739
-1.04795745967933,4.93701925676877,5,4.51382833820003,-1.06132599368774,4.95392405334916
1.39145641719413,16.9624433092914,17,16.7958993434488,1.67040804522688,17.8748357206545
0.100285999511591,11.0736886705653,11,10.7897354886429,-0.22291677691073,9.44021456201035
1.72868538058859,17.96915802668,18,17.8442117457055,2.02851655935987,18.7844118847607
-1.51029138565027,2.73235371813681,3,2.34082889943755,-1.308379210488,3.69186565338861
-1.8169914982099,1.73993620399884,2,1.40313821518785,-1.47501784970799,2.95238627500189
1.72868538058859,17.96915802668,18,17.8442117457055,1.59697553695606,17.670941279644
-0.612077931511955,7.30754521201375,7,6.91851064287817,-0.138611565472874,9.88277018612232
-0.10991008459681,9.95312566382738,10,9.63741640450314,-0.194877513734222,9.58714100796098
-1.72260656722066,2.00214940292002,2,1.64673971732226,-1.78844502496355,1.88263678325705
-0.125885201128678,9.86877078771687,10,9.55058013422201,-0.11296026012692,10.0179880302526
0.288530725665828,12.0882984199324,12,11.829586252071,0.0768484937421868,11.0301707224779
0.862840503170162,14.9778439276879,15,14.7694378001013,1.10225996170022,16.1065887438705
1.42807225820164,17.0782965269283,17,16.9156261401843,1.23902601183033,16.5864793168665
-0.260932888185976,9.15909037847486,9,8.81996329622887,-0.37029277133778,8.66962691064123
-0.292400107640282,8.99427479139995,9,8.6503292985444,-0.621533106370583,7.34326906273649
-0.328684211908153,8.80427617642372,9,8.45482702411717,-0.159475011638571,9.77300805909697
0.458140135869181,12.993348194118,13,12.7533857249046,0.0436766183080061,10.8516587212272
1.76324634813459,18.0654461819468,18,17.9454007713707,1.45003959144034,17.2474247488672
-0.489186239936109,7.96102126015615,8,7.58822622537577,-0.73935025201857,6.70854102524173
-1.49566031565088,2.79005879251519,3,2.39643430750887,-1.582342563791,2.53801334884722
-0.489186239936109,7.96102126015615,8,7.58822622537577,-0.483773324709449,8.07420062237533
1.14171945535664,16.1085117280897,16,15.919576962409,1.63890393103978,17.7879428461369
-1.71979986312196,2.01051181687654,2,1.65456779035817,-1.24417097997168,4.00425148719154
-0.113156029109256,9.93597719617494,10,9.61976400123862,-0.125050689162354,9.95421610661917
0.855265017139506,14.9441751884791,15,14.7352664871415,0.69991102540659,14.3641058227325
0.862945372597351,14.9783089247013,15,14.769909750464,0.76379619664668,14.6744487428558
0.456287449665628,12.9835937338643,13,12.7434482071165,0.263088899649972,12.0432186838173
0.287661645224383,12.0836187280673,12,11.8248001193833,0.466509544254024,13.1515474694049
0.627109620797846,13.8624688257264,14,13.6373905493153,0.643898725612249,14.0831635798005
0.0800375768031956,10.9649216063817,11,10.6780292181216,0.5380001713609,13.5332815018168
-0.679701831577634,6.94380616912538,7,6.54669597310352,-0.325483149479155,8.90390772911691
-0.431059752207421,8.26732214352934,8,7.90275599823494,-0.306788472896801,9.00160731257259
0.290067363899559,12.0965721107187,12,11.8380478908996,0.073581162153389,11.0125570965408
-0.296387968864828,8.97339237601108,9,8.62883903899423,-0.505323978623169,7.96055966266486
1.72868538058859,17.96915802668,18,17.8442117457055,1.34485488309999,16.9277277731271
1.12789743721335,16.057313376864,16,15.8673137379276,1.17279579991801,16.3602330805928
-1.07423714784225,4.79625197873741,5,4.3727719039633,-1.20929287825867,4.17928563635015
-0.113809168472862,9.93252716895796,10,9.61621255752254,0.0596244632195742,10.937394105382
0.655148159408413,14.0018632061424,14,13.7789539504714,0.568655763333167,13.6946483920278
0.653211209426075,13.9922854328027,14,13.7692285953647,0.136700878662868,11.3539552798169
-0.295191847111622,8.97965580110043,9,8.63528471049276,-0.559582210217214,7.67335848948442
-1.0492383899321,4.9301356535245,5,4.50692489554187,-1.4741533707911,2.9559283148863
1.10010555101345,15.952927084134,16,15.7608347127084,0.758260941447854,14.6480162100212
0.100285999511591,11.0736886705653,11,10.7897354886429,-0.0144721287193932,10.5404285898956
-1.73911745432568,1.95363083755486,2,1.60138889743855,-1.24854273734538,3.98256347549882
-0.63492065040586,7.18502151843909,7,6.79318081530546,-0.473488159858545,8.12835933469755
1.11904029317565,16.0242568371274,16,15.8335840168489,1.32789511780774,16.8745155384156
1.12789743721335,16.057313376864,16,15.8673137379276,0.395416841732318,12.7664697384121
0.467341917105163,13.0417374111734,13,12.802677232738,0.798426138452025,14.8377514123298
0.0758351499386178,10.9423662101817,11,10.6548594697273,0.00189475964070971,10.6278112685811
0.646282473229568,13.9579606025287,14,13.7343731693609,0.791901769561991,14.8072610565798
-0.670953153371167,6.99103634556886,7,6.59493013305475,-0.660510342866788,7.13429769997769
0.862945372597351,14.9783089247013,15,14.769909750464,1.29139550388713,16.7581747489099
0.841429021672818,14.8822834331526,15,14.6724551800558,1.05265010417971,15.9195483598009
1.11280633033578,16.0008727534426,16,15.8097296761439,1.06559166104154,15.9690608362705
1.73390510648636,17.9837850365624,18,17.8595736098337,0.999102114295311,15.709101308533
0.0863577769862432,10.9988558387688,11,10.7128846441254,-0.142662588857226,9.86144332672749
-1.75997673184904,1.89396641008126,2,1.54578348936723,-1.72474122530581,2.06610105012796
-1.45926587489988,2.93766493162526,3,2.53907958168825,-1.66015151300226,2.26929802887188
0.468892011853524,13.0498790975981,13,12.8109697866883,0.562034556430041,13.6599311714869
-2.31843572048875,0.837258849896114,1,0.608092805117532,-1.82695499486935,1.77951824494341
0.449032208434755,12.9453576646573,13,12.7044907614691,0.478374259301722,13.2153503416007
0.460647920568115,13.0065455463224,13,12.7668301181922,0.443251024081266,13.0260452855745
-0.296387968864828,8.97339237601108,9,8.62883903899423,-0.325900434451162,8.90172685028189
2.13037638164233,18.9753442567933,19,18.9078860120905,1.44326215216425,17.2273031255339
-0.868400330852217,5.91524744776796,6,5.50022098786289,-1.03325668082118,5.10511838861875
-0.489355462384621,7.96012732879938,8,7.58730878672198,0.0230007434374388,10.7407474235794
0.656101987470012,14.0065767832754,14,13.783740083159,0.770284261531505,14.7053168138198
-2.31843572048875,0.837258849896114,1,0.608092805117532,-2.06360903262205,1.25923206652782
0.66665062122304,14.0585774185784,14,13.8365380122551,0.356195847796151,12.552577189328
0.100285999511591,11.0736886705653,11,10.7897354886429,0.094623936300434,11.1261102172655
1.75136568864334,18.0324967008265,18,17.9107575080483,0.857229281073972,15.1065749649805
-0.485221746715799,7.9819600075225,8,7.60971648492594,-0.857913290552403,6.06195681320251
0.0897705330609691,11.0171854889218,11,10.7317103142447,0.587177020799197,13.7913372608736
-0.484859023477973,7.98387537410385,8,7.61168238633967,-0.241197462147235,9.34452817876078
0.668562191023078,14.0679753516437,14,13.8460794398822,0.798201050015204,14.8367016712576
-0.600828037187529,7.36775879367736,7,6.98013342025824,-0.818357511795286,6.27829215288223
-0.480455830876872,8.0071214805186,8,7.63554294667321,-0.253889159514156,9.27813446819389
-1.18044793512921,4.239909438962,4,3.81785799176538,-1.41419459843884,3.2093469038796
-0.0999040320462548,10.0060163733379,10,9.69185955081665,-0.0121740266029173,10.5526879429971
-0.10920447993682,9.95685399444708,10,9.64125426078878,0.223164719550231,11.8249091119481
-0.867881133039494,5.91809302289101,6,5.50310432793041,-0.881330922535153,5.93373794419985
1.39402623160955,16.9706384025711,17,16.8043609822775,1.37276737010624,17.0142216797272
-2.31843572048875,0.837258849896114,1,0.608092805117532,-1.7872199797125,1.88601150208037
-0.0999040320462548,10.0060163733379,10,9.69185955081665,-0.458415336652507,8.20764520549683
-0.10991008459681,9.95312566382738,10,9.63741640450314,-0.209487122222527,9.51055925332297
0.100285999511591,11.0736886705653,11,10.7897354886429,-0.103072840725611,10.0701937590333
-1.48391798903448,2.83705169827549,3,2.44178512739258,-1.51211916626273,2.80342406779004
0.28593743602059,12.0743338000283,12,11.8153037142097,0.356078148651735,12.5519343044239
0.889767515713885,15.0962586178942,15,14.8896365471995,0.979283194430047,15.6288849471477
0.0992415315079497,11.0680747138631,11,10.7839735387262,0.143320432170602,11.3898894917485
1.72868538058859,17.96915802668,18,17.8442117457055,1.70448190424833,17.9678272415581
0.862945372597351,14.9783089247013,15,14.769909750464,0.316997551892284,12.3382560885604
0.467116935570534,13.0405554856283,13,12.8014733815147,0.137350317491106,11.3574797283482
0.272854690908007,12.0038559800714,12,11.7432081646317,0.552711408940614,13.6109172487222
-0.501064982751156,7.89823598332959,8,7.5237976532986,-0.0581571704608601,10.3080064550683
-0.285762448543927,9.0290344442043,9,8.68610216320201,-0.16640946820366,9.73656540751377
-0.299179865659472,8.95877293039271,9,8.6137944509426,-0.519813732003504,7.88402090188141
1.08394074632858,15.8913076583654,16,15.6980234056226,0.936210540620704,15.4501344066189
0.456287449665628,12.9835937338643,13,12.7434482071165,0.419779447917275,12.8988913586409
1.40563336786543,17.007530565662,17,16.8424670230956,1.19505121457244,16.4374740407121
1.41509758220463,17.0374655954222,17,16.8734039425288,1.09504726946286,16.0798540532747
-0.680993843205612,6.93682691851275,7,6.53956954808745,-0.384021938832366,8.59778765302639
-0.695269210403205,6.85964144535047,7,6.46077714147619,-0.689832041992796,6.97642272523926
-1.06522472563426,4.84441502062265,5,4.42100606391453,-0.954219228174125,5.53485717219526
0.0871814174882274,11.0032791692764,11,10.7174277763835,-0.0377567636487219,10.4164005475503
-0.600828037187529,7.36775879367736,7,6.98013342025824,-0.596178122567409,7.47866408255484
1.39145641719413,16.9624433092914,17,16.7958993434488,1.69466745747987,17.9411492564527
0.100285999511591,11.0736886705653,11,10.7897354886429,0.0015294687214623,10.6258591331765
-0.0893879683571439,10.0616498739611,10,9.74912267502443,-0.0769485609235718,10.2083767569623
0.478941024080856,13.1025899512858,13,12.8646508828114,0.41429724283499,12.8691289672045
0.0594042984060273,10.854243119614,11,10.5643225211802,-0.0478384140401634,10.3628023956652
0.469786936021544,13.0545782753541,13,12.8157559193759,0.486115994226411,13.2568945414547
0.0863577769862432,10.9988558387688,11,10.7128846441254,0.0439654244113768,10.8532098979558
1.41174091006976,17.0268633470329,17,16.8624451057915,1.8878259113422,18.4479067245314
-2.31843572048875,0.837258849896114,1,0.608092805117532,-2.37074674257611,0.805405853750244
2.14320910883432,19.0020997326472,19,18.9363257336151,1.84214104221743,18.3319433622452
0.855265017139506,14.9441751884791,15,14.7352664871415,0.881257789981276,15.2132498400371
1.39145641719413,16.9624433092914,17,16.7958993434488,1.59697553695606,17.670941279644
-0.882986462275379,5.83530415185675,6,5.41924688920393,-0.751834930592169,6.64076633803931
-0.0895563836709204,10.0607585158233,10,9.74820523637063,-0.171249709202877,9.71113941532384
0.442870199077214,12.9128379118532,13,12.6713526575385,0.228091402025602,11.8518288423902
1.10010555101345,15.952927084134,16,15.7608347127084,1.58920078259195,17.6490727553783
-2.31843572048875,0.837258849896114,1,0.608092805117532,-2.54717882121869,0.621547654110051
0.279649382230712,12.0404651943659,12,11.7806604508873,0.222742547939307,11.8226026568301
-1.73911745432568,1.95363083755486,2,1.60138889743855,-1.26060193746088,3.92304308719709
-0.292400107640282,8.99427479139995,9,8.6503292985444,-0.143528219926415,9.8568870911574
-0.860465198397413,5.95873615055952,6,5.54429480205404,-0.900667245947654,5.82784417545835
-1.35767357926717,3.37924670606282,3,2.96896947921054,-0.80440796685194,6.354466139853
-0.884688476100741,5.82597614379465,6,5.40980243611747,-1.17314558591482,4.36417083427699
-0.079619746563611,10.1133710595942,10,9.80235695301911,0.034485978971034,10.8023236904912
0.648262178798893,13.9677781580905,14,13.7443415248972,0.391775000282585,12.7466418822537
-0.0999040320462548,10.0060163733379,10,9.69185955081665,-0.649851181046735,7.19154667420219
0.648262178798893,13.9677781580905,14,13.7443415248972,0.843700640262427,15.0456958681044
0.466974526264119,13.0398073168267,13,12.8007113313243,0.0764784215318525,11.0281753934449
-0.489133410486784,7.96130033313379,8,7.58851263794534,-0.335717476472749,8.85041661722366
0.467116935570534,13.0405554856283,13,12.8014733815147,0.750371292317154,14.6101868530262
0.876856300580012,15.0397264031645,15,14.8322491071871,0.84349294885212,15.0447566916636
-0.0217008304773335,10.4209446227253,10,10.1188313764396,0.657169201915928,14.1504156101678
0.279511096448021,12.0397202399772,12,11.7798984006969,0.311716724365615,12.3093592007352
-0.489186239936109,7.96102126015615,8,7.58822622537577,-0.609260640918971,7.40885643437738
-0.297717682746576,8.96642945575473,9,8.62167359112483,0.0636973433279024,10.9593157109064
1.39145641719413,16.9624433092914,17,16.7958993434488,1.10257862632497,16.1077663822031
0.453665641448169,12.9697832099365,13,12.7293778319366,0.178348092736161,11.5804009486097
-1.8169914982099,1.73993620399884,2,1.40313821518785,-1.62038004638736,2.40333568810003
-0.110078764711384,9.95223440958019,10,9.63649896584935,-0.0455490929534996,10.3749679958861
0.669512652514885,14.0726452253042,14,13.8508205501164,0.409768400113305,12.8445258871256
-2.15440817687164,1.05965873318223,1,0.795045410070316,-1.82437009680718,1.78626206080738
-2.31843572048875,0.837258849896114,1,0.608092805117532,-2.5997994213802,0.574834507154226
0.446233615523901,12.9305932648294,13,12.6894461734174,0.50151624708199,13.3393169868929
0.261551666563057,11.9429327597943,12,11.6808688079085,0.0593713001794337,10.9360318429694
1.11156656715003,15.9962106371955,16,15.8049743812044,0.863195194250715,15.1332349302844
0.876856300580012,15.0397264031645,15,14.8322491071871,0.892834769071633,15.2639766098782
0.459032721927045,12.9980463005546,13,12.7581718575922,0.286743503765614,12.1726763825285
-0.630482226113481,7.20885583490691,7,6.81755441492315,-0.85386758704807,6.08410065125705
-1.41308229003233,3.13314880154504,3,2.72883798133814,-1.47470527490199,2.95366661993157
-1.65616180258543,2.20922489491726,2,1.84152039531095,-1.71537413670875,2.09447779738512
0.0595426585659649,10.8549847373683,11,10.5650845713706,0.103484700410699,11.1740058655713
-0.869683622776214,5.90821405202653,6,5.49309456284682,-0.547152275627831,7.73930037138622
0.85131752728587,14.9265695143683,15,14.717401667816,0.940764964412318,15.4693225821416
0.862945372597351,14.9783089247013,15,14.769909750464,0.630946089850137,14.0171322638465
-0.679345390334009,6.94573141832554,7,6.54866187451725,-0.549162519168809,7.72864204755328
0.0800375768031956,10.9649216063817,11,10.6780292181216,0.155615423456069,11.4566928658999
1.39145641719413,16.9624433092914,17,16.7958993434488,1.23305857881265,16.5665292385178
-1.0492383899321,4.9301356535245,5,4.50692489554187,-0.862574966939834,6.03643803071311
0.467653724659461,13.0433753722663,13,12.8043455648757,0.429664065606225,12.9524957497259
2.14320910883432,19.0020997326472,19,18.9363257336151,2.17007690404272,19.0823140285339
-2.05522631219088,1.22394029560642,1,0.9376906842497,-1.49750757360291,2.86137481200342
1.39145641719413,16.9624433092914,17,16.7958993434488,1.14708331959336,16.2693700895454
0.288530725665828,12.0882984199324,12,11.829586252071,0.733266259400308,14.5275599844003
0.0897705330609691,11.0171854889218,11,10.7317103142447,0.113784661654426,11.2297390845643
-1.16308034260864,4.32923495613905,4,3.90666016346024,-1.21471220229678,4.15186275774544
0.648262178798893,13.9677781580905,14,13.7443415248972,0.51133476019574,13.3917038347159
-0.0895563836709204,10.0607585158233,10,9.74820523637063,-0.145681086331593,9.84555691888679
-0.292400107640282,8.99427479139995,9,8.6503292985444,-0.0763009293597049,10.2118070891731
1.40015637139512,16.9901473426317,17,16.8245089790933,1.52183427903859,17.4571925620038
0.0626554851937925,10.8716716847272,11,10.5822308198919,0.00141274123842968,10.6252353527648
-0.103503162879297,9.98698686905415,10,9.67227183050696,-0.621005924645463,7.34608851380564
0.887850374009614,15.0878931386435,15,14.8811440706226,0.876453811522366,15.1920721446352
1.11280633033578,16.0008727534426,16,15.8097296761439,0.620780187047084,13.9650466149402
0.460647920568115,13.0065455463224,13,12.7668301181922,0.519489326152064,13.4351109967031
-0.297717682746576,8.96642945575473,9,8.62167359112483,-0.544350203189112,7.75415304338076
0.0975600660605152,11.059037695499,11,10.7746909005912,0.145530576280495,11.4018923602442
-1.8169914982099,1.73993620399884,2,1.40313821518785,-1.93558851871516,1.51797671398125
0.660679642674007,14.0291717818448,14,13.8066808816203,0.643681213218883,14.0820578639463
-0.984571474054017,5.27996846888355,5,4.85847080538384,-0.908180565721209,5.78670283516664
0.255235181085657,11.9088760849307,12,11.6460133819047,0.458297946030928,13.107299952309
-0.293317660775934,8.98946997550916,9,8.64538456557601,-0.380539690999512,8.61601236565404
-0.283450440864878,9.04114240015496,9,8.69856345849563,-0.430258978966028,8.3555134128627
-0.490267487149048,7.95530924056498,8,7.5823640537536,-0.782689363501872,6.47290370282108
-0.848818299907876,6.02255750070831,6,5.60900528885382,-0.908839197566492,5.78309658680864
0.878753611766154,15.048062361672,15,14.8407107460158,0.807730389536858,14.881007296798
0.439130841646068,12.8930839283143,13,12.6512208820104,0.361926297254348,12.5838713192956
-0.285762448543927,9.0290344442043,9,8.68610216320201,0.113461627817931,11.2279902085721
-1.48391798903448,2.83705169827549,3,2.44178512739258,-1.11098783573918,4.68914821545439
-2.31843572048875,0.837258849896114,1,0.608092805117532,-1.59711728011349,2.48494412745995
0.118788305186117,11.1731950266533,11,10.8918955678213,0.055515638373082,10.9152896627193
-1.23003990746106,3.98916319003826,4,3.56923421129217,-1.43583811971626,3.11612471319221
-0.291865076102454,8.99707652893375,9,8.65321263861192,-0.350163131491798,8.77490003950464
-0.489355462384621,7.96012732879938,8,7.58730878672198,-0.562455426476902,7.65810268296261
0.0871038137670422,11.0028623910502,11,10.7170022046791,0.470532353320133,13.1731978034792
0.862945372597351,14.9783089247013,15,14.769909750464,1.15814158927738,16.3086659262553
0.876856300580012,15.0397264031645,15,14.8322491071871,0.917610963814625,15.3710656731417
-0.868400330852217,5.91524744776796,6,5.50022098786289,-0.522935707929669,7.86751524206921
-0.29362931267513,8.98783800149101,9,8.64370507673185,-0.136435447548424,9.89422949319616
1.73390510648636,17.9837850365624,18,17.8595736098337,1.29598587672627,16.7729492060948
-0.679701831577634,6.94380616912538,7,6.54669597310352,-0.814252879185451,6.30071383928479
-1.22831999375677,3.99774461627127,4,3.57772649389298,-0.65405458051667,7.16897987597506
-0.868400330852217,5.91524744776796,6,5.50022098786289,-0.957409225153424,5.51743329860165
1.40883585243829,17.0176744455084,17,16.8529487006179,1.2708129321439,16.6913971491137
0.456227629773177,12.983278715257,13,12.7431272695406,0.601271146798743,13.8644750426391
0.668562191023078,14.0679753516437,14,13.8460794398822,0.216423109499263,11.7880839262134
1.11156656715003,15.9962106371955,16,15.8049743812044,1.18334319498757,16.3969985115913
-2.31843572048875,0.837258849896114,1,0.608092805117532,-2.37086115649305,0.805271375717384
-0.814415873155853,6.21093029663461,6,5.80020709145887,-1.3145616410202,3.66251976344163
-1.26395009954386,3.82179465888147,4,3.40384941125996,-1.3234777031687,3.62043782929689
-0.679345390334009,6.94573141832554,7,6.54866187451725,-0.689467664942744,6.97838811451002
0.458140135869181,12.993348194118,13,12.7533857249046,0.806580015798265,14.8756736078386
-0.5145133075409,7.82706627302724,8,7.45078466506678,-0.593194888019368,7.49456691779383
2.13037638164233,18.9753442567933,19,18.9078860120905,2.0670309827612,18.8699810148165
0.27589039352379,12.0202135129821,12,11.7599431292424,0.400920000560684,12.7964162843353
-0.470189289262437,8.06128716978839,8,7.69114835474453,-0.557377078037784,7.68506361964349
-0.10991008459681,9.95312566382738,10,9.63741640450314,-0.699012287192612,6.92687736127553
-0.0999040320462548,10.0060163733379,10,9.69185955081665,0.176168606651461,11.5685302540984
-1.2690185407497,3.79708779202069,4,3.37947581164228,-1.24346538700062,4.007757311369
-0.0935020044416218,10.0398794461184,10,9.72671497682047,-0.422723466586255,8.39504019812426
0.876856300580012,15.0397264031645,15,14.8322491071871,0.0553516984865866,10.9144079294336
-0.409206759715728,8.38214583238925,8,8.0207462338767,-0.271112834828507,9.18807155850378
0.0871814174882274,11.0032791692764,11,10.7174277763835,0.544259323893795,13.5663560805225
1.12789743721335,16.057313376864,16,15.8673137379276,1.08433655392243,16.039869042866
-1.21877274777985,4.04553593448106,4,3.62504321519042,-1.18964011164481,4.27939167515208
0.667609571140146,14.0632929252197,14,13.8413241449427,0.403924125214399,12.8127557941179
0.656101987470012,14.0065767832754,14,13.783740083159,0.71622278239676,14.4444170177655
-2.31843572048875,0.837258849896114,1,0.608092805117532,-1.87085648341742,1.66877321657369
-0.672357347978826,6.98345913121205,7,6.58719091191104,-0.386824996255705,8.58311569427572
-0.480233637848961,8.00829427646105,8,7.63674679789658,-0.282744617939494,9.1272675447319
0.311854518367673,12.2137934819154,12,11.9578992022198,0.159691322850204,11.478855446211
-1.24654127787642,3.9072774113729,4,3.48826011263321,-1.12870287322767,4.59571874231536
1.10010555101345,15.952927084134,16,15.7608347127084,1.09445934033064,16.0776680569709
0.096087727580003,11.0511254082427,11,10.7665657402486,0.265676536933709,12.0573780194549
-1.434402963082,3.04178534591182,3,2.64003580964328,-1.4373280071051,3.10977931340136
-0.0935020044416218,10.0398794461184,10,9.72671497682047,-0.169617474490066,9.71971263066409
1.72868538058859,17.96915802668,18,17.8442117457055,1.03891123315217,15.8664172906301
-0.874296594568312,5.88293124101603,6,5.46748104915516,-0.669101989417223,7.08809759301768
-1.19054158749111,4.18833982486479,4,3.7666450002595,-0.99039891574952,5.33756504808233
1.39548101820212,16.9752732875363,17,16.8091471149651,1.03449027580037,15.8491949221205
-0.848818299907876,6.02255750070831,6,5.60900528885382,-0.936884180609433,5.62961379201443
-1.20906974649007,4.09437195882975,4,3.67343210824601,-0.901056714245147,5.82571140867244
-0.10991008459681,9.95312566382738,10,9.63741640450314,0.0562136957748988,10.9190442812727
1.10010555101345,15.952927084134,16,15.7608347127084,1.5723160719571,17.6013889166735
-1.73911745432568,1.95363083755486,2,1.60138889743855,-1.69210643549996,2.16655694790605
-0.297710441135785,8.96646737562202,9,8.62171261397816,-0.606694892782829,7.42255594196249
-0.848818299907876,6.02255750070831,6,5.60900528885382,-0.708789456680436,6.87405040097921
-0.696330611627518,6.85389732512595,7,6.45491496985401,-0.680490226435538,7.02678329930448
0.100285999511591,11.0736886705653,11,10.7897354886429,-0.292049292908466,9.07863567803396
1.11626537052923,16.0138599505349,16,15.8229774476602,1.21564345310013,16.5078298766817
1.39145641719413,16.9624433092914,17,16.7958993434488,1.74642228997833,18.080824790577
-1.01264007033899,5.12759475130661,5,4.70517557779257,-0.682840475119067,7.01411882491438
-1.06539588442449,4.84349920672698,5,4.42008862526074,-1.13818635718441,4.54595407047547
0.274582844099662,12.0131682083731,12,11.7527354075535,0.19849069169251,11.690202451158
0.864002388867701,14.9829941333215,15,14.7746650454034,0.804074487778704,14.8640426290094
-0.600995615035138,7.36686247289047,7,6.97921598160445,-0.795716038558397,6.40189064581927
1.10010555101345,15.952927084134,16,15.7608347127084,1.14575990376853,16.2646449150869
-1.42157648028085,3.09652226092304,3,2.6932147025629,-1.35375002221937,3.47972921640885
0.633940858462051,13.8965770051255,14,13.6720338126377,0.904208537435039,15.3133866462958
0.855265017139506,14.9441751884791,15,14.7352664871415,0.876444546174472,15.1920312271262
-0.419603913926906,8.32753434080195,8,7.96462359871903,-0.358564924376309,8.73096781301548
0.474406811301207,13.0788215469308,13,12.8404463680721,0.0614089999256924,10.9469977909606
0.288530725665828,12.0882984199324,12,11.829586252071,0.182974232822136,11.6056042818917
-0.306491683975391,8.92048615568592,9,8.57439589268072,-0.163554392813926,9.75156741782594
-1.98991935058536,1.34688685438876,1,1.04647498524064,-2.26219868003921,0.943336247514143
-0.296387968864828,8.97339237601108,9,8.62883903899423,-0.455804884431163,8.22136711563699
-0.470189289262437,8.06128716978839,8,7.69114835474453,-0.225875937181663,9.42472047080109
-0.10991008459681,9.95312566382738,10,9.63741640450314,-0.352931396668247,8.76042602624767
-0.0999040320462548,10.0060163733379,10,9.69185955081665,-0.321179862067056,8.92639778473376
1.39548101820212,16.9752732875363,17,16.8091471149651,1.19647461915765,16.4423711516726
-0.485221746715799,7.9819600075225,8,7.60971648492594,-0.699012287192612,6.92687736127553
1.10010555101345,15.952927084134,16,15.7608347127084,1.02624476421508,15.8169089508904
-0.679701831577634,6.94380616912538,7,6.54669597310352,-1.03766682118902,5.08130132292713
0.282409395331496,12.0553324852422,12,11.7958684210723,-0.0513262414104398,10.3442738606655
0.467116935570534,13.0405554856283,13,12.8014733815147,0.623818088582092,13.9806350620876
-1.21759404939272,4.05145431821706,4,3.6309053868126,-1.14618795678156,4.5041097021458
0.868007109894487,15.0007175470609,15,14.7926539271539,1.07451148965554,16.0028879852342
0.257823189144761,11.9228307215038,12,11.660295919766,-0.138158386948956,9.88515642296423
-0.296387968864828,8.97339237601108,9,8.62883903899423,-0.706363459959035,6.88716401135279
-1.8169914982099,1.73993620399884,2,1.40313821518785,-2.19913858185181,1.03389513029535
-1.48391798903448,2.83705169827549,3,2.44178512739258,-1.69210643549996,2.16655694790605
0.855265017139506,14.9441751884791,15,14.7352664871415,0.606592510794897,13.8919856262174
0.460647920568115,13.0065455463224,13,12.7668301181922,0.335484362224975,12.4393812950953
1.11156656715003,15.9962106371955,16,15.8049743812044,0.914801566589267,15.3590238897445
0.0975600660605152,11.059037695499,11,10.7746909005912,0.0714455338020186,11.0010478811649
-1.75997673184904,1.89396641008126,2,1.54578348936723,-1.81406819033445,1.81339088003023
-1.0492383899321,4.9301356535245,5,4.50692489554187,-0.803732261832881,6.35815402205429
-2.31843572048875,0.837258849896114,1,0.608092805117532,-1.59813336891949,2.48132983023766
-0.679345390334009,6.94573141832554,7,6.54866187451725,-0.998820550558363,5.29176295137989
0.0897705330609691,11.0171854889218,11,10.7317103142447,-0.201766422142519,9.5510223887165
0.0897705330609691,11.0171854889218,11,10.7317103142447,0.0119370507044338,10.6815111297938
-0.0895563836709204,10.0607585158233,10,9.74820523637063,0.0560034951006207,10.9179136492445
-0.823152333546784,6.16312009620096,6,5.75165056303321,-0.76099565085095,6.59098025076526
-1.40303637276262,3.17685058174096,3,2.77138300652474,-1.32139579765869,3.63023845411853
1.74359353963091,18.0108555815131,18,17.8880133313583,1.88685446371905,18.4454706731974
-0.299179865659472,8.95877293039271,9,8.6137944509426,-0.222171018156973,9.44411966448417
1.72868538058859,17.96915802668,18,17.8442117457055,2.0687882988542,18.8738090874808
1.39837015620957,16.9844685630597,17,16.8186435201387,1.02212960746725,15.8007152127153
1.39145641719413,16.9624433092914,17,16.7958993434488,1.63807485971711,17.7856443793825
-1.72260656722066,2.00214940292002,2,1.64673971732226,-1.02954233769879,5.12519428567141
-1.02862458186901,5.04116306157399,5,4.61833930751144,-1.03436103447672,5.09915227876152
0.264140600073545,11.9568894356424,12,11.6951513457698,0.232217054310788,11.8743767518133
-0.291865076102454,8.99707652893375,9,8.65321263861192,-0.883741348028679,5.92053749764182
0.548707961077306,13.4647943491052,13,13.2332313398252,0.549872023562437,13.5959606169763
-1.4023775370389,3.17973110127316,3,2.77418880122185,-1.27962672986042,3.83007980696914
0.864002388867701,14.9829941333215,15,14.7746650454034,0.522236159753639,13.4497110253623
0.648262178798893,13.9677781580905,14,13.7443415248972,0.331388355164373,12.4169814045905
-0.489186239936109,7.96102126015615,8,7.58822622537577,-0.457780179862998,8.21098417569206
1.72868538058859,17.96915802668,18,17.8442117457055,1.76295892273374,18.124911811798
-0.489355462384621,7.96012732879938,8,7.58730878672198,-0.602884661276725,7.44289226971799
1.10010555101345,15.952927084134,16,15.7608347127084,1.23466248061147,16.5718994353058
0.256955897356488,11.918154376917,12,11.6555097870783,0.3398011463074,12.4629842190805
-0.120670427093586,9.89629523386386,10,9.57891490406564,0.12897146696494,11.3120258898217
-0.262684988276116,9.14991087207467,9,8.81051455212093,-0.217875546319678,9.46661518434977
0.886777875061468,15.08320888619,15,14.8763887756832,0.932385012606374,15.4339644966708
0.854206714472407,14.9394593088834,15,14.7304803544539,0.457410364522771,13.1025131096006
1.10010555101345,15.952927084134,16,15.7608347127084,0.877919901505465,15.1985431591346
0.288530725665828,12.0882984199324,12,11.829586252071,0.148161859356059,11.4161856391945
2.14320910883432,19.0020997326472,19,18.9363257336151,1.60157606089925,17.683855652868
-0.0807052607675921,10.1076213152712,10,9.79643939632186,0.325223935670494,12.383263269481
-0.480455830876872,8.0071214805186,8,7.63554294667321,-1.00712072960835,5.246676506667
0.852108862119729,14.9301022016634,15,14.7209839492803,1.16845100842822,16.3450035851529
1.39145641719413,16.9624433092914,17,16.7958993434488,1.14768532129881,16.2715179070435
-0.88387754600679,5.83042048384742,6,5.41430215623555,-0.973799460926729,5.42798906763966
1.10256421973951,15.9622406236784,16,15.770331117882,0.799369957354029,14.842151394738
0.287661645224383,12.0836187280673,12,11.8248001193833,0.216940786977171,11.7909111833431
-0.848818299907876,6.02255750070831,6,5.60900528885382,-0.496756587282366,8.00576435256652
2.14320910883432,19.0020997326472,19,18.9363257336151,1.81277474254653,18.2559931644808
-0.0935020044416218,10.0398794461184,10,9.72671497682047,0.13492495527387,11.3443186495932
-1.07423714784225,4.79625197873741,5,4.3727719039633,-1.45047217788083,3.05420341174321
-0.296529383710376,8.97265186809691,9,8.62807698880386,-0.16376104850314,9.7504814386241
2.15411547019694,19.0245079767877,19,18.9601492365719,1.8495939673389,18.3510499566576
-0.296387968864828,8.97339237601108,9,8.62883903899423,-0.129459182627065,9.93098052918918
-0.104889707467047,9.97965735452335,10,9.66473017004062,-0.284816341316072,9.11643899004197
1.72868538058859,17.96915802668,18,17.8442117457055,1.89096641684224,18.4557727323278
-0.40246912308352,8.41751865100475,8,8.05710259841066,-0.0269842177094607,10.4737400127079
-0.679701831577634,6.94380616912538,7,6.54669597310352,-0.60373825059685,7.43833723629309
0.862945372597351,14.9783089247013,15,14.769909750464,1.24518712259123,16.6069911104556
-0.109035811001249,9.95774525225391,10,9.64217169944258,-0.391973229173232,8.55616391688612
0.438242297679042,12.8883878507309,13,12.6464347493227,0.263346275672822,12.0446269872669
-0.992703561254572,5.2357517979898,5,4.81395987878351,-0.890773357912947,5.88202669210264
-1.04499764866788,4.95293320906809,5,4.52979036490546,-1.16859873113436,4.38765702433499
-0.667053054157904,7.01207492661747,7,6.61642039260492,-0.505138644029342,7.96153794580734
0.0800375768031956,10.9649216063817,11,10.6780292181216,0.0110815182172717,10.6769337722145
-0.470189289262437,8.06128716978839,8,7.69114835474453,-0.631049012934095,7.2923446754197
0.28593743602059,12.0743338000283,12,11.8153037142097,0.0207475083413697,10.7286769842926
0.065797025912888,10.888516474558,11,10.5995383966641,-0.0952460266946606,10.1115550373707
0.275406997893165,12.0176089420333,12,11.7572785398116,0.158694773256331,11.4734359898011
1.11156656715003,15.9962106371955,16,15.8049743812044,1.3403651232083,16.9136908166333
2.14320910883432,19.0020997326472,19,18.9363257336151,1.97936552855382,18.6708354907104
-0.679179044084597,6.94662987729278,7,6.54957931317105,-0.788594201616879,6.440723982516
0.862945372597351,14.9783089247013,15,14.769909750464,0.932132255898573,15.4328944408378
-0.292229867559651,8.99516626652476,9,8.65124673719819,-0.206232268012776,9.52761543473045
0.469786936021544,13.0545782753541,13,12.8157559193759,0.490804299885242,13.2820180901635
-0.31734958519903,8.86363106063918,9,8.51589439224322,-0.166189349350385,9.73772191187593
0.259392252288307,11.9312906103138,12,11.668954180366,0.403890891393026,12.8125750664809
-0.100044035813236,10.0052760334154,10,9.69109750062628,-0.338749068297112,8.83457018182553
-0.296529383710376,8.97265186809691,9,8.62807698880386,-0.223202865382592,9.43871651935891
0.100285999511591,11.0736886705653,11,10.7897354886429,-0.228000213091785,9.41359906679502
-2.05522631219088,1.22394029560642,1,0.9376906842497,-1.60006471638291,2.47447243901911
-1.69243013854286,2.09382428287358,2,1.73273609432002,-1.55610052133024,2.63464894736592
-0.511263212519775,7.84427491352618,8,7.4684370683313,-0.06619193774239,10.2653823640389
0.667609571140146,14.0632929252197,14,13.8413241449427,0.583984008060779,13.7747142074609
1.72868538058859,17.96915802668,18,17.8442117457055,1.245412804196,16.6077408186574
-0.296387968864828,8.97339237601108,9,8.62883903899423,-0.204252969918326,9.53798887086525
0.467116935570534,13.0405554856283,13,12.8014733815147,0.42910637050442,12.9494734448735
-1.49566031565088,2.79005879251519,3,2.39643430750887,-1.15924517354288,4.43612332740072
0.645426304149598,13.9537122783764,14,13.7300589870359,0.630935407672731,14.0170776519214
0.0897705330609691,11.0171854889218,11,10.7317103142447,0.0457896287433271,10.8630089251406
0.0800375768031956,10.9649216063817,11,10.6780292181216,-0.298890199896378,9.04288371066658
-0.661025538141852,7.04456967796896,7,6.64961810247228,-1.10398436214751,4.72624411915059
-0.296387968864828,8.97339237601108,9,8.62883903899423,-0.387170019506839,8.58130963147952
-0.285762448543927,9.0290344442043,9,8.68610216320201,-0.499649201672953,7.99050595179357
-0.454059863955408,8.1462906831137,8,7.77843304395662,-0.211689194981813,9.49902154354589
-0.296387968864828,8.97339237601108,9,8.62883903899423,-0.113496660579025,10.0151572311326
-1.51029138565027,2.73235371813681,3,2.34082889943755,-0.977777203771201,5.40630447637116
2.14320910883432,19.0020997326472,19,18.9363257336151,1.36623510185703,16.9940961648777
-0.485221746715799,7.9819600075225,8,7.60971648492594,-0.391997699031913,8.55603579898879
-1.48391798903448,2.83705169827549,3,2.44178512739258,-1.45843002133354,3.02091175484157
-0.882986462275379,5.83530415185675,6,5.41924688920393,-0.417621777788751,8.42179037257405
0.27864261107731,12.0350415382149,12,11.7751122680092,0.472958676342326,13.1862474095919
-0.0807052607675921,10.1076213152712,10,9.79643939632186,0.340073695229989,12.4644742781444
-2.31843572048875,0.837258849896114,1,0.608092805117532,-1.50571337080502,2.82871510711694
-0.823152333546784,6.16312009620096,6,5.75165056303321,-0.773901046765386,6.52076643769444
0.47136960519258,13.0628863987984,13,12.8242175582046,-0.061737735313923,10.2890070973297
1.11502286778497,16.0091983581793,16,15.8182221527207,1.16263442354649,16.3245367762311
-1.20140215071634,4.13314751911352,4,3.71187948547155,-1.54980309648543,2.65829174031698
1.39145641719413,16.9624433092914,17,16.7958993434488,1.25988450812559,16.6555774020526
-1.01264007033899,5.12759475130661,5,4.70517557779257,-1.18407839530338,4.3079027584831
0.278786483647252,12.0358166217728,12,11.7759051559478,0.150534905519533,11.4290791919591
-1.49566031565088,2.79005879251519,3,2.39643430750887,-1.44304822525936,3.08550365436079
0.864002388867701,14.9829941333215,15,14.7746650454034,1.15325454749204,16.2913407288108
0.635406473327515,13.903882658999,14,13.679453697008,0.463156218860418,13.1334868996836
1.39145641719413,16.9624433092914,17,16.7958993434488,1.39318978020667,17.0767044563522
1.11280633033578,16.0008727534426,16,15.8097296761439,1.13306471063155,16.2190710997284
-0.695269210403205,6.85964144535047,7,6.46077714147619,-0.651573480116715,7.18230159986473
-0.11098793964283,9.94743081436898,10,9.63155423288096,0.119716385965066,11.2618635229798
-0.882986462275379,5.83530415185675,6,5.41924688920393,-1.30837507731236,3.69188531722776
-1.44801104502716,2.98447132492917,3,2.58443040157196,-2.20468313895976,1.0255966265582
0.891837516896087,15.105279806285,15,14.8987948695298,0.562801154690612,13.6639546677924
-0.489186239936109,7.96102126015615,8,7.58822622537577,-0.108880660813938,10.0395223962824
0.477161442095559,13.0932643829137,13,12.8551544776378,-0.0190203543055584,10.5161755802124
0.0799793728477656,10.9646091673858,11,10.6777082805457,-0.0950435338715815,10.1126255489818
-0.11098793964283,9.94743081436898,10,9.63155423288096,-0.637849048964104,7.25591720825081
0.28593743602059,12.0743338000283,12,11.8153037142097,0.158573823185452,11.472778269432
0.656101987470012,14.0065767832754,14,13.783740083159,0.78201291381443,14.7608010710032
-0.868400330852217,5.91524744776796,6,5.50022098786289,-0.509948747331472,7.9361422739097
1.11156656715003,15.9962106371955,16,15.8049743812044,0.813403347501312,14.9072499355017
0.355678543508196,12.4489405426873,12,12.1981358713366,0.223328286240931,11.8258027416059
-0.679701831577634,6.94380616912538,7,6.54669597310352,-0.183385592723341,9.64742665166918
0.0800375768031956,10.9649216063817,11,10.6780292181216,0.169577305303896,11.5326432017315
-1.07401186386251,4.79745441052244,5,4.37397575518666,-1.15789950969381,4.44311246653765
-0.770807851949867,6.44917319957055,6,6.04244273600854,-0.736915138905391,6.72174978668816
1.10600063511639,15.9752320885814,16,15.7835788893983,0.715257338600759,14.4396835022654
-0.68076464645285,6.93806508422085,7,6.54083380148135,-0.171280458317375,9.710977916939
0.0871814174882274,11.0032791692764,11,10.7174277763835,0.42645852786925,12.9351205889919
-0.679701831577634,6.94380616912538,7,6.54669597310352,-0.737072076244709,6.72089861866384
1.72868538058859,17.96915802668,18,17.8442117457055,1.74623175515549,18.080315239878
-0.823152333546784,6.16312009620096,6,5.75165056303321,-0.362706401755084,8.70930883218031
-1.26841795162609,3.80001111858006,4,3.3823591517098,-1.71589601298352,2.0928871974508
0.0800375768031956,10.9649216063817,11,10.6780292181216,0.287112319418061,12.1746950873781
-0.296387968864828,8.97339237601108,9,8.62883903899423,-0.522690754801077,7.86881048177895
-2.31843572048875,0.837258849896114,1,0.608092805117532,-1.35900341714996,3.45566104674686
1.10256421973951,15.9622406236784,16,15.770331117882,0.357957294996863,12.5621977989902
-0.236385932744979,9.2877428164976,9,8.95239777610995,0.526213252237502,13.4708304787932
0.657676488428773,14.0143533929,14,13.7916362935687,0.161722551487607,11.4899031991756
-1.43250358606479,3.04984737169743,3,2.64786388267919,-0.987596740867069,5.35281665546649
0.469786936021544,13.0545782753541,13,12.8157559193759,0.350963368449696,12.5239922012213
-0.0999040320462548,10.0060163733379,10,9.69185955081665,-0.335902374923984,8.84945015541147
-0.103503162879297,9.98698686905415,10,9.67227183050696,-0.223202865382592,9.43871651935891
2.13037638164233,18.9753442567933,19,18.9078860120905,1.57229285091645,17.6013231559888
0.0868764900477285,11.0016415395908,11,10.7157482875393,-0.027019905025917,10.4735499407293
-1.02754335846764,5.04700066301279,5,4.62420147913362,-1.51327132739494,2.79889422646346
-0.489186239936109,7.96102126015615,8,7.58822622537577,-0.466951717582764,8.16275404019805
2.13037638164233,18.9753442567933,19,18.9078860120905,1.9793955758386,18.6709063291144
-0.683700188787919,6.92220411740133,7,6.5246393893554,-0.429909874628007,8.35734501648113
-0.82420704473111,6.15734676378501,6,5.74578839141103,-0.432027540660914,8.3462338846528
-0.63492065040586,7.18502151843909,7,6.79318081530546,-0.195649343427932,9.58309357502286
-0.0999040320462548,10.0060163733379,10,9.69185955081665,0.107978841758596,11.1983161085254
0.647160000088552,13.9623133408592,14,13.7387933420191,0.339350105985517,12.4605182824104
-1.21759404939272,4.05145431821706,4,3.6309053868126,-1.29148669396688,3.77272788052792
0.270947193048442,11.9935765275448,12,11.7326909197755,0.567841247437944,13.6903818145833
-1.27850116249736,3.75108799008092,4,3.33412499175857,-0.807078034964156,6.33989156136361
-1.72260656722066,2.00214940292002,2,1.64673971732226,-1.6139323838685,2.42571652330517
0.710817421220729,14.2736611535177,14,14.0548659697646,0.132131565558195,11.3291644162317
0.669512652514885,14.0726452253042,14,13.8508205501164,1.11313053409144,16.1465940266613
-1.9943723720554,1.33809753845447,1,1.03864691220473,-1.44268651929033,3.08703459571921
-0.443598878088131,8.20136353171534,8,7.83499748014728,-0.0877826871792155,10.1510256407166
1.10010555101345,15.952927084134,16,15.7608347127084,1.20484257820359,16.4710579781232
0.449032208434755,12.9453576646573,13,12.7044907614691,0.390110036301283,12.7375744913691
-1.2267363457074,4.00565378679012,4,3.58555456692889,-1.27510033137511,3.85209144199296
1.12152840855567,16.0335627256249,16,15.8430804220225,0.890710960086573,15.2547034762044
0.640833466945534,13.9308969448853,14,13.7068892386416,0.833105420198803,14.9976094865704
-0.480455830876872,8.0071214805186,8,7.63554294667321,-0.499654826621331,7.99047627643262
1.10010555101345,15.952927084134,16,15.7608347127084,1.1789551143186,16.3817379769373
0.458140135869181,12.993348194118,13,12.7533857249046,0.668467908120487,14.2073455925947
1.14308175987086,16.1135324996617,16,15.9247011779399,1.08175696456943,16.0301877473837
0.24809793044622,11.8703863561085,12,11.6066148236428,-0.082172485586556,10.180715536236
0.890375148006058,15.0989079320769,15,14.892329247998,1.13763946288391,16.235545457546
-0.480455830876872,8.0071214805186,8,7.63554294667321,-0.211026235002909,9.5024949686989
0.646282473229568,13.9579606025287,14,13.7343731693609,0.917057379440269,15.3686949205323
2.15632450761989,19.0290093060723,19,18.9649353692596,1.49813931184297,17.3886099376917
-0.676701582058814,6.9600088421811,7,6.5632414996853,-0.297327292728782,9.05105163164751
0.279649382230712,12.0404651943659,12,11.7806604508873,-0.093082693108395,10.1229929795135
0.449032208434755,12.9453576646573,13,12.7044907614691,0.654366146936468,14.1362447142402
-0.0648976306278346,10.1914040417218,10,9.88266287047535,-0.16446324501578,9.74679150757835
-0.848818299907876,6.02255750070831,6,5.60900528885382,-0.767613604235763,6.55498512868227
2.14320910883432,19.0020997326472,19,18.9363257336151,1.70494628915692,17.9690873817994
-0.671119621485376,6.99013813042746,7,6.59401269440096,-0.398060891005461,8.52428606979533
0.465450673040519,13.031800024786,13,12.7925553332334,0.69246740153857,14.3272235377135
0.288530725665828,12.0882984199324,12,11.829586252071,0.472471235926039,13.1836263125838
1.12789743721335,16.057313376864,16,15.8673137379276,0.515085275980927,13.4116797398341
-2.31843572048875,0.837258849896114,1,0.608092805117532,-1.93461757273354,1.52013351556529
-0.58476397652349,7.45359447112375,7,7.06801096157536,-0.859543946217769,6.05303073418804
-1.3157182526493,3.57349072914137,3,3.15939208842534,-1.64942778939826,2.30476156167164
-0.306126827062655,8.92239663782081,9,8.57636179409446,-0.194882687119113,9.5871138783941
-0.296529383710376,8.97265186809691,9,8.62807698880386,-0.423813578040125,8.38932325986963
-0.250980492814266,9.21124024414218,9,8.87364439235201,-0.132063741563211,9.91725708425608
0.478941024080856,13.1025899512858,13,12.8646508828114,0.628121894828216,14.0026849823915
0.261551666563057,11.9429327597943,12,11.6808688079085,0.294308046652116,12.2140808653006
-0.110515345127848,9.94992770791588,10,9.63412783577271,0.126412771462241,11.2981530394152
-0.0893879683571439,10.0616498739611,10,9.74912267502443,0.0905053135006947,11.1038635980363
-0.116966560756188,9.91585164074057,10,9.59904667959375,-0.204472457842561,9.53683848657903
1.39145641719413,16.9624433092914,17,16.7958993434488,1.9003914570164,18.4792933374353
-0.670953153371167,6.99103634556886,7,6.59493013305475,-1.13784880426643,4.54772224320256
0.648262178798893,13.9677781580905,14,13.7443415248972,0.529001684439568,13.4856237289934
1.39145641719413,16.9624433092914,17,16.7958993434488,1.20092387410691,16.4576456969134
0.862945372597351,14.9783089247013,15,14.769909750464,0.95716056052993,15.5378350975202
1.39145641719413,16.9624433092914,17,16.7958993434488,1.26150062169883,16.6608907800571
1.41364048723808,17.0328652607784,17,16.8686486475893,1.96511402610541,18.6370522172179
-0.999767598152036,5.19738733589282,5,4.77535776845361,-1.17750329688955,4.34170801102242
-0.121580319445067,9.89149186996342,10,9.57397017109725,-0.292161424021073,9.07804964263516
2.14320910883432,19.0020997326472,19,18.9363257336151,1.85417313704114,18.3627539991117
-1.05394996188659,4.90483490031163,5,4.48155620495423,-1.07392589842489,4.88638774844177
-0.110078764711384,9.95223440958019,10,9.63649896584935,-0.535278268813438,7.80220874119074
0.422240759325817,12.8036811549467,13,12.5600874996316,0.0822753846872536,11.0594407786344
-1.51029138565027,2.73235371813681,3,2.34082889943755,-1.1869653458649,4.29309363858793
0.530209086095873,13.3694429760036,13,13.1362487197796,0.555551460937334,13.6258638139083
-0.296529383710376,8.97265186809691,9,8.62807698880386,-0.729975385573111,6.7593736427441
-0.868400330852217,5.91524744776796,6,5.50022098786289,-0.8621660349109,6.03867672794171
1.11502286778497,16.0091983581793,16,15.8182221527207,0.74244578773096,14.5720054274552
-1.2558671171644,3.86136632089909,4,3.4429092927495,-1.16385088884452,4.41223319593885
-0.882986462275379,5.83530415185675,6,5.41924688920393,-0.865734126668941,6.01914241425835
-0.679701831577634,6.94380616912538,7,6.54669597310352,-1.01324927515385,5.21342428352409
-2.02089161268775,1.2870072107263,1,0.99329609232102,-0.817610647174245,6.2823723750889
0.0595426585659649,10.8549847373683,11,10.5650845713706,0.362314268598292,12.5859895883843
0.274582844099662,12.0131682083731,12,11.7527354075535,0.556921713743616,13.6330702471961
0.278786483647252,12.0358166217728,12,11.7759051559478,0.108833494674984,11.202940537693
-0.0935020044416218,10.0398794461184,10,9.72671497682047,0.0718398984103752,11.0031729558344
-0.489186239936109,7.96102126015615,8,7.58822622537577,-0.870504675703989,5.99302241647997
-0.864283289643949,5.93781145286705,6,5.52308645722649,-0.837218292796647,6.17519258610812
-2.15440817687164,1.05965873318223,1,0.795045410070316,-1.41420105759154,3.20931879423882
-0.296387968864828,8.97339237601108,9,8.62883903899423,-0.203968191918858,9.53948147543728
-0.0935020044416218,10.0398794461184,10,9.72671497682047,0.19231483871773,11.6565193054011
1.39145641719413,16.9624433092914,17,16.7958993434488,1.0888604309176,16.0567991864222
-0.0999040320462548,10.0060163733379,10,9.69185955081665,-0.106670892514433,10.0511902606422
0.456369670600697,12.9840267124167,13,12.7438893197309,0.432341652611369,12.9670027497201
-0.670953153371167,6.99103634556886,7,6.59493013305475,-0.936051546978668,5.63416778990667
1.11626537052923,16.0138599505349,16,15.8229774476602,0.96474879672361,15.5692460299066
0.645426304149598,13.9537122783764,14,13.7300589870359,0.733046236749862,14.5264917730988
1.74165062240792,18.0054351406433,18,17.8823177865237,1.71394381770098,17.9934638005926
0.284204420520594,12.0650005721561,12,11.8057575228668,-0.198864365415543,9.56623614977994
-0.443821582266241,8.20019153036963,8,7.83379362892392,-0.211691308032602,9.49901047289539
-0.293317660775934,8.98946997550916,9,8.64538456557601,-0.409110746375315,8.46639975957613
-1.42276164225662,3.09143572969562,3,2.68826996959451,-1.59814308071159,2.48129530668495
0.863592228700328,14.9811764636189,15,14.7728232064146,0.987449829949695,15.6620932855982
0.457864931157411,12.9918994774153,13,12.7519098459452,0.399643663080522,12.789472509324
1.72868538058859,17.96915802668,18,17.8442117457055,1.83759097512391,18.3202442194222
-0.136489135697804,9.81283517476886,10,9.4929960724383,-0.0802779673162534,10.1907454606366
0.895392264801658,15.1207442213484,15,14.9144948165013,1.11342277384565,16.1476647743805
-1.8169914982099,1.73993620399884,2,1.40313821518785,-1.69413491593646,2.16018214308164
0.667609571140146,14.0632929252197,14,13.8413241449427,0.493077596628993,13.2941903470636
1.10256421973951,15.9622406236784,16,15.770331117882,1.17436839879768,16.3657331539658
0.100285999511591,11.0736886705653,11,10.7897354886429,0.30901729918898,12.2945866214154
1.72868538058859,17.96915802668,18,17.8442117457055,1.42387994210929,17.1694245416431
-0.0893879683571439,10.0616498739611,10,9.74912267502443,-0.145683043147136,9.84554662140497
-0.634562730425609,7.18694403974257,7,6.79514671671919,-0.880961023647685,5.93576363624047
0.0800375768031956,10.9649216063817,11,10.6780292181216,0.161906770221468,11.4909052537631
1.14308175987086,16.1135324996617,16,15.9247011779399,1.29047810298975,16.7552169335132
-0.480455830876872,8.0071214805186,8,7.63554294667321,-0.273490848632257,9.17563969285735
-0.68076464645285,6.93806508422085,7,6.54083380148135,-0.298336550913801,9.04577713138755
-0.114030573462415,9.93135769927381,10,9.61500870629918,0.0166893621807357,10.706945954683
-1.75997673184904,1.89396641008126,2,1.54578348936723,-1.81221031894096,1.81832644758283
1.0928901311452,15.9255054191859,16,15.7328788316264,1.16399312936372,16.329325722146
-0.110078764711384,9.95223440958019,10,9.63649896584935,-0.242206460854346,9.33924878797001
1.39145641719413,16.9624433092914,17,16.7958993434488,1.73700064282633,18.0555859581112
0.256974028218923,11.9182521378995,12,11.6556098441602,0.915511219778066,15.3620680870445
0.0696010968135691,10.9089189154616,11,10.6205001909663,0.183348073664971,11.6076413739503
0.264140600073545,11.9568894356424,12,11.6951513457698,-0.124886293205523,9.95508275489682
0.0758351499386178,10.9423662101817,11,10.6548594697273,0.00189475964070971,10.6278112685811
0.24809793044622,11.8703863561085,12,11.6066148236428,0.453158213005883,13.079569718642
0.279649382230712,12.0404651943659,12,11.7806604508873,-0.0305438302779462,10.4547852488027
-0.489186239936109,7.96102126015615,8,7.58822622537577,-0.510321738916614,7.93417251087086
-0.104161446895853,9.98350696267212,10,9.66868980242232,0.0924674464634317,11.1144607227385
-0.63492065040586,7.18502151843909,7,6.79318081530546,-0.733324886658614,6.74121793586325
-0.296387968864828,8.97339237601108,9,8.62883903899423,-0.33385029276485,8.86017621838237
1.39145641719413,16.9624433092914,17,16.7958993434488,1.33877953157261,16.9087250610862
-1.8169914982099,1.73993620399884,2,1.40313821518785,-1.75908540193226,1.96515385322497
0.877799206879406,15.0438703484998,15,14.8364555128067,0.905184789519544,15.3176079569205
2.14320910883432,19.0020997326472,19,18.9363257336151,1.98522129220352,18.6846094084939
-0.296387968864828,8.97339237601108,9,8.62883903899423,-0.386589556394519,8.58434811555151
0.638562406648086,13.9195993864477,14,13.6954157237135,0.148505495730353,11.4180525531981
1.10010555101345,15.952927084134,16,15.7608347127084,1.20481530559074,16.4709647654936
1.39145641719413,16.9624433092914,17,16.7958993434488,1.23773781407299,16.5821796251444
0.248959242338549,11.875031622767,12,11.6113701185823,0.345248123252403,12.4927596702483
1.72868538058859,17.96915802668,18,17.8442117457055,1.84214104221743,18.3319433622452
0.667609571140146,14.0632929252197,14,13.8413241449427,0.87278552849356,15.1758505371184
-2.31843572048875,0.837258849896114,1,0.608092805117532,-2.28862656648757,0.907764771296388
1.10256421973951,15.9622406236784,16,15.770331117882,1.9503141169119,18.6015885794949
0.277129859954745,12.0268915814265,12,11.7667749449852,0.40451412386646,12.8159641239232
-2.31843572048875,0.837258849896114,1,0.608092805117532,-1.64911723589416,2.3057959918082
0.0695914739943039,10.90886729811,11,10.6204451563379,0.37494650983772,12.6549254259807
0.855265017139506,14.9441751884791,15,14.7352664871415,0.779672995354447,14.749764515975
-0.648355130270097,7.11279742341392,7,6.71934252197368,-0.136738456372132,9.89263373990026
0.864002388867701,14.9829941333215,15,14.7746650454034,0.756902441238308,14.6415153077593
-0.823152333546784,6.16312009620096,6,5.75165056303321,-0.66976845943884,7.08451169943171
-0.276984115748646,9.07500847585775,9,8.73341888449945,-0.216462762476125,9.47401498575429
0.851968074111716,14.9294738171408,15,14.7203462148945,0.552574383639846,13.6101957702004
-0.10991008459681,9.95312566382738,10,9.63741640450314,0.0407045088860494,10.8356986279764
0.108719239108019,11.1190298618564,11,10.83629015975,0.072129929900426,11.0047358826162
-1.8169914982099,1.73993620399884,2,1.40313821518785,-1.93344367359104,1.52274529983001
1.39869874528888,16.9855135772771,17,16.8197228464056,1.25633768075506,16.6438962612232
-0.488823620544207,7.96293677914903,8,7.59019212678951,-0.68030800908974,7.02776503695785
1.7481179394441,18.0234617245763,18,17.9012611028746,1.34743838631242,16.9357889410262
0.0863577769862432,10.9988558387688,11,10.7128846441254,0.0832094918444902,11.064480738083
1.72868538058859,17.96915802668,18,17.8442117457055,0.732526538117063,14.5239680960032
-1.48190780824084,2.84515697208113,3,2.44961320042848,-1.54207750743494,2.68753554425839
-0.277125480199749,9.0742680728541,9,8.73265683430908,-0.427134606027775,8.37190424548713
0.862945372597351,14.9783089247013,15,14.769909750464,1.49653495452042,17.3839441769946
0.100285999511591,11.0736886705653,11,10.7897354886429,0.303516969185985,12.2644840861985
-0.489186239936109,7.96102126015615,8,7.58822622537577,-0.0298084770199893,10.4587003300222
-0.488823620544207,7.96293677914903,8,7.59019212678951,-0.44971937293666,8.25334530825957
0.624298811419077,13.8484077425299,14,13.623108011454,0.507657736970822,13.3721003628209
-1.26738861224619,3.80502407499285,4,3.38730388467818,-0.84702886183228,6.12152454545371
-0.867881133039494,5.91809302289101,6,5.50310432793041,-0.662794769753895,7.12201841354219
-0.306491683975391,8.92048615568592,9,8.57439589268072,-0.242205632597211,9.33925312158695
-0.858826185719444,5.96771827227397,6,5.5533998807825,-0.820201644106779,6.26821657004608
-0.0999040320462548,10.0060163733379,10,9.69185955081665,-0.164249619066783,9.74791405777704
-1.63038757662691,2.29475129440525,2,1.92249449396991,-1.44468273849825,3.0785923630598
1.39548101820212,16.9752732875363,17,16.8091471149651,1.49161475269688,17.3696173727675
-0.489186239936109,7.96102126015615,8,7.58822622537577,-0.434823219944354,8.3315629679546
0.278786483647252,12.0358166217728,12,11.7759051559478,0.608739255135192,13.9030675356974
-1.32780847794984,3.51684757235868,3,3.10378668035402,-1.61273781627667,2.42988309334493
-0.68076464645285,6.93806508422085,7,6.54083380148135,-0.557353105641683,7.68519085221514
0.265710240571616,11.9653505620795,12,11.7038096063698,0.355929225402077,12.5511208631422
1.39145641719413,16.9624433092914,17,16.7958993434488,1.24987513513298,16.6225409684685
-0.0938108259306261,10.0382455436745,10,9.7250354879763,0.199036975611028,11.6931825843312
-0.285932669631175,9.02814301169704,9,8.68518472454822,-0.440067066901829,8.30403743353759
-1.22831999375677,3.99774461627127,4,3.57772649389298,-1.08543811904938,4.82488386227068
0.0863577769862432,10.9988558387688,11,10.7128846441254,0.285284458658311,12.1646903543751
-1.05394996188659,4.90483490031163,5,4.48155620495423,-0.496925253755267,8.0048747582539
0.449835061509903,12.9495916657558,13,12.7088049437941,0.290111206596488,12.1911094899564
0.0950818161820962,11.0457201037202,11,10.7610175573705,-0.260708667255777,9.2424704363931
0.28593743602059,12.0743338000283,12,11.8153037142097,0.190162300357023,11.6447828310499
1.12789743721335,16.057313376864,16,15.8673137379276,1.22054924679181,16.5244383104631
1.0986704108856,15.9474835737161,16,15.7552865298303,0.851201026419018,15.0795201431813
-0.489186239936109,7.96102126015615,8,7.58822622537577,-0.452284295578279,8.23986889512696
-1.25748321750994,3.85343786406165,4,3.4350812197136,-1.20609052334483,4.1955278037102
-1.07386926589944,4.79821555405786,5,4.37473780537703,-0.833735658350643,6.19423803206791
1.11156656715003,15.9962106371955,16,15.8049743812044,0.972547457403645,15.6013318911859
0.876856300580012,15.0397264031645,15,14.8322491071871,0.702430532746378,14.3765568513036
0.667609571140146,14.0632929252197,14,13.8413241449427,0.556964884273344,13.6332972374666
0.878985783426362,15.0490817491159,15,14.8417455123607,0.66323070229588,14.1809955639598
-0.875352509916275,5.87714394847055,6,5.46161887753299,-0.987585750847938,5.35287648262828
-0.100044035813236,10.0052760334154,10,9.69109750062628,-0.362125771631841,8.71234554855251
0.455135118880253,12.9775247153873,13,12.7372650979184,0.282413126484325,12.1489743902469
-0.116797793626552,9.91674286630871,10,9.59996411824755,-0.225540508576202,9.42647666373744
-0.489186239936109,7.96102126015615,8,7.58822622537577,-0.689883467668091,6.97614533667185
-1.48391798903448,2.83705169827549,3,2.44178512739258,-1.14721079341794,4.49877055220575
2.13037638164233,18.9753442567933,19,18.9078860120905,0.908899042766062,15.3336398283747
-0.691377391838035,6.88069714165317,7,6.48226740102635,-0.560386946975634,7.66908611248058
0.876856300580012,15.0397264031645,15,14.8322491071871,0.770510527965118,14.7063910737574
0.648262178798893,13.9677781580905,14,13.7443415248972,0.309323526056012,12.2962624817882
-0.489355462384621,7.96012732879938,8,7.58730878672198,-0.782247805432222,6.4753094072334
-0.8704261511257,5.90414442196497,6,5.48897130870533,-0.36446439034282,8.70011417239057
0.875784102831365,15.0350112972631,15,14.8274629744995,0.389496513429014,12.7342328501733
-0.824041981004723,6.15825031745994,6,5.74670583006482,-0.481594690329357,8.08567668573829
0.654953737438936,14.0009021881595,14,13.7779781332423,0.458297946030928,13.107299952309
1.39145641719413,16.9624433092914,17,16.7958993434488,1.22114859525994,16.5264634311963
-1.02910978592914,5.03854384389999,5,4.6157091965328,-0.555698395310116,7.69397233239514
-2.31843572048875,0.837258849896114,1,0.608092805117532,-2.1730720905613,1.07382054613084
0.0808999565019574,10.9695510096686,11,10.682784513061,-0.13231252282388,9.91594641670817
-0.292400107640282,8.99427479139995,9,8.6503292985444,-0.68596441182184,6.99727962549072
-1.05394996188659,4.90483490031163,5,4.48155620495423,-1.23824515124079,4.0337410617784
-1.07557113231784,4.78913357438489,5,4.36564547894723,-0.900077753545697,5.8310723142845
-1.48190780824084,2.84515697208113,3,2.44961320042848,-1.04110350275778,5.06275665199503
-1.73911745432568,1.95363083755486,2,1.60138889743855,-1.36594471095564,3.42402220433281
-1.46138961163823,2.92889374382168,3,2.53058729908744,-2.09328557754685,1.20596662369058
-1.44801104502716,2.98447132492917,3,2.58443040157196,-0.957597685996531,5.51640406416184
0.648262178798893,13.9677781580905,14,13.7443415248972,0.355356986843922,12.5479951364225
-0.102668300349628,9.99140049652209,10,9.67681496276501,0.0849945595666128,11.0741135310762
1.10010555101345,15.952927084134,16,15.7608347127084,1.43107525270216,17.1909699266102
-0.679701831577634,6.94380616912538,7,6.54669597310352,-0.87776561226199,5.95326249693008
-0.63492065040586,7.18502151843909,7,6.79318081530546,-0.689678891388826,6.97724880477197
1.72868538058859,17.96915802668,18,17.8442117457055,1.55621025114143,17.555655450074
0.460647920568115,13.0065455463224,13,12.7668301181922,0.387639113158691,12.7241149680684
-1.03840160341516,4.98843817815843,5,4.56541364368071,-1.39932074567305,3.27452866458186
0.467116935570534,13.0405554856283,13,12.8014733815147,0.522605935495219,13.4516756223512
0.279649382230712,12.0404651943659,12,11.7806604508873,0.353158220012616,12.5359837937386
0.0871814174882274,11.0032791692764,11,10.7174277763835,0.095330350043121,11.1299269181388
0.0871814174882274,11.0032791692764,11,10.7174277763835,-0.131633650297907,9.91952302385155
-0.114030573462415,9.93135769927381,10,9.61500870629918,-0.399907830852853,8.51461282392864
-0.0999040320462548,10.0060163733379,10,9.69185955081665,-0.141186856660637,9.86921157339935
0.456369670600697,12.9840267124167,13,12.7438893197309,0.297817117297705,12.2332874838438
0.273410018428611,12.0068484644047,12,11.7462697860217,0.420371057618953,12.9021018116107
0.648262178798893,13.9677781580905,14,13.7443415248972,0.890661322615904,15.2544865692257
-0.303873694493788,8.93419462167621,9,8.58850215181214,-0.38945186752561,8.56936437668247
-0.114030573462415,9.93135769927381,10,9.61500870629918,-0.164131276673521,9.74853592464771
-1.06522472563426,4.84441502062265,5,4.42100606391453,-1.05747278947676,4.97462096472686
0.100285999511591,11.0736886705653,11,10.7897354886429,-0.399905862237539,8.51462313490318
0.667609571140146,14.0632929252197,14,13.8413241449427,0.612458252268615,13.9222431199022
-2.31843572048875,0.837258849896114,1,0.608092805117532,-1.57976915005871,2.54735531508889
-1.01865891805553,5.09501752993059,5,4.67243563908485,-0.978021466860033,5.4049731963472
-0.100044035813236,10.0052760334154,10,9.69109750062628,-0.258512416148822,9.25395545513933
-0.505503198134326,7.87475916330935,8,7.49971046625048,-0.543785470171929,7.75714591665646
0.670466364213207,14.0773291132081,14,13.8555758450558,0.84349294885212,15.0447566916636
-1.8169914982099,1.73993620399884,2,1.40313821518785,-1.65121286377868,2.29882373019441
-0.0999040320462548,10.0060163733379,10,9.69185955081665,0.345212206544694,12.4925633620444
0.862945372597351,14.9783089247013,15,14.769909750464,0.977850149880833,15.6230353400477
-2.31843572048875,0.837258849896114,1,0.608092805117532,-2.07345071290006,1.24130700593882
1.72868538058859,17.96915802668,18,17.8442117457055,1.54721769790751,17.5300119353637
-1.02754335846764,5.04700066301279,5,4.62420147913362,-0.773903337301595,6.52075396802802
0.660679642674007,14.0291717818448,14,13.8066808816203,0.650102736977949,14.1146554449456
-0.680993843205612,6.93682691851275,7,6.53956954808745,-0.843234723018817,6.14228294319081
0.86171296162561,14.9728424648043,15,14.764361567586,0.748885008169393,14.6030403102165
-0.661025538141852,7.04456967796896,7,6.64961810247228,-0.587293595787207,7.52600831175375
0.439130841646068,12.8930839283143,13,12.6512208820104,0.460714806763176,13.1203303138406
-0.296387968864828,8.97339237601108,9,8.62883903899423,-0.350729885871444,8.77193681113616
-0.489355462384621,7.96012732879938,8,7.58730878672198,-0.228126632930245,9.41293724251645
0.622607232924194,13.8399381513848,14,13.6145047854824,0.328182788949784,12.3994485411192
-0.297617244958484,8.96695538688368,9,8.62221481718169,0.0980535261053288,11.1446428382424
-0.30250332186151,8.94137027072233,9,8.59588615223089,-0.0593316399221387,10.3017736089363
-0.814473877068422,6.21061294432091,6,5.79988472298444,-0.761038696990253,6.59074619795331
0.467116935570534,13.0405554856283,13,12.8014733815147,0.153474473221978,11.445054785385
-0.246685870995189,9.23374829634446,9,8.89681414074633,-0.25152048898178,9.2905235630313
0.667609571140146,14.0632929252197,14,13.8413241449427,0.932444685549445,15.4342170938942
-0.983891859990047,5.2836661156901,5,4.86219403873474,-1.37340160795278,3.39024111169362
0.672170613578937,14.0856941693333,14,13.8640683216327,0.556295042079585,13.6297748537563
-2.31843572048875,0.837258849896114,1,0.608092805117532,-1.91581876000932,1.56251026549793
0.449032208434755,12.9453576646573,13,12.7044907614691,0.145392051859617,11.4011399863989
-0.311137167751433,8.89616123012152,9,8.54936587886542,-0.158811972105399,9.77649352121797
0.278786483647252,12.0358166217728,12,11.7759051559478,0.093120076458111,11.1179859752128
1.72868538058859,17.96915802668,18,17.8442117457055,1.840728476169,18.3283141388068
0.862945372597351,14.9783089247013,15,14.769909750464,0.950301910974678,15.509282007672
0.640833466945534,13.9308969448853,14,13.7068892386416,0.432378629411696,12.9672030457766
1.15070544112568,16.1415463677083,16,15.9533108135844,1.48901553613386,17.3620378567972
1.09886786787028,15.94823284398,16,15.7560485800207,1.29047133250208,16.7551950982771
0.445606996405364,12.9272862821542,13,12.6860763080142,0.030288424863768,10.7798093644008
0.667609571140146,14.0632929252197,14,13.8413241449427,0.832638338834996,14.9954814448071
-0.285762448543927,9.0290344442043,9,8.68610216320201,-0.603055347011195,7.44198147249555
-0.661025538141852,7.04456967796896,7,6.64961810247228,-0.689623630226947,6.97754687434941
-0.878594801645628,5.85937356413592,6,5.44362048882162,-0.565630127020882,7.64124027149587
-0.691377391838035,6.88069714165317,7,6.48226740102635,-0.358609464618224,8.73073489096514
-0.246685870995189,9.23374829634446,9,8.89681414074633,-0.621351598963215,7.34423981383746
0.862945372597351,14.9783089247013,15,14.769909750464,0.806931935805759,14.8773057133379
0.855265017139506,14.9441751884791,15,14.7352664871415,0.648698439442247,14.1075349775092
0.274582844099662,12.0131682083731,12,11.7527354075535,-0.192811266730842,9.59797721353832
0.0713323713042262,10.9182061533899,11,10.6300416185934,0.549733202402317,13.5952290230266
0.672387303834696,14.0867573115146,14,13.8651476478996,0.517678740929065,13.4254813479506
0.261551666563057,11.9429327597943,12,11.6808688079085,0.58427931471609,13.7762524118056
-0.650096537112294,7.10342667040186,7,6.70976456674758,-0.605846520585569,7.42708477553295
-1.06967946491425,4.82059329329229,5,4.39714550358098,-1.50559941854624,2.82916663268476
-0.679701831577634,6.94380616912538,7,6.54669597310352,-1.07079734956954,4.90313604082931
-0.100463444042455,10.003058253687,10,9.68881735708874,-0.0585508187935435,10.3059172949293
1.39145641719413,16.9624433092914,17,16.7958993434488,1.71570194229625,17.9982182660763
0.886777875061468,15.08320888619,15,14.8763887756832,0.611287545323104,13.9162099239545
-0.695269210403205,6.85964144535047,7,6.46077714147619,-0.706257325158702,6.8877376321132
-1.25748321750994,3.85343786406165,4,3.4350812197136,-1.0976253056538,4.76000079764369
2.13037638164233,18.9753442567933,19,18.9078860120905,2.29296519386448,19.3005176571898
-0.69569853711562,6.85731808966555,7,6.45840601139955,-0.493825140670403,8.02122340482213
-1.27850116249736,3.75108799008092,4,3.33412499175857,-1.34478152127078,3.52105998957311
0.459032721927045,12.9980463005546,13,12.7581718575922,0.338446690151869,12.4555789507391
-0.640303383724995,7.15609842918271,7,6.7636076692321,-0.745924632537751,6.67286233072356
-0.634868505923169,7.18530161122548,7,6.79346722787503,-0.847795348824744,6.11733055770778
0.0731055397626461,10.9277193226257,11,10.6398148816756,-0.1457088558337,9.84541078572502
-1.05394996188659,4.90483490031163,5,4.48155620495423,-1.17285907567111,4.36564931596047
0.288530725665828,12.0882984199324,12,11.829586252071,0.333799364898817,12.4301669887934
-1.51029138565027,2.73235371813681,3,2.34082889943755,-1.83960233401742,1.74688432951923
-1.0492383899321,4.9301356535245,5,4.50692489554187,-0.78151748183468,6.47928816316683
0.890841996114529,15.1009427319121,15,14.8943918421389,0.54468685672303,13.5686129451753
-0.83861085113341,6.07847564905931,6,5.66573173140587,-0.811393787134785,6.31632806313813
0.100285999511591,11.0736886705653,11,10.7897354886429,0.737160477727417,14.5464439951656
-1.05486913892341,4.89990249590893,5,4.47661147198585,-1.38603354233878,3.3335137050557
0.659571502948038,14.0237061318384,14,13.8011326987423,0.434431788306362,12.978322787338
0.277134420397326,12.0269161517242,12,11.7668000772194,0.0615312632504206,10.947655838469
-1.51029138565027,2.73235371813681,3,2.34082889943755,-1.25967704138627,3.92759203630324
-0.823152333546784,6.16312009620096,6,5.75165056303321,-0.52005497641737,7.88274564731223
-0.489186239936109,7.96102126015615,8,7.58822622537577,-0.66282041325245,7.12188055435079
1.13012667196346,16.065602571152,16,15.8757753767562,1.58817894442664,17.646194472591
0.484307307934768,13.1306869799461,13,12.8932605184559,0.171725965120615,11.5443396626842
-1.42157648028085,3.09652226092304,3,2.6932147025629,-1.78723182190899,1.88597885130757
-1.48190780824084,2.84515697208113,3,2.44961320042848,-1.49801786282409,2.85933525636365
-1.73911745432568,1.95363083755486,2,1.60138889743855,-1.5468229498281,2.66954132912366
-0.0936419393739027,10.0391390778315,10,9.7259529266301,0.498769283148991,13.3246374130088
0.0851563447326749,10.9924040279903,11,10.7062604223129,0.205972140469542,11.7310253342838
-0.489355462384621,7.96012732879938,8,7.58730878672198,-0.42044188358538,8.40700443491231
0.873846244343482,15.0264814157414,15,14.8188047138995,1.02047175454564,15.7941761212286
0.469786936021544,13.0545782753541,13,12.8157559193759,0.52536194998682,13.4663118061263
-0.679701831577634,6.94380616912538,7,6.54669597310352,-0.442754806612162,8.28992538145238
0.667609571140146,14.0632929252197,14,13.8413241449427,0.86351568927266,15.1346638836798
1.09886786787028,15.94823284398,16,15.7560485800207,0.682931843438658,14.2797670826152
1.39145641719413,16.9624433092914,17,16.7958993434488,1.54707194549049,17.5295956503119
0.855265017139506,14.9441751884791,15,14.7352664871415,1.00675488977072,15.7397360882549
-0.479701996294572,8.01110033234526,8,7.63962717796137,-0.389583565757592,8.56867491338838
0.634880047225179,13.9012590772029,14,13.6767891075772,0.455340755331222,13.091348346334
-2.31843572048875,0.837258849896114,1,0.608092805117532,-1.62333443493762,2.39314146814355
-0.882986462275379,5.83530415185675,6,5.41924688920393,-0.750125659504296,6.65005060706118
-0.612077931511955,7.30754521201375,7,6.91851064287817,-0.782251017967365,6.47529190498137
1.11156656715003,15.9962106371955,16,15.8049743812044,1.14134285316863,16.2488391551119
-1.00288268638633,5.18048348892619,5,4.75835447071219,-1.09490622771143,4.77445577110511
0.865056923767904,14.9876653293114,15,14.7794061556376,1.11380071839109,16.1490491730833
-1.71979986312196,2.01051181687654,2,1.65456779035817,-0.932494948272253,5.65362256021054
-1.10528532835125,4.63133066759612,4,4.20783297507971,-0.983057544254361,5.3775340898976
0.274582844099662,12.0131682083731,12,11.7527354075535,0.289991009762719,12.1904515918497
-0.507965137792729,7.86173177863877,8,7.486345367043,-0.491371971232971,8.03415705043699
0.435250768657887,12.8725712211557,13,12.6303141223365,0.164546294952759,11.5052646757801
-0.120670427093586,9.89629523386386,10,9.57891490406564,-0.0204997090140719,10.5082898362746
-0.882986462275379,5.83530415185675,6,5.41924688920393,-1.03380264707998,5.10216871826172
-0.105471197059641,9.97658374604554,10,9.66156337740625,-0.434474945577974,8.33339075757659
1.39379468208596,16.9699004029848,17,16.8035989320871,1.48857777737953,17.3607605625149
0.855265017139506,14.9441751884791,15,14.7352664871415,0.422864556355328,12.9156301859103
0.288530725665828,12.0882984199324,12,11.829586252071,0.327842248125179,12.3975858285794
0.0773470393728038,10.9504801095904,11,10.6631967927513,0.0616980679183067,10.9485536322856
-0.106786534942029,9.96963173420855,10,9.65440726456105,0.270732138340447,12.0850440014468
0.862945372597351,14.9783089247013,15,14.769909750464,0.93294434641792,15.4363317132766
-0.476319513844885,8.02895030231462,8,7.65795064487717,-0.309101565873023,8.98951921100416
2.14320910883432,19.0020997326472,19,18.9363257336151,1.89076137077753,18.4552595888199
0.648262178798893,13.9677781580905,14,13.7443415248972,0.249487763144574,11.9688100976637
-0.0999040320462548,10.0060163733379,10,9.69185955081665,-0.00471695795193746,10.5924909817723
0.668562191023078,14.0679753516437,14,13.8460794398822,1.17806983695072,16.3786531739262
-0.0999040320462548,10.0060163733379,10,9.69185955081665,-0.462750796311861,8.18484964129467
0.100285999511591,11.0736886705653,11,10.7897354886429,0.126747405783534,11.2999671692693
0.469786936021544,13.0545782753541,13,12.8157559193759,0.43991512382501,13.0080022420841
0.257823189144761,11.9228307215038,12,11.660295919766,0.206119805743501,11.7318312780679
-0.0893879683571439,10.0616498739611,10,9.74912267502443,0.129256218284192,11.3135699903546
0.449032208434755,12.9453576646573,13,12.7044907614691,0.544681657512783,13.5685855013166
-0.880005153210512,5.85164376305149,6,5.43579241578571,-1.02618627168835,5.14334627987714
-0.30757966682392,8.91478920711132,9,8.56853372105855,-0.38693624928221,8.5825333307262
0.449256225942084,12.9465391351628,13,12.7056946126924,0.263348104360949,12.044636993465
-1.75997673184904,1.89396641008126,2,1.54578348936723,-1.31253614559106,3.67211922048711
1.72868538058859,17.96915802668,18,17.8442117457055,1.39349088451258,17.0776208656039
-0.673849089828303,6.97540807287982,7,6.57896810634932,-0.716460145072345,6.83256227461349
-0.489186239936109,7.96102126015615,8,7.58822622537577,-0.344748535339673,8.80320797693027
-0.281240389109301,9.05271674881065,9,8.7104757628197,-0.153185791149717,9.80607633002445
0.648262178798893,13.9677781580905,14,13.7443415248972,0.311297234062724,12.3070635934377
0.890841996114529,15.1009427319121,15,14.8943918421389,0.686014512951294,14.2951342826342
0.456287449665628,12.9835937338643,13,12.7434482071165,0.478941133099915,13.2183947326296
-1.03748704671486,4.99336529364158,5,4.57035837664909,-1.38679164959858,3.33012928850062
-0.696468581069371,6.85315060567537,7,6.45415291966364,-0.570497528629733,7.61537511012502
-0.0938108259306261,10.0382455436745,10,9.7250354879763,0.00693764491087339,10.6547694117633
0.0800375768031956,10.9649216063817,11,10.6780292181216,-0.349738302878735,8.77712119595144
-0.292400107640282,8.99427479139995,9,8.6503292985444,-0.0718748017038882,10.2352574061976
-0.31734958519903,8.86363106063918,9,8.51589439224322,-0.563261991386127,7.65381919724831
0.875784102831365,15.0350112972631,15,14.8274629744995,0.552076694270269,13.6075750236189
-0.296387968864828,8.97339237601108,9,8.62883903899423,-0.0529424676378401,10.3356903593917
0.269123638581427,11.9837486678641,12,11.7226352764891,0.129507155844883,11.3149307683451
-0.789154492754379,6.34903218748894,6,5.94056906939972,-0.511374919221474,7.92861029185071
1.39145641719413,16.9624433092914,17,16.7958993434488,1.17413870429362,16.364930215363
-1.32780847794984,3.51684757235868,3,3.10378668035402,-1.13319862012149,4.57210462895839
0.657828498407981,14.0151039088006,14,13.792398343759,0.916326345301481,15.3655626892954
1.10256421973951,15.9622406236784,16,15.770331117882,1.23866935857402,16.5852892767071
0.272854690908007,12.0038559800714,12,11.7432081646317,0.257829866120406,12.014444383328
-1.25895611936708,3.84621910392911,4,3.42795479469753,-1.01675969482284,5.19439285256692
-0.297710441135785,8.96646737562202,9,8.62171261397816,-0.211023768786221,9.50250789009124
-0.490145273798574,7.95595489896188,8,7.58302667892011,-0.339879434185247,8.82866144917172
-0.836272174259993,6.09128467956962,6,5.67872970835522,-1.15344968718172,4.46625293258901
-0.466050120061921,8.08311167963415,8,7.71355605294849,-1.04449681019189,5.04445949065629
-0.660367417056251,7.04811618546017,7,6.65324172002247,-0.872735431160095,5.98080759098726
-2.31843572048875,0.837258849896114,1,0.608092805117532,-1.61213926773413,2.43197314747949
-0.679701831577634,6.94380616912538,7,6.54669597310352,-0.944309910516783,5.58900965554946
0.273714658913977,12.0084900444197,12,11.7479492748659,0.222411076314213,11.8207917602273
1.39145641719413,16.9624433092914,17,16.7958993434488,1.62251527514263,17.7423957513438
-0.50149664552023,7.89595306843978,8,7.52145528590828,-0.663634126259631,7.11750581242535
-0.267456158861505,9.12491588490413,9,8.78478693264912,-0.475850746246429,8.11592283826608
0.456287449665628,12.9835937338643,13,12.7434482071165,0.544122040851053,13.5656313264047
-1.2475550962594,3.90227334271546,4,3.48331537966483,-0.763842764836901,6.5754976216785
0.452546931712431,12.9638880056992,13,12.7233714662168,0.457576642449531,13.10340992901
1.40893921708065,17.018001604777,17,16.8532867834612,0.915851727810748,15.3635281766507
1.10010555101345,15.952927084134,16,15.7608347127084,0.522727352012882,13.4523206573918
0.0912817598792719,11.0253034853528,11,10.7400476372688,0.263676946560275,12.0464363558445
0.855265017139506,14.9441751884791,15,14.7352664871415,0.570884555610879,13.7063170990278
-0.0935020044416218,10.0398794461184,10,9.72671497682047,-0.24375193504372,9.33116276115791
-0.316956413393733,8.86568985603831,9,8.51801568212038,-0.0325156145445776,10.4442889455221
-0.0895563836709204,10.0607585158233,10,9.74820523637063,-0.239116861882581,9.35541513092633
-0.860414449321598,5.95901426909969,6,5.54457671677665,-0.473488159858545,8.12835933469755
0.24809793044622,11.8703863561085,12,11.6066148236428,0.0043596034459444,10.6409857522833
-0.296387968864828,8.97339237601108,9,8.62883903899423,-0.432781757316907,8.34227623707516
1.40893921708065,17.018001604777,17,16.8532867834612,1.39404831826348,17.079317049807
-0.501064982751156,7.89823598332959,8,7.5237976532986,-0.145018344025348,9.84904460683455
-0.296387968864828,8.97339237601108,9,8.62883903899423,-0.251970575353813,9.28816936260213
-1.48391798903448,2.83705169827549,3,2.44178512739258,-1.47362079090681,2.95811206320771
-0.285932669631175,9.02814301169704,9,8.68518472454822,-0.598770536699157,7.46483993971125
1.10010555101345,15.952927084134,16,15.7608347127084,1.18942623728217,16.4180716589307
0.657828498407981,14.0151039088006,14,13.792398343759,0.692148452962408,14.3256399694966
0.469786936021544,13.0545782753541,13,12.8157559193759,0.39471383465202,12.7626428546063
0.619745765970837,13.8255983308705,14,13.5999382630597,0.669058095009743,14.2103108175027
0.86188218134542,14.9735932960388,15,14.7651236177763,0.870770761466241,15.1669224175373
1.39145641719413,16.9624433092914,17,16.7958993434488,2.20241184474724,19.1435571906754
2.15022486679607,19.0165494610462,19,18.9516875977433,1.93157647289814,18.5561556178645
-1.2690185407497,3.79708779202069,4,3.37947581164228,-0.778139142992944,6.49768976455009
0.0897705330609691,11.0171854889218,11,10.7317103142447,0.364812604162895,12.5996287141432
0.852108862119729,14.9301022016634,15,14.7209839492803,0.880672254384117,15.2106726006599
0.100285999511591,11.0736886705653,11,10.7897354886429,0.200993005110082,11.703854184261
-0.88387754600679,5.83042048384742,6,5.41430215623555,-0.124465567447091,9.95730075850871
-1.07423714784225,4.79625197873741,5,4.3727719039633,-1.03856959480652,5.07642855978139
-1.21369388352343,4.07106544809485,4,3.6503342534619,-1.36490348375919,3.42875633409231
-1.01264007033899,5.12759475130661,5,4.70517557779257,-1.32779302921642,3.60017326047848
0.096087727580003,11.0511254082427,11,10.7665657402486,0.730162327197295,14.5124778857873
1.41039354904645,17.0226030669494,17,16.8580420784006,1.05287229401919,15.9204027867939
-1.44801104502716,2.98447132492917,3,2.58443040157196,-1.63043091327494,2.36881100165849
0.278786483647252,12.0358166217728,12,11.7759051559478,-0.0352970556877023,10.4294866817378
0.278786483647252,12.0358166217728,12,11.7759051559478,0.260404452792286,12.0285305110928
-0.0999040320462548,10.0060163733379,10,9.69185955081665,-0.358603288855881,8.73076718697232
-0.489186239936109,7.96102126015615,8,7.58822622537577,-0.316226653009719,8.95228369664875
-0.315296087228135,8.8743839051794,9,8.52695818066146,-0.510265745880188,7.93446821386267
-1.72260656722066,2.00214940292002,2,1.64673971732226,-1.81332018124534,1.81537642972931
0.444722910079685,12.9226198000164,13,12.6813210130747,-0.379792787767782,8.61992103927407
-0.626608581890052,7.22964642515829,7,6.83881804775874,-0.843035285275135,6.14337400712244
0.633982753566004,13.896785899504,14,13.6722459753191,0.216279324157372,11.7872986680979
-0.505193791578104,7.87639616530878,8,7.50138995509464,-0.4236919437822,8.38996117253077
0.886777875061468,15.08320888619,15,14.8763887756832,0.606192335147851,13.889918793397
-0.489355462384621,7.96012732879938,8,7.58730878672198,-0.461119773397728,8.19342635734287
-1.62773997931711,2.30370366347208,2,1.93098677657072,-1.60485463751792,2.45753637909929
0.288530725665828,12.0882984199324,12,11.829586252071,0.358476065986176,12.5650309877063
-0.465913356269248,8.08383266207023,8,7.71429633043115,-0.511206965695804,7.92949735264391
1.72868538058859,17.96915802668,18,17.8442117457055,1.6009369780299,17.6820627915892
1.39145641719413,16.9624433092914,17,16.7958993434488,1.0171320499149,15.7809767159983
0.856744844218767,14.9507643534243,15,14.741953869382,0.379834340483199,12.6815794941332
-0.0935020044416218,10.0398794461184,10,9.72671497682047,0.145086920739144,11.3994827491436
0.0758351499386178,10.9423662101817,11,10.6548594697273,0.344520201179421,12.4887810283394
-2.31843572048875,0.837258849896114,1,0.608092805117532,-2.76071270985656,0.451200367294974
0.100285999511591,11.0736886705653,11,10.7897354886429,0.47259171270696,13.1842741730731
-0.276984115748646,9.07500847585775,9,8.73341888449945,-0.417353672218691,8.42319593583055
-1.73911745432568,1.95363083755486,2,1.60138889743855,-2.19969007378299,1.03306671288489
-0.296529383710376,8.97265186809691,9,8.62807698880386,-0.164460241454529,9.7468072904089
0.268341342872749,11.9795323395288,12,11.7183210941641,0.314313913528277,12.3235715460454
0.862945372597351,14.9783089247013,15,14.769909750464,1.16364343302674,16.3280936406284
1.11156656715003,15.9962106371955,16,15.8049743812044,0.904937846729628,15.3165404721829
0.0798993743893735,10.9641797374823,11,10.6772671679312,-0.059537937672928,10.300678880916
0.260868595661959,11.9392501811289,12,11.6771001037103,0.238898625760333,11.9109025800431
0.0758351499386178,10.9423662101817,11,10.6548594697273,0.292649929123771,12.2050051921793
-0.865338738333015,5.93202700084906,6,5.51722428560431,-0.987772256327104,5.35186120075362
0.257823189144761,11.9228307215038,12,11.660295919766,0.108846261473778,11.2030096206107
1.10010555101345,15.952927084134,16,15.7608347127084,1.42823513561091,17.1824740233332
-1.25748321750994,3.85343786406165,4,3.4350812197136,-1.32739213553257,3.60205298914107
-1.26738861224619,3.80502407499285,4,3.38730388467818,-1.23475730407267,4.05114697402735
-1.19704113187784,4.15527228907031,4,3.73382751618136,-1.09851438337922,4.75527703400283
-0.85576563430013,5.98449006176767,6,5.57040317852392,-0.715581491686636,6.83731649220688
-0.868400330852217,5.91524744776796,6,5.50022098786289,-1.02589156706211,5.14494081071866
-0.499597763429545,7.90599487757463,8,7.53175876372573,-0.703626218261977,6.90195551833197
0.644325699406309,13.9482488518816,14,13.7245108041579,0.914865718572422,15.3592991502727
-1.01882771112878,5.09410447452896,5,4.67151820043106,-0.818411567700281,6.27799683052303
2.15022486679607,19.0165494610462,19,18.9516875977433,1.76229506341642,18.1231472369214
1.72868538058859,17.96915802668,18,17.8442117457055,1.19952360243249,16.4528438224793
1.11280633033578,16.0008727534426,16,15.8097296761439,0.994681817618769,15.6913204742713
0.13151954850535,11.2417226537808,11,10.9622331297412,-0.224873107500916,9.42997103224081
1.39145641719413,16.9624433092914,17,16.7958993434488,1.24424958546941,16.6038754021551
1.12789743721335,16.057313376864,16,15.8673137379276,0.799600085677871,14.8432238143309
1.12789743721335,16.057313376864,16,15.8673137379276,0.881683904462982,15.2151246848234
-0.291865076102454,8.99707652893375,9,8.65321263861192,-0.00966604794761172,10.566070681352
0.288530725665828,12.0882984199324,12,11.829586252071,0.555989633592961,13.6281686001813
-0.297417559957712,8.9680010156704,9,8.62329085611622,-0.844168995081482,6.13717169306495
-0.293317660775934,8.98946997550916,9,8.64538456557601,-0.121974411611159,9.97043548468163
1.72868538058859,17.96915802668,18,17.8442117457055,1.92098241387132,18.5302145073868
0.456287449665628,12.9835937338643,13,12.7434482071165,0.577293123060247,13.739818390907
0.667609571140146,14.0632929252197,14,13.8413241449427,0.857024008129656,15.1056556193219
0.0692863527499403,10.9072306289688,11,10.6187656674937,0.182431929491624,11.6026493273502
0.657828498407981,14.0151039088006,14,13.792398343759,0.662737241540265,14.1785093797595
-1.8169914982099,1.73993620399884,2,1.40313821518785,-1.6405606257738,2.33446225873813
0.269795745600166,11.9873710062277,12,11.7263416203783,0.0487776471663152,10.8790641685369
-0.489355462384621,7.96012732879938,8,7.58730878672198,-0.0112034950839702,10.5578662934007
0.839346993136375,14.8729256344126,15,14.6629587748821,0.846281959496646,15.0573570586746
1.39145641719413,16.9624433092914,17,16.7958993434488,1.20658619928948,16.4770135342681
-0.296387968864828,8.97339237601108,9,8.62883903899423,-0.440828412953069,8.30004023059471
0.862945372597351,14.9783089247013,15,14.769909750464,1.08517008126896,16.0429930345779
-0.291865076102454,8.99707652893375,9,8.65321263861192,-0.198905253279168,9.56602178145443
1.12789743721335,16.057313376864,16,15.8673137379276,0.979212349910432,15.6285959208156
-0.296387968864828,8.97339237601108,9,8.62883903899423,-0.473481933624521,8.12839210592221
0.278786483647252,12.0358166217728,12,11.7759051559478,-0.0599875115964076,10.2982932830925
-0.0648976306278346,10.1914040417218,10,9.88266287047535,-0.37578326953699,8.6409016596755
-0.109035811001249,9.95774525225391,10,9.64217169944258,-0.0741941733551391,10.222967639041
-2.02089161268775,1.2870072107263,1,0.99329609232102,-1.42358604926334,3.16865772311977
0.290124985156307,12.0968823455143,12,11.8383651669762,0.132101267667416,11.3290000723272
-1.00235428750259,5.18335019099908,5,4.76123781077971,-0.986197372565195,5.36043517552239
0.0897705330609691,11.0171854889218,11,10.7317103142447,0.0980621075492396,11.1446892189946
0.673342249406017,14.0914413264513,14,13.869902942839,0.574781216875638,13.7266961801614
0.469786936021544,13.0545782753541,13,12.8157559193759,0.67260475476782,14.2281119787661
0.0913038230802175,11.0254220102011,11,10.7401719530734,0.0926888708097146,11.115656741787
-0.0893879683571439,10.0616498739611,10,9.74912267502443,-0.0347202926369726,10.4325557089669
0.667609571140146,14.0632929252197,14,13.8413241449427,1.08906329245548,16.0575569426237
-0.104161446895853,9.98350696267212,10,9.66868980242232,-0.0713729939891064,10.2379167586365
-1.26738861224619,3.80502407499285,4,3.38730388467818,-1.03344331077081,5.10411005368373
-0.0999040320462548,10.0060163733379,10,9.69185955081665,-0.0118889509194658,10.5542089262342
0.265613591345338,11.9648295901708,12,11.7032765061125,0.260927911207693,12.0313945814199
0.460647920568115,13.0065455463224,13,12.7668301181922,0.535153625664513,13.5182192206393
-0.110218876841271,9.95149410902029,10,9.63573691565898,-0.239280082065312,9.35456103447191
0.886777875061468,15.08320888619,15,14.8763887756832,1.19581525026248,16.4401032789615
0.284204420520594,12.0650005721561,12,11.8057575228668,0.185639601803005,11.6201293915622
-1.25748321750994,3.85343786406165,4,3.4350812197136,-1.11880197630158,4.64786322093874
0.259087882129166,11.9296495773278,12,11.6672746915218,0.192858360691618,11.6594830872445
1.12789743721335,16.057313376864,16,15.8673137379276,1.33944566846093,16.9108118117569
0.100285999511591,11.0736886705653,11,10.7897354886429,-0.322737797309446,8.91825571328975
-1.8169914982099,1.73993620399884,2,1.40313821518785,-1.9953863555916,1.39097159102529
-1.434402963082,3.04178534591182,3,2.64003580964328,-1.59032422436041,2.50922444316743
-0.292229867559651,8.99516626652476,9,8.65124673719819,-0.0849216426072413,10.1661645052512
-2.31843572048875,0.837258849896114,1,0.608092805117532,-2.16705834210733,1.08324960702725
-0.285932669631175,9.02814301169704,9,8.68518472454822,-0.35232929992225,8.76357419897973
0.278665168363167,12.0351630612601,12,11.7752365838138,0.290292678360259,12.1921027767838
-1.07594162681575,4.78715703349544,5,4.36366682523484,-1.20929879986839,4.17925562799509
-1.25064269808023,3.88705287459391,4,3.46827798333714,-0.912494966993258,5.76308094078366
1.39145641719413,16.9624433092914,17,16.7958993434488,0.924318626567716,15.3997116211907
-0.0639676029880825,10.1963368909893,10,9.88773910299072,0.312049417399284,12.3111798074067
0.0732441753307025,10.9284631625949,11,10.640576931866,0.213727688507155,11.7733644506236
-0.0999040320462548,10.0060163733379,10,9.69185955081665,0.340335011689913,12.4659029095076
1.72868538058859,17.96915802668,18,17.8442117457055,1.58817161328917,17.646173819013
0.0695914739943039,10.90886729811,11,10.6204451563379,-0.0672376529068258,10.2598376277304
0.477161442095559,13.0932643829137,13,12.8551544776378,0.387247174227442,12.7219797015855
-1.0284553476148,5.04207668141315,5,4.61925674616523,-1.12352789042783,4.62294994792729
-0.297710441135785,8.96646737562202,9,8.62171261397816,-0.330972249064933,8.87521901261019
1.10010555101345,15.952927084134,16,15.7608347127084,0.950298189325352,15.5092664723031
-0.281775317020526,9.04991522525854,9,8.70759242275217,0.00959442409791088,10.6689784817085
-0.489186239936109,7.96102126015615,8,7.58822622537577,-0.85032934731637,6.10346435823158
-0.882986462275379,5.83530415185675,6,5.41924688920393,-0.802430812696995,6.36525658142172
1.39145641719413,16.9624433092914,17,16.7958993434488,1.58206167298277,17.6289434891016
0.10872875032799,11.1190810115837,11,10.836345544825,0.206186940644443,11.7321976968326
-2.05522631219088,1.22394029560642,1,0.9376906842497,-3.11427227800589,0.259661233423352
0.43824802209733,12.8884181076911,13,12.6464655870709,0.232254884071108,11.8745835230839
-0.121580319445067,9.89149186996342,10,9.57397017109725,0.0640214340177569,10.961060525017
1.10010555101345,15.952927084134,16,15.7608347127084,0.739874754964927,14.5595809621237
-0.0999040320462548,10.0060163733379,10,9.69185955081665,-0.124838880254592,9.95533270473338
-1.01120231434943,5.13538211278028,5,4.71300365082848,-0.991530321106007,5.33140866504745
0.667609571140146,14.0632929252197,14,13.8413241449427,0.745875909968079,14.588552194208
-1.75997673184904,1.89396641008126,2,1.54578348936723,-1.99385333234808,1.39408836780124
0.265671776169352,11.9651432262154,12,11.7035974436884,0.0714413329966735,11.0010252452116
-1.03019147607619,5.03270566110946,5,4.60984702491063,-0.764398261569406,6.57247632055122
-0.0999040320462548,10.0060163733379,10,9.69185955081665,-0.0854458303409301,10.163390497552
1.40015637139512,16.9901473426317,17,16.8245089790933,1.58063881539169,17.6249260228351
0.0788357868198459,10.9584706490885,11,10.6714049963091,-0.0170964985916819,10.5264327918988
-0.0893879683571439,10.0616498739611,10,9.74912267502443,0.048202761558305,10.8759747464022
-1.23003990746106,3.98916319003826,4,3.56923421129217,-1.33887168956199,3.54846016042627
1.12789743721335,16.057313376864,16,15.8673137379276,1.06970987693041,15.9847086914066
-0.691377391838035,6.88069714165317,7,6.48226740102635,-0.948769711058398,5.56463283865275
-0.866990770281406,5.92297282300177,6,5.50804906089879,-0.729364670713034,6.76268324402061
-1.25064269808023,3.88705287459391,4,3.46827798333714,-1.51944926640203,2.77470429962141
-1.4023775370389,3.17973110127316,3,2.77418880122185,-1.56273360285593,2.60993543275369
-0.49463997479651,7.93220430808152,8,7.55865307930242,-0.202061132646118,9.54947753630422
-1.40235933480471,3.17981070906983,3,2.77426634659227,-1.21573937915463,4.14667414655169
-1.02910978592914,5.03854384389999,5,4.6157091965328,-1.04871314599084,5.02174361461515
0.862945372597351,14.9783089247013,15,14.769909750464,0.88042080372932,15.2095654963417
-0.641901690937995,7.1475064660832,7,6.75482352807958,-0.907969903422157,5.78785629862995
2.13037638164233,18.9753442567933,19,18.9078860120905,2.11650675330662,18.97508216421
0.288530725665828,12.0882984199324,12,11.829586252071,0.164380888132425,11.5043647402334
-0.771972668527988,6.4428197858939,6,6.03597711447673,-0.414537309078238,8.43795962865674
0.657828498407981,14.0151039088006,14,13.792398343759,1.39910405180491,17.094679506131
-1.0492383899321,4.9301356535245,5,4.50692489554187,-1.1191355811946,4.6461031887202
0.638562406648086,13.9195993864477,14,13.6954157237135,0.660269386282807,14.1660668810928
0.449032208434755,12.9453576646573,13,12.7044907614691,0.615178648591319,13.93625148805
0.65080133735436,13.9803582515123,14,13.7571173460508,0.279999269816909,12.1357626115571
0.460647920568115,13.0065455463224,13,12.7668301181922,0.0873533536286154,11.0868453262273
0.43824802209733,12.8884181076911,13,12.6464655870709,0.206709948678726,11.7350523008952
0.667609571140146,14.0632929252197,14,13.8413241449427,0.726267126233452,14.4935131009883
-0.695269210403205,6.85964144535047,7,6.46077714147619,-0.874448988566874,5.97142444049576
0.0872198805187164,11.0034857394664,11,10.7176399390649,-0.164042928939087,9.74900017880022
-1.48190780824084,2.84515697208113,3,2.44961320042848,-0.990390615379594,5.33761021681811
0.648262178798893,13.9677781580905,14,13.7443415248972,0.265610559637752,12.0570169872851
-0.670953153371167,6.99103634556886,7,6.59493013305475,-0.682840475119067,7.01411882491438
0.635816798288268,13.9059272346184,14,13.6815302178114,0.414452309508535,12.8699711131932
0.876856300580012,15.0397264031645,15,14.8322491071871,0.272991960969097,12.0974113223421
-0.297769999154358,8.96615550690761,9,8.62139167640223,-0.58666232585536,7.52937032640195
2.14320910883432,19.0020997326472,19,18.9363257336151,2.48416884212965,19.5611076098155
1.73390510648636,17.9837850365624,18,17.8595736098337,1.40473220502919,17.1117365894073
0.855265017139506,14.9441751884791,15,14.7352664871415,0.161323405051042,11.4877321048134
0.66665062122304,14.0585774185784,14,13.8365380122551,0.566100467930069,13.6812593306194
1.40883585243829,17.0176744455084,17,16.8529487006179,1.19613952843087,16.4412187572583
-1.06430239996084,4.84935081663102,5,4.42595079688291,-1.0603858946882,4.95897183306836
-0.0893879683571439,10.0616498739611,10,9.74912267502443,0.0119370507044338,10.6815111297938
0.429174681671145,12.8404181642001,13,12.5975397858872,0.889991497784916,15.2515587664515
-0.492130151771194,7.94546778624432,8,7.57226419867034,-0.153221672620121,9.8058876220986
0.287661645224383,12.0836187280673,12,11.8248001193833,0.263346275672822,12.0446269872669
-0.839665628542888,6.07269823987614,6,5.65986955978369,-1.52668483576437,2.74658626754277
0.273714658913977,12.0084900444197,12,11.7479492748659,0.224913399152166,11.8344632382764
1.40893921708065,17.018001604777,17,16.8532867834612,0.924942096775243,15.4023667277169
-0.0999040320462548,10.0060163733379,10,9.69185955081665,-0.25816704605785,9.25576158614268
-0.600995615035138,7.36686247289047,7,6.97921598160445,-0.412885674296432,8.44661659602901
0.278786483647252,12.0358166217728,12,11.7759051559478,0.491136228316843,13.2837957883027
1.12789743721335,16.057313376864,16,15.8673137379276,0.994744902654921,15.6915746803054
1.08394074632858,15.8913076583654,16,15.6980234056226,1.27330848484733,16.6995408186555
-0.306491683975391,8.92048615568592,9,8.57439589268072,-0.113289573480651,10.016250095442
1.10186059742453,15.9595768491542,16,15.7676168626929,1.14714477054639,16.269589379429
0.452053098439066,12.9612852373369,13,12.7207195713366,0.465875627063941,13.1481341942199
1.10229612468372,15.96122581789,16,15.769296351537,0.85140850847912,15.0804532607169
0.468892011853524,13.0498790975981,13,12.8109697866883,0.507264551182075,13.370003055902
-0.45389024408472,8.14718401177575,8,7.77935048261041,-0.343004452746884,8.81232551858325
0.868007109894487,15.0007175470609,15,14.7926539271539,0.603143788838532,13.8741628659292
-0.296387968864828,8.97339237601108,9,8.62883903899423,-0.584712113530867,7.53975515755449
0.476717230142814,13.0909359614035,13,12.8527833475612,0.338961673582838,12.4583945945978
1.10010555101345,15.952927084134,16,15.7608347127084,0.618639282490241,13.9540490290941
1.41039354904645,17.0226030669494,17,16.8580420784006,1.04167614229115,15.8771571432048
-0.0935020044416218,10.0398794461184,10,9.72671497682047,-0.321024979083873,8.92720722834601
1.39145641719413,16.9624433092914,17,16.7958993434488,1.90299769968533,18.4857741654102
0.279649382230712,12.0404651943659,12,11.7806604508873,0.407145336761393,12.8302694841954
-0.489186239936109,7.96102126015615,8,7.58822622537577,-0.633850330568404,7.27734190134891
0.469786936021544,13.0545782753541,13,12.8157559193759,0.463198912530566,13.1337169171281
-0.0999040320462548,10.0060163733379,10,9.69185955081665,-0.281583864379596,9.13333474831562
-1.03893500648958,4.98556497671638,5,4.56253030361319,-1.2741054169832,3.85693865069913
-2.31843572048875,0.837258849896114,1,0.608092805117532,-2.26444819418374,0.940255634148395
0.45107985049478,12.9561549053701,13,12.7154923260345,0.627799643567732,14.0010353774579
-0.836272174259993,6.09128467956962,6,5.67872970835522,-1.25594198393868,3.94598959311253
-0.285762448543927,9.0290344442043,9,8.68610216320201,-0.472550845137729,8.13329261525455
1.72868538058859,17.96915802668,18,17.8442117457055,1.40735283704237,17.119662994384
-0.680598320872801,6.93896358604885,7,6.54175124013514,-0.653451510580785,7.1722183081072
-0.0893879683571439,10.0616498739611,10,9.74912267502443,-0.121976843192316,9.97042266262209
0.849046127375053,14.9164201534639,15,14.7070984433782,0.820965129633057,14.9420744318559
1.12650503322001,16.0521296042486,16,15.8620237383735,0.911511193776413,15.3448875942465
0.0790309429724243,10.9595181700382,11,10.6724810352436,0.126535304408167,11.2988173115851
0.645426304149598,13.9537122783764,14,13.7300589870359,0.0977313674627462,11.1429016759107
-0.489355462384621,7.96012732879938,8,7.58730878672198,-0.427081039159289,8.37218523563477
0.852108862119729,14.9301022016634,15,14.7209839492803,0.929568319810955,15.4220280534786
0.876856300580012,15.0397264031645,15,14.8322491071871,1.04941555248628,15.9070926052679
-1.44801104502716,2.98447132492917,3,2.58443040157196,-1.838820907067,1.74888331009142
2.14320910883432,19.0020997326472,19,18.9363257336151,1.6939799146202,17.939277088083
0.865056923767904,14.9876653293114,15,14.7794061556376,0.789632365611113,14.7966250621985
1.72868538058859,17.96915802668,18,17.8442117457055,1.71272830511204,17.9901750405513
0.0800375768031956,10.9649216063817,11,10.6780292181216,-0.272777845514007,9.1793670949457
0.657828498407981,14.0151039088006,14,13.792398343759,0.330935684547012,12.414505649895
-1.72260656722066,2.00214940292002,2,1.64673971732226,-1.76587513609631,1.94576496197672
-0.296387968864828,8.97339237601108,9,8.62883903899423,-0.369675818385317,8.67285435584384
-0.29669963454047,8.9717603636003,9,8.62715955015007,-0.484056117507816,8.07271083695388
0.0808999565019574,10.9695510096686,11,10.682784513061,0.260669836605703,12.0299825375049
1.39145641719413,16.9624433092914,17,16.7958993434488,1.00385938396698,15.7281672595392
-0.114030573462415,9.93135769927381,10,9.61500870629918,0.247041090986026,11.9554282595246
0.885418083038597,15.0772653293506,15,14.8703551480052,1.1625801486774,16.3243453744512
0.0863577769862432,10.9988558387688,11,10.7128846441254,0.00482590370486786,10.6434785420091
0.477161442095559,13.0932643829137,13,12.8551544776378,0.614832056745187,13.9344676188293
0.278786483647252,12.0358166217728,12,11.7759051559478,0.0716954717631372,11.0023946865687
-0.829032856025223,6.13092735915987,6,5.71896600940055,-1.22532141250074,4.09841438034926
0.100285999511591,11.0736886705653,11,10.7897354886429,-0.287749585059427,9.10110790501388
0.876856300580012,15.0397264031645,15,14.8322491071871,0.663050206212105,14.1800862457084
0.862945372597351,14.9783089247013,15,14.769909750464,0.467625004929872,13.1575525251473
0.657676488428773,14.0143533929,14,13.7916362935687,0.344790550774764,12.4902587103496
-1.69243013854286,2.09382428287358,2,1.73273609432002,-2.06360903262205,1.25923206652782
-0.4499165537826,8.16810871760598,8,7.80084074216057,-0.683709315404982,7.00943609459699
-0.671109571901681,6.99019235567596,7,6.59406807947603,-0.132351284742396,9.91574220778243
-2.15440817687164,1.05965873318223,1,0.795045410070316,-2.35490949914977,0.824231046902819
-1.20645736411187,4.10756495439608,4,3.68651079488392,-0.688594628300676,6.98309677432962
1.39145641719413,16.9624433092914,17,16.7958993434488,1.55488732375964,17.5518878773085
0.24809793044622,11.8703863561085,12,11.6066148236428,0.592679192614468,13.8199358423259
0.0800375768031956,10.9649216063817,11,10.6780292181216,-0.00471645634463294,10.5924936603449
-0.882986462275379,5.83530415185675,6,5.41924688920393,-0.111496190132864,10.0257152390751
-0.501064982751156,7.89823598332959,8,7.5237976532986,-0.211725748106506,9.49883003536605
-0.102668300349628,9.99140049652209,10,9.67681496276501,0.0970735562888708,11.1393466139781
0.269123638581427,11.9837486678641,12,11.7226352764891,-0.251924056543028,9.28841268017944
1.13544920955576,16.0853442495525,16,15.8959233735721,0.920315974963266,15.3826355502657
0.667609571140146,14.0632929252197,14,13.8413241449427,0.476356866337602,13.2045129375178
0.862945372597351,14.9783089247013,15,14.769909750464,0.423738726762189,12.9203718209583
-0.296387968864828,8.97339237601108,9,8.62883903899423,-0.256628065629402,9.26380997393763
1.11156656715003,15.9962106371955,16,15.8049743812044,0.796409137252214,14.8283392293176
1.10010555101345,15.952927084134,16,15.7608347127084,0.729651959436589,14.5099954251495
-0.0999040320462548,10.0060163733379,10,9.69185955081665,0.0851640686811862,11.0750283577088
0.876856300580012,15.0397264031645,15,14.8322491071871,0.584813140006377,13.7790325996891
-0.69243913895348,6.87495379017811,7,6.47640522940417,-0.754445601396281,6.62658276013843
-0.212060162833528,9.41534830440262,9,9.08376674569912,-0.201501279564774,9.55241226994008
1.1137727874637,16.0045044151941,16,15.8134360200331,1.35222283088295,16.9506870810648
0.449835061509903,12.9495916657558,13,12.7088049437941,0.381728456710262,12.6919052141472
-0.296387968864828,8.97339237601108,9,8.62883903899423,-0.309066630593989,8.98970178087413
-2.31843572048875,0.837258849896114,1,0.608092805117532,-2.47709996133545,0.689244143859449
0.0660364248615298,10.8898002801046,11,10.6008574360282,0.257710850594229,12.0137932467204
0.276785289867949,12.0250351258031,12,11.7648757652712,-0.127146223332489,9.94317016805165
0.446947364447816,12.9343595602757,13,12.6932840297031,0.470354509245273,13.1722410395481
-1.25064269808023,3.88705287459391,4,3.46827798333714,-1.44499455878137,3.07727515882008
-1.07386926589944,4.79821555405786,5,4.37473780537703,-1.19030004603698,4.27601383348403
-0.68076464645285,6.93806508422085,7,6.54083380148135,-1.21980502614263,4.12616602492108
0.445567548174687,12.9270780799912,13,12.6858641453328,0.143123309141967,11.3888190776597
0.278481735412905,12.0341748476219,12,11.7742256671037,-0.08807932336908,10.1494562808275
-0.679701831577634,6.94380616912538,7,6.54669597310352,-0.795566679525748,6.40270528972538
-1.44801104502716,2.98447132492917,3,2.58443040157196,-1.74725269596266,1.99938889632573
-1.18044793512921,4.239909438962,4,3.81785799176538,-1.42407441834755,3.16655179760004
-0.695269210403205,6.85964144535047,7,6.46077714147619,-0.305992662274131,9.00576618199018
0.460505735081942,13.0057974802432,13,12.7660680680019,0.614715066431296,13.9338654256538
-0.489186239936109,7.96102126015615,8,7.58822622537577,-0.222874647621666,9.44043516490374
-0.0999040320462548,10.0060163733379,10,9.69185955081665,0.116081178564962,11.2421739472157
-0.88387754600679,5.83042048384742,6,5.41430215623555,-0.672900988650803,7.06765337870394
0.696454411688836,14.2041953418254,14,13.9843607455673,0.494188584807827,13.3001367115066
-0.489355462384621,7.96012732879938,8,7.58730878672198,-0.688393473193876,6.98418161880785
-0.695269210403205,6.85964144535047,7,6.46077714147619,-0.792010416346106,6.42209918614926
-0.670953153371167,6.99103634556886,7,6.59493013305475,-0.452085049303023,8.24091585037496
-1.25064269808023,3.88705287459391,4,3.46827798333714,-0.929444915774919,5.67030924015811
-0.285762448543927,9.0290344442043,9,8.68610216320201,-0.347490067925126,8.78887543050385
-0.296387968864828,8.97339237601108,9,8.62883903899423,0.132134293191724,11.3291792116738
-1.25064269808023,3.88705287459391,4,3.46827798333714,-1.28394760118394,3.8091307029163
0.849092882407406,14.9166292099857,15,14.7073106060596,0.606736744452824,13.8927304856248
0.624148929551531,13.8476575225824,14,13.6223459612637,0.568655763333167,13.6946483920278
1.11156656715003,15.9962106371955,16,15.8049743812044,1.11320473887733,16.1468659316153
0.477161442095559,13.0932643829137,13,12.8551544776378,0.345547386442556,12.4943953237675
0.278356236466351,12.0334987384686,12,11.7735340258712,0.22031770003187,11.8093559665015
0.281731596751213,12.0516815975075,12,11.7921339658154,0.367529389332375,12.6144575178437
2.14320910883432,19.0020997326472,19,18.9363257336151,2.43718335025223,19.5057145644935
0.0800375768031956,10.9649216063817,11,10.6780292181216,0.303566598451848,12.2647557104901
-0.104161446895853,9.98350696267212,10,9.66868980242232,-0.145128612491164,9.84846430484557
-0.505193791578104,7.87639616530878,8,7.50138995509464,-0.243752879857897,9.33115781796002
-1.51029138565027,2.73235371813681,3,2.34082889943755,-1.52891333968214,2.7379724816279
-0.136489135697804,9.81283517476886,10,9.4929960724383,-0.407239710857617,8.476203759642
2.14320910883432,19.0020997326472,19,18.9363257336151,2.1397829912199,19.0225396759386
-1.44801104502716,2.98447132492917,3,2.58443040157196,-1.3281782968719,3.59836735134354
-0.661025538141852,7.04456967796896,7,6.64961810247228,-0.541371879228927,7.76993496832424
-0.675281816540614,6.9676741418425,7,6.57106957272121,-0.93586654352139,5.63517967496687
0.862945372597351,14.9783089247013,15,14.769909750464,0.806736149225877,14.8763977577495
2.14320910883432,19.0020997326472,19,18.9363257336151,1.77334904057596,18.1524704773853
-0.679701831577634,6.94380616912538,7,6.54669597310352,-1.00782800746784,5.24283726886535
0.468005702029547,13.0452242114204,13,12.8062286764541,0.509666706268356,13.3828131771369
-0.841193664459413,6.06432824809255,6,5.65137727718288,-0.821027837521671,6.26370220560799
0.710817421220729,14.2736611535177,14,14.0548659697646,0.839852412814881,15.0282719462901
0.268261357557371,11.9791012362724,12,11.7178799815497,0.137503147954017,11.3583091588078
-0.292229867559651,8.99516626652476,9,8.65124673719819,-0.26556735505748,9.2170648268065
1.39145641719413,16.9624433092914,17,16.7958993434488,1.03301142762421,15.8434201665224
-0.100212589673875,10.0043847319035,10,9.69018006197249,-0.148293700642134,9.83180983982404
-0.0999040320462548,10.0060163733379,10,9.69185955081665,0.0878634147825837,11.0895988722669
-1.2459504413995,3.9101951540993,4,3.49114345270074,-1.07346440256063,4.88885741596209
0.886777875061468,15.08320888619,15,14.8763887756832,1.03751579010255,15.8609878088364
1.1313898317155,16.070294049298,16,15.8805615094439,0.85374498299689,15.0909516538823
-1.04387648097525,4.95896431886197,5,4.53584049760736,-1.46510567334394,2.99319236678747
-1.21759404939272,4.05145431821706,4,3.6309053868126,-1.49801861370085,2.8593322560489
-0.28340501858278,9.04138027957105,9,8.69880828159965,-0.330557038683005,8.8773891656608
-0.100923378243007,10.0006262653861,10,9.68631136793863,0.166002490597093,11.5131880131407
0.278786483647252,12.0358166217728,12,11.7759051559478,-0.0303817555095288,10.4556481196513
1.11750514806829,16.0185074509128,16,15.8277185578943,0.304118485910692,12.267776216251
0.0758351499386178,10.9423662101817,11,10.6548594697273,0.301525392682816,12.2535839264263
0.268261357557371,11.9791012362724,12,11.7178799815497,0.400442341250145,12.7938177511957
0.259392252288307,11.9312906103138,12,11.668954180366,0.29796589598821,12.2341018034589
-0.55587684488536,7.60752954688598,7,7.22570082380639,-0.543554942183703,7.75836757552976
-0.30757966682392,8.91478920711132,9,8.56853372105855,-0.0506309331683883,10.3479669997143
0.666498019141695,14.0578268367704,14,13.8357759620647,0.907858322552709,15.3291523166309
-0.824041981004723,6.15825031745994,6,5.74670583006482,-0.781656781053126,6.47852928984312
0.28593743602059,12.0743338000283,12,11.8153037142097,0.193181949808579,11.6612476477435
-0.715702913597365,6.74893365976911,7,6.34783249472517,-1.18964011164481,4.27939167515208
0.660545845135396,14.0285119934132,14,13.8060123094863,0.636705312360407,14.0465389205626
1.11156656715003,15.9962106371955,16,15.8049743812044,0.924760046172558,15.4015915800538
0.657828498407981,14.0151039088006,14,13.792398343759,0.5172355059349,13.4231232711167
-1.8169914982099,1.73993620399884,2,1.40313821518785,-1.823248599971,1.78919582664434
-2.15440817687164,1.05965873318223,1,0.795045410070316,-1.83586621972961,1.7564623106119
-1.24654127787642,3.9072774113729,4,3.48826011263321,-1.51123122756805,2.80691905921943
-0.489186239936109,7.96102126015615,8,7.58822622537577,-0.254311939189895,9.27592325373833
-1.42637515685264,3.07596326677565,3,2.67323257326682,-1.32184295502333,3.62813213147411
-0.110078764711384,9.95223440958019,10,9.63649896584935,0.0187366643984513,10.7179077664996
-0.113464896729869,9.93434566644695,10,9.61808451239446,-0.303992855293415,9.01621710583973
0.876812239295071,15.0395327005645,15,14.8320524854158,0.423607837485804,12.9196618953799
-0.103745564352828,9.98570543321057,10,9.67095279114283,-0.563095215066044,7.65470494135985
2.14320910883432,19.0020997326472,19,18.9363257336151,1.44870390069325,17.2434638766694
0.656101987470012,14.0065767832754,14,13.783740083159,0.258133628793873,12.0161062853032
0.28593743602059,12.0743338000283,12,11.8153037142097,0.311873352697734,12.3102163244539
0.855265017139506,14.9441751884791,15,14.7352664871415,0.719129646395138,14.4586539276512
-0.292400107640282,8.99427479139995,9,8.6503292985444,-0.0922467807278149,10.1274132677768
-0.868400330852217,5.91524744776796,6,5.50022098786289,-0.979674085869179,5.39596709427319
0.862945372597351,14.9783089247013,15,14.769909750464,1.02485725838873,15.8114549187074
-1.0492383899321,4.9301356535245,5,4.50692489554187,-0.863318448334279,6.03236778089456
1.11502286778497,16.0091983581793,16,15.8182221527207,1.15916450219625,16.3122841168099
-0.860414449321598,5.95901426909969,6,5.54457671677665,-0.556080634854236,7.69194394815676
-1.02910978592914,5.03854384389999,5,4.6157091965328,-1.04923605335128,5.01892791612144
-0.848818299907876,6.02255750070831,6,5.60900528885382,-0.880360015646633,5.93905494650781
0.887850374009614,15.0878931386435,15,14.8811440706226,1.25458237725325,16.6381050846463
0.100285999511591,11.0736886705653,11,10.7897354886429,-0.0436093176526786,10.3852785439795
1.11734763318625,16.0179171957545,16,15.8271183953171,0.986049519348673,15.6564145239784
-1.75997673184904,1.89396641008126,2,1.54578348936723,-1.56272365317406,2.60997235765498
0.364633925603154,12.4968596333822,12,12.2470616725203,0.37756946347009,12.6692302266808
-1.27850116249736,3.75108799008092,4,3.33412499175857,-1.04871725728235,5.02172147523626
2.14320910883432,19.0020997326472,19,18.9363257336151,1.628146338231,17.7580721976495
-0.679701831577634,6.94380616912538,7,6.54669597310352,-0.740469057190757,6.70247112929152
-0.292229867559651,8.99516626652476,9,8.65124673719819,0.180098335774247,11.5899352412165
0.86188218134542,14.9735932960388,15,14.7651236177763,0.802930275221395,14.8587246136473
0.0798993743893735,10.9641797374823,11,10.6772671679312,0.0974063937929149,11.141145362157
-0.116797793626552,9.91674286630871,10,9.59996411824755,-0.0978752461275586,10.0976571978706
2.14320910883432,19.0020997326472,19,18.9363257336151,2.11492000415812,18.9717996127511
1.73390510648636,17.9837850365624,18,17.8595736098337,1.60273405734507,17.687103319963
-2.31843572048875,0.837258849896114,1,0.608092805117532,-1.63985351181277,2.33684547519715
0.478941024080856,13.1025899512858,13,12.8646508828114,0.59315370363849,13.8223994399012
1.73390510648636,17.9837850365624,18,17.8595736098337,1.52013010837305,17.4522800184336
1.72868538058859,17.96915802668,18,17.8442117457055,1.83916961931608,18.3243061599341
-1.05394996188659,4.90483490031163,5,4.48155620495423,-0.72685137282074,6.77630098470119
-2.31843572048875,0.837258849896114,1,0.608092805117532,-1.65702448230144,2.27958776314666
-0.679345390334009,6.94573141832554,7,6.54866187451725,-0.771160641268459,6.53568328066778
-1.2690185407497,3.79708779202069,4,3.37947581164228,-1.05344068232381,4.99629964006482
0.0897705330609691,11.0171854889218,11,10.7317103142447,0.256372111266556,12.0064691220981
-1.75997673184904,1.89396641008126,2,1.54578348936723,-2.23011635704668,0.988375881659111
-1.75997673184904,1.89396641008126,2,1.54578348936723,-1.190438592143,4.27530483288011
1.72868538058859,17.96915802668,18,17.8442117457055,0.979011386701763,15.6277759568398
-0.278620890433959,9.0664358925459,9,8.72459572049359,-0.0278777457212429,10.4689812856842
1.52862373479399,17.3873091273889,17,17.236118940588,1.02913242205921,15.8282402546162
-0.485221746715799,7.9819600075225,8,7.60971648492594,-0.195315499067072,9.58484421394341
0.0537716876176134,10.8240586263937,11,10.5333050187082,0.311748258602082,12.309531767061
-0.29362931267513,8.98783800149101,9,8.64370507673185,0.0848331827485822,11.0732426101262
-1.0084418632709,5.15033936036237,5,4.72804104715617,-0.543788234222788,7.75713126867264
-2.31843572048875,0.837258849896114,1,0.608092805117532,-2.2064963706916,1.02289726886028
1.74359353963091,18.0108555815131,18,17.8880133313583,1.55524648159,17.5529108925887
0.435636851199151,12.8746130088987,13,12.632395211891,-0.0695589394351967,10.2475316122645
2.13037638164233,18.9753442567933,19,18.9078860120905,1.96986606249148,18.6483575372308
0.288530725665828,12.0882984199324,12,11.829586252071,0.107978841758596,11.1983161085254
0.841429021672818,14.8822834331526,15,14.6724551800558,0.634995617619393,14.0378169356983
2.15022486679607,19.0165494610462,19,18.9516875977433,1.55621671346022,17.5556738499943
1.12650503322001,16.0521296042486,16,15.8620237383735,1.0330767405907,15.8436753526473
-0.67627351510992,6.96232011097099,7,6.56560181008542,-0.773550169400706,6.52267658078146
0.456326995330143,12.9838019837806,13,12.7436603697979,0.458619259811697,13.1090326417292
-1.04608434922509,4.94708904985435,5,4.52392819328329,-0.912060079197524,5.76546189186229
-1.73911745432568,1.95363083755486,2,1.60138889743855,-1.90585434054587,1.58545545855797
0.255235181085657,11.9088760849307,12,11.6460133819047,0.483892110333109,13.2449678917636
0.278648206460939,12.0350716822819,12,11.7751431057575,-0.218336432888958,9.46420128750207
0.646370031517815,13.9583949832325,14,13.7348142819753,0.34540354185572,12.4936091297853
-0.490267487149048,7.95530924056498,8,7.5823640537536,-0.296842270038861,9.05358642806776
-0.317179303052548,8.86452272249324,9,8.51681183089702,-0.323466096856342,8.91444944625743
-0.840138867222978,6.07010606686754,6,5.65723944880506,-0.686609832621566,6.99379976070911
0.649943513581812,13.9761097129235,14,13.7528031637258,0.045798948414432,10.863058992812
-0.88387754600679,5.83042048384742,6,5.41430215623555,-0.857710415746183,6.06306730219721
-0.292229867559651,8.99516626652476,9,8.65124673719819,-0.562334176795244,7.65874657874265
-0.489186239936109,7.96102126015615,8,7.58822622537577,-0.85902108389309,6.05589288925315
1.10010555101345,15.952927084134,16,15.7608347127084,1.55533920109451,17.5531749719806
-2.31843572048875,0.837258849896114,1,0.608092805117532,-1.82889236027174,1.77448032871898
-1.44801104502716,2.98447132492917,3,2.58443040157196,-1.55693512898143,2.63152867749226
1.39145641719413,16.9624433092914,17,16.7958993434488,1.18713645279855,16.4101504086527
-1.27850116249736,3.75108799008092,4,3.33412499175857,-1.06654946714238,4.92589893102576
-0.0999040320462548,10.0060163733379,10,9.69185955081665,0.115500905561402,11.2390316796102
0.28593743602059,12.0743338000283,12,11.8153037142097,-0.0432053264658323,10.3874261752938
-0.63492065040586,7.18502151843909,7,6.79318081530546,-0.609396424446739,7.40813131399335
-1.20140215071634,4.13314751911352,4,3.71187948547155,-1.30685041799416,3.69914306534632
-1.20082857928032,4.13605451471625,4,3.71476282553907,-1.26040862069871,3.92399366126708
-0.459778974171364,8.11616316589456,8,7.74749404029852,-0.465643219420614,8.16963714779953
-0.0999040320462548,10.0060163733379,10,9.69185955081665,0.208995781950077,11.7475295995126
-0.489186239936109,7.96102126015615,8,7.58822622537577,-0.519631353773713,7.88498496014953
-1.67364212924688,2.15288740419707,2,1.78834150239134,-1.61375421982799,2.42633754953041
-1.42157648028085,3.09652226092304,3,2.6932147025629,-1.32699840913012,3.60389968078725
0.864002388867701,14.9829941333215,15,14.7746650454034,0.48684600460994,13.2608082698821
0.278786483647252,12.0358166217728,12,11.7759051559478,-0.311112625135507,8.97900951874739
0.669512652514885,14.0726452253042,14,13.8508205501164,0.529164229072317,13.4864857020697
2.14320910883432,19.0020997326472,19,18.9363257336151,1.94786085611497,18.5956736039773
0.0871814174882274,11.0032791692764,11,10.7174277763835,-0.00977414771137197,10.5654937722944
-0.114339461202381,9.92972617668756,10,9.61332921745502,-0.2035943046847,9.54144116309651
-0.478789284311872,8.01591740494638,8,7.64457191092976,-0.437918185548694,8.31531832477667
-0.114030573462415,9.93135769927381,10,9.61500870629918,0.406562139601428,12.8270991606834
0.467116935570534,13.0405554856283,13,12.8014733815147,0.148331304101056,11.4171061941902
1.40305112610859,16.9993403906322,17,16.8340053842669,1.03356586901948,15.8455860126685
-0.690855130986084,6.88352196280132,7,6.48515074109387,-0.201945022889816,9.55008617269749
0.244762905617525,11.852398841696,12,11.588200370188,0.185500008072247,11.6193685927005
-1.06430239996084,4.84935081663102,5,4.42595079688291,-0.92036821417494,5.71998131199767
-0.682803942447623,6.9270472030007,7,6.52958412232379,-0.427396005936356,8.37053303373525
0.477161442095559,13.0932643829137,13,12.8551544776378,0.598939574049925,13.8524031251216
-1.2558671171644,3.86136632089909,4,3.4429092927495,-1.29665921009026,3.74786339045716
0.667609571140146,14.0632929252197,14,13.8413241449427,0.850780289371256,15.0776275218107
-1.8169914982099,1.73993620399884,2,1.40313821518785,-1.96460409060425,1.45493847183056
-0.104161446895853,9.98350696267212,10,9.66868980242232,-0.158650925786008,9.77734013500119
-0.489355462384621,7.96012732879938,8,7.58730878672198,-0.70377678565421,6.90114200727119
-0.676701582058814,6.9600088421811,7,6.5632414996853,-0.550109816207806,7.72361865119651
-1.48391798903448,2.83705169827549,3,2.44178512739258,-1.14126690470719,4.52982843372712
-0.0935020044416218,10.0398794461184,10,9.72671497682047,-0.292609181668203,9.0757095144986
-0.0245714043532388,10.4056637540216,10,10.1031123501637,-0.271072290003692,9.18828352531689
-0.100923378243007,10.0006262653861,10,9.68631136793863,-0.146037008837968,9.84368395099309
-0.104161446895853,9.98350696267212,10,9.66868980242232,-0.0344399929414989,10.4340472914679
-0.679701831577634,6.94380616912538,7,6.54669597310352,-0.443695810699172,8.28498399073398
-0.679701831577634,6.94380616912538,7,6.54669597310352,-0.87272705109487,5.98085347815726
-0.676317917112625,6.96208037612293,7,6.5653569869814,-0.455024455858695,8.22546893019675
-0.858826185719444,5.96771827227397,6,5.5533998807825,-0.859851136963195,6.05134914722149
-0.292229867559651,8.99516626652476,9,8.65124673719819,-0.0923914733025148,10.1266481096356
-0.0893879683571439,10.0616498739611,10,9.74912267502443,-0.251929292815801,9.28838529173185
0.855265017139506,14.9441751884791,15,14.7352664871415,0.646262301378683,14.0951717083312
-1.33493348593149,3.4837166512568,3,3.07129156475031,-0.901486351463094,5.82335868583068
-0.675281816540614,6.9676741418425,7,6.57106957272121,-0.904584185827237,5.80639517824102
1.10010555101345,15.952927084134,16,15.7608347127084,1.08906329245548,16.0575569426237
1.12789743721335,16.057313376864,16,15.8673137379276,0.722040728563587,14.472888412564
0.838298628738747,14.8682093207055,15,14.6581726421945,0.782539910532687,14.7632844576368
-1.75997673184904,1.89396641008126,2,1.54578348936723,-1.91406382554823,1.56652686556387
0.28593743602059,12.0743338000283,12,11.8153037142097,0.381299985671002,12.6895695761037
0.876856300580012,15.0397264031645,15,14.8322491071871,0.734016479211944,14.5312012883373
-1.49566031565088,2.79005879251519,3,2.39643430750887,-0.994356648403059,5.31603373234073
-0.318267359632476,8.8588252317994,9,8.51094965927484,-0.475847039058981,8.1159423545896
-0.500474176182594,7.90136039822912,8,7.5270034687863,-0.366916499359016,8.68728829536327
1.11156656715003,15.9962106371955,16,15.8049743812044,0.737159133991707,14.5464374864092
1.39145641719413,16.9624433092914,17,16.7958993434488,1.34486083053228,16.9277463439451
-0.499393754911533,7.90707361984395,8,7.53286564040847,-0.409464251450718,8.46454732628583
-0.114030573462415,9.93135769927381,10,9.61500870629918,0.0905518809842932,11.1041150735582
-0.854439083650825,5.99175924963589,6,5.57777348040019,-0.921144783713636,5.71573083877483
-1.42276164225662,3.09143572969562,3,2.68826996959451,-1.62091997702422,2.40146978151936
1.10010555101345,15.952927084134,16,15.7608347127084,0.915670074238202,15.3627492981972
-0.317179303052548,8.86452272249324,9,8.51681183089702,-0.192776797638971,9.59815799433775
0.0556403806181371,10.8340712964696,11,10.5435943118204,-0.347361792266435,8.7895460649408
-0.293317660775934,8.98946997550916,9,8.64538456557601,-0.177230024171849,9.67973652009054
0.839346993136375,14.8729256344126,15,14.6629587748821,0.671932895635494,14.2247422056748
-0.823152333546784,6.16312009620096,6,5.75165056303321,-0.502375504452777,7.97612103473763
0.0904198263604543,11.020673259544,11,10.7352923423294,0.0409940151207637,10.8372530150484
1.76324634813459,18.0654461819468,18,17.9454007713707,1.27054692153376,16.6905283029936
-1.8169914982099,1.73993620399884,2,1.40313821518785,-1.41198532056022,3.2189715229669
-0.287749322860966,9.01862946837896,9,8.6753937101013,-0.184726764957497,9.64038872729662
-1.69243013854286,2.09382428287358,2,1.73273609432002,-1.63836100000152,2.34188290370846
0.287661645224383,12.0836187280673,12,11.8248001193833,-0.0432461178348455,10.3872093224902
-0.0999040320462548,10.0060163733379,10,9.69185955081665,-0.0690662335313238,10.2501433753471
0.436479801440855,12.8790704003372,13,12.6369383441491,0.712992539787811,14.4285694327945
-0.993650178781387,5.23060826808951,5,4.80878295400977,-1.12374288054212,4.62181761519302
-1.43250358606479,3.04984737169743,3,2.64786388267919,-1.18268047996195,4.31508108395066
-0.292229867559651,8.99516626652476,9,8.65124673719819,0.0512430474078498,10.8923155610161
-0.102668300349628,9.99140049652209,10,9.67681496276501,-0.256966028534774,9.26204250378282
1.39145641719413,16.9624433092914,17,16.7958993434488,0.611287545323104,13.9162099239545
-0.489186239936109,7.96102126015615,8,7.58822622537577,-0.730445945692508,6.75682341743748
-0.660501869484066,7.04739166673314,7,6.65250144253981,-0.615575080509371,7.3751227950834
0.256955897356488,11.918154376917,12,11.6555097870783,0.225645343784045,11.8384625650982
0.467116935570534,13.0405554856283,13,12.8014733815147,0.764673738138434,14.6786310388773
0.274582844099662,12.0131682083731,12,11.7527354075535,0.309616160155961,12.2978639457914
-0.671119621485376,6.99013813042746,7,6.59401269440096,-1.14228451535849,4.52450593397419
0.638562406648086,13.9195993864477,14,13.6954157237135,0.802932840262569,14.8587365398278
0.0872198805187164,11.0034857394664,11,10.7176399390649,0.26257750259787,12.040420459646
-1.02922284415918,5.03793357422173,5,4.61509640040516,-1.26545780722414,3.89920466305086
0.24809793044622,11.8703863561085,12,11.6066148236428,0.249783702988424,11.9704287885058
-0.874252497314338,5.88317293059235,6,5.46772587225918,-1.15860569091529,4.43944417734141
-0.292229867559651,8.99516626652476,9,8.65124673719819,0.085000297197252,11.0741444963052
-1.07423714784225,4.79625197873741,5,4.3727719039633,-1.01406227775825,5.20901564283709
0.24809793044622,11.8703863561085,12,11.6066148236428,0.480952196263056,13.2291921077249
1.74359353963091,18.0108555815131,18,17.8880133313583,1.33387262453232,16.8933292016701
-0.993216643071997,5.23296382886188,5,4.8111540840864,-0.904581342940927,5.80641074528093
0.876856300580012,15.0397264031645,15,14.8322491071871,0.535777625451882,13.5215221556356
-0.409206759715728,8.38214583238925,8,8.0207462338767,-0.630651748402059,7.29447184570214
0.648262178798893,13.9677781580905,14,13.7443415248972,0.437389943475744,12.9943375561315
2.14320910883432,19.0020997326472,19,18.9363257336151,2.66201837771132,19.7257682031191
-0.505193791578104,7.87639616530878,8,7.50138995509464,-0.230501062663092,9.40050745726779
1.39145641719413,16.9624433092914,17,16.7958993434488,1.30855710053097,16.8131965971533
-0.0964338634271976,10.0243693563374,10,9.71075295011504,-0.0851251170391192,10.1650876983624
1.41364048723808,17.0328652607784,17,16.8686486475893,1.12884463542326,16.2038218897264
0.435597489567519,12.8744048528723,13,12.6321830492097,0.446927177757886,13.0459168616019
1.11616471556866,16.0134824601509,16,15.8225943423634,1.1950420389783,16.4374424562588
-1.51029138565027,2.73235371813681,3,2.34082889943755,-0.901321408191033,5.82426192485786
0.465450673040519,13.031800024786,13,12.7925553332334,0.24675263814657,11.9538506702921
-1.434402963082,3.04178534591182,3,2.64003580964328,-1.14755675429952,4.49696516418897
1.11156656715003,15.9962106371955,16,15.8049743812044,1.42957953217814,17.1864970050836
-0.489186239936109,7.96102126015615,8,7.58822622537577,-0.427252336921629,8.37128667349458
0.46767245638597,13.0434737685172,13,12.8044457865812,0.336549097045907,12.4452033863043
-0.691377391838035,6.88069714165317,7,6.48226740102635,-0.916618614759546,5.74050598584194
0.0913038230802175,11.0254220102011,11,10.7401719530734,-0.0429584899920728,10.3887384149662
-1.2459504413995,3.9101951540993,4,3.49114345270074,-1.4913773176806,2.88596521417324
-0.292229867559651,8.99516626652476,9,8.65124673719819,-0.45502374676162,8.22547265699387
0.278786483647252,12.0358166217728,12,11.7759051559478,0.305949273109631,12.2777960433933
-0.292400107640282,8.99427479139995,9,8.6503292985444,-0.338533417797142,8.83569743365252
-0.0935020044416218,10.0398794461184,10,9.72671497682047,-0.0901847408542877,10.1383188899017
-0.848818299907876,6.02255750070831,6,5.60900528885382,-0.699197027458217,6.92587976342461
0.862945372597351,14.9783089247013,15,14.769909750464,1.22522454184389,16.5402128249796
0.469786936021544,13.0545782753541,13,12.8157559193759,0.299110600840323,12.240367157784
-2.31843572048875,0.837258849896114,1,0.608092805117532,-1.98672590981215,1.40867291132861
0.0897705330609691,11.0171854889218,11,10.7317103142447,0.0906741711506583,11.1047754758959
-1.48190780824084,2.84515697208113,3,2.44961320042848,-0.892897290373363,5.87039498217613
-0.283450440864878,9.04114240015496,9,8.69856345849563,-0.348274515696325,8.78477424110504
-0.0999040320462548,10.0060163733379,10,9.69185955081665,-0.303652385594908,9.01799639379384
-0.459609413291369,8.11705658691402,8,7.74841147895231,-0.190643460811386,9.60934749092675
-0.63492065040586,7.18502151843909,7,6.79318081530546,-0.818186900086711,6.27922424506881
0.65840151522745,14.0179326162729,14,13.7952705271201,0.410013267665234,12.8458565061459
-0.0935020044416218,10.0398794461184,10,9.72671497682047,-0.180312345961444,9.6635561184134
-0.0837696220283238,10.0913928949417,10,9.77973709213377,0.289225005393609,12.1862588630207
-0.695269210403205,6.85964144535047,7,6.46077714147619,-0.82502745406637,6.24184483264952
-1.22831999375677,3.99774461627127,4,3.57772649389298,-1.38708504644156,3.32882009164521
0.100147931350877,11.0729465412369,11,10.7889734384525,0.00959653591140305,10.6689897779677
0.637853775016919,13.9160721088054,14,13.6918334422492,0.260252017655894,12.0276964787794
0.0897705330609691,11.0171854889218,11,10.7317103142447,-0.32364987313125,8.91348898417256
-0.297717682746576,8.96642945575473,9,8.62167359112483,-0.194952272727643,9.58674896774851
-0.466050120061921,8.08311167963415,8,7.71355605294849,-0.525118167622523,7.85597360118858
0.268341342872749,11.9795323395288,12,11.7183210941641,0.232588892599679,11.8764091747323
-0.0999040320462548,10.0060163733379,10,9.69185955081665,-0.0089458987335501,10.569914176483
2.15022486679607,19.0165494610462,19,18.9516875977433,2.13693706664527,19.0168076128226
-0.840138867222978,6.07010606686754,6,5.65723944880506,-0.734068353659388,6.73718711662189
1.40737301806668,17.0130427664734,17,16.8481625679302,1.29046642980262,16.7551792867139
-2.15440817687164,1.05965873318223,1,0.795045410070316,-2.61576933657958,0.561311009111183
1.75136568864334,18.0324967008265,18,17.9107575080483,1.88782270630362,18.4478986896382
0.667609571140146,14.0632929252197,14,13.8413241449427,0.496645045146757,13.3132788949828
-1.61138651380733,2.35969198146908,2,1.98416566949034,-1.72461044671729,2.06649471928806
1.11368455883703,16.0041729756339,16,15.8130979371898,0.523031044604648,13.45393395373
0.444722910079685,12.9226198000164,13,12.6813210130747,0.122196894180694,11.2753031338904
0.0800375768031956,10.9649216063817,11,10.6780292181216,0.0222087032245864,10.7365041428829
0.0800375768031956,10.9649216063817,11,10.6780292181216,-0.131663668077717,9.91936487216127
-0.478789284311872,8.01591740494638,8,7.64457191092976,-0.56543590512414,7.6422720568721
-2.31843572048875,0.837258849896114,1,0.608092805117532,-1.82717663266013,1.77894118219215
0.277129859954745,12.0268915814265,12,11.7667749449852,0.183184035760452,11.6067475095596
-0.790563759276377,6.34133409391606,6,5.93274099636381,-0.31657148253335,8.95048160771896
-1.75997673184904,1.89396641008126,2,1.54578348936723,-1.20136760752681,4.21953241195605
-1.25064269808023,3.88705287459391,4,3.46827798333714,-1.17221736178096,4.36896146943534
-2.31843572048875,0.837258849896114,1,0.608092805117532,-1.85004335564359,1.7203921358246
0.288530725665828,12.0882984199324,12,11.829586252071,0.0856994975887278,11.0779181386494
-0.882632202936136,5.83724571477787,6,5.42121279061766,-0.584083454176979,7.54310223799144
0.281731596751213,12.0516815975075,12,11.7921339658154,0.414503516277884,12.8702492063695
-0.114170727186398,9.93061741253455,10,9.61424665610881,-0.0827436634528692,10.1776920043268
-0.292541514100537,8.99353430665717,9,8.64956724835403,-0.287379794016499,9.10304064943435
-1.75997673184904,1.89396641008126,2,1.54578348936723,-0.954047131011876,5.53579730219505
-0.489186239936109,7.96102126015615,8,7.58822622537577,-0.458415336652507,8.20764520549683
-1.25748321750994,3.85343786406165,4,3.4350812197136,-1.30846558732014,3.69145472398164
-1.05503971155938,4.89898731182423,5,4.47569403333206,-0.935539974612423,5.63696588438569
-0.322609038395772,8.83609010902111,9,8.48755962239959,-0.467833604857961,8.15811462906568
0.0649724462401967,10.8840947400946,11,10.594995264406,0.213429412301487,11.7717357311364
0.457805088965193,12.9915844482205,13,12.7515889083692,0.0577870676367002,10.9275080581059
-0.489186239936109,7.96102126015615,8,7.58822622537577,-0.469990239815751,8.14676765583748
0.477161442095559,13.0932643829137,13,12.8551544776378,0.715487293548897,14.4408111871956
-0.679701831577634,6.94380616912538,7,6.54669597310352,-0.669101989417223,7.08809759301768
-0.0875776319242626,10.071232092729,10,9.75898711006627,0.544493865590915,13.5675942184147
0.645093085620769,13.9520584362073,14,13.7283794981917,0.751303571015297,14.6146663155822
-1.43250358606479,3.04984737169743,3,2.64786388267919,-1.47243736142855,2.9629688748007
0.0685843252295679,10.9034650934406,11,10.6148969734599,0.254152081011424,11.9943241534674
1.72868538058859,17.96915802668,18,17.8442117457055,1.19582018738474,16.4401202640575
-1.2690185407497,3.79708779202069,4,3.37947581164228,-1.1724988444569,4.36750849884175
-1.23003990746106,3.98916319003826,4,3.56923421129217,-0.983578500603714,5.37469659955454
-0.839665628542888,6.07269823987614,6,5.65986955978369,-1.04155643629614,5.06031359348306
-0.489355462384621,7.96012732879938,8,7.58730878672198,-0.432027540660914,8.3462338846528
1.39145641719413,16.9624433092914,17,16.7958993434488,1.26569259897615,16.674646485472
0.656101987470012,14.0065767832754,14,13.783740083159,0.507262638067408,13.3699928505708
-1.22773648927812,4.00065794703929,4,3.5806098339605,-1.42892923881651,3.14567089379077
-0.882986462275379,5.83530415185675,6,5.41924688920393,-0.820366196146181,6.26731746773603
0.278786483647252,12.0358166217728,12,11.7759051559478,-0.342452938624899,8.81520860695028
1.10010555101345,15.952927084134,16,15.7608347127084,0.896963798001994,15.2819629061197
-1.03949735354907,4.98253624656226,5,4.55949099233384,-0.840323360184808,6.15820915172525
-0.439986630066192,8.22037069632496,8,7.85452183828371,0.0227527439263954,10.7394187463605
0.0800375768031956,10.9649216063817,11,10.6780292181216,-0.0695943526520198,10.2473438972187
0.0609294901790135,10.8624186536425,11,10.5727232063775,-0.0768104656314736,10.2091081913702
-1.58134489590486,2.46565758661433,2,2.08512189744536,-1.96480820555851,1.45450458370282
-0.0999040320462548,10.0060163733379,10,9.69185955081665,-0.493035920026975,8.02538466508324
0.469786936021544,13.0545782753541,13,12.8157559193759,0.472433331555367,13.1834224795452
-0.679701831577634,6.94380616912538,7,6.54669597310352,-0.400696820995506,8.51048026725271
0.469786936021544,13.0545782753541,13,12.8157559193759,0.260406941047484,12.0285441253379
-0.868400330852217,5.91524744776796,6,5.50022098786289,-0.89036712867096,5.88425141249179
1.72868538058859,17.96915802668,18,17.8442117457055,2.19289600423228,19.1258125101875
-1.06430239996084,4.84935081663102,5,4.42595079688291,-0.870511196806621,5.99298670997014
-1.18006163473312,4.24188822254323,4,3.81982389317911,-1.19638983934761,4.2448962157742
1.12789743721335,16.057313376864,16,15.8673137379276,1.47256640380495,17.3138900286091
1.72868538058859,17.96915802668,18,17.8442117457055,2.06552206916857,18.8666886240327
0.268341342872749,11.9795323395288,12,11.7183210941641,0.557429534098421,13.6357401599498
0.648262178798893,13.9677781580905,14,13.7443415248972,0.568479719411671,13.693726343769
-1.03748704671486,4.99336529364158,5,4.57035837664909,-1.45733464623313,3.0254782657442
0.477161442095559,13.0932643829137,13,12.8551544776378,0.668878002572776,14.2094060850667
-1.05394996188659,4.90483490031163,5,4.48155620495423,-0.795127748378351,6.40509928044646
0.0556403806181371,10.8340712964696,11,10.5435943118204,0.281665723574601,12.1448835979569
-0.0999040320462548,10.0060163733379,10,9.69185955081665,-0.265088457357233,9.21956880315449
-0.30757966682392,8.91478920711132,9,8.56853372105855,-0.599283231649289,7.4621054596035
-0.874296594568312,5.88293124101603,6,5.46748104915516,-0.557048617009574,7.68680688397013
1.10010555101345,15.952927084134,16,15.7608347127084,0.730582942409407,14.5145232400095
0.29733718861113,12.1357046482405,12,11.8780652351262,0.483483435042038,13.2427755269797
0.288530725665828,12.0882984199324,12,11.829586252071,0.52070330119073,13.4415648996771
0.265671776169352,11.9651432262154,12,11.7035974436884,-0.0170533355946128,10.5266629458583
0.864002388867701,14.9829941333215,15,14.7746650454034,0.525820162079243,13.4687441090765
0.460647920568115,13.0065455463224,13,12.7668301181922,0.446930171619072,13.0459330398868
1.40737301806668,17.0130427664734,17,16.8481625679302,1.56634004281618,17.5844483906407
-0.494809129182061,7.93131027639654,8,7.55773564064863,-0.481313775976519,8.08715625724719
0.449374126200432,12.9471609202681,13,12.7063281784852,0.347624874714521,12.5057493101734
1.75136568864334,18.0324967008265,18,17.9107575080483,1.03355802714698,15.8455553862676
1.39145641719413,16.9624433092914,17,16.7958993434488,1.52707332917117,17.4722760164396
-0.49463997479651,7.93220430808152,8,7.55865307930242,-0.821321817592485,6.26209582657113
0.0975600660605152,11.059037695499,11,10.7746909005912,-0.110526149943728,10.0308355988309
0.447999928926398,12.9399127063011,13,12.6989425785911,0.487261893539213,13.2630376416364
0.0897705330609691,11.0171854889218,11,10.7317103142447,-0.0144753759199309,10.5404112698685
1.10010555101345,15.952927084134,16,15.7608347127084,1.04401145722323,15.8862096616846
0.631164038199765,13.8827236052455,14,13.6579634374579,0.155210390700019,11.454490957386
0.86188218134542,14.9735932960388,15,14.7651236177763,0.417589634801467,12.887005733744
-1.06539588442449,4.84349920672698,5,4.42008862526074,-0.612743343569867,7.39025403706806
-0.29669963454047,8.9717603636003,9,8.62715955015007,-0.998393188861287,5.29408589579546
0.469786936021544,13.0545782753541,13,12.8157559193759,0.514521926732362,13.4086805066002
0.0911154697535864,11.0244101702172,11,10.739130198615,0.223330085814502,11.8258125734324
-1.02857786947239,5.04141523758756,5,4.61859253660033,-1.0886222362923,4.80790885013104
-0.0935020044416218,10.0398794461184,10,9.72671497682047,-0.161427598626697,9.76274472570601
0.657828498407981,14.0151039088006,14,13.792398343759,0.586543171848325,13.788038950137
-0.679701831577634,6.94380616912538,7,6.54669597310352,-0.414696852950041,8.43712334455149
0.635816798288268,13.9059272346184,14,13.6815302178114,0.499422521189556,13.3281291653236
-0.120501613701973,9.89718644500854,10,9.57983234271943,0.110445808110738,11.2116657397782
0.668562191023078,14.0679753516437,14,13.8460794398822,0.279870651781064,12.1350586530252
-0.306491683975391,8.92048615568592,9,8.57439589268072,-0.325329866723135,8.90470883691434
1.10256421973951,15.9622406236784,16,15.770331117882,1.28576425919209,16.739991922352
1.72868538058859,17.96915802668,18,17.8442117457055,1.62916220869903,17.7608973241194
0.278648206460939,12.0350716822819,12,11.7751431057575,0.384064725471652,12.704638777712
-0.0999040320462548,10.0060163733379,10,9.69185955081665,0.137354838518169,11.3575042643613
-0.680598320872801,6.93896358604885,7,6.54175124013514,-0.8026827422315,6.36388174963442
1.11502286778497,16.0091983581793,16,15.8182221527207,0.820516094055348,14.9400114637061
0.0758351499386178,10.9423662101817,11,10.6548594697273,0.0145420620504446,10.6954516100365
-0.100044035813236,10.0052760334154,10,9.69109750062628,0.0851570668046787,11.0749905688136
-0.317179303052548,8.86452272249324,9,8.51681183089702,-0.183105880956506,9.64889454192401
1.09843330616556,15.9465837242773,16,15.7543690911766,0.782297925910404,14.7621442479455
-0.882986462275379,5.83530415185675,6,5.41924688920393,-0.654266720633552,7.16784064424281
0.852108862119729,14.9301022016634,15,14.7209839492803,1.39821676779066,17.0919861565523
0.278786483647252,12.0358166217728,12,11.7759051559478,0.00902278811535646,10.6659208598397
-0.679701831577634,6.94380616912538,7,6.54669597310352,-0.338706880199888,8.8347907084499
-0.626302564059826,7.2312884502772,7,6.8404975366029,-0.750757966370911,6.64661629003839
-0.490267487149048,7.95530924056498,8,7.5823640537536,-0.339993563374401,8.82806485836631
0.655060270186195,14.00142878395,14,13.7785128378569,0.260632554090784,12.0297785486065
-0.489186239936109,7.96102126015615,8,7.58822622537577,-0.382081875634128,8.60794148868339
-0.874296594568312,5.88293124101603,6,5.46748104915516,-0.381487451831441,8.61105240689308
-0.858826185719444,5.96771827227397,6,5.5533998807825,-0.455743058309519,8.22169207320944
-0.486303304419539,7.97624844464023,8,7.60385431330376,-0.372094015274762,8.66020374259828
0.667609571140146,14.0632929252197,14,13.8413241449427,0.795264640049121,14.8229929905919
-0.680598320872801,6.93896358604885,7,6.54175124013514,-1.01627340751078,5.19702852859015
-1.580772171901,2.46771700571276,2,2.0870877988591,-1.30678202757056,3.69946881117659
-0.100562674311699,10.002533547267,10,9.68827726935236,0.0594586808910026,10.9365020312683
-0.858472313606419,5.96965753291264,6,5.55536578219623,-0.745601124956754,6.67461856948406
0.660679642674007,14.0291717818448,14,13.8066808816203,-0.119923331623165,9.98125212056413
-2.31843572048875,0.837258849896114,1,0.608092805117532,-3.21856710883879,0.219395210055267
0.667609571140146,14.0632929252197,14,13.8413241449427,0.520099946504429,13.4383575292804
0.656101987470012,14.0065767832754,14,13.783740083159,0.69943561205025,14.3617545295371
1.39548101820212,16.9752732875363,17,16.8091471149651,1.46289349275699,17.2854267669176
0.460528929874131,13.0059195142381,13,12.7661923838064,0.773848068981287,14.7222193096651
0.0863577769862432,10.9988558387688,11,10.7128846441254,0.175982739705489,11.567518015626
0.876725700304962,15.039152241721,15,14.831669380119,0.900936169572272,15.2992141698077
-0.480455830876872,8.0071214805186,8,7.63554294667321,-0.202056573618723,9.54950143422115
0.876856300580012,15.0397264031645,15,14.8322491071871,1.09327386207116,16.0732571818527
0.862945372597351,14.9783089247013,15,14.769909750464,0.897990290473111,15.2864257170575
1.10010555101345,15.952927084134,16,15.7608347127084,1.38128669350815,17.0403660994499
-0.333296598383325,8.78012099798885,9,8.42997556061589,0.100974185947863,11.1604308763741
-1.98062213059874,1.36543668113832,1,1.06302051182241,-2.91511005468448,0.355750942825924
0.660679642674007,14.0291717818448,14,13.8066808816203,0.372482577493926,12.6414849275816
-0.492651901768809,7.94271079204207,8,7.56943488575188,-0.706259767851363,6.88772443031122
-0.306661954212246,8.91959457825351,9,8.57347845402693,-0.0850881545173884,10.1652833060182
1.73390510648636,17.9837850365624,18,17.8595736098337,1.36511540045311,16.9906394355032
-0.296387968864828,8.97339237601108,9,8.62883903899423,-0.385031097586158,8.59250563880478
-1.26860902126972,3.79908097328385,4,3.38144171305601,-0.939179063925837,5.61706331577462
0.656101987470012,14.0065767832754,14,13.783740083159,0.404673942998862,12.8168331585674
0.656101987470012,14.0065767832754,14,13.783740083159,-0.0798664465117254,10.1929243885514
1.10256421973951,15.9622406236784,16,15.770331117882,0.589433388644609,13.8030722661083
2.15022486679607,19.0165494610462,19,18.9516875977433,2.58478109232502,19.6624274956031
-0.623287340746232,7.2474641092006,7,6.85704306318468,-0.410081540077542,8.46131253329587
1.40015637139512,16.9901473426317,17,16.8245089790933,0.837311178942141,15.0167399789272
-0.485221746715799,7.9819600075225,8,7.60971648492594,-1.02953589449515,5.1252291237865
1.39145641719413,16.9624433092914,17,16.7958993434488,1.22583361209463,16.5422640157416
2.14320910883432,19.0020997326472,19,18.9363257336151,2.11495644607174,18.9718750682228
-0.485221746715799,7.9819600075225,8,7.60971648492594,-0.59838100606108,7.46691740383436
-1.03893500648958,4.98556497671638,5,4.56253030361319,-1.30345109820407,3.71535390389903
0.461913568073334,13.0132033425434,13,12.7736122681767,0.531435859456811,13.4985279331329
-1.21759404939272,4.05145431821706,4,3.6309053868126,-1.4983884535086,2.85785476783371
0.660679642674007,14.0291717818448,14,13.8066808816203,0.811167568180975,14.8969193210394
-0.296387968864828,8.97339237601108,9,8.62883903899423,0.0855369139977004,11.0770406348615
-0.977905555826387,5.31625145516073,5,4.89501152281288,-1.30837507731236,3.69188531722776
-0.103503162879297,9.98698686905415,10,9.67227183050696,-0.201356197796251,9.55317279945242
0.449256225942084,12.9465391351628,13,12.7056946126924,0.397163472627634,12.7759763981219
2.12780019899354,18.9699228317489,19,18.9021240621738,2.13212369072511,19.0070678952852
1.14308175987086,16.1135324996617,16,15.9247011779399,1.10808518120701,16.1280691755827
-0.136489135697804,9.81283517476886,10,9.4929960724383,-0.404404739662376,8.49105684001648
1.10475776241381,15.9705368427336,16,15.7787927567106,1.07480923963914,16.0040129854359
0.878985783426362,15.0490817491159,15,14.8417455123607,0.715484574208887,14.4407978525557
-0.317179303052548,8.86452272249324,9,8.51681183089702,-0.289471593746692,9.09210778511758
0.462241861448983,13.0149299906044,13,12.7753711387365,0.522444877255492,13.4508199540042
0.255235181085657,11.9088760849307,12,11.6460133819047,0.0638032694885104,10.9598859806077
-1.43250358606479,3.04984737169743,3,2.64786388267919,-0.279193563786818,9.14582906840365
-1.72260656722066,2.00214940292002,2,1.64673971732226,-1.59873031797893,2.47920856361813
1.74381663774412,18.0114777235216,18,17.8886670859208,1.19438320056996,16.4351740318777
-1.06430239996084,4.84935081663102,5,4.42595079688291,-0.877496676469782,5.95473522787268
-1.39006185202089,3.23390149488247,3,2.82698841459606,-1.16730916094911,4.39432700819169
0.268261357557371,11.9791012362724,12,11.7178799815497,0.17418082115978,11.5577054907118
1.12789743721335,16.057313376864,16,15.8673137379276,0.742246242860072,14.5710418014699
0.469786936021544,13.0545782753541,13,12.8157559193759,0.736454618041864,14.5430242686277
0.878985783426362,15.0490817491159,15,14.8417455123607,0.921309498479568,15.3868790183734
0.0800375768031956,10.9649216063817,11,10.6780292181216,0.0301766925510706,10.7792102226489
0.648262178798893,13.9677781580905,14,13.7443415248972,0.901651342489681,15.3023145455748
0.0904198263604543,11.020673259544,11,10.7352923423294,0.258094181569468,12.0158904666345
1.11156656715003,15.9962106371955,16,15.8049743812044,0.804296588756323,14.8650744318318
0.277129859954745,12.0268915814265,12,11.7667749449852,0.404359675022832,12.815124274871
1.10010555101345,15.952927084134,16,15.7608347127084,0.817107591224548,14.9243314925811
-0.0834037097953209,10.0933304917527,10,9.78173128675619,-0.273626124323621,9.17493251112782
1.12789743721335,16.057313376864,16,15.8673137379276,1.38592728950942,17.0545591864469
0.28593743602059,12.0743338000283,12,11.8153037142097,0.305802795114382,12.2769943843426
-0.858826185719444,5.96771827227397,6,5.5533998807825,-0.75420924716178,6.62786701149958
1.39145641719413,16.9624433092914,17,16.7958993434488,1.44249172453124,17.2250120286016
-0.882466881263782,5.83815178311416,6,5.42213022927146,-0.796116231236651,6.39970784042776
0.27199219986831,11.9992081446275,12,11.7384528696922,0.208741305172652,11.7461404410655
2.13037638164233,18.9753442567933,19,18.9078860120905,1.76174577153792,18.1216868503341
-0.660858916786811,7.04546760072742,7,6.65053554112608,-0.516614921665182,7.90092735763198
-1.4023775370389,3.17973110127316,3,2.77418880122185,-1.64909745580163,2.30586189197391
-0.283450440864878,9.04114240015496,9,8.69856345849563,-0.398061495398853,8.52428290445862
0.638562406648086,13.9195993864477,14,13.6954157237135,0.657620739733825,14.1526966238881
-0.489186239936109,7.96102126015615,8,7.58822622537577,-0.672240075949805,7.07121075534019
0.667450446283514,14.0625105866485,14,13.8405312570042,0.249372715222091,11.968180828813
0.468005702029547,13.0452242114204,13,12.8062286764541,0.478052663572593,13.2136230487709
-0.120501613701973,9.89718644500854,10,9.57983234271943,-0.463270098211518,8.18211866699941
0.0759151657679799,10.9427956118165,11,10.6553005823417,-0.00457687474714253,10.5932390293807
0.255235181085657,11.9088760849307,12,11.6460133819047,0.178309086164622,11.5801884788924
0.648262178798893,13.9677781580905,14,13.7443415248972,0.587177020799197,13.7913372608736
-1.73911745432568,1.95363083755486,2,1.60138889743855,-1.21987137821102,4.12583171233967
0.637551987676858,13.9145696273292,14,13.6903075283593,0.44980529086214,13.0614657449786
-0.660858916786811,7.04546760072742,7,6.65053554112608,-0.590550223570043,7.5086601379051
0.668562191023078,14.0679753516437,14,13.8460794398822,0.659961080074246,14.1645114268791
1.09886786787028,15.94823284398,16,15.7560485800207,1.25561477353291,16.6415120378402
-0.295152476294035,8.97986196501821,9,8.63549687317414,-0.552541266755761,7.71072255613663
-0.839665628542888,6.07269823987614,6,5.65986955978369,-0.820362878897173,6.26733559307455
1.40015637139512,16.9901473426317,17,16.8245089790933,0.950294117502841,15.5092494751459
1.14434592982842,16.1181875531215,16,15.9294564728794,1.32879236093611,16.877343681381
0.274400527701597,12.0121858224954,12,11.7517303569335,0.45511754405591,13.0901439488229
-0.292400107640282,8.99427479139995,9,8.6503292985444,-0.372530463955099,8.65792038414166
-0.296387968864828,8.97339237601108,9,8.62883903899423,0.199488939114979,11.6956482568788
2.14320910883432,19.0020997326472,19,18.9363257336151,1.58868992919686,17.6476339184141
-0.439675870860933,8.22200564077572,8,7.85620132712787,-0.475119714988216,8.11977120171386
-0.292229867559651,8.99516626652476,9,8.65124673719819,-0.233008290074572,9.38738383477586
1.39145641719413,16.9624433092914,17,16.7958993434488,1.38024750643347,17.037183166232
0.66665062122304,14.0585774185784,14,13.8365380122551,1.01276915676328,15.7636797984165
-0.686654243238257,6.90623746703888,7,6.50833868587764,0.048022604426361,10.8750066294485
-1.49566031565088,2.79005879251519,3,2.39643430750887,-1.30147584159176,3.72479206863046
-0.489186239936109,7.96102126015615,8,7.58822622537577,-0.509575573392537,7.9381129279283
1.10010555101345,15.952927084134,16,15.7608347127084,1.3633448326344,16.9851691399641
2.14320910883432,19.0020997326472,19,18.9363257336151,1.93414378560406,18.5624148618358
-0.69243913895348,6.87495379017811,7,6.47640522940417,-0.601519027895475,7.45017875110677
0.456326995330143,12.9838019837806,13,12.7436603697979,0.853516171029971,15.0899243151797
1.11156656715003,15.9962106371955,16,15.8049743812044,0.979741480346692,15.6307542343643
-1.0492383899321,4.9301356535245,5,4.50692489554187,-0.522682298688825,7.8688551946194
0.278786483647252,12.0358166217728,12,11.7759051559478,0.143649388585848,11.3916758302962
-0.680241907693218,6.94088889279269,7,6.54371714154887,-0.995150165652729,5.31171815852345
0.288530725665828,12.0882984199324,12,11.829586252071,-0.198409546033438,9.56862072688198
-1.07277255526148,4.80407050007375,5,4.3805999769992,-0.782882488704448,6.47185148530705
-1.48391798903448,2.83705169827549,3,2.44178512739258,-1.63147522180712,2.36524915538417
-0.30757966682392,8.91478920711132,9,8.56853372105855,-0.239530254069682,9.35325194773609
-1.22945573239476,3.99207693249473,4,3.57211755135969,-1.15957036423811,4.43443495825545
0.659723638994771,14.0244566623767,14,13.8018947489327,0.835930148883272,15.0104643488338
0.268261357557371,11.9791012362724,12,11.7178799815497,0.142787946192828,11.3869980420816
-0.838775924542166,6.07757149448196,6,5.66481429275208,-0.869882060132766,5.99643154745731
0.667609571140146,14.0632929252197,14,13.8413241449427,1.00337238319946,15.7262188285523
0.839346993136375,14.8729256344126,15,14.6629587748821,0.824342497773351,14.9575705521864
0.24809793044622,11.8703863561085,12,11.6066148236428,0.223003808253084,11.8240299972897
-2.02089161268775,1.2870072107263,1,0.99329609232102,-1.96735353480543,1.44910502090568
2.13037638164233,18.9753442567933,19,18.9078860120905,1.76450796458843,18.1290275068934
1.14308175987086,16.1135324996617,16,15.9247011779399,1.22721194871077,16.5469026596094
-0.101213356913329,9.99909299599526,10,9.68473312580058,0.188231606667092,11.6342575141107
-1.38239644008834,3.26792623937518,3,2.86018517821961,-1.42258476451926,3.17297851360954
-0.459609413291369,8.11705658691402,8,7.74841147895231,-1.03757954078074,5.0817724720051
-0.983825954585831,5.28402471296532,5,4.862555036672,-0.911013549551285,5.77119160847193
-1.24654127787642,3.9072774113729,4,3.48826011263321,-1.21103052578767,4.17048402819345
0.232154191551871,11.7843827591048,12,11.5185572473594,0.110488965938581,11.2118993136243
-0.0999040320462548,10.0060163733379,10,9.69185955081665,-0.449718739935091,8.25334863381331
-0.296387968864828,8.97339237601108,9,8.62883903899423,-0.0252115034004395,10.4831825455591
0.278786483647252,12.0358166217728,12,11.7759051559478,0.199324416901054,11.6947507023913
-0.882466881263782,5.83815178311416,6,5.42213022927146,-1.49873990644348,2.85645128656272
0.852108862119729,14.9301022016634,15,14.7209839492803,0.340340394328821,12.4659323364983
1.39145641719413,16.9624433092914,17,16.7958993434488,1.75713748618484,18.1094229209972
-1.19037557345554,4.18918589555696,4,3.76748489354287,-1.09340577476441,4.78243763268673
1.39145641719413,16.9624433092914,17,16.7958993434488,0.549590686534948,13.5944779244663
-1.24155448450287,3.93193728041848,4,3.5126337122509,-1.64183019564651,2.33018883773751
1.39145641719413,16.9624433092914,17,16.7958993434488,1.13832170555869,16.2379973041253
-1.01264007033899,5.12759475130661,5,4.70517557779257,-0.880606445456359,5.93770542091073
-1.9943723720554,1.33809753845447,1,1.03864691220473,-1.49713007871408,2.86288433714012
-0.492130151771194,7.94546778624432,8,7.57226419867034,-0.260741604021232,9.24229820278655
-1.26738861224619,3.80502407499285,4,3.38730388467818,-0.916926850588846,5.73881865818117
-1.9943723720554,1.33809753845447,1,1.03864691220473,-1.85365529880175,1.71132101756322
-0.679701831577634,6.94380616912538,7,6.54669597310352,-0.49872517591166,7.99538059208604
0.140729783392276,11.2913243086612,11,11.0131318791233,0.273409832327365,12.0996982524182
-0.100044035813236,10.0052760334154,10,9.69109750062628,0.230027085841173,11.8624073703701
0.864002388867701,14.9829941333215,15,14.7746650454034,0.150384060283656,11.4282595144275
-1.72260656722066,2.00214940292002,2,1.64673971732226,-1.61181699420819,2.43309913700199
1.39145641719413,16.9624433092914,17,16.7958993434488,1.30737355966622,16.809420616716
-0.695269210403205,6.85964144535047,7,6.46077714147619,-0.620735461665172,7.34753492086694
0.468384581265911,13.0472141940494,13,12.8082555314991,0.216638607265469,11.7892608411119
-0.286638326571088,9.02444756831732,9,8.68138148432129,-0.631489586389814,7.28998548221973
1.10010555101345,15.952927084134,16,15.7608347127084,1.4005182615073,17.0989699162603
0.460647920568115,13.0065455463224,13,12.7668301181922,0.24907681082791,11.9665623544042
-1.69243013854286,2.09382428287358,2,1.73273609432002,-1.51854592776065,2.77823089925902
0.66665062122304,14.0585774185784,14,13.8365380122551,0.0135385924968004,10.6900811205138
0.0758351499386178,10.9423662101817,11,10.6548594697273,-0.140902242047238,9.87070989297382
-1.07423714784225,4.79625197873741,5,4.3727719039633,-0.916868005512625,5.73914078338584
0.0862196189571339,10.9981138900205,11,10.712122593935,0.0947922859974161,11.1270197709063
1.39145641719413,16.9624433092914,17,16.7958993434488,1.01276512969014,15.7636638047795
-0.100044035813236,10.0052760334154,10,9.69109750062628,0.00164624597260238,10.6264831882103
1.39145641719413,16.9624433092914,17,16.7958993434488,1.54707687118237,17.5296097189753
1.72868538058859,17.96915802668,18,17.8442117457055,1.52735477686206,17.4730855123258
1.39145641719413,16.9624433092914,17,16.7958993434488,1.47427968192574,17.3189197372245
1.39145641719413,16.9624433092914,17,16.7958993434488,1.4985229312685,17.3897251480378
-0.293317660775934,8.98946997550916,9,8.64538456557601,0.164012088165143,11.5023582418827
-2.31843572048875,0.837258849896114,1,0.608092805117532,-1.44260382143286,3.0873846966191
-1.72260656722066,2.00214940292002,2,1.64673971732226,-1.80290939754068,1.84323446906923
1.11502286778497,16.0091983581793,16,15.8182221527207,0.978355908116074,15.625100579745
0.0897705330609691,11.0171854889218,11,10.7317103142447,-0.418159944973792,8.41896892578189
-0.63492065040586,7.18502151843909,7,6.79318081530546,-0.671628110452215,7.07450441272127
-1.75997673184904,1.89396641008126,2,1.54578348936723,-1.57091487291457,2.579721471912
-1.23003990746106,3.98916319003826,4,3.56923421129217,-1.16723865865661,4.39469177612573
0.469786936021544,13.0545782753541,13,12.8157559193759,0.602245904273791,13.8695186853722
0.455395443016544,12.9788959036359,13,12.7386620744289,-0.15496035127216,9.7967441926616
-0.679701831577634,6.94380616912538,7,6.54669597310352,-0.458367124717325,8.20789865762931
0.100285999511591,11.0736886705653,11,10.7897354886429,0.206124385896201,11.731856276251
0.0799793728477656,10.9646091673858,11,10.6777082805457,0.0159587450750242,10.7030346821281
-1.20315855839445,4.12425114059548,4,3.7030563214657,-1.34673685615735,3.51202309678304
-1.2690185407497,3.79708779202069,4,3.37947581164228,-1.12299725207372,4.6257451512195
-0.861171325738913,5.95486636257822,6,5.54037226129093,-0.665322927273869,7.10842494369379
1.10010555101345,15.952927084134,16,15.7608347127084,0.878095784280212,15.1993189997585
0.279649382230712,12.0404651943659,12,11.7806604508873,0.12978842527986,11.3164560703236
-0.858826185719444,5.96771827227397,6,5.5533998807825,-1.00711902576732,5.2466857559611
-2.31843572048875,0.837258849896114,1,0.608092805117532,-2.13941046560383,1.12768551156715
-0.867881133039494,5.91809302289101,6,5.50310432793041,-1.08870075457326,4.8074904607338
-0.858472313606419,5.96965753291264,6,5.55536578219623,-0.571021922391456,7.61258763412914
-0.48323229657323,7.99246455545212,8,7.62049835862157,-0.498732239211899,7.99534333168974
0.876856300580012,15.0397264031645,15,14.8322491071871,0.770175948911473,14.7048025173004
0.0595426585659649,10.8549847373683,11,10.5650845713706,-0.0414349463457943,10.3968387370581
1.39145641719413,16.9624433092914,17,16.7958993434488,0.936210540620704,15.4501344066189
0.854038273024904,14.9387084423412,15,14.7297183042635,1.04877711677847,15.9046302482743
0.656007914930967,14.0061119853211,14,13.7832681327964,0.496062868335092,13.310164918915
-0.661923535775226,7.03973004778041,7,6.6446733695039,-0.860014437624712,6.05045521997404
-2.31843572048875,0.837258849896114,1,0.608092805117532,-1.93342394125927,1.52278924079554
-2.31843572048875,0.837258849896114,1,0.608092805117532,-1.52105217223754,2.76845543609686
-0.285762448543927,9.0290344442043,9,8.68610216320201,-0.339582828978321,8.83021189675141
-1.24654127787642,3.9072774113729,4,3.48826011263321,-1.09801762346771,4.75791620740719
1.10600063511639,15.9752320885814,16,15.7835788893983,1.25482293216646,16.6388991372084
0.875613452088689,15.0342605533852,15,14.8267009243091,0.514297859664329,13.4074874639145
-0.292400107640282,8.99427479139995,9,8.6503292985444,-0.148255491512041,9.83201086807719
-0.285397698055675,9.03094461561323,9,8.68806806461574,-0.467988666819612,8.15729884862907
0.278786483647252,12.0358166217728,12,11.7759051559478,0.39454236002279,12.7617093719968
0.876856300580012,15.0397264031645,15,14.8322491071871,1.11825820431658,16.1653457402527
1.10010555101345,15.952927084134,16,15.7608347127084,0.538752974862856,13.5372627707112
-0.679701831577634,6.94380616912538,7,6.54669597310352,-0.311107288822811,8.97903740606856
1.42807225820164,17.0782965269283,17,16.9156261401843,1.36690601958734,16.9961664274704
-0.292229867559651,8.99516626652476,9,8.65124673719819,-0.688736428934339,6.98233201696245
1.39145641719413,16.9624433092914,17,16.7958993434488,1.3517186599382,16.949119013481
-0.249474383112639,9.21913341232956,9,8.88176955269469,-0.0139034229118517,10.5434620739668
0.285632524911269,12.072691751558,12,11.8136242253655,0.218296831930758,11.7983175161498
1.12789743721335,16.057313376864,16,15.8673137379276,1.07411287159789,16.0013814505259
-0.822633566827628,6.16595963978567,6,5.75453390310073,-0.74233715369545,6.6923344408112
-0.104161446895853,9.98350696267212,10,9.66868980242232,-0.369899839538649,8.67168244914509
-0.100044035813236,10.0052760334154,10,9.69109750062628,-0.132504201650388,9.91493660427227
1.72868538058859,17.96915802668,18,17.8442117457055,1.52085475819467,17.4543693085779
1.74359353963091,18.0108555815131,18,17.8880133313583,1.62196576393412,17.7408644542432
-0.109035811001249,9.95774525225391,10,9.64217169944258,-0.0464051340097226,10.370418571578
1.10010555101345,15.952927084134,16,15.7608347127084,1.06514732288976,15.967369400205
-1.0446332999736,4.95489297750416,5,4.5317562663192,-0.995158551272546,5.31167255557054
-0.296387968864828,8.97339237601108,9,8.62883903899423,-0.74613337663955,6.67172908118556
0.288530725665828,12.0882984199324,12,11.829586252071,0.298714188783559,12.2381974675375
0.449835061509903,12.9495916657558,13,12.7088049437941,0.836654048321348,15.0137546226704
-1.26738861224619,3.80502407499285,4,3.38730388467818,-1.45560571964443,3.03269639227798
-0.992703561254572,5.2357517979898,5,4.81395987878351,-0.96469971145353,5.47763052097634
-1.8169914982099,1.73993620399884,2,1.40313821518785,-1.69279980512763,2.16437596615611
-0.840138867222978,6.07010606686754,6,5.65723944880506,-0.847339767973378,6.11982337584203
-0.695435327502944,6.85874249562775,7,6.45985970282239,-0.688740199315019,6.98231168241312
1.10229612468372,15.96122581789,16,15.769296351537,1.22635939087046,16.5440339969549
0.876856300580012,15.0397264031645,15,14.8322491071871,0.00941420599344566,10.668014491151
0.657493495654629,14.0134498417671,14,13.7907188549149,0.894349837475564,15.2705828103697
-0.884042881642754,5.82951435112831,6,5.41338471758176,-1.00664731397153,5.24924653787527
0.875784102831365,15.0350112972631,15,14.8274629744995,0.587557189905077,13.7933151469363
0.470676291654029,13.0592472629885,13,12.8205112143154,0.314055251318835,12.3221561296068
-0.304238543770952,8.93228417387274,9,8.58653625039841,-0.260863475214687,9.24166091273328
1.10256421973951,15.9622406236784,16,15.770331117882,1.17725971957459,16.375828483127
-0.489186239936109,7.96102126015615,8,7.58822622537577,-0.182685910943368,9.65109853906363
-1.19036024647249,4.18926401129947,4,3.76756243891329,-0.914750877813229,5.75073059450861
-0.489355462384621,7.96012732879938,8,7.58730878672198,-0.30622671555616,9.00454302993457
-1.72260656722066,2.00214940292002,2,1.64673971732226,-1.61333944362617,2.42778387471854
-1.75997673184904,1.89396641008126,2,1.54578348936723,-1.42415038261009,3.16622431643643
-0.489186239936109,7.96102126015615,8,7.58822622537577,-0.574516128887821,7.59400942453041
-0.0893879683571439,10.0616498739611,10,9.74912267502443,-0.305841052302389,9.00655848919698
-0.479871333178125,8.01020657024498,8,7.63870973930758,-0.609086620165282,7.40978573407829
0.886777875061468,15.08320888619,15,14.8763887756832,0.705793055074167,14.3931478242728
-2.31843572048875,0.837258849896114,1,0.608092805117532,-1.74907968076055,1.99406583766116
-0.322609038395772,8.83609010902111,9,8.48755962239959,-0.538280783597951,7.78630907373575
0.268261357557371,11.9791012362724,12,11.7178799815497,0.64950114221394,14.1116056313896
-0.868400330852217,5.91524744776796,6,5.50022098786289,-0.399730374444419,8.51554227961489
2.14320910883432,19.0020997326472,19,18.9363257336151,1.63933620341078,17.7891410122407
0.449917159183685,12.9500245840101,13,12.7092460564085,0.28468445925806,12.1614062944044
1.72868538058859,17.96915802668,18,17.8442117457055,1.47682219423898,17.3263774226499
-1.20645736411187,4.10756495439608,4,3.68651079488392,-1.24501785579642,4.00004566547254
-1.22831999375677,3.99774461627127,4,3.57772649389298,-1.38750059371298,3.32696642123372
-0.858826185719444,5.96771827227397,6,5.5533998807825,-0.862938747961438,6.03444649177008
-0.886754373316451,5.81465408622859,6,5.39834012953012,-0.907519863610615,5.79032047058832
0.467116935570534,13.0405554856283,13,12.8014733815147,0.650822193022234,14.118301652248
-0.670953153371167,6.99103634556886,7,6.59493013305475,-0.45562578415161,8.22230846101367
-0.691072373357852,6.88234695662137,7,6.48395138771747,-0.719084909455485,6.81835732117756
-2.31843572048875,0.837258849896114,1,0.608092805117532,-2.1118688304425,1.17378514444988
-0.0904645117416555,10.0559523568641,10,9.74326050340225,-0.0686213871082812,10.2525015609336
-0.0999040320462548,10.0060163733379,10,9.69185955081665,-0.164131276673521,9.74853592464771
-1.48391798903448,2.83705169827549,3,2.44178512739258,-2.06857253061491,1.25015910089314
0.278786483647252,12.0358166217728,12,11.7759051559478,0.535824322834831,13.5217693082004
1.39402623160955,16.9706384025711,17,16.8043609822775,1.30795276853455,16.8112688691683
0.889767515713885,15.0962586178942,15,14.8896365471995,0.798813740014164,14.8395586994504
0.886777875061468,15.08320888619,15,14.8763887756832,0.624016265925011,13.9816512804835
0.855265017139506,14.9441751884791,15,14.7352664871415,0.56472554663433,13.6740503032013
1.39402623160955,16.9706384025711,17,16.8043609822775,0.729463957761235,14.5090807908493
-2.31843572048875,0.837258849896114,1,0.608092805117532,-1.46436037619665,2.9962776224621
1.11156656715003,15.9962106371955,16,15.8049743812044,0.615187650986088,13.9362978189848
0.449032208434755,12.9453576646573,13,12.7044907614691,0.154883803623215,11.4527155677536
0.855265017139506,14.9441751884791,15,14.7352664871415,0.764291460638491,14.6768094111406
-2.15440817687164,1.05965873318223,1,0.795045410070316,-2.1298768284422,1.14343167117249
1.40893921708065,17.018001604777,17,16.8532867834612,1.15388164952554,16.293567507286
-0.292229867559651,8.99516626652476,9,8.65124673719819,-0.700484279821269,6.91892798432874
-0.0618657674488258,10.2074864590915,10,9.89921261791883,-0.291898275835864,9.07942494565455
-0.882986462275379,5.83530415185675,6,5.41924688920393,-0.39786623409839,8.52530552465868
-1.22831999375677,3.99774461627127,4,3.57772649389298,-1.19455819303252,4.25424550432196
0.100285999511591,11.0736886705653,11,10.7897354886429,0.19231905371629,11.6565422890051
-0.100044035813236,10.0052760334154,10,9.69109750062628,-0.463637706522907,8.18018537147834
0.886777875061468,15.08320888619,15,14.8763887756832,0.699052923602746,14.359861403363
-0.100212589673875,10.0043847319035,10,9.69018006197249,0.18497812107719,11.616524331321
-1.99272805734333,1.34133591716509,1,1.04153025227225,-1.26051090423699,3.92349069963352
-0.780253268229941,6.39763592953935,6,5.99000412057159,-0.807078034964156,6.33989156136361
0.066957703942711,10.8947409596619,11,10.6059336685436,0.208909287464781,11.7470574339457
1.39145641719413,16.9624433092914,17,16.7958993434488,0.869787432127968,15.1625601742508
-0.285762448543927,9.0290344442043,9,8.68610216320201,-0.537721460801497,7.78927132738166
-0.296387968864828,8.97339237601108,9,8.62883903899423,0.0185543198182862,10.7169313352265
-0.661025538141852,7.04456967796896,7,6.64961810247228,-0.801880714452059,6.36825849047202
-0.480455830876872,8.0071214805186,8,7.63554294667321,-0.551865209008494,7.71430862829477
-0.62573554960398,7.23433075971927,7,6.84360929860304,-0.253893065718884,9.27811403790766
0.278786483647252,12.0358166217728,12,11.7759051559478,-0.0534788002355727,10.3328423297463
1.40893921708065,17.018001604777,17,16.8532867834612,1.66975696105728,17.8730487710337
-1.35752441222805,3.37992558709754,3,2.96963368877545,-1.21986702979015,4.1258536213277
0.0863577769862432,10.9988558387688,11,10.7128846441254,0.0983713907586712,11.1463608537527
0.506593582433098,13.2469734694079,13,13.01163547155,0.618500975005745,13.9533382220889
-0.292400107640282,8.99427479139995,9,8.6503292985444,-0.347662148724196,8.78797577677426
0.0800375768031956,10.9649216063817,11,10.6780292181216,-0.220392774173986,9.45343183170043
-1.21759404939272,4.05145431821706,4,3.6309053868126,-1.04278988878029,5.05366174246373
-1.05394996188659,4.90483490031163,5,4.48155620495423,-0.869730340348661,5.99726228265383
0.0800375768031956,10.9649216063817,11,10.6780292181216,-0.143520651709319,9.85692692493904
2.14320910883432,19.0020997326472,19,18.9363257336151,1.39909958274732,17.0946659432517
-1.01264007033899,5.12759475130661,5,4.70517557779257,-0.948761739218292,5.5646764050353
0.644325699406309,13.9482488518816,14,13.7245108041579,0.72647709624082,14.4945364648897
1.11750514806829,16.0185074509128,16,15.8277185578943,1.27959277657372,16.7199899620374
-0.84987325700633,6.01677733230091,6,5.60314311723165,-1.05797140105655,4.9719416405379
0.28593743602059,12.0743338000283,12,11.8153037142097,-0.0348874790458222,10.4316660686062
0.0708574126546821,10.9156581730417,11,10.6274239280937,-0.14049374273611,9.87286045093963
0.467116935570534,13.0405554856283,13,12.8014733815147,0.705783496880463,14.3931007058021
0.660679642674007,14.0291717818448,14,13.8066808816203,0.475349745366894,13.199100952115
-1.14448108300446,4.42568045771511,4,4.00267165844689,-1.0804355820593,4.85158514730476
0.886777875061468,15.08320888619,15,14.8763887756832,1.12823035408514,16.20159800051
-2.31843572048875,0.837258849896114,1,0.608092805117532,-1.91944147198961,1.55425173973015
0.452053098439066,12.9612852373369,13,12.7207195713366,0.514569070934707,13.4089315163608
-1.05503971155938,4.89898731182423,5,4.47569403333206,-0.95285372226368,5.54231699405431
1.39145641719413,16.9624433092914,17,16.7958993434488,1.53008253693485,17.4809268364639
0.467116935570534,13.0405554856283,13,12.8014733815147,0.276406390103718,12.1160982294243
1.11156656715003,15.9962106371955,16,15.8049743812044,0.743105383065963,14.575189887452
0.0871814174882274,11.0032791692764,11,10.7174277763835,0.122196894180694,11.2753031338904
0.100285999511591,11.0736886705653,11,10.7897354886429,-0.362279535712282,8.71154136188093
0.27199219986831,11.9992081446275,12,11.7384528696922,0.369290818105764,12.6240701084567
-1.07423714784225,4.79625197873741,5,4.3727719039633,-0.975985200618816,5.4160723599353
0.27199219986831,11.9992081446275,12,11.7384528696922,0.00656134521549614,10.6527572379528
-0.295191847111622,8.97965580110043,9,8.63528471049276,-0.149909809720367,9.82330763043964
-0.11098793964283,9.94743081436898,10,9.63155423288096,0.138108129371887,11.3615925924047
0.468005702029547,13.0452242114204,13,12.8062286764541,0.467947158287243,13.1592865794745
-0.485221746715799,7.9819600075225,8,7.60971648492594,-0.719293102885143,6.81723041574732
-1.48190780824084,2.84515697208113,3,2.44961320042848,-1.5415800067876,2.68942776865312
0.657828498407981,14.0151039088006,14,13.792398343759,0.602795934754793,13.8723638340437
1.12789743721335,16.057313376864,16,15.8673137379276,1.52970445225213,17.4798404355421
1.72868538058859,17.96915802668,18,17.8442117457055,0.867212987914007,15.151124606633
-1.67364212924688,2.15288740419707,2,1.78834150239134,-1.62022062527624,2.40388686422647
-0.874252497314338,5.88317293059235,6,5.46772587225918,-0.811058883227724,6.31815685637173
-1.05415001092973,4.90376131694521,5,4.48047991264005,-0.9212489265479,5.71516083299543
0.633982753566004,13.896785899504,14,13.6722459753191,0.692696894484234,14.3283627993192
0.270336347211285,11.9902845197191,12,11.7293226587296,0.188049973868137,11.6332674071494
0.275406997893165,12.0176089420333,12,11.7572785398116,0.251484233784863,11.9797304254883
1.73841407647333,17.9963964238792,18,17.87282138135,1.19472639602858,16.4363558132081
0.437359648982324,12.8837221214737,13,12.6416794543833,0.514858556903222,13.4104727568576
-1.21877274777985,4.04553593448106,4,3.62504321519042,-0.986388336022881,5.35939544135364
-1.05436605331862,4.90260196506095,5,4.47931765088224,-1.02040106106629,5.17466384116087
-0.488994174046555,7.96203584676946,8,7.58926749641176,-0.204424819869732,9.53708816645046
-0.296387968864828,8.97339237601108,9,8.62883903899423,-0.177982604383865,9.67578560110388
0.667609571140146,14.0632929252197,14,13.8413241449427,0.590653141239523,13.8094118987405
1.10010555101345,15.952927084134,16,15.7608347127084,1.04457110645394,15.8883765309872
-1.37736035471714,3.29040760367171,3,2.88213320892941,-1.44899946680517,3.06039399263991
0.865056923767904,14.9876653293114,15,14.7794061556376,0.695765355095977,14.343582312831
1.11156656715003,15.9962106371955,16,15.8049743812044,1.37506412052243,17.0212814233599
0.878985783426362,15.0490817491159,15,14.8417455123607,0.726323754902766,14.4937891130471
1.72868538058859,17.96915802668,18,17.8442117457055,1.96709251516174,18.6417640206201
0.627109620797846,13.8624688257264,14,13.6373905493153,0.837314172190521,15.0167535741735
0.855265017139506,14.9441751884791,15,14.7352664871415,0.982924906157445,15.6437201568004
0.288530725665828,12.0882984199324,12,11.829586252071,0.730774850948288,14.5154562831907
0.255235181085657,11.9088760849307,12,11.6460133819047,0.21799847455311,11.7966879241731
1.72868538058859,17.96915802668,18,17.8442117457055,1.00244469743988,15.7225051596928
1.75348934750372,18.0383981427958,18,17.9169610498461,1.71320472628349,17.9914642353384
-0.30757966682392,8.91478920711132,9,8.56853372105855,0.071264706193838,11.0000735052877
1.74359353963091,18.0108555815131,18,17.8880133313583,1.4012552568965,17.1012046267848
0.100285999511591,11.0736886705653,11,10.7897354886429,-0.00132633762526622,10.6106004637879
0.648262178798893,13.9677781580905,14,13.7443415248972,0.827621501668073,14.9725810816784
-1.20744454214858,4.10257732884823,4,3.68156606191553,-1.12406838794358,4.62010336797387
1.39145641719413,16.9624433092914,17,16.7958993434488,1.11448527646553,16.151555637294
-1.23003990746106,3.98916319003826,4,3.56923421129217,-1.27467930994817,3.85414225835053
-0.505193791578104,7.87639616530878,8,7.50138995509464,-0.452684043409727,8.23776834200592
-0.293722503420652,8.98735000624754,9,8.64320287352833,-0.163554960665823,9.75156443373173
-1.17925935148192,4.24599902777359,4,3.82390812446727,-1.52840473660517,2.73993644911463
1.72868538058859,17.96915802668,18,17.8442117457055,1.74624425436756,18.0803486678358
-0.433395165213799,8.25504166161528,8,7.8901393144779,-0.143573073319919,9.85665101489255
0.855265017139506,14.9441751884791,15,14.7352664871415,0.621224319056615,13.967326840249
1.7481179394441,18.0234617245763,18,17.9012611028746,0.908892864647269,15.3336131992421
1.1313898317155,16.070294049298,16,15.8805615094439,0.708740896096128,14.4076680213073
-0.49463997479651,7.93220430808152,8,7.55865307930242,-0.656407967161095,7.15634006100169
-1.24654127787642,3.9072774113729,4,3.48826011263321,-1.01651276003422,5.19573121058713
0.277740988497254,12.0301841114963,12,11.7701432060311,0.355511120877319,12.5488370709415
0.279649382230712,12.0404651943659,12,11.7806604508873,0.184795467964442,11.6155289065058
-1.71979986312196,2.01051181687654,2,1.65456779035817,-1.41351216049124,3.21231777644318
0.878985783426362,15.0490817491159,15,14.8417455123607,1.03038140565336,15.833133152777
-2.31843572048875,0.837258849896114,1,0.608092805117532,-1.87480175918067,1.65916478305061
-0.510002798324992,7.85094703346146,8,7.47528157862476,-0.755308348278724,6.62189468631794
-1.005280292335,5.16747910662634,5,4.74527578407428,-0.686905963871022,6.99220304117461
-1.72260656722066,2.00214940292002,2,1.64673971732226,-1.46097724114518,3.01031243596532
-0.0935020044416218,10.0398794461184,10,9.72671497682047,-0.151928300999602,9.81269006167419
1.11156656715003,15.9962106371955,16,15.8049743812044,0.77655005289959,14.7350091768118
1.39145641719413,16.9624433092914,17,16.7958993434488,1.14437471693696,16.2596940273684
0.862840503170162,14.9778439276879,15,14.7694378001013,0.891381285643813,15.2576318926493
-0.31734958519903,8.86363106063918,9,8.51589439224322,-0.19399032479496,9.59179360835538
0.0899895640234083,11.0183620281066,11,10.7329212122527,0.163161989276149,11.4977334268294
-0.0893879683571439,10.0616498739611,10,9.74912267502443,-0.474434017368827,8.12338070027793
0.469786936021544,13.0545782753541,13,12.8157559193759,0.87617807152398,15.1908543059303
0.0695914739943039,10.90886729811,11,10.6204451563379,0.323881510970496,12.3759195181477
1.39145641719413,16.9624433092914,17,16.7958993434488,1.65387851083097,17.8293535952381
0.862945372597351,14.9783089247013,15,14.769909750464,1.07617422549996,16.0091669260714
0.453665641448169,12.9697832099365,13,12.7293778319366,0.442126917073599,13.0199663999433
-0.63782630954757,7.16941094277294,7,6.77721878860003,-0.213221585077042,9.49099339186019
0.278786483647252,12.0358166217728,12,11.7759051559478,0.278253557393287,12.1262079665602
0.889767515713885,15.0962586178942,15,14.8896365471995,0.756501162244828,14.63959402082
-2.31843572048875,0.837258849896114,1,0.608092805117532,-2.49258042829112,0.673722069060407
-1.25064269808023,3.88705287459391,4,3.46827798333714,-1.08839077438165,4.809142266204
0.447118003025328,12.9352599009608,13,12.6942014683569,0.667854194413406,14.2042612602286
-0.0895563836709204,10.0607585158233,10,9.74820523637063,0.0789185089785908,11.0413332484386
-0.0999040320462548,10.0060163733379,10,9.69185955081665,0.428776395220924,12.9476850968743
-0.616677405020113,7.2829027854491,7,6.89329714997711,-0.845154866615278,6.13177792401756
-0.0910009590665319,10.0531134456729,10,9.7403385338719,-0.196761804278584,9.57726021571168
0.449032208434755,12.9453576646573,13,12.7044907614691,0.747919224394862,14.5983931074133
0.467116935570534,13.0405554856283,13,12.8014733815147,0.819107350986086,14.9335352935621
-1.2690185407497,3.79708779202069,4,3.37947581164228,-1.44008446710922,3.09806417308929
-0.993216643071997,5.23296382886188,5,4.8111540840864,-1.17479354636387,4.35567066453129
2.13037638164233,18.9753442567933,19,18.9078860120905,1.75157899735372,18.0946019022107
-0.789508414540831,6.34709897136617,6,5.93860316798599,-0.396784891728192,8.53096854659935
-0.494809129182061,7.93131027639654,8,7.55773564064863,-0.681917843133215,7.01909092605116
0.852108862119729,14.9301022016634,15,14.7209839492803,0.742026972819276,14.56998278998
0.839346993136375,14.8729256344126,15,14.6629587748821,0.642120552255043,14.0741211239318
0.669152393159497,14.0708754026189,14,13.849023733581,0.777269626792625,14.7384116174364
-0.476319513844885,8.02895030231462,8,7.65795064487717,-0.135943709582784,9.89681924969993
-0.201635151186672,9.47007746324351,9,9.1401124312531,-0.143707124417263,9.85594547074794
0.855265017139506,14.9441751884791,15,14.7352664871415,0.621779639633785,13.9701773236493
0.0758351499386178,10.9423662101817,11,10.6548594697273,-0.27441910632683,9.17078706972559
-1.12795685580313,4.5120014809258,4,4.088716433585,-0.678393860927541,7.03807661712892
-0.234695571771461,9.29660590503912,9,8.96152193366913,-0.264457141847384,9.22286975841581
1.39145641719413,16.9624433092914,17,16.7958993434488,1.5026462958341,17.401701797298
2.13037638164233,18.9753442567933,19,18.9078860120905,1.77198020329226,18.1488461599034
-0.489355462384621,7.96012732879938,8,7.58730878672198,-0.54787122333505,7.7354887778267
-1.09491336735706,4.6862418692978,5,4.26271059727981,-1.33218291504949,3.57962814729313
-1.27850116249736,3.75108799008092,4,3.33412499175857,-0.974775942567476,5.42266491164328
0.422240759325817,12.8036811549467,13,12.5600874996316,0.482543264699004,13.2377311662191
-0.489355462384621,7.96012732879938,8,7.58730878672198,-0.539632490838386,7.77914950264436
-1.72157131653142,2.00522997738589,2,1.64962305738978,-1.324172492025,3.61717057493599
-1.8169914982099,1.73993620399884,2,1.40313821518785,-2.15559847852976,1.10144939212371
1.10256421973951,15.9622406236784,16,15.770331117882,0.89162125633873,15.2586798835274
-0.858472313606419,5.96965753291264,6,5.55536578219623,-1.23659419302837,4.0419756018306
0.865056923767904,14.9876653293114,15,14.7794061556376,1.17155518461028,16.3558895153869
0.876856300580012,15.0397264031645,15,14.8322491071871,0.898845035709901,15.2901392042331
-0.48613404459808,7.97714232076143,8,7.60477175195755,-0.283136382919966,9.12521983054491
0.100285999511591,11.0736886705653,11,10.7897354886429,-0.505855948829196,7.95775157676337
-1.48190780824084,2.84515697208113,3,2.44961320042848,-1.48051905302098,2.92992164160174
0.855265017139506,14.9441751884791,15,14.7352664871415,0.895173907589963,15.2741728795619
0.456287449665628,12.9835937338643,13,12.7434482071165,0.444125253484355,13.0307720971035
2.13037638164233,18.9753442567933,19,18.9078860120905,1.29427445302353,16.7674458105263
-0.299350122442602,8.95788140696353,9,8.6128770122888,-0.304646283988389,9.01280230463905
-0.858826185719444,5.96771827227397,6,5.5533998807825,-0.970139486141789,5.44794961760307
-0.296387968864828,8.97339237601108,9,8.62883903899423,-0.165038627424904,9.74376810655353
-0.859455503461085,5.96426951019105,6,5.5499038221415,-0.647776142236212,7.20268256140748
0.648262178798893,13.9677781580905,14,13.7443415248972,0.78072218863251,14.7547152148588
-1.45926587489988,2.93766493162526,3,2.53907958168825,-1.42525805174079,3.16145188553437
0.0863577769862432,10.9988558387688,11,10.7128846441254,0.123119224238835,11.280301281674
1.10010555101345,15.952927084134,16,15.7608347127084,0.894741402668192,15.2722889445793
0.852108862119729,14.9301022016634,15,14.7209839492803,1.03141949400111,15.8371961178502
1.72868538058859,17.96915802668,18,17.8442117457055,1.30544591917473,16.8032648362276
-1.8169914982099,1.73993620399884,2,1.40313821518785,-1.51576574733394,2.78910708988398
-0.882986462275379,5.83530415185675,6,5.41924688920393,-1.1393428175089,4.53989807540325
-1.71979986312196,2.01051181687654,2,1.65456779035817,-1.53224281916127,2.72514384406702
-1.72260656722066,2.00214940292002,2,1.64673971732226,-1.77935201951857,1.9078268962612
-0.296387968864828,8.97339237601108,9,8.62883903899423,-0.240027575942634,9.35064962442424
-0.505193791578104,7.87639616530878,8,7.50138995509464,-0.383460472442093,8.60072631751635
0.468892011853524,13.0498790975981,13,12.8109697866883,0.6648637643728,14.1892191600361
0.0863577769862432,10.9988558387688,11,10.7128846441254,-0.102765058543343,10.0718196518844
0.855265017139506,14.9441751884791,15,14.7352664871415,0.548864518652013,13.5906502925547
0.855265017139506,14.9441751884791,15,14.7352664871415,0.569059457131994,13.696762569971
1.10256421973951,15.9622406236784,16,15.770331117882,1.1445854994762,16.2604477403074
-0.296387968864828,8.97339237601108,9,8.62883903899423,-0.202769866883607,9.54576250402172
0.460647920568115,13.0065455463224,13,12.7668301181922,0.344014577251276,12.486017322652
0.277613314122136,12.0294962580251,12,11.769439534416,0.237864007926473,11.9052459876268
0.268341342872749,11.9795323395288,12,11.7183210941641,0.337008685628648,12.4477163838622
0.27199219986831,11.9992081446275,12,11.7384528696922,0.0892084922937468,11.0968609829045
1.74359353963091,18.0108555815131,18,17.8880133313583,1.0687269902362,15.9809787517444
0.645426304149598,13.9537122783764,14,13.7300589870359,0.449117789826015,13.0577522671087
1.39145641719413,16.9624433092914,17,16.7958993434488,1.14484490047611,16.2613751342174
0.278786483647252,12.0358166217728,12,11.7759051559478,-0.0394647455768314,10.4073159074359
0.278786483647252,12.0358166217728,12,11.7759051559478,0.382968570595547,12.6986646654635
-1.23003990746106,3.98916319003826,4,3.56923421129217,-1.66320959648423,2.25927601693729
0.667609571140146,14.0632929252197,14,13.8413241449427,0.56413607297348,13.6709585332347
0.667609571140146,14.0632929252197,14,13.8413241449427,0.278363343818513,12.1268088454597
-0.124275168352683,9.87726762627656,10,9.55932718375595,0.0260879729366666,10.7572908030552
-0.105478369569386,9.97654583486031,10,9.66152435455292,-0.240581607652217,9.34775061321774
1.12789743721335,16.057313376864,16,15.8673137379276,1.14519760635495,16.2626358082355
-0.515388688900202,7.82243031184836,8,7.44602937012734,-0.809670456461373,6.32573811190295
-1.26738861224619,3.80502407499285,4,3.38730388467818,-1.07778964098876,4.86572345938867
0.28593743602059,12.0743338000283,12,11.8153037142097,0.207563299360609,11.7397101349653
-1.2690185407497,3.79708779202069,4,3.37947581164228,-1.20287910786762,4.21184361802517
0.648262178798893,13.9677781580905,14,13.7443415248972,0.542503057521932,13.5570819751564
0.852108862119729,14.9301022016634,15,14.7209839492803,0.815950885551785,14.9190021107302
-0.679701831577634,6.94380616912538,7,6.54669597310352,-0.895073576470564,5.85847666681254
-0.691377391838035,6.88069714165317,7,6.48226740102635,-1.03629967735035,5.08868229864013
0.667609571140146,14.0632929252197,14,13.8413241449427,0.168105634719711,11.5246332235011
-0.322609038395772,8.83609010902111,9,8.48755962239959,-0.00490977371497921,10.5914613613672
-0.838775924542166,6.07757149448196,6,5.66481429275208,-0.85587456700015,6.07311597791468
-1.2690185407497,3.79708779202069,4,3.37947581164228,-1.41465329074578,3.20735114299866
0.0950818161820962,11.0457201037202,11,10.7610175573705,0.0107585036595382,10.6752056682555
-0.500614618526088,7.90061770085803,8,7.52624141859593,-0.203245123514133,9.54327139331766
1.09886786787028,15.94823284398,16,15.7560485800207,0.980711657001499,15.6347092020151
-1.65616180258543,2.20922489491726,2,1.84152039531095,-1.33808625947868,3.55211149447462
0.493047141151862,13.1763686019537,13,12.939768871905,0.670445390594626,14.2172775241641
0.638230150511681,13.9179456779801,14,13.6937362348693,0.812343401993681,14.902354300002
-0.616677405020113,7.2829027854491,7,6.89329714997711,-0.944968348690918,5.58541022531052
0.0799793728477656,10.9646091673858,11,10.6777082805457,-0.371009843981767,8.66587562940951
-0.124625344656699,9.87541950511115,10,9.55742464451547,-0.277568006267815,9.15432627821487
0.278786483647252,12.0358166217728,12,11.7759051559478,0.682008231706564,14.2751581610102
0.278786483647252,12.0358166217728,12,11.7759051559478,0.17950928175991,11.5867262745221
-0.506646993949221,7.86870715269299,8,7.4935014798882,-0.310462546846834,8.98240679628305
0.268261357557371,11.9791012362724,12,11.7178799815497,0.280295621754237,12.137384622579
1.08733559221817,15.9043045639194,16,15.7112711771389,0.845271830068834,15.0527962999846
1.10010555101345,15.952927084134,16,15.7608347127084,0.515448444163783,13.4136129841785
0.0695914739943039,10.90886729811,11,10.6204451563379,-0.179103231283653,9.66990287059362
0.469786936021544,13.0545782753541,13,12.8157559193759,-0.0626437552792691,10.2842007124983
-0.660858916786811,7.04546760072742,7,6.65053554112608,-1.19231930870361,4.26568523860278
1.12789743721335,16.057313376864,16,15.8673137379276,0.793303354396756,14.8138220336006
-0.864283289643949,5.93781145286705,6,5.52308645722649,-1.06793216125537,4.91848677153178
-1.38824897208865,3.24192714327604,3,2.83481648763197,-1.33580683388295,3.56272110511101
1.72868538058859,17.96915802668,18,17.8442117457055,2.05984810778784,18.8542636018917
-2.31843572048875,0.837258849896114,1,0.608092805117532,-2.07602235284245,1.23666616879652
1.74359353963091,18.0108555815131,18,17.8880133313583,1.10473317821545,16.1157208140703
1.12789743721335,16.057313376864,16,15.8673137379276,1.32650856590694,16.8701421728183
-2.31843572048875,0.837258849896114,1,0.608092805117532,-1.89822006620635,1.60326515460868
-0.285397698055675,9.03094461561323,9,8.68806806461574,-0.0544412174780419,10.327732133662
-2.31843572048875,0.837258849896114,1,0.608092805117532,-1.49487793458976,2.87190309932885
1.08394074632858,15.8913076583654,16,15.6980234056226,1.05900355340761,15.9439201855309
0.865056923767904,14.9876653293114,15,14.7794061556376,0.80038888150503,14.8468984445584
-0.276984115748646,9.07500847585775,9,8.73341888449945,0.165326243785768,11.5095083483347
-1.51029138565027,2.73235371813681,3,2.34082889943755,-1.47807277591328,2.93989509641935
0.255273622471234,11.9090833704384,12,11.6462255445861,-0.280846702195974,9.13718791369697
-0.884180215296155,5.82876168627821,6,5.41262266739139,-0.70187967578987,6.91139096796094
-0.0999040320462548,10.0060163733379,10,9.69185955081665,-0.245224493823434,9.32345863918105
1.73841407647333,17.9963964238792,18,17.87282138135,1.77121491350467,18.1468190270235
0.871434705652793,15.0158522702624,15,14.8080157912821,0.71362819071173,14.4316901665859
0.478941024080856,13.1025899512858,13,12.8646508828114,0.418361534574737,12.8911957761186
0.667609571140146,14.0632929252197,14,13.8413241449427,1.19888548785383,16.4506539477084
0.27589039352379,12.0202135129821,12,11.7599431292424,0.163491459082889,11.4995258093396
-1.27850116249736,3.75108799008092,4,3.33412499175857,-1.22740495749189,4.08795509828124
-0.859716280154135,5.96284040220456,6,5.54845514781412,-0.93889216349278,5.61863225109969
0.0877016544109197,11.006073206996,11,10.7202999597445,0.0240120268064823,10.7461658633034
0.659723638994771,14.0244566623767,14,13.8018947489327,0.763009250579839,14.6706962972278
0.274538763666945,12.0129306879966,12,11.7524924071239,0.641102702790017,14.0689418513479
0.278786483647252,12.0358166217728,12,11.7759051559478,0.641452910964509,14.0707241336348
0.456287449665628,12.9835937338643,13,12.7434482071165,0.21019430386306,11.7540724820662
0.469786936021544,13.0545782753541,13,12.8157559193759,0.651942445218271,14.1239766852948
-0.459609413291369,8.11705658691402,8,7.74841147895231,-0.340934045493876,8.82314860458431
1.72868538058859,17.96915802668,18,17.8442117457055,1.54287684809764,17.5176049917269
0.645426304149598,13.9537122783764,14,13.7300589870359,0.425159708645823,12.9280781651001
0.096087727580003,11.0511254082427,11,10.7665657402486,0.118679261325243,11.2562453214075
0.0897705330609691,11.0171854889218,11,10.7317103142447,-0.184102519590875,9.64366443622881
2.15022486679607,19.0165494610462,19,18.9516875977433,2.01502262804732,18.7537015065121
1.11156656715003,15.9962106371955,16,15.8049743812044,1.04616945236779,15.8945596789238
-0.285932669631175,9.02814301169704,9,8.68518472454822,-0.19399211537619,9.59178421793222
0.268261357557371,11.9791012362724,12,11.7178799815497,-0.0650474653600717,10.2714514632476
-1.02718083771841,5.04895823503932,5,4.62616738054735,-0.734869774502847,6.73284172139846
0.257823189144761,11.9228307215038,12,11.660295919766,0.285759179514941,12.167288716107
1.42807225820164,17.0782965269283,17,16.9156261401843,1.45449561958653,17.260622284404
1.39145641719413,16.9624433092914,17,16.7958993434488,1.16146451474748,16.3204093140883
-0.292400107640282,8.99427479139995,9,8.6503292985444,-0.149583434335156,9.82502457433691
-0.489186239936109,7.96102126015615,8,7.58822622537577,-0.583219923147304,7.54769940360475
-1.36968547929398,3.32486140203169,3,2.91579058629093,-1.01408108311761,5.20891367488099
0.646370031517815,13.9583949832325,14,13.7348142819753,0.629393313245398,14.0091911496746
0.468005702029547,13.0452242114204,13,12.8062286764541,0.36877107389489,12.6212338637316
0.648262178798893,13.9677781580905,14,13.7443415248972,0.967740155228501,15.581576789986
0.248959242338549,11.875031622767,12,11.6113701185823,0.413974541975296,12.8673763671793
0.477161442095559,13.0932643829137,13,12.8551544776378,0.250836333623883,11.9761864517564
0.469786936021544,13.0545782753541,13,12.8157559193759,0.45426999106015,13.0855702929386
0.287661645224383,12.0836187280673,12,11.8248001193833,-0.149556085787706,9.82516844727314
0.456287449665628,12.9835937338643,13,12.7434482071165,-0.013325939946409,10.5465425830991
0.263761871690866,11.9548478312251,12,11.6930621304158,0.340981370728557,12.4694365115588
0.0991140349457774,11.0673894518378,11,10.7832698671111,0.173242572399262,11.5525967367247
-2.31843572048875,0.837258849896114,1,0.608092805117532,-1.81750029744425,1.80430795715141
1.40685990663645,17.0114173968344,17,16.8464830790861,1.39069701468109,17.0691124490001
-0.0999040320462548,10.0060163733379,10,9.69185955081665,0.288935854198144,12.1846761931185
-0.0705086840137701,10.1616515680328,10,9.85204480439318,0.118416152049685,11.2548201307582
1.10010555101345,15.952927084134,16,15.7608347127084,0.723164629927156,14.4783778097802
-0.296387968864828,8.97339237601108,9,8.62883903899423,-0.0336894137023968,10.4380416486028
0.469786936021544,13.0545782753541,13,12.8157559193759,0.33742416557614,12.4499881537085
2.14320910883432,19.0020997326472,19,18.9363257336151,1.65158615878021,17.8230270739568
-0.0999040320462548,10.0060163733379,10,9.69185955081665,-0.18654916502698,9.630826487821
1.13237515895957,16.0739508978889,16,15.8842959647008,1.12483815476281,16.1892979392822
0.862945372597351,14.9783089247013,15,14.769909750464,1.16033434278924,16.3164185595669
0.467116935570534,13.0405554856283,13,12.8014733815147,0.849315662837151,15.0710347007924
1.10010555101345,15.952927084134,16,15.7608347127084,1.14332361237975,16.2559336736719
-0.296529383710376,8.97265186809691,9,8.62807698880386,-0.10969032824156,10.0352478638455
-0.292229867559651,8.99516626652476,9,8.65124673719819,0.188401024641019,11.6351810483308
-0.644129856173242,7.1355257221661,7,6.74257552527759,-0.771809689687174,6.53215066305222
0.0800375768031956,10.9649216063817,11,10.6780292181216,-0.0657218301097431,10.2678752382718
0.0800375768031956,10.9649216063817,11,10.6780292181216,-0.308139375688451,8.99454756462315
-0.0999040320462548,10.0060163733379,10,9.69185955081665,-0.277005748818727,9.15726539726928
0.646370031517815,13.9583949832325,14,13.7348142819753,0.337572443297284,12.4507988993069
1.10256421973951,15.9622406236784,16,15.770331117882,0.894586825371465,15.2716154777394
1.39145641719413,16.9624433092914,17,16.7958993434488,1.09083710365656,16.064177501702
1.39145641719413,16.9624433092914,17,16.7958993434488,1.21749867696452,16.5141174933862
2.14320910883432,19.0020997326472,19,18.9363257336151,1.86810813876794,18.3982014669616
1.39548101820212,16.9752732875363,17,16.8091471149651,1.81962461841784,18.2738013062257
-1.43250358606479,3.04984737169743,3,2.64786388267919,-1.52563526565627,2.75065071511314
1.10256421973951,15.9622406236784,16,15.770331117882,1.42605529467578,17.175945811576
-0.501064982751156,7.89823598332959,8,7.5237976532986,-0.72495220419958,6.78658864508432
-0.484859023477973,7.98387537410385,8,7.61168238633967,-0.461460286541569,8.19163586330155
0.278356236466351,12.0334987384686,12,11.7735340258712,0.356954031536121,12.5567183482028
1.12789743721335,16.057313376864,16,15.8673137379276,1.07566418943543,16.0072417820348
-0.45389024408472,8.14718401177575,8,7.77935048261041,-0.428819833825089,8.36306374078921
0.666276384117476,14.0567366238316,14,13.834669085382,0.677615126081973,14.2532066791902
0.0934993875209928,11.0372175607843,11,10.7522832023873,0.0817951809993362,11.0568500565715
0.0868764900477285,11.0016415395908,11,10.7157482875393,0.191169460469379,11.6502740301467
0.0892186155051041,11.0142209024571,11,10.7286681205168,0.521603215461441,13.4463477633864
-2.31843572048875,0.837258849896114,1,0.608092805117532,-2.02077056422474,1.34038456294767
-1.8169914982099,1.73993620399884,2,1.40313821518785,-1.78409688451305,1.89464162949425
-0.691916925022848,6.87777871342068,7,6.4792885694717,-0.934929327652208,5.64030598077269
-0.670378523246655,6.99413674715555,7,6.59809692568912,-0.933589208647259,5.64763650760124
0.634880047225179,13.9012590772029,14,13.6767891075772,0.334604736806719,12.4345711991911
-0.63492065040586,7.18502151843909,7,6.79318081530546,-0.656076323773638,7.15812151117319
0.86188218134542,14.9735932960388,15,14.7651236177763,0.588972185597186,13.8006744232176
-0.660610850746458,7.04680439464436,7,6.65190139871082,-0.641669946544906,7.2354352426253
-1.39006185202089,3.23390149488247,3,2.82698841459606,-1.24041729969708,4.02291929022225
2.13037638164233,18.9753442567933,19,18.9078860120905,2.27420713892984,19.2697898315726
-0.47573484937726,8.03203514281842,8,7.66111743751154,-0.505669100828525,7.95873789884628
-0.660858916786811,7.04546760072742,7,6.65053554112608,-0.626967909730829,7.31419209922047
-0.875352509916275,5.87714394847055,6,5.46161887753299,-0.707314517092893,6.8820235650028
0.839346993136375,14.8729256344126,15,14.6629587748821,0.613429329769793,13.9272453565581
-1.21045038755835,4.08740706239711,4,3.66652866558784,-0.930587632610321,5.66405715972354
-0.43984562700369,8.221112536163,8,7.85528388847408,-0.101785044713022,10.0769970068113
-1.94581545165717,1.43733295215749,1,1.12744908389959,-1.55311422186163,2.6458387503364
-0.296387968864828,8.97339237601108,9,8.62883903899423,-0.670858475128511,7.07864630939836
-1.75997673184904,1.89396641008126,2,1.54578348936723,-1.77158675287932,1.92959803997336
2.17699621822555,19.0705150873218,19,19.0090750377556,1.89162757204583,18.4574269092188
-0.8704261511257,5.90414442196497,6,5.48897130870533,-0.905800188329775,5.7997366801936
1.39145641719413,16.9624433092914,17,16.7958993434488,2.12625898153815,18.9951248959669
1.10010555101345,15.952927084134,16,15.7608347127084,1.25742144749518,16.6474684779616
-0.660858916786811,7.04546760072742,7,6.65053554112608,-0.346714350321108,8.79293091091435
-2.15440817687164,1.05965873318223,1,0.795045410070316,-2.07600191933813,1.2367029737829
1.40015637139512,16.9901473426317,17,16.8245089790933,0.919280867500205,15.3782110245921
0.875784102831365,15.0350112972631,15,14.8274629744995,0.690350662926998,14.3167090980576
0.659571502948038,14.0237061318384,14,13.8011326987423,0.377072786528985,12.6665217536432
1.39145641719413,16.9624433092914,17,16.7958993434488,0.65845284761717,14.1568988746144
0.103467511260566,11.0907913295682,11,10.807299512323,-0.133099492033315,9.91180057133059
-0.149776515025368,9.74280604110189,10,9.42090052286027,-0.813200241069374,6.30646291765653
0.0773085572093582,10.9502735756384,11,10.66298463007,0.250004060491534,11.971634079974
-0.706980549269124,6.79622232335823,7,6.39606665467641,-0.459815128457016,8.20028603143333
-0.848818299907876,6.02255750070831,6,5.60900528885382,-0.938954636933712,5.61829060836655
-1.20645736411187,4.10756495439608,4,3.68651079488392,-0.888676815264471,5.89350844828388
-0.114030573462415,9.93135769927381,10,9.61500870629918,-0.121406638777368,9.97342950592858
0.435597489567519,12.8744048528723,13,12.6321830492097,0.439303179187455,13.004691301657
-1.42110570840187,3.0985443645395,3,2.69518060397663,-1.86175554933485,1.69115117020305
-0.867881133039494,5.91809302289101,6,5.50310432793041,-1.04722597894024,5.02975339507671
0.278648206460939,12.0350716822819,12,11.7751431057575,0.53680960717834,13.5269832696599
-1.07423714784225,4.79625197873741,5,4.3727719039633,-1.0109896310997,5.22568074376943
1.73390510648636,17.9837850365624,18,17.8595736098337,1.45345527034993,17.25754330493
-0.285762448543927,9.0290344442043,9,8.68610216320201,-0.37868114940476,8.62573822830365
-0.292400107640282,8.99427479139995,9,8.6503292985444,-0.167784526152524,9.7293412714339
-0.432115546402417,8.26177061740426,8,7.8970524268935,-0.403292543264429,8.49688330876331
-2.31843572048875,0.837258849896114,1,0.608092805117532,-3.00526551394585,0.308850950041052
-0.489186239936109,7.96102126015615,8,7.58822622537577,-0.237651268372621,9.36308450440218
-1.40934446466065,3.14936066645714,3,2.7446156551485,-1.45553094954401,3.03300883840008
-0.0935020044416218,10.0398794461184,10,9.72671497682047,-0.197799749974216,9.57181793123558
1.12789743721335,16.057313376864,16,15.8673137379276,0.867728137081826,15.1534145926326
1.73841407647333,17.9963964238792,18,17.87282138135,1.75172523636194,18.0949922242167
-0.292400107640282,8.99427479139995,9,8.6503292985444,-0.271993060763432,9.18346981350158
0.467116935570534,13.0405554856283,13,12.8014733815147,-0.0627695839574263,10.2835332360117
-0.0964338634271976,10.0243693563374,10,9.71075295011504,-0.109935864784112,10.0339516511688
-0.961575905263737,5.40526507976596,5,4.98471807161035,-0.970436852478587,5.44632757298874
0.647311321367617,13.9630637695686,14,13.7395553922095,0.156239982047186,11.4600883569172
0.24809793044622,11.8703863561085,12,11.6066148236428,0.163047632048644,11.4971113123826
1.39548101820212,16.9752732875363,17,16.8091471149651,1.50175341742259,17.3991099493381
0.683191534145878,14.1396361241677,14,13.9188287440227,0.512662882726589,13.3987799056471
-0.670953153371167,6.99103634556886,7,6.59493013305475,-0.438944365928551,8.30993143465428
0.886777875061468,15.08320888619,15,14.8763887756832,0.723313732366271,14.4791058004993
-1.9943723720554,1.33809753845447,1,1.03864691220473,-1.46012903220073,3.01383887004665
0.469786936021544,13.0545782753541,13,12.8157559193759,0.639277865039343,14.0596503564901
-0.296387968864828,8.97339237601108,9,8.62883903899423,-0.38598903149095,8.58749153717273
0.624298811419077,13.8484077425299,14,13.623108011454,0.756336394162767,14.6388049910673
0.275445486709042,12.0178163247049,12,11.7574907024929,0.416304042611511,12.8800262739569
0.0897705330609691,11.0171854889218,11,10.7317103142447,0.459771190022407,13.1152435746079
-1.4023775370389,3.17973110127316,3,2.77418880122185,-1.36089875064807,3.44700359234131
-1.07423714784225,4.79625197873741,5,4.3727719039633,-1.00587294283528,5.25345078121433
-0.296387968864828,8.97339237601108,9,8.62883903899423,-0.322083169075639,8.92167693842939
0.886777875061468,15.08320888619,15,14.8763887756832,0.670509545638946,14.2175995829836
1.74359353963091,18.0108555815131,18,17.8880133313583,1.97113612311979,18.6513722413416
-0.106926612187374,9.96889142157088,10,9.65364521437068,0.326812983780392,12.3919557538889
1.11156656715003,15.9962106371955,16,15.8049743812044,0.987995026281213,15.664302532504
1.10010555101345,15.952927084134,16,15.7608347127084,1.49352178883994,17.3751735729271
-0.490267487149048,7.95530924056498,8,7.5823640537536,-0.482452581082971,8.08115796473707
2.14320910883432,19.0020997326472,19,18.9363257336151,1.89184328421803,18.4579664730476
-0.296387968864828,8.97339237601108,9,8.62883903899423,-0.512516271657941,7.92258175300377
-1.25748321750994,3.85343786406165,4,3.4350812197136,-1.10559917853582,4.7176830831157
0.0952203992881766,11.0464647650328,11,10.7617796075609,-0.264080350969477,9.22483990618261
0.276919565204022,12.0257585706014,12,11.7656158628356,0.079487131543636,11.0444000012543
1.11156656715003,15.9962106371955,16,15.8049743812044,0.725896543767778,14.4917066377996
-1.51029138565027,2.73235371813681,3,2.34082889943755,-1.64609239414014,2.31589341377275
0.0758351499386178,10.9423662101817,11,10.6548594697273,-0.151673728902716,9.8140290557277
-0.476319513844885,8.02895030231462,8,7.65795064487717,-0.362933074425983,8.70812331202742
1.72868538058859,17.96915802668,18,17.8442117457055,1.34252152720958,16.9204371051458
0.096087727580003,11.0511254082427,11,10.7665657402486,0.344316387735449,12.4876670069067
0.469786936021544,13.0545782753541,13,12.8157559193759,0.315252684477952,12.3287084921386
0.876856300580012,15.0397264031645,15,14.8322491071871,0.91386055123856,15.3549846702782
-0.864448466114423,5.93690619707922,6,5.52216901857269,-0.705450479039162,6.89209811189016
1.10600063511639,15.9752320885814,16,15.7835788893983,1.2675391813267,16.6806938794643
-0.0913542577294899,10.0512438377853,10,9.73841422192372,-0.313165654242332,8.96828046618763
0.0732441753307025,10.9284631625949,11,10.640576931866,0.0010461668573521,10.6232764709232
-0.83861085113341,6.07847564905931,6,5.66573173140587,-0.948390899517786,5.56670308481452
-0.48613404459808,7.97714232076143,8,7.60477175195755,-0.202112090711686,9.54921042018117
1.11156656715003,15.9962106371955,16,15.8049743812044,1.12511659415223,16.1903087861393
1.41039354904645,17.0226030669494,17,16.8580420784006,0.865574599855705,15.1438357974024
0.645426304149598,13.9537122783764,14,13.7300589870359,0.38883641335108,12.7306372834912
0.261471714325889,11.9425017250063,12,11.6804276952941,-0.0442329635317047,10.3819634132501
0.876856300580012,15.0397264031645,15,14.8322491071871,0.924026030993256,15.3984651352984
0.0604060190331095,10.859612569169,11,10.56983986631,0.516385589586893,13.418600801325
-1.58278743518804,2.46047697080357,2,2.08017716447698,-1.57690044642018,2.55780371793014
1.39145641719413,16.9624433092914,17,16.7958993434488,1.57803386922033,17.6175660472644
0.288530725665828,12.0882984199324,12,11.829586252071,0.0840993199281811,11.0692822890283
1.39145641719413,16.9624433092914,17,16.7958993434488,0.793237228779689,14.8135126264737
0.667609571140146,14.0632929252197,14,13.8413241449427,0.561646580732616,13.6578944864421
0.841429021672818,14.8822834331526,15,14.6724551800558,0.861800121643685,15.1270110234759
-0.485221746715799,7.9819600075225,8,7.60971648492594,-0.710875007447789,6.86277405730948
-0.80411426718805,6.26727561877234,6,5.85745603246949,-1.09620364715068,4.76755698009302
-0.51434441320302,7.82796067802243,8,7.45170210372057,-0.402271419464553,8.50223238730531
0.659723638994771,14.0244566623767,14,13.8018947489327,0.9879407859102,15.664082782604
0.449917159183685,12.9500245840101,13,12.7092460564085,0.491936328051495,13.2880802901159
0.445606996405364,12.9272862821542,13,12.6860763080142,0.714274072224436,14.4348600110261
-1.24654127787642,3.9072774113729,4,3.48826011263321,-1.15097990278282,4.47911549968136
0.670466364213207,14.0773291132081,14,13.8555758450558,0.254987424587709,11.9988939176515
0.864002388867701,14.9829941333215,15,14.7746650454034,0.647821696916532,14.1030871419443
0.477161442095559,13.0932643829137,13,12.8551544776378,0.622380413822113,13.9732603741003
-0.858826185719444,5.96771827227397,6,5.5533998807825,-1.00901158213971,5.23641357731542
-0.788989324474232,6.34993436372964,6,5.94148650805351,-0.76651426141765,6.5609660731164
-0.868400330852217,5.91524744776796,6,5.50022098786289,-1.33644106286016,3.55976714964122
-0.460562099114884,8.1120367006942,8,7.74325668037686,-0.688371013887571,6.98430274186909
1.11280633033578,16.0008727534426,16,15.8097296761439,0.834494239454067,15.0039329258246
-0.0962649136581695,10.0252630301136,10,9.71167038876883,-0.024219129108197,10.4884693711788
-1.34197978614906,3.45113687708487,3,3.03935810827684,-1.97359469885818,1.43595151760208
-0.814473877068422,6.21061294432091,6,5.79988472298444,-0.651997850497838,7.18002332951822
-1.42637515685264,3.07596326677565,3,2.67323257326682,-1.37233228502714,3.39507202859559
-2.31843572048875,0.837258849896114,1,0.608092805117532,-2.37792748547481,0.79700766177193
1.10010555101345,15.952927084134,16,15.7608347127084,0.933658303329513,15.4393518340898
0.444334547318299,12.9205696365987,13,12.6792317977207,0.975508833762345,15.6134638359216
-0.267626308524355,9.12402456071443,9,8.78386949399532,0.236570126830409,11.8981722691053
-1.22831999375677,3.99774461627127,4,3.57772649389298,-1.3432292790445,3.52824413292626
-0.494809129182061,7.93131027639654,8,7.55773564064863,-0.590871851459317,7.50694644648397
-0.30757966682392,8.91478920711132,9,8.56853372105855,-0.348565630328005,8.78325224051332
-0.679701831577634,6.94380616912538,7,6.54669597310352,-0.813205934622902,6.30643182290662
1.11156656715003,15.9962106371955,16,15.8049743812044,0.852675380915893,15.0861478240725
1.11280633033578,16.0008727534426,16,15.8097296761439,1.01998413661772,15.7922511393651
-0.113156029109256,9.93597719617494,10,9.61976400123862,-0.255453678518172,9.2699518864593
0.0863577769862432,10.9988558387688,11,10.7128846441254,0.146743884386564,11.408482677137
-0.410184573873461,8.37701120342742,8,8.01546914205062,-0.487987733544335,8.05199476611019
-0.0935020044416218,10.0398794461184,10,9.72671497682047,0.0789548924043193,11.0415294692305
1.13012667196346,16.065602571152,16,15.8757753767562,1.92782738717103,18.5469959690108
-0.0935020044416218,10.0398794461184,10,9.72671497682047,0.0128274549164773,10.6862755584699
-0.679701831577634,6.94380616912538,7,6.54669597310352,-0.771802824361708,6.53218803052976
-0.100044035813236,10.0052760334154,10,9.69109750062628,-0.118205265380502,9.99031412770908
0.876856300580012,15.0397264031645,15,14.8322491071871,0.648128379184579,14.104643186395
-0.660858916786811,7.04546760072742,7,6.65053554112608,-0.489259656051344,8.04529132677438
0.84700140307685,14.9072718072287,15,14.697814200886,0.690765510827752,14.3187706747436
2.17699621822555,19.0705150873218,19,19.0090750377556,1.6554130177879,17.8335860091086
0.0897705330609691,11.0171854889218,11,10.7317103142447,0.471366436313049,13.1776845290068
-0.485221746715799,7.9819600075225,8,7.60971648492594,-0.604627441890041,7.43359171338129
-1.69146903582257,2.09680845207258,2,1.73554188901712,-2.03471403824822,1.31340036504713
1.12789743721335,16.057313376864,16,15.8673137379276,1.1924088243824,16.4283695587074
-1.23925865152926,3.94331562496643,4,3.52388339140846,-0.984301440289768,5.37075926851465
0.628426804911491,13.8690526911237,14,13.6440779315558,0.756561033665437,14.6398807093394
-0.622218820364397,7.25319489240757,7,6.86290523480685,-0.543087121175684,7.76084664944186
-0.0705086840137701,10.1616515680328,10,9.85204480439318,-0.178734022746956,9.67184098175719
-0.635087678905124,7.18412431667386,7,6.79226337665167,-0.327572212347666,8.89298946046603
-0.695269210403205,6.85964144535047,7,6.46077714147619,-0.738123450082619,6.7151959934487
-0.859716280154135,5.96284040220456,6,5.54845514781412,-1.01571041423449,5.20008022912749
-1.48190780824084,2.84515697208113,3,2.44961320042848,-1.0557054327673,4.98412059455366
1.39145641719413,16.9624433092914,17,16.7958993434488,1.562020190376,17.5721816394896
-1.0492383899321,4.9301356535245,5,4.50692489554187,-0.769370973017714,6.54542290108973
0.866865358312188,14.9956690065902,15,14.787529711623,1.07844880269775,16.017742798107
-0.29669963454047,8.9717603636003,9,8.62715955015007,-0.196224455004356,9.58007784143066
0.435597489567519,12.8744048528723,13,12.6321830492097,0.250251437719668,11.9729871720617
-0.296387968864828,8.97339237601108,9,8.62883903899423,0.051616905348901,10.8943253650817
0.469786936021544,13.0545782753541,13,12.8157559193759,0.553668409921861,13.6159552580936
-2.31843572048875,0.837258849896114,1,0.608092805117532,-2.03597731734263,1.31098315622503
0.646282473229568,13.9579606025287,14,13.7343731693609,0.740525662885054,14.5627282315532
-0.111797958801561,9.94315139995267,10,9.62714906401687,-0.368269855789653,8.68020907668737
1.74359353963091,18.0108555815131,18,17.8880133313583,1.10521426025556,16.1174950756151
-0.296387968864828,8.97339237601108,9,8.62883903899423,-0.578946099502761,7.5704449539307
0.268341342872749,11.9795323395288,12,11.7183210941641,0.641949120449071,14.0732489679495
1.11502286778497,16.0091983581793,16,15.8182221527207,0.569196756714883,13.6974815525407
-0.0938108259306261,10.0382455436745,10,9.7250354879763,0.237864007926473,11.9052459876268
-1.0534141023554,4.90771091325985,5,4.48443954502176,-1.00520205277984,5.25709361537421
0.667609571140146,14.0632929252197,14,13.8413241449427,0.71361851378287,14.4316426657863
1.11280633033578,16.0008727534426,16,15.8097296761439,0.890837791881103,15.2552576722074
-1.434402963082,3.04178534591182,3,2.64003580964328,-1.37593706158742,3.37880449687604
-0.490677064110801,7.953145373929,8,7.58014333885258,-0.20542668756944,9.53183732031805
-1.65776802064309,2.20399218203202,2,1.83657566234257,-0.963115968298876,5.48627480226083
-0.499393754911533,7.90707361984395,8,7.53286564040847,-0.563285198044285,7.65369594603238
-2.31843572048875,0.837258849896114,1,0.608092805117532,-2.74805753332722,0.459965953244769
0.0766973190133102,10.9469931318403,11,10.6596147646667,0.299495379226672,12.2424731666038
-0.680598320872801,6.93896358604885,7,6.54175124013514,-0.590865850110011,7.50697842336271
0.469786936021544,13.0545782753541,13,12.8157559193759,0.314912784074725,12.3268485729864
-2.31843572048875,0.837258849896114,1,0.608092805117532,-1.95508047026264,1.47533009041428
0.450778779803724,12.9545676445033,13,12.7138750610432,0.373375584862382,12.6463565156266
-0.312645203702937,8.88826474102961,9,8.54124071852273,-0.0812944205331806,10.1853639263883
-1.72260656722066,2.00214940292002,2,1.64673971732226,-2.38980791572566,0.783297656003503
-1.23003990746106,3.98916319003826,4,3.56923421129217,-0.809380333940605,6.32732218009856
1.39145641719413,16.9624433092914,17,16.7958993434488,1.67111623539016,17.876778977007
-1.05394996188659,4.90483490031163,5,4.48155620495423,-0.838067249233219,6.17054940003821
1.09886786787028,15.94823284398,16,15.7560485800207,0.913040475416731,15.3514622029643
-0.682637646431305,6.9279457665111,7,6.53050156097758,-0.661598248978297,7.12845040693142
1.10256421973951,15.9622406236784,16,15.770331117882,0.944906155274645,15.4867106653291
-2.31843572048875,0.837258849896114,1,0.608092805117532,-1.88175342504247,1.64236947319574
0.243901760937016,11.8477540212038,12,11.5834450752485,0.373410024175997,12.646544383727
0.669512652514885,14.0726452253042,14,13.8508205501164,0.808762439497023,14.8857888972168
1.72868538058859,17.96915802668,18,17.8442117457055,1.81710961004571,18.2672692179181
-1.51029138565027,2.73235371813681,3,2.34082889943755,-1.59316293365736,2.49905333364694
0.469786936021544,13.0545782753541,13,12.8157559193759,0.418412472973922,12.8914722653432
-1.48317701068913,2.84003735199234,3,2.4446684674601,-1.46783345676223,2.98192064585005
-0.106786534942029,9.96963173420855,10,9.65440726456105,-0.242256005452097,9.33898956036288
-1.02754335846764,5.04700066301279,5,4.62420147913362,-1.1805777426886,4.32588779759864
-0.459609413291369,8.11705658691402,8,7.74841147895231,-0.902048773289532,5.8202788466496
-0.104161446895853,9.98350696267212,10,9.66868980242232,-0.334218609068931,8.85825108251297
1.72868538058859,17.96915802668,18,17.8442117457055,1.64517589357226,17.8053113006003
1.74359353963091,18.0108555815131,18,17.8880133313583,1.39144019912233,17.0713768932515
0.460647920568115,13.0065455463224,13,12.7668301181922,0.765061717850334,14.6804794000909
2.15022486679607,19.0165494610462,19,18.9516875977433,1.95536228896744,18.6137277161839
0.456369670600697,12.9840267124167,13,12.7438893197309,0.363276768790537,12.5912444475369
0.0904198263604543,11.020673259544,11,10.7352923423294,-0.0600415630945431,10.2980064746963
0.449032208434755,12.9453576646573,13,12.7044907614691,0.231604114852229,11.8710265760638
0.862945372597351,14.9783089247013,15,14.769909750464,0.421671521816504,12.9091580237774
0.878985783426362,15.0490817491159,15,14.8417455123607,0.591120316505271,13.8118392638058
-0.104161446895853,9.98350696267212,10,9.66868980242232,0.285973128262843,12.1684597559057
-1.0492383899321,4.9301356535245,5,4.50692489554187,-0.899091357032806,5.83647400441909
-1.73911745432568,1.95363083755486,2,1.60138889743855,-1.90875077050291,1.57875090462906
2.14320910883432,19.0020997326472,19,18.9363257336151,2.05545860111443,18.8446032481803
1.72868538058859,17.96915802668,18,17.8442117457055,1.97587331726607,18.6625911337027
0.670466364213207,14.0773291132081,14,13.8555758450558,0.693784404066684,14.3337596219901
0.0758351499386178,10.9423662101817,11,10.6548594697273,-0.0171770118032125,10.5260034820418
1.11156656715003,15.9962106371955,16,15.8049743812044,1.05865362445711,15.9425811015357
0.142019156495111,11.2982698462459,11,11.0202583041394,0.228432859385528,11.8536948369248
1.10010555101345,15.952927084134,16,15.7608347127084,1.16986791208259,16.3499756340174
2.17699621822555,19.0705150873218,19,19.0090750377556,1.34779682061149,16.9369064280645
-1.38239644008834,3.26792623937518,3,2.86018517821961,-1.75188816741048,1.98590959198043
-0.296387968864828,8.97339237601108,9,8.62883903899423,0.0428251518422315,10.8470858075833
-0.100212589673875,10.0043847319035,10,9.69018006197249,0.109471587422009,11.2063934622175
-0.0935020044416218,10.0398794461184,10,9.72671497682047,0.183770375434951,11.6099426044993
1.10010555101345,15.952927084134,16,15.7608347127084,1.46107575751097,17.2800652126022
-1.07423714784225,4.79625197873741,5,4.3727719039633,-1.40276157723558,3.2593698594163
0.28593743602059,12.0743338000283,12,11.8153037142097,0.324348644260607,12.3784750129793
-1.24774327857647,3.90134484821145,4,3.48239794101104,-0.966708712694563,5.46666700271028
2.13037638164233,18.9753442567933,19,18.9078860120905,1.75405665374657,18.101212069914
-0.0999040320462548,10.0060163733379,10,9.69185955081665,-0.307243628516695,8.99922869210209
1.72868538058859,17.96915802668,18,17.8442117457055,2.23628194867716,19.2048030843686
-0.679179044084597,6.94662987729278,7,6.54957931317105,-0.5244749388532,7.85937549848676
0.469786936021544,13.0545782753541,13,12.8157559193759,0.428898993276302,12.9483495448882
0.0800375768031956,10.9649216063817,11,10.6780292181216,-0.0217751525092366,10.5014921408838
0.876856300580012,15.0397264031645,15,14.8322491071871,1.21182663362704,16.4948679400849
-0.292400107640282,8.99427479139995,9,8.6503292985444,-0.444203028776973,8.28232035733283
1.42807225820164,17.0782965269283,17,16.9156261401843,1.25250006492573,16.6312261730579
-1.558116339929,2.55036248546132,2,2.16609599610432,-1.39713127836561,3.28419942497756
-0.679701831577634,6.94380616912538,7,6.54669597310352,-0.491699824468227,8.0324287040941
0.883464415536207,15.0687171389445,15,14.8616806661175,0.480221888197647,13.2252716394881
-0.296387968864828,8.97339237601108,9,8.62883903899423,-0.386299992143551,8.58586383691225
0.265671776169352,11.9651432262154,12,11.7035974436884,0.165986936729547,11.5131033774063
0.0695914739943039,10.90886729811,11,10.6204451563379,0.359923681915415,12.5729363907269
1.72868538058859,17.96915802668,18,17.8442117457055,1.71177641238904,17.9875985936859
-0.499393754911533,7.90707361984395,8,7.53286564040847,-0.613166554174206,7.38799296911218
-0.819794845315497,6.18149648911657,6,5.77031157691108,-0.769157390870836,6.5465851339369
-0.102629313830015,9.99160661203122,10,9.6770271254464,-0.593918674584332,7.49070912972865
0.0766973190133102,10.9469931318403,11,10.6596147646667,-0.44615752436435,8.2720555175635
0.0808999565019574,10.9695510096686,11,10.682784513061,0.0780467023877556,11.0366317211239
-0.252167504570374,9.20501963841029,9,8.86724099467298,-0.341498030605849,8.82020040360065
-0.114030573462415,9.93135769927381,10,9.61500870629918,0.315065139626446,12.3276822572692
2.15022486679607,19.0165494610462,19,18.9516875977433,1.5334164588707,17.4905003170933
0.477161442095559,13.0932643829137,13,12.8551544776378,0.430371936995915,12.9563315325051
-1.19704113187784,4.15527228907031,4,3.73382751618136,-1.1058561733312,4.71632103308597
-0.296387968864828,8.97339237601108,9,8.62883903899423,-0.158042443495026,9.78053899472894
-0.489186239936109,7.96102126015615,8,7.58822622537577,-0.914242598037139,5.75351318492805
-0.670953153371167,6.99103634556886,7,6.59493013305475,-0.574848602746688,7.59224131210816
-1.73911745432568,1.95363083755486,2,1.60138889743855,-1.54406131976839,2.68000104973997
1.12789743721335,16.057313376864,16,15.8673137379276,1.4019892509799,17.1034294381983
0.669512652514885,14.0726452253042,14,13.8508205501164,0.710920173945715,14.4183875806878
0.0870432650568559,11.0025372098887,11,10.7166657261931,0.344005233466565,12.4859662494742
0.0798993743893735,10.9641797374823,11,10.6772671679312,-0.277064397588103,9.15695881803279
0.0999817086281798,11.0720530868635,11,10.7880559997987,0.133424569783001,11.3361784830554
0.862945372597351,14.9783089247013,15,14.769909750464,0.294167511809491,12.2133116524692
-0.682803942447623,6.9270472030007,7,6.52958412232379,-0.408280457897106,8.47075049065727
-0.679701831577634,6.94380616912538,7,6.54669597310352,-0.408668535899987,8.46871697672234
0.862945372597351,14.9783089247013,15,14.769909750464,0.885969991962674,15.2339499959253
0.0871814174882274,11.0032791692764,11,10.7174277763835,-0.0756848159966269,10.2150706953926
-1.26976509556387,3.79345561933051,4,3.37589353017799,-1.07187557039936,4.89736232380266
1.08394074632858,15.8913076583654,16,15.6980234056226,0.835308217462027,15.0076362139964
0.638562406648086,13.9195993864477,14,13.6954157237135,0.312653605812715,12.3144860954098
0.0863577769862432,10.9988558387688,11,10.7128846441254,0.0389697803078137,10.8263858252864
0.278481735412905,12.0341748476219,12,11.7742256671037,0.252838730272618,11.9871396756244
0.862840503170162,14.9778439276879,15,14.7694378001013,0.755850614971155,14.6364782677129
1.10600063511639,15.9752320885814,16,15.7835788893983,0.937686841264181,15.4563616473169
-1.2690185407497,3.79708779202069,4,3.37947581164228,-1.31080170779751,3.68035080676603
0.465411040620402,13.0315917344062,13,12.792343170552,0.519217163066226,13.4336637919525
0.259087882129166,11.9296495773278,12,11.6672746915218,0.710600004242921,14.4168135086411
1.75337356954648,18.0380765380527,18,17.9166229670028,0.848908323026385,15.0691998944091
-0.0893879683571439,10.0616498739611,10,9.74912267502443,0.0134063003384346,10.6893731514193
-0.489186239936109,7.96102126015615,8,7.58822622537577,-0.373642996939938,8.65209981527997
0.862945372597351,14.9783089247013,15,14.769909750464,1.15051280952665,16.2815925124434
-0.305609138478699,8.92510738584392,9,8.57915118762016,-0.167304083789893,9.73186528774409
-0.292400107640282,8.99427479139995,9,8.6503292985444,-0.337848905502056,8.8392755015776
1.76324634813459,18.0654461819468,18,17.9454007713707,1.43193472133032,17.1935387812076
-1.34564841072077,3.43424798680994,3,3.02281258169507,-0.967022718861547,5.46495360227493
-1.07468092522807,4.79388358873386,5,4.37040077388666,-1.43444192779146,3.12207950966295
-2.31843572048875,0.837258849896114,1,0.608092805117532,-1.57877778820811,2.55096194606151
-0.695269210403205,6.85964144535047,7,6.46077714147619,-0.234549253841935,9.37931860658709
0.864002388867701,14.9829941333215,15,14.7746650454034,0.791129423145781,14.8036430631399
0.288530725665828,12.0882984199324,12,11.829586252071,0.163228727661841,11.4980964930117
-0.862589764123268,5.94709278652175,6,5.53249312110869,-0.941227579440655,5.60586166133019
-0.318449688361176,8.85787048372941,9,8.50996732060355,-0.102067835708468,10.0755029878809
-1.62773997931711,2.30370366347208,2,1.93098677657072,-1.90962738713761,1.57672739864794
-0.0584542982200975,10.2255875694668,10,9.9178392340551,-0.202922759341898,9.54496109394267
-0.588252183654437,7.43497018302492,7,7.04894040110584,-0.864751462229158,6.02452240647391
-0.499393754911533,7.90707361984395,8,7.53286564040847,-0.539199281011125,7.78144419332615
1.10010555101345,15.952927084134,16,15.7608347127084,0.654910143073237,14.1389963517221
1.72868538058859,17.96915802668,18,17.8442117457055,1.6334813139167,17.7728985689892
-1.2690185407497,3.79708779202069,4,3.37947581164228,-0.90637069425576,5.79661279723846
0.100285999511591,11.0736886705653,11,10.7897354886429,-0.45909455886893,8.20407440628486
0.0746731725814818,10.9361307794831,11,10.6484560720482,-0.0814596088155885,10.1844894034253
-0.244642250605512,9.24445993057493,9,8.90784083754599,-0.00804119528373915,10.5747431159552
-1.07386926589944,4.79821555405786,5,4.37473780537703,-1.08373340438398,4.83397850976948
-1.02910978592914,5.03854384389999,5,4.6157091965328,-1.50816933384037,2.81899737332512
0.660679642674007,14.0291717818448,14,13.8066808816203,0.393490541771668,12.7559830478077
-0.814934672767684,6.20809179213243,6,5.79732375139135,-1.12196109962093,4.63120477114154
0.449835061509903,12.9495916657558,13,12.7088049437941,0.0236056285845078,10.7439883094941
-1.2013380134067,4.1334725382458,4,3.71220185394599,-1.31758530846702,3.64821679696783
1.10229612468372,15.96122581789,16,15.769296351537,0.755364937098765,14.6341513458335
-0.114030573462415,9.93135769927381,10,9.61500870629918,0.237615095293122,11.903885138202
-1.07423714784225,4.79625197873741,5,4.3727719039633,-0.725801232338638,6.78198979357655
1.10010555101345,15.952927084134,16,15.7608347127084,0.753250039489678,14.6240107417952
-0.0935020044416218,10.0398794461184,10,9.72671497682047,-0.186587087844262,9.6306275163889
-2.31843572048875,0.837258849896114,1,0.608092805117532,-2.84511743917179,0.3964943592162
0.43824802209733,12.8884181076911,13,12.6464655870709,0.32143936832655,12.3625589508716
-0.501116936137731,7.89796122497369,8,7.523515738576,-0.438581393144719,8.31183688757894
0.28593743602059,12.0743338000283,12,11.8153037142097,0.0388110508693424,10.8255337904939
-1.03840160341516,4.98843817815843,5,4.56541364368071,-1.04630002711282,5.03474186971466
0.240937220259384,11.8317633148421,12,11.5670733220332,0.147237969155125,11.4111666106196
0.469786936021544,13.0545782753541,13,12.8157559193759,0.366309745002436,12.6078008152782
-1.00450001567797,5.17171066199261,5,4.74953130670633,-1.12680677732574,4.60569009106734
0.0889029469695717,11.0125253593474,11,10.7269241815571,0.188523537795259,11.6358489014202
1.73841407647333,17.9963964238792,18,17.87282138135,1.4799191850416,17.3354512049983
-0.104161446895853,9.98350696267212,10,9.66868980242232,0.00795629814045514,10.6602168726071
0.445606996405364,12.9272862821542,13,12.6860763080142,0.456145919383075,13.0956924152982
-1.75997673184904,1.89396641008126,2,1.54578348936723,-1.56228973753854,2.61158311529726
1.39548101820212,16.9752732875363,17,16.8091471149651,1.33071869717695,16.8834105953076
-0.248006718771239,9.22682543940203,9,8.88968771573026,0.0636652909481799,10.9591431534065
-0.661163936593019,7.0438238343776,7,6.64885605228191,-0.445561388017656,8.2751865242731
0.278786483647252,12.0358166217728,12,11.7759051559478,0.329714372986211,12.4078258135587
1.12789743721335,16.057313376864,16,15.8673137379276,0.864636662602506,15.1396592273993
1.15604271735088,16.1610751473551,16,15.9732580585321,1.06261239756353,15.9577082777824
-0.226287549293475,9.34070023228007,9,9.00691590118165,-0.319350909522662,8.93595613636149
-0.306661954212246,8.91959457825351,9,8.57347845402693,-0.658897342209841,7.14296581686183
0.485642058468391,13.1376698672428,13,12.9003703136431,0.362972157375485,12.589581433042
1.39145641719413,16.9624433092914,17,16.7958993434488,0.971813953960539,15.5983225112981
1.72868538058859,17.96915802668,18,17.8442117457055,1.258139860379,16.6498350226841
0.100285999511591,11.0736886705653,11,10.7897354886429,0.487708729267158,13.2654326682371
-0.490267487149048,7.95530924056498,8,7.5823640537536,-0.447970026679724,8.2625351358634
-0.489186239936109,7.96102126015615,8,7.58822622537577,-0.529787458842818,7.83127192885579
-0.0999040320462548,10.0060163733379,10,9.69185955081665,-0.554136312237939,7.70226074357824
-1.57103573137525,2.50295248277515,2,2.12074517622061,-1.44565259355096,3.07449680838713
0.0798993743893735,10.9641797374823,11,10.6772671679312,0.109296096171747,11.205443799134
0.657995698624254,14.0159293670015,14,13.7932364883327,0.445341928938972,13.0373492835647
0.668562191023078,14.0679753516437,14,13.8460794398822,0.428461945351344,12.9459808082008
-1.8169914982099,1.73993620399884,2,1.40313821518785,-1.75122016657515,1.98784665515986
0.28593743602059,12.0743338000283,12,11.8153037142097,0.473748801976124,13.190495559562
-0.979970981812102,5.30500568979945,5,4.8836842982849,-0.616969861835865,7.36766790465048
-0.882986462275379,5.83530415185675,6,5.41924688920393,-0.448713830741779,8.25862785803544
1.10600063511639,15.9752320885814,16,15.7835788893983,1.30936972045481,16.8157876198276
1.72868538058859,17.96915802668,18,17.8442117457055,1.5244536499438,17.4647374060104
1.39145641719413,16.9624433092914,17,16.7958993434488,1.07102925981688,15.9897109668472
1.72868538058859,17.96915802668,18,17.8442117457055,1.62583842891916,17.7516505409886
-1.01973758459852,5.0891831997243,5,4.66657346746267,-1.24745709198492,3.98794387436959
-0.0999040320462548,10.0060163733379,10,9.69185955081665,-0.214979501242561,9.48178448049614
0.668562191023078,14.0679753516437,14,13.8460794398822,0.855155466094957,15.0972808449072
0.077180633311907,10.9495870114686,11,10.6622793540976,0.0361030294273794,10.8110000404014
0.273755324167308,12.0087091707616,12,11.7481734610831,-0.157751999405168,9.78206594427738
0.268261357557371,11.9791012362724,12,11.7178799815497,-0.248510904153821,9.30626620737537
0.64825580725505,13.9677465739314,14,13.7443106871489,0.800227690370946,14.8461476857454
0.258472313036327,11.9263306432869,12,11.6638779478506,0.341453536972493,12.4720177421188
1.74359353963091,18.0108555815131,18,17.8880133313583,1.18480159025094,16.4020594001077
0.0565039430744671,10.8386988452145,11,10.5483496067599,0.660790623763913,14.1686960893499
-0.679701831577634,6.94380616912538,7,6.54669597310352,-0.647995424156517,7.20150590147797
0.4580578804235,12.9929151987871,13,12.7529446122901,0.249834214993418,11.9707050736987
0.435597489567519,12.8744048528723,13,12.6321830492097,0.930207142027645,15.4247375077746
-1.8169914982099,1.73993620399884,2,1.40313821518785,-1.37767830141207,3.37096493697323
0.457670687971251,12.9908769018822,13,12.7508680914868,0.283022030113595,12.1523071442211
-0.4865365453775,7.97501665565804,8,7.60259005990987,-0.60807641100975,7.41518002592153
0.854206714472407,14.9394593088834,15,14.7304803544539,0.334824504671371,12.4357729829178
-0.285932669631175,9.02814301169704,9,8.68518472454822,-0.288404370439986,9.09768563334483
0.855265017139506,14.9441751884791,15,14.7352664871415,0.681099442812671,14.2706211043187
0.0800375768031956,10.9649216063817,11,10.6780292181216,0.0109082006738009,10.6760065279061
-1.48391798903448,2.83705169827549,3,2.44178512739258,-1.67534906410373,2.21988952596783
0.266533917166277,11.9697903782323,12,11.7083527386279,-0.0151010431930632,10.5370741880998
-0.679701831577634,6.94380616912538,7,6.54669597310352,-0.341494586837509,8.82021840579855
0.255193698026199,11.9086523976926,12,11.6457844319717,0.489492672294641,13.274992108857
0.243901760937016,11.8477540212038,12,11.5834450752485,0.0699701851678282,10.9930986735788
1.39145641719413,16.9624433092914,17,16.7958993434488,0.96639250719051,15.5760252322168
-1.8169914982099,1.73993620399884,2,1.40313821518785,-1.53039847968234,2.73224413934318
-0.131602536474146,9.83860637385463,10,9.51952702478374,0.135046564512153,11.3449784794958
-1.8169914982099,1.73993620399884,2,1.40313821518785,-1.89377360202865,1.61373104050991
-0.0893879683571439,10.0616498739611,10,9.74912267502443,-0.19151336521906,9.60478460715249
0.265671776169352,11.9651432262154,12,11.7035974436884,-0.0125907403335257,10.5504647144165
-1.02754335846764,5.04700066301279,5,4.62420147913362,-0.927683287243399,5.67994819922734
-0.288172395621066,9.01641392593502,9,8.67311356656376,-0.312609506326798,8.97118687837207
1.39145641719413,16.9624433092914,17,16.7958993434488,1.10566772164759,16.1191668514351
0.638562406648086,13.9195993864477,14,13.6954157237135,0.414110479738673,12.8681146592283
2.13037638164233,18.9753442567933,19,18.9078860120905,1.7554054091156,18.1048078602541
0.864002388867701,14.9829941333215,15,14.7746650454034,0.711810461651362,14.4227631159795
1.11156656715003,15.9962106371955,16,15.8049743812044,0.849092371480474,15.0700289812185
-0.132781011898729,9.83239040891632,10,9.51312784796641,-0.0567374634854488,10.3155418391418
-0.676701582058814,6.9600088421811,7,6.5632414996853,-0.768282686476345,6.5513446955591
0.45107985049478,12.9561549053701,13,12.7154923260345,0.379539182800285,12.6799702876155
0.855265017139506,14.9441751884791,15,14.7352664871415,0.508562723100031,13.3769268802734
1.11156656715003,15.9962106371955,16,15.8049743812044,1.32993081969485,16.8809300264511
-1.9943723720554,1.33809753845447,1,1.03864691220473,-1.99755044709024,1.38658389325499
0.455434980457509,12.9791041499487,13,12.7388742371102,0.459613456558373,13.114393193864
-0.3076916638538,8.9142027629006,9,8.56793027114891,-0.3933972580391,8.54870783329626
0.075776536113076,10.9420516630467,11,10.6545385321513,0.509507769401933,13.3819658494962
-0.490267487149048,7.95530924056498,8,7.5823640537536,-0.879193800014705,5.94544145981115
0.655060270186195,14.00142878395,14,13.7785128378569,0.413090229876884,12.8625732529117
1.39145641719413,16.9624433092914,17,16.7958993434488,1.64579963773065,17.8070366989223
1.72868538058859,17.96915802668,18,17.8442117457055,1.94481812630911,18.5883232269374
0.265710240571616,11.9653505620795,12,11.7038096063698,0.356341574261402,12.5533731554935
-1.2690185407497,3.79708779202069,4,3.37947581164228,-1.09657983616026,4.76555718828235
-0.0893879683571439,10.0616498739611,10,9.74912267502443,0.391161164822217,12.7432991196738
-0.104161446895853,9.98350696267212,10,9.66868980242232,-0.224060454568016,9.43422604904019
-0.660858916786811,7.04546760072742,7,6.65053554112608,-0.878715409439232,5.94806123450265
-1.20645736411187,4.10756495439608,4,3.68651079488392,-1.15058084030058,4.48119505998445
-1.24654127787642,3.9072774113729,4,3.48826011263321,-1.24634217032017,3.99347309911313
0.43824802209733,12.8884181076911,13,12.6464655870709,0.0563319590776172,10.9196804108546
-0.824041981004723,6.15825031745994,6,5.74670583006482,-1.09653830836597,4.76577793522446
-1.25748321750994,3.85343786406165,4,3.4350812197136,-0.881877709281789,5.93074354295782
0.887850374009614,15.0878931386435,15,14.8811440706226,1.16145983328636,16.3203927904312
0.0641439727652136,10.879652395923,11,10.5904308976501,-0.039356575289531,10.4078912054089
0.470676291654029,13.0592472629885,13,12.8205112143154,0.550619111012714,13.5998972514635
0.0904198263604543,11.020673259544,11,10.7352923423294,-0.116942783160809,9.99697405328154
-1.51029138565027,2.73235371813681,3,2.34082889943755,-1.10906402916113,4.6993295091095
1.40893921708065,17.018001604777,17,16.8532867834612,1.3424056856281,16.9200749042654
-1.51029138565027,2.73235371813681,3,2.34082889943755,-1.74022684838456,2.01998622134489
0.648262178798893,13.9677781580905,14,13.7443415248972,0.56938324314712,13.6984580525036
0.0808999565019574,10.9695510096686,11,10.682784513061,-0.148898586516928,9.82862745886193
-1.25064269808023,3.88705287459391,4,3.46827798333714,-0.955839558838793,5.52600629583727
0.0800375768031956,10.9649216063817,11,10.6780292181216,-0.0519776775229201,10.3408140089118
-1.25748321750994,3.85343786406165,4,3.4350812197136,-1.18443188693225,4.30608834137729
-1.75997673184904,1.89396641008126,2,1.54578348936723,-2.12663972263539,1.14882870911347
-0.489186239936109,7.96102126015615,8,7.58822622537577,-0.661959312930873,7.12650957985021
-2.31843572048875,0.837258849896114,1,0.608092805117532,-1.86668161039144,1.67900159365828
0.648262178798893,13.9677781580905,14,13.7443415248972,0.797425210312276,14.8330822125397
-0.104161446895853,9.98350696267212,10,9.66868980242232,0.188815551035872,11.6374407708375
0.631164038199765,13.8827236052455,14,13.6579634374579,0.343624506132986,12.4838851705817
-0.0705086840137701,10.1616515680328,10,9.85204480439318,-0.24259153936707,9.33723398941565
0.862945372597351,14.9783089247013,15,14.769909750464,1.08263844155708,16.0334982111484
0.0594042984060273,10.854243119614,11,10.5643225211802,0.0106168364462259,10.6744477801856
-1.24654127787642,3.9072774113729,4,3.48826011263321,-0.914046024507209,5.75458934264256
0.100285999511591,11.0736886705653,11,10.7897354886429,0.272243322092516,12.0933142008571
-0.800363418336288,6.28778219733771,6,5.8782978500503,-0.841766431524938,6.15031529482438
-1.02754335846764,5.04700066301279,5,4.62420147913362,-0.777320331349544,6.50214893748592
-1.2690185407497,3.79708779202069,4,3.37947581164228,-1.09561195217616,4.77070286281442
-1.06430239996084,4.84935081663102,5,4.42595079688291,-1.16128269791487,4.42554859040341
-1.73911745432568,1.95363083755486,2,1.60138889743855,-1.89137626191366,1.61940234478731
-1.69146903582257,2.09680845207258,2,1.73554188901712,-1.81813018118165,1.80264587883836
0.0790309429724243,10.9595181700382,11,10.6724810352436,-0.131025960835949,9.92272478589437
-0.651519579341238,7.09576756666478,7,6.70193649371167,-0.416149264213403,8.42950986732506
0.461895880290899,13.0131103106998,13,12.7735175004327,0.765788534371667,14.6839408122108
-1.04778593356278,4.93794118629085,5,4.51475296857777,-1.40237468914613,3.26107192649361
0.0897705330609691,11.0171854889218,11,10.7317103142447,-0.106970847793003,10.0496063126534
0.855265017139506,14.9441751884791,15,14.7352664871415,0.971422397842059,15.5967153367297
0.0964973190124009,11.0533264624142,11,10.7688287289691,-0.200616262060275,9.5570516950674
0.243603311023327,11.8461442293848,12,11.5817969725089,0.536645401685325,13.5261144271653
-0.848818299907876,6.02255750070831,6,5.60900528885382,-0.464317257263762,8.17661138555571
-0.485221746715799,7.9819600075225,8,7.60971648492594,-0.575714124740798,7.58763810025836
0.469786936021544,13.0545782753541,13,12.8157559193759,0.710395333688407,14.4158071288358
1.10010555101345,15.952927084134,16,15.7608347127084,1.13523333985376,16.2268879539812
-0.695269210403205,6.85964144535047,7,6.46077714147619,-0.584940855043531,7.53853723987003
-0.49463997479651,7.93220430808152,8,7.55865307930242,-0.571989484594574,7.60744399846577
1.12789743721335,16.057313376864,16,15.8673137379276,0.923105322206781,15.3945409911933
-1.17989662109379,4.24273360161793,4,3.82066378646249,-1.2118898731963,4.16613427055678
-0.501064982751156,7.89823598332959,8,7.5237976532986,-0.33788013580302,8.83911225607226
-0.306491683975391,8.92048615568592,9,8.57439589268072,-0.0700325098668949,10.245021413675
-0.671119621485376,6.99013813042746,7,6.59401269440096,-0.765444728843051,6.56678422594213
-0.283234805837458,9.04227169591337,9,8.69972572025344,-0.153972810714958,9.8019373563032
-0.0913542577294899,10.0512438377853,10,9.73841422192372,-0.0995904465642073,10.0885927415528
-0.125885201128678,9.86877078771687,10,9.55058013422201,0.104607451302463,11.1800780703667
1.72868538058859,17.96915802668,18,17.8442117457055,1.41010389199667,17.1279731496663
1.39145641719413,16.9624433092914,17,16.7958993434488,1.19822422744058,16.4483835668519
-0.0999040320462548,10.0060163733379,10,9.69185955081665,-0.126322888425858,9.9475098685522
-0.464797096717114,8.08971698054549,8,7.72033820293298,-0.645232342773605,7.21633014849517
0.288530725665828,12.0882984199324,12,11.829586252071,0.521016079086627,13.4432273855137
1.74359353963091,18.0108555815131,18,17.8880133313583,1.38432823059582,17.049672315962
0.465056286383741,13.0297272217007,13,12.790443990838,0.425515447543295,12.9300071770615
-1.01211043761829,5.13046317671756,5,4.70805891786009,-1.17941843484898,4.33185054696716
0.268261357557371,11.9791012362724,12,11.7178799815497,0.415874845565419,12.8776958988397
1.72868538058859,17.96915802668,18,17.8442117457055,1.24792690723912,16.6160848209974
-0.868400330852217,5.91524744776796,6,5.50022098786289,-1.09712726951768,4.76264749773937
-0.11098793964283,9.94743081436898,10,9.63155423288096,0.0794933128950971,11.044433340243
1.10256421973951,15.9622406236784,16,15.770331117882,0.875015515178852,15.1857170221855
-0.0936419393739027,10.0391390778315,10,9.7259529266301,-0.371148639353784,8.66514952731865
-1.20788029321612,4.10037658649794,4,3.67938436986785,-1.44776189008799,3.06560328347217
-1.22845444265701,3.99707347838454,4,3.57706228432807,-1.16049792095984,4.42962046040871
-0.501234054473273,7.89734183305377,8,7.52288021464481,-0.545932402895541,7.74576699314366
-1.03893500648958,4.98556497671638,5,4.56253030361319,-1.21299329930612,4.16055202822361
-0.85576563430013,5.98449006176767,6,5.57040317852392,-1.07257523707937,4.89361660598183
-0.308344923503297,8.91078213327148,9,8.56441046691706,-0.258845748615445,9.25221229159048
0.0805949616542155,10.9679137132364,11,10.6811050242169,-0.219539027837071,9.45790293829774
0.876856300580012,15.0397264031645,15,14.8322491071871,0.784671451505851,14.7733204762533
0.649206803339309,13.9724597960546,14,13.7490968198366,0.291604130009454,12.1992810135146
0.278786483647252,12.0358166217728,12,11.7759051559478,0.376894801173049,12.6655511368394
-2.31843572048875,0.837258849896114,1,0.608092805117532,-1.60543369597772,2.45549580572477
1.39145641719413,16.9624433092914,17,16.7958993434488,0.800050351723039,14.845321626678
0.639885839945758,13.9261841749042,14,13.7021031059539,0.620072502885231,13.9614124071235
1.73390510648636,17.9837850365624,18,17.8595736098337,1.50893393668043,17.4199289025653
1.39145641719413,16.9624433092914,17,16.7958993434488,1.33703288912973,16.9032497520173
0.0798993743893735,10.9641797374823,11,10.6772671679312,0.398755840850857,12.784641806791
1.39837015620957,16.9844685630597,17,16.8186435201387,1.24825204489086,16.6171628730998
0.100285999511591,11.0736886705653,11,10.7897354886429,-0.104823760467699,10.0609452608486
-0.293317660775934,8.98946997550916,9,8.64538456557601,-0.608245368234174,7.41427787861885
0.627109620797846,13.8624688257264,14,13.6373905493153,0.4885099348661,13.2697264945481
1.11502286778497,16.0091983581793,16,15.8182221527207,1.25357335951823,16.634773000393
0.100285999511591,11.0736886705653,11,10.7897354886429,-0.0758005519965387,10.2144576155102
0.0758351499386178,10.9423662101817,11,10.6548594697273,0.274904917366178,12.1078806791348
0.0863577769862432,10.9988558387688,11,10.7128846441254,0.224614601699256,11.8328306599567
0.0897705330609691,11.0171854889218,11,10.7317103142447,0.0933094571085462,11.1190089837009
-0.475956565016082,8.03086533252686,8,7.6599165462909,-0.743841489443253,6.68417011749615
-0.100212589673875,10.0043847319035,10,9.69018006197249,-0.635077303320527,7.27076905563022
-2.31843572048875,0.837258849896114,1,0.608092805117532,-1.97761998861276,1.42753266434392
1.39837015620957,16.9844685630597,17,16.8186435201387,1.52419526865337,17.4639934810384
-1.06430239996084,4.84935081663102,5,4.42595079688291,-0.997036248781199,5.30146256084257
0.452053098439066,12.9612852373369,13,12.7207195713366,0.759206635813153,14.6525385220481
-0.281410595305698,9.05182534295833,9,8.7095583241659,-0.23143920136154,9.39559678332275
0.464985129277197,13.0293532173205,13,12.7900630270145,0.344312169068455,12.4876439480193
-0.505193791578104,7.87639616530878,8,7.50138995509464,-0.508650865690268,7.94299580734163
-0.868400330852217,5.91524744776796,6,5.50022098786289,-0.9599294119121,5.50367127541632
-0.69598614928722,6.85576157445072,7,6.45681750909448,-1.17108971655606,4.37478409231182
-0.804633151098402,6.26443839470802,6,5.85457269240197,-0.958815380222815,5.50975431474896
-0.519376812510137,7.80130415102378,8,7.42436056026316,0.144111429283618,11.3941849541041
0.100147931350877,11.0729465412369,11,10.7889734384525,0.272243322092516,12.0933142008571
2.13037638164233,18.9753442567933,19,18.9078860120905,2.52010190369149,19.5999092840089
-0.479701996294572,8.01110033234526,8,7.63962717796137,-0.997616480297276,5.29830810063902
1.40893921708065,17.018001604777,17,16.8532867834612,1.26754926632019,16.6807268867946
0.456287449665628,12.9835937338643,13,12.7434482071165,0.54836360143226,13.5880094479218
-1.4023775370389,3.17973110127316,3,2.77418880122185,-1.16072741782241,4.42842955486332
0.269123638581427,11.9837486678641,12,11.7226352764891,-0.14716222768561,9.83776307809349
0.862945372597351,14.9783089247013,15,14.769909750464,0.636219957837448,14.04406355829
-0.882986462275379,5.83530415185675,6,5.41924688920393,-0.909244473478981,5.78087758044627
-1.06430239996084,4.84935081663102,5,4.42595079688291,-1.32580243551769,3.60951260101767
-0.11098793964283,9.94743081436898,10,9.63155423288096,-0.026041180376298,10.4787629497346
0.633940858462051,13.8965770051255,14,13.6720338126377,0.318251778282774,12.3451187308482
1.09886786787028,15.94823284398,16,15.7560485800207,0.664505499275601,14.1874156005067
0.0447997809398484,10.7760062803618,11,10.4839210346827,0.00807218731188031,10.6608366560862
0.0863577769862432,10.9988558387688,11,10.7128846441254,0.421200656290509,12.906603295718
-0.695435327502944,6.85874249562775,7,6.45985970282239,-0.589185704292344,7.51592980628853
0.100285999511591,11.0736886705653,11,10.7897354886429,-0.233818056757052,9.38314554636843
0.467116935570534,13.0405554856283,13,12.8014733815147,0.664972669250538,14.18976734164
-0.459609413291369,8.11705658691402,8,7.74841147895231,-0.926793783574343,5.68481551908624
0.646282473229568,13.9579606025287,14,13.7343731693609,0.34602297983168,12.4969946734912
0.100285999511591,11.0736886705653,11,10.7897354886429,0.0317145746748611,10.787457505124
0.886777875061468,15.08320888619,15,14.8763887756832,1.13029015800342,16.2090509252805
0.469786936021544,13.0545782753541,13,12.8157559193759,0.518973926832159,13.4323703126384
0.100285999511591,11.0736886705653,11,10.7897354886429,0.213153333174713,11.7702282431222
-0.0935020044416218,10.0398794461184,10,9.72671497682047,-0.197792872159966,9.57185399275292
0.467190067175875,13.0409396842342,13,12.8018647079598,0.441813134760441,13.0182693395015
