"Est.Theta","Est.ExpScore","SimSum.Score","Scaled.Weighted.Score","True.Theta","True.ExpScore"
1.28965928413672,20.6520045533688,20,25.526729284216,1.1992762853316,20.3011752226887
1.86176213848095,22.1626309000607,20,27.7437735349133,1.65704751508745,21.670182922072
-0.644766978449676,12.476944950204,15,10.4935144931024,-0.795089879977543,12.092534150011
0.31101223621117,16.4780051169389,16,17.8514632616456,0.0666751870057377,15.4258249262522
1.23592372689911,20.4613717306087,19,25.1981638630637,0.987293248669593,19.4761149189137
3.41099886853623,24.1670275455144,24,28.7625007004417,1.15958012118032,20.154933833622
-0.8683458913471,11.7463277380817,9,9.27574493946599,-0.912175414652027,11.7281200334781
0.376372836189047,16.7720093681832,19,18.4014890140978,0.486037860075282,17.2805085159941
0.575093988527735,17.6655467828276,16,20.0698631631383,0.570673943911494,17.657564138969
-1.22012609864957,10.6713506162052,12,7.52813616737193,-0.631585901485471,12.6277193859062
0.0819197552680447,15.4429301646024,17,15.906221675344,-0.290134494353061,13.8977824221505
-1.21925574051148,10.6739410683209,12,7.53231653711979,-0.727637577570015,12.3089277717185
0.248988929027025,16.1985233696744,14,17.3276400754918,0.0504979801102897,15.3545661834742
0.052269665496752,15.3087534556022,17,15.6532420257322,-0.223137688172912,14.1734076548296
-0.00783548422122929,15.0374356642493,15,15.1416976024923,-0.7333927060315,12.2902455806339
0.620645194340412,17.8704630195548,17,20.4522382395308,0.77078997779191,18.5476590134192
1.16618616340364,20.2020568388401,17,24.7426944281055,1.01742640047865,19.5995337553566
0.252385644673618,16.2138451323892,15,17.3563848703231,0.131651041627775,15.7124512192865
0.53726715922776,17.4953655043389,14,19.752266130122,0.40413590342121,16.9168453032326
0.686714051576968,18.1672939133881,20,21.0059560002053,0.745749604316487,18.4370570078681
-0.812096243763614,11.9251348681229,10,9.57032191670982,-0.399656484684626,13.4650208513729
-0.828888101376325,11.8714734349918,10,9.48173239614808,-1.02584925892997,11.3843541990787
-0.324766984072044,13.6666401193897,14,12.5886407511856,-0.457542370881784,13.2460448260475
0.0228057107233991,15.1755972200156,16,15.4021588522873,-0.0898684939568554,14.7406955256707
-1.72227854216126,9.23467462956777,13,5.24021321563289,-1.68276418063236,9.51640566937801
-1.8072060844196,9.00608058141522,11,4.88602111962842,-2.02768210202692,8.62446156536304
2.62559042119578,23.2841988394241,23,28.5175847361706,1.33468512607011,20.7677037540724
-0.0584892608364518,14.8101414888066,13,14.7136206244418,-0.596203459784924,12.7488525593844
-1.323899724523,10.364657511877,10,7.03411759125247,-1.57964117016455,9.79663814853154
-0.0495768270947508,14.8500082727479,13,14.7886484440342,-0.256513871126354,14.0351532566032
2.46742871200491,23.0873054090863,23,28.4375655013122,1.60189242455415,21.5358518284133
0.903446843788513,19.1260689354165,18,22.787713974242,0.392697829198031,16.8661558706242
-0.748668387371671,12.1303268627964,13,9.91078407661091,-0.289981209481921,13.8984041880495
-0.247350286320809,13.9869310996773,16,13.1763087646669,0.0198041722319642,15.2195514722298
-0.301063118859572,13.7634164370444,15,12.7653547358704,-0.531438410900845,12.9764245522426
-0.223660243711414,14.0872606696423,18,13.3619183136257,-0.431995367700912,13.3418372333136
0.412294187502271,16.9334767594515,21,18.7032273027362,0.543791853792343,17.5376929288746
-2.80241735984708,6.79276823977996,9,1.8619391172061,-1.90395275558989,8.93607135292124
-0.868069855237369,11.7471988869664,9,9.27717608370974,-0.964998032694904,11.5673499145109
-0.790763978584686,11.9936858341458,11,9.68374799403506,-0.496612833252801,13.1021245855581
0.231965114014257,16.1217032649315,13,17.183469225317,0.437637062183769,17.0654439679093
-0.0442408737401169,14.8739051665264,12,14.833634854275,-0.348305639672323,13.664998281544
0.623588737768658,17.8837008672,17,20.476937633856,0.259986327125226,16.2792178809696
0.319102691655479,16.514420660931,17,17.9196411716336,0.414862133204482,16.9644006259867
-1.24312721420238,10.603001638579,12,7.41788231175629,-1.06944129026375,11.2545253734894
0.334786284835191,16.5849916401966,18,18.0517213527522,0.792555440845397,18.6434370899928
-0.389414956550828,13.4088333162066,12,12.1219915236034,-0.517487354637236,13.0264918380885
-0.337335396084184,13.6158090174256,14,12.4961456802501,-0.192313779320703,14.3026155422882
0.382328658127201,16.798783932385,19,18.451537235805,0.504777110610303,17.3638943218573
2.16420065827988,22.6711988536936,22,28.2007300339482,1.30780124668651,20.6791752812457
-0.248480630507477,13.9821697200583,16,13.1675168918445,-0.339634677135851,13.6992854297592
0.666479539264036,18.0764697953953,20,20.8365664440496,0.438265917117667,17.0682353295017
0.902507251640169,19.1220053163024,18,22.780207437574,0.798705876128538,18.670433197806
-0.296935553132532,13.7803877184284,15,12.7964243090245,0.26343979910113,16.2944742482854
-0.357831739391132,13.5336447118184,12,12.3471287588716,-0.633964515729207,12.6196523938997
0.883830601514645,19.0410016632384,18,22.6304552197725,0.757387424332712,18.4885107259937
1.27500190503615,20.6008276262486,20,25.4391171229602,1.57938602280016,21.4787784198935
0.0306691446516161,15.211110634042,16,15.4691221498442,0.0735175692543269,15.4559810497709
-2.79169555774057,6.81010523809767,9,1.87833532483332,-2.1177378812551,8.40376181808102
-2.79438237833582,6.8057472054392,9,1.87419314033289,-1.4283263937884,10.2174808994187
1.95877565347606,22.3403417207887,20,27.9257304080585,1.57368550247015,21.4641097655592
0.661779186365403,18.0553588603024,20,20.7971884899975,0.483819993964902,17.2706437769727
0.379794229724454,16.7873905400785,19,18.4302409260229,0.510908415504854,17.3911910632396
-0.283240356723677,13.8369473202274,15,12.9001339518497,-1.0207694128149,11.3995488444103
1.3730274248702,20.9309798768356,21,25.9953300228531,1.06983836229127,19.8097281251697
-1.44893375052783,10.001103831327,7,6.45129743435003,-1.7996269828261,9.20612605312086
-0.461672056871439,13.131547874883,10,11.6274886447544,-0.494224047892083,13.1108351845293
-0.312311741165603,13.7173446259657,15,12.6811292152869,-0.19268247163871,14.301061959713
0.378714905223536,16.7825384036141,19,18.4211710799062,0.712885882796599,18.2913609476773
1.24328536850233,20.4879731372952,19,25.2443624201147,1.17686854256606,20.2191316942183
0.914874847149108,19.1754012015892,18,22.8787954249159,1.44415860339652,21.1067904094065
1.42916454712356,21.1069702771981,24,26.2816598811802,1.89028106730979,22.1608136429838
-0.29319405658103,13.7958018092974,15,12.8246631440457,-0.0143741309090437,15.0696051115136
-3.27404835161489,6.1406928768967,7,1.4072934104214,-2.28974528855519,7.99847939827018
-0.919662631896455,11.585335988682,9,9.01184631535409,-0.949970164890555,11.6128936650042
-2.13908101304386,8.15787388005556,5,3.6075376560114,-1.52748708598111,9.9404722950803
-0.460284635486209,13.1367645833111,10,11.6367158835443,-0.434561823855405,13.332153289188
2.10348969610055,22.578764985134,21,28.1322776540878,0.911855098706767,19.1599096641512
-0.330665963920413,13.6427405012286,13,12.5451232577687,-0.121495204063874,14.6042308265397
-0.189887230673918,14.2319821964358,18,13.6307114675619,-0.623808503185723,12.6541620722038
0.620969300415827,17.8719206419202,18,20.4549579130404,0.47625601571545,17.237007351797
-1.15956800565455,10.8523157078576,14,7.82046854291721,-1.02555935178067,11.3852209779773
0.543474575892846,17.5232901673088,15,19.8043819754762,0.200947623175084,16.0184474297538
0.42455821617642,16.9885987312244,21,18.8061943056048,0.37030505769447,16.7669801310938
-0.601278567385244,12.6267912091827,16,10.7489814982783,-0.606076311363386,12.7148347636698
0.639129289955141,17.9535761648425,19,20.6073047997468,0.754167217866434,18.4742816974525
0.304351079866683,16.4480166759389,16,17.7953061437192,-0.241586763593576,14.0967633228846
-0.673034361815625,12.3811586396097,14,10.3313931999372,-0.490918920981351,13.1229061148866
0.927586362861995,19.2300666053804,19,22.9796154580539,0.750472075876926,18.4579461467591
-0.0837575819147342,14.6974680149929,13,14.5017490582805,0.030386513182883,15.2660685694997
0.331356518743598,16.5695611092305,18,18.0228465070149,-0.119039263117626,14.6147934130214
-1.28065454854562,10.4919397319874,11,7.23891702904706,-1.5217295768154,9.95643224872393
-0.0232738472562417,14.967991394684,14,15.0108373044097,-0.0563119374571867,14.8864194706555
-0.366094000382908,13.5007821359109,12,12.2877041724941,-0.362638295228531,13.6086490114893
0.56738029755763,17.6308414686458,16,20.0050975240468,-0.129124732253589,14.571457177283
0.0501858509680929,15.299328959401,17,15.6354709216002,0.0459278843115024,15.3344464868847
1.20149088089887,20.3349623315626,18,24.9772354720879,0.896354863572252,19.0938081466909
1.29285054775458,20.6630640034611,19,25.5456012344478,1.159575434266,20.1549163248332
-1.32515875848222,10.360963240325,10,7.02817856053524,-1.33476995422698,10.4827306391127
3.26617574801639,24.0123814361163,24,28.7262556312201,1.38747671844755,20.9355202999886
-0.626744737835094,12.5386639463738,15,10.5984565168316,0.0985790694450206,15.5664986092729
2.15802395343164,22.6619696095667,22,28.1941842825627,2.17034566991764,22.6258096189913
0.403543304731798,16.894144320111,20,18.6297432229119,0.467657660207247,17.1987844624405
0.301809969394114,16.4365750747685,16,17.7738773504902,0.382398390414681,16.8205308674675
0.636247206411084,17.9406194566898,19,20.5831323335083,0.739074533636499,18.4075089516635
0.202917910712917,15.9905128397412,13,16.9370642446156,-0.0695244627256612,14.8289397031162
-1.22054630741069,10.6701000545116,12,7.52611810539036,-0.836688096333154,11.9616152838423
2.29963564224139,22.8650218736223,22,28.3244909824262,1.22125760600031,20.3803560528193
0.279492665862852,16.3360496417619,15,17.5855321613932,-0.211958409959153,14.2201072796107
-0.305572940235573,13.7449136419722,14,12.7315080697766,0.429165110211963,17.0278459763267
0.0022558983498921,15.0828937273123,15,15.2273819606157,-0.0897193388378379,14.7413412653397
0.999994675878012,19.5367605059558,11,23.5427628571915,0.953119698655398,19.3340763102007
-0.30337130146787,13.753941215883,15,12.7480184694255,-0.484322348882297,13.1470639016566
0.491710923647862,17.2904735568686,13,19.3698419529617,0.304371852121356,16.4753426086006
0.0192207423266617,15.1594133314725,16,15.3716440664292,0.281870499520903,16.3759036380554
-0.78967171207713,11.9972077818207,11,9.68958363445323,-1.11193569207555,11.1288740693125
1.02266723902795,19.6309473816074,22,23.7146969762191,1.19023675387082,20.2682376730261
-0.70772906886918,12.2651712844184,13,10.1362289765349,-0.682381212345042,12.4574181365945
0.587659850598904,17.7220822958477,17,20.1753646801949,0.709721595431192,18.2773060973945
0.223038114933009,16.0814001494346,13,17.1077971798308,0.338372865081805,16.6256770393853
1.04264024846694,19.7131068720502,23,23.8642021465439,0.810651017067048,18.7227696911629
0.144080569376744,15.724382842009,20,16.4364855090239,0.338649956491119,16.6269026596515
-0.330542696242972,13.6432391587234,14,12.5460307249214,-0.737175815428834,12.2779884279974
-0.335730179871369,13.6222822366398,13,12.5079119685609,-0.37050484770271,13.5778955951313
0.274633898149151,16.3141539850818,16,17.5444904826564,0.297506633827938,16.4450000595022
-0.87057049570169,11.739309183742,9,9.26421603318243,-0.586392998365101,12.7828268540352
-1.38496180680255,10.186253052266,9,6.74767185035355,-1.08909571531006,11.1963024943847
0.636480680967357,17.9416691042464,19,20.5850906092664,0.73582685401435,18.3931238088959
0.40865006033758,16.91709768582,20,18.672627820555,0.0975409165347505,15.5619187856555
0.0150537241962157,15.140607624112,16,15.3361870591051,0.252274544645856,16.2451510585934
-0.703239462863751,12.2800878546733,13,10.1612608548171,-0.802019755164362,12.0706001118375
2.75848502563187,23.4428674050818,23,28.5719954892241,2.25149161083606,22.7434357640407
1.39309857501591,20.9950094249165,23,26.100433521509,1.53825505751315,21.3709792789856
0.0224950212752243,15.1741944761156,15,15.3995139402096,-0.171879192965127,14.3890105520393
-1.45981223407851,9.96980930885309,7,6.40130962322849,-1.7343923364637,9.37833757068596
-0.771199667952721,12.0569547001007,11,9.78870794825166,-1.1783341367405,10.9341836534919
-1.84589501479609,8.90352194478576,11,4.72836745998416,-1.67083117844544,9.54853515109212
-0.332303964518653,13.6361173456666,13,12.5330724149402,-0.739025404502994,12.2720025348724
-0.915125255756252,11.5994975791255,8,9.03501669760258,-0.742945511418321,12.2593302001391
1.30310619674952,20.6984030491782,20,25.6057533857047,0.847370436211148,18.8827813464271
-0.278217657205774,13.857785311689,15,12.9384057118134,-0.124532022951399,14.5911785120961
-0.566100087871408,12.7504028634268,17,10.9615121842835,-1.2502137324533,10.7255209682426
-0.712333750325878,12.2498998489548,13,10.1106214523333,-1.12698358989643,11.0845808414938
1.34801726659018,20.8494794924766,22,25.8601384869139,0.592436337613313,17.7546503481711
-0.817426566699603,11.9080731866887,11,9.54213645249846,-0.424674289027049,13.3695361349932
-0.300770016935889,13.764620424691,15,12.7675581265908,-0.138529653337658,14.5311424307343
-0.28470172802925,13.830893928272,16,12.889022313487,-0.412476018662215,13.4159324295512
0.696368566281698,18.2105913199059,19,21.0866910830462,1.24560581552237,20.4665304812361
-0.396778718116582,13.3800488701694,11,12.0702881226056,0.16374516804217,15.854154340275
0.878818296155941,19.0191907125169,17,22.5900964947593,1.02181119904409,19.617341908696
-0.743052006610744,12.1487057245399,12,9.94142580169508,-0.203949687257294,14.2536770447695
-1.94405779318058,8.64765111088355,9,4.33853122108406,-1.39304708161148,10.3170774373254
-0.831929750147333,11.8617801617178,10,9.46574752671052,-0.746555350819367,12.2476780677114
0.278133702208282,16.3299259512959,15,17.5740544404056,0.00617502844624335,15.1597000391344
-0.0180295930309833,14.9915663402975,14,15.0552561879679,-0.581912181357573,12.7984018642487
0.251238909124574,16.208672705021,14,17.3466813739441,-0.204166417373457,14.2527673538115
0.275861113452897,16.3196846854816,15,17.5548579580069,0.397300158093788,16.8865490882673
-0.107545080122165,14.5919478041946,11,14.3036155553975,-0.730571435020252,12.299398513318
0.863738606219255,18.9533989856558,17,22.4682691025826,1.28614209453012,20.6063570735497
2.6652671901659,23.3321335472314,23,28.5348329888519,1.77359848242069,21.9298654276024
0.322650814253296,16.5303884469387,18,17.9495313971515,0.646632419760059,17.9964271561782
-0.336285416254297,13.6200425555734,14,12.5038405044674,-0.862982176097265,11.8797282459256
2.56321575015302,23.2077403302164,23,28.4883913811478,3.15508658253978,23.8279217375006
-1.15315514820727,10.8715663214514,14,7.85160189650574,-1.09034148930149,11.1926183823185
0.882979886262541,19.0373018708166,17,22.6236102184511,1.60484224930094,21.5432336561508
-0.100245413854467,14.6242668426648,12,14.3642670391733,-0.253691627891613,14.0467734068678
-1.8994049471732,8.76327804296694,10,4.51407351598384,-1.73842002466019,9.36763165645338
-0.373861732308948,13.4700229562508,12,12.2321769500814,-0.16854420450319,14.4031626588507
-0.324527562537799,13.6676116962422,14,12.5904108974838,-0.321148341080341,13.7728732107129
0.900367124206792,19.1127453064547,19,22.7630996739443,0.944319495183241,19.2971659571864
0.883673419318681,19.0403181364685,17,22.6291906535732,0.651089078187256,18.0162982200286
-0.0996518510234729,14.6268973111736,11,14.3692048614387,0.224717201448562,16.1234287332799
-1.46570901937236,9.95286990039949,7,6.37426588015768,-1.43014357209671,10.2123651861686
0.0725090116533818,15.4003304346952,18,15.8259108628375,-0.36684917536409,13.5921716062514
-1.24606861016465,10.5942763215507,12,7.40381378001836,-0.263291233955801,14.0073034971362
-0.0043368112731958,15.0531904761062,14,15.1713921838871,-0.584845096413603,12.788203142851
2.29856740255866,22.8635502434937,22,28.3236460624244,1.19462172722663,20.2842424240881
3.19337192777899,23.9334874389231,24,28.7071862136028,2.01250942467605,22.3769882396289
1.27209060112196,20.5905885390899,20,25.4215337499038,1.65706239514149,21.6702181275428
1.23924251220105,20.4733829793383,19,25.2190369676469,1.35291359013132,20.8265540009535
-1.28882135058512,10.4678447369045,11,7.20012215820277,-2.19300693324628,8.22357240924548
1.45027728842673,21.1706645284825,24,26.3831857627815,1.1127751872268,19.9773255242976
2.22902112467087,22.765889532633,22,28.2644155150207,1.85146808807917,22.0869105989779
0.372817233606127,16.7560242232075,20,18.3716059521865,0.203586246217848,16.0301008781547
-0.742198010778211,12.151503536585,12,9.94609267441939,-1.1951219970865,10.8852589437961
0.375874132189431,16.769767353022,19,18.397297864243,0.152958504373076,15.8065241134867
-0.406342016779862,13.3428453560472,10,12.0035735929535,-0.862914271151191,11.8799389166539
-1.23754172487825,10.619579836592,12,7.44461661944287,-1.16931450743994,10.9605184146138
-0.35891660577765,13.5293212186613,13,12.339304836123,-0.767366036278779,12.1808170208843
-1.26958545810205,10.5246401881229,11,7.2915857959694,-0.155900384868226,14.4569436646894
-0.0251501876734549,14.9595603768032,14,14.9949534940357,0.133968640396578,15.7226823516898
-1.30575314211754,10.4179754737189,10,7.11986608756566,-1.63967445974468,9.63279909529522
1.22758166813477,20.431045083258,19,25.1453673039019,1.37472833845695,20.8957285891513
0.00846675472735956,15.1108942100897,15,15.2801675371253,-0.289529111366336,13.9002382709898
-0.0505537750145829,14.8456352896738,13,14.7804172563695,-0.694692310040715,12.4167372274448
-0.298590704395931,13.7735780355728,14,12.7839549313913,-1.06943702688686,11.2545380235052
-1.99279372951439,8.52289742034295,8,4.1503155275501,-2.36645793285788,7.82599078022578
0.326038221580254,16.5456316054898,17,17.9780624105966,-0.0612614625905948,14.8648724345888
0.00485296119496035,15.094600090356,15,15.249449814019,-0.0974159490914799,14.7080454184406
0.934229359820648,19.2585440971568,19,23.0320893472498,1.43053782855214,21.0664744407724
0.313349793000736,16.4885274103253,16,17.8711649548037,0.287028349218707,16.3986946934344
1.32432362867322,20.7705272947535,20,25.7277776660568,0.867101357121466,18.9681479882336
0.896453539097212,19.0957967719783,18,22.7317797052354,0.936104178822659,19.2625917903661
-0.00934288667713488,15.0306495709945,15,15.1289078620585,-0.375115721591887,13.5599277052901
0.271139716246193,16.2984054164125,16,17.5149669929917,0.473160611267615,17.22324548544
2.98287887484158,23.7005860116664,24,28.6474974870793,2.37062319848563,22.9064485522215
0.858023327383777,18.9283985269418,16,22.4219428526459,0.419741940986372,16.9860423263793
1.96272241565794,22.3472370434606,20,27.9323150354673,1.18966768089334,20.266156873169
-0.0209424132502495,14.9784701568184,14,15.0305801621625,0.19030062973932,15.9714260102107
0.0416122247488699,15.2605630284659,17,15.5623718519249,0.412878335410601,16.9556038126879
0.614186813796597,17.8414156051069,18,20.3980397632859,0.706749527816975,18.2641013626072
1.32503249029402,20.7729137999642,20,25.7317976516309,1.47114841828969,21.1851155411506
0.819068215889528,18.7571343435674,15,22.1041623974179,0.877988496597901,19.0150465654436
-0.794288140593953,11.9823304938499,11,9.66493847055114,-0.750817392996875,12.2339417170669
0.934249563388324,19.2586306096537,19,23.0322487074486,1.38784900700859,20.936675305786
-1.09977565854883,11.0324723754705,15,8.11210861699961,-0.982048477596856,11.5158516476865
1.10734078920511,19.9735485785107,15,24.3348347217923,1.49677539774775,21.257577964511
-0.709514939911545,12.2592451585462,13,10.1262895300821,-1.58973099667621,9.76896946719244
-0.252916581342059,13.9635072262262,16,13.1330715341296,-0.555562515302998,12.890738330903
-1.10390717947999,11.0199750514249,15,8.09185711224826,-1.05621425162916,11.2938154906539
0.320158443916378,16.5191720677581,17,17.9285356815996,0.463503270185352,17.1803217746906
-1.77859711893134,9.08255214538137,12,5.00408492960706,-1.46536551887029,10.1134923522637
-0.917943900331649,11.5906987332149,8,9.02061961546124,-1.19624349430215,10.8819947633547
-0.627459532005497,12.5362060491223,15,10.5942699026143,-0.0853607288838195,14.7602193881459
-3.04720744238724,6.4313848618548,7,1.5718382382367,-2.68786456225937,7.17687791794602
-0.900651391874512,11.6447634704088,20,9.10913162680741,-0.567897760232185,12.8473518478311
-1.23562160632838,10.6252817767052,12,7.45381286304007,-1.10833383781849,11.1394913780802
-0.00543991838559022,15.0482224507376,14,15.1620282550147,-0.284073362598978,13.9224003528299
-0.357486449139344,13.5350213281127,12,12.3496202949078,-0.666108701959438,12.5115355680616
-0.911110434745952,11.6120395247195,8,9.05554366165868,-0.764087906835277,12.1913143436318
0.0542743042329376,15.3178206955029,16,15.6703393431678,0.0974958236347149,15.5617198607333
1.17449403905006,20.2336243308086,17,24.7985963997845,1.20926459592038,20.3373162279576
0.413869976508173,16.9405593404013,20,18.7164584913867,0.098467484239121,15.5660063436754
-0.296538585097038,13.7820217747662,14,12.7994170259608,-0.180546066670365,14.3522998717399
0.435338258898259,17.0370512046506,21,18.8966885801509,-0.101011127991139,14.6925105425435
0.352300704188031,16.663771548527,18,18.1991006994461,0.328822659451699,16.5834399783863
0.883275373937486,19.0385870547335,18,22.6259879890162,0.59533991862603,17.7676054224202
-0.0552027717549336,14.8248354117474,13,14.7412706608752,0.192826100268592,15.9825793714631
1.04233934160323,19.7118749408742,24,23.8619636468354,0.820417675279694,18.7654633628755
-0.712592562950514,12.249042314135,13,10.1091841076743,-0.795080428640106,12.092564100205
0.987990257480831,19.4865133908955,21,23.4508260803473,1.17197105323382,20.2010243343179
0.284888726953884,16.3603622737911,15,17.6310966872999,0.455198674496439,17.1434250337162
1.37881338967103,20.949563876244,23,26.0259391744617,0.995506214484063,19.5099293505998
-0.671341602901747,12.3868610611681,14,10.3410200634178,-0.461047225887083,13.2330073371884
-0.749205949976846,12.1285696757621,12,9.90785580195393,-0.761315796347599,12.2002012668767
-0.710852483622901,12.2548094617774,13,10.118851837189,-0.964548163648074,11.5687111612038
0.59325727383705,17.7472649783382,17,20.2223571523649,0.45267647562932,17.1322217294554
0.0186902769145113,15.1570189956051,16,15.3671296164084,-0.169532423924271,14.3989676439812
0.236050105089005,16.1401413720656,14,17.2180803418215,0.108207108609531,15.6089785968465
-0.396257690436806,13.3820815953505,11,12.0739366065004,-0.504130363829914,13.0747869283096
-0.765026746122535,12.0770008598103,12,9.82202159726146,-0.694873480494002,12.4161402125011
1.47912259699891,21.255489107512,24,26.5164588841052,1.03315166832766,19.6632151458403
0.961615056981035,19.3752479053911,20,23.2467645690155,0.774632895158028,18.564595654031
-1.36734533084208,10.2375604140264,9,6.82997151138215,-1.63826593869434,9.6366210984726
-1.35409203592014,10.2762479643509,9,6.89207203961107,-1.72494098051326,9.40349743785304
-1.36848965906686,10.2342235312297,9,6.82461693822896,-1.35318806411979,10.4302270700831
0.678248161461762,18.1293061061443,20,20.9351126793159,0.7422892203725,18.4217422980102
0.325355170491495,16.54255801498,17,17.9723097088767,0.10108525074797,15.5775551788009
0.0954905135752183,15.504373871379,18,16.0220395402639,-0.216489864915264,14.2011550918895
0.723892713675481,18.3338602114002,22,21.3164743813305,0.920361754709006,19.1960351410334
-0.34470928223781,13.5861442855235,13,12.4422728522011,-0.121604405385218,14.6037613126485
0.376592123293495,16.7729952095518,18,18.4033318998407,0.672437539114413,18.1114368329615
0.941207523441304,19.2883892879381,19,23.0870468796973,0.850548263721369,18.896561348756
3.4302278065305,24.1873403892483,24,28.7671719627291,2.08694600813319,22.4980370576233
-0.385336045190425,13.4248290214824,11,12.1507594600081,-0.424622868814953,13.3697310704751
0.877623160417269,19.0139857815161,17,22.580463165808,0.434957284271816,17.0535498123888
-1.1119568821556,10.9956469421612,15,8.05244328426507,-0.990304293869805,11.4909806158952
0.319951338194845,16.5182400000778,16,17.9267908971378,0.562511016330704,17.6211564558576
0.55010721260171,17.5531290096148,15,19.8600693234633,1.06198070849615,19.778596788266
-0.0857381599059724,14.6886606888462,12,14.4852001553448,-0.0318857848497427,14.9929896777228
-0.393282569148488,13.3937001504996,11,12.0947984825895,-0.559527927420899,12.8767597499438
-0.832168648975945,11.8610191684544,10,9.46449281919618,-1.04343013523622,11.3318745670909
-1.14387822631162,10.8994445287128,14,7.89670075720799,-1.01721501642017,11.4101890885178
1.42026179260531,21.0797031918085,24,26.2378386112828,1.48134988465718,21.2141826540485
0.282155757769842,16.3480490957331,15,17.608021440437,0.380275463389649,16.8111286922526
-0.821394828521853,11.8953881415043,10,9.52119229593892,-0.979563011348622,11.5233473491235
0.0891569342471991,15.4756961778873,18,15.9679867502573,0.180417229586887,15.927778363346
-0.745973782616093,12.1391400252841,12,9.92547437251265,-0.0346905102574308,14.9807342550029
-0.754925509439249,12.1098940069196,12,9.87674808300692,-0.475535235210885,13.1793807284738
0.981899763813524,19.4609240454307,20,23.403951972629,0.649158042682936,18.0076886003395
0.387705313909653,16.8229535206814,19,18.4967110558803,0.90104839533298,19.1138606900462
-0.278015743758078,13.8586240554193,16,12.9399468732798,-0.546792394859208,12.9217598596967
-0.713790032002757,12.2450758151369,13,10.1025365294997,-0.440918167879282,13.3082273917774
-0.413824236254827,13.3138785701962,10,11.9517365520417,0.00430491992732825,15.1514932183335
0.616416290636913,17.8514433285603,18,20.4167503153265,0.696022608833642,18.2164145919426
-1.32178372355273,10.3708677726365,10,7.04410208022232,-0.824179259962349,12.0007995863961
-0.263748233183376,13.9180945322028,15,13.0493544238173,0.0344049926749409,15.2837421084808
0.229292383317459,16.1096380096385,14,17.1608182736417,-0.0294504590210923,15.0036346173019
0.0318281227817356,15.2163465237191,16,15.4789950545987,-0.282002458370214,13.9308266635516
-1.39590442568049,10.1544512572233,8,6.69669490189445,-1.57157183825297,9.81880360643976
1.25605975099336,20.5337717794129,19,25.3236455302527,0.928573328308616,19.2308015424418
-0.76075519715063,12.0908967131271,12,9.84513135923799,-0.751090112642988,12.233063523851
-0.678844150350823,12.3616186840453,14,10.2984288369731,-0.496793329827656,13.1014668787756
1.43292306761138,21.1184089433792,24,26.299980196807,1.14778864705798,20.1107071363857
1.02254777648905,19.6304536335677,23,23.7137970878754,1.54102109611133,21.3783725703668
-0.265392450147873,13.9112207319908,15,13.0366955060048,0.0302042940331596,15.2652672754092
-1.24930787046596,10.5846714085822,12,7.38832867224962,-1.96711219706681,8.77581991360169
-0.383526043545784,13.4319388127671,11,12.1635544674472,-0.721678764027725,12.3283172814076
-3.14259857142335,6.30508654256255,7,1.49345904757023,-2.4258868397096,7.69653960083409
-0.0780407586013225,14.7229104908662,12,14.5495660693803,-0.0743903727078375,14.8078034653364
-0.422114179097534,13.2819289868164,11,11.8946630174416,0.23857016226467,16.1846160048722
1.32237231549215,20.7639501115753,20,25.7166926467598,1.49622108021213,21.2560301174878
0.665080223657573,18.0701854395554,20,20.8248445100746,0.689815924608265,18.1888044367843
-1.15583041716511,10.8635334353395,15,7.83860974256467,-1.23876459421434,10.7586160293204
4.98361091460228,25.6718814346419,26,29.0900523930121,1.76113950234587,21.90357521054
-1.31313492656059,10.396270233704,10,7.08495135156969,-1.141602154661,11.0416485840036
0.829932557146719,18.8050411697301,15,22.1931227493731,1.03469024653581,19.669418106069
2.93159522067349,23.6426404326368,23,28.6315856874153,1.94909116286586,22.2677769598506
-1.13798962451322,10.9171589789495,14,7.92536528877664,-1.57271677897947,9.81565658303395
-0.621437763975386,12.5569389183869,15,10.629604355744,-0.380619981862984,13.5385346140818
-0.555270990955851,12.7889146819056,17,11.0280684930232,-0.190007526419264,14.3123378290599
-1.99126389385679,8.52679045883166,8,4.15616988401047,-2.06391812814765,8.5350197781581
0.585666097463128,17.7131122724507,17,20.1586258673913,0.287586516515134,16.4011611634638
0.67687910851927,18.1231612515178,20,20.9236524518068,0.685725835899875,18.1706032278634
-2.95398432824155,6.5619142074213,8,1.66513910771689,-1.99483175989879,8.70626682683393
0.389365590162083,16.8304167097973,19,18.5106590855442,-0.0645328402062602,14.8506404732739
-1.24484257839356,10.597912786985,12,7.40967697350619,-1.59114549639755,9.76509476625306
-0.790007879045808,11.9961237043486,11,9.6877873002216,-0.211079072161316,14.2237885400615
-0.334357351232584,13.6278227166242,14,12.5179858052593,-0.246025756668241,14.0784034449264
0.0455747512970516,15.2784776076706,17,15.5961526337181,-0.379890956095801,13.5413645555483
0.644990970164941,17.9799246024106,18,20.6564596963227,1.11415734715207,19.982647964431
0.0664293257635215,15.3728149680592,18,15.7740331608401,-0.627612357793077,12.6412165323115
-0.799165564444823,11.9666349584674,11,9.63895339916478,-0.726126784052547,12.3138393053126
1.31196212754377,20.7286693956698,21,25.6570837741697,1.14730884636998,20.1089000430709
-0.795328145863241,11.9789818026592,11,9.65939314351065,-0.628309107879757,12.6388479373058
-0.430040873180962,13.2515209221599,10,11.8404429774865,-0.124067924626115,14.5931726010417
-0.305005894579728,13.7472377880973,15,12.7357580269953,-0.961605367954346,11.5776189019463
-0.427009780705605,13.2631323572047,10,11.8611355537911,-0.273740004866411,13.9645215809007
0.902531142887416,19.1221086570397,17,22.7803983435763,1.07033895018141,19.8117067010497
0.15273194883109,15.7635412030964,10,16.5101975571114,0.387509847753562,16.8431717541943
0.640727615200203,17.9607611471596,19,20.6207091186134,0.256639654929803,16.2644337140804
-1.41816437004358,10.0899235776908,8,6.5933465552438,-1.24932598994118,10.7280852001472
1.0413795082002,19.7079441081054,23,23.8548325514709,1.2505992849041,20.4840021896841
0.677682111288477,18.1267655025471,19,20.9303744480255,0.415177622944221,16.965799676655
0.965646706322144,19.3923300839043,20,23.2781340655617,1.11337142087635,19.9796220764882
-0.361829448493704,13.5177254528141,13,12.3183295308522,0.195275888111728,15.9933985739933
0.569178088867613,17.6389300440608,16,20.0201922029705,0.525796490678416,17.4574995739124
-0.674964150331129,12.3746628138351,14,10.320430631865,-0.944377550591205,11.6298810450592
-0.815057240811722,11.9156538680039,10,9.55465738837555,-0.355307596515154,13.6374189149146
-2.0133577204674,8.47071341915513,8,4.07196327478403,-1.62924439082085,9.66112650969977
0.192789579385358,15.9447357368806,11,16.8510270866753,0.0413362901527285,15.3142376040447
0.5292452445568,17.4592801376695,15,19.6849185931184,0.506920985409686,17.3734381668405
2.03352440641406,22.4670009280243,21,28.0408826164679,3.28035415434006,23.9620579070612
0.892703937689261,19.0795404104366,18,22.7017296014756,0.602867749015469,17.8011935127201
-1.8687890258244,8.84329301745829,10,4.63615350350651,-1.68515120102463,9.50998831251615
-1.18935508809001,10.7631185428957,13,7.67630318675703,-1.0900149904629,11.1935838618315
0.59327992879891,17.7473669007924,17,20.2225473422996,0.758148386313051,18.4918722041786
-1.97748775128165,8.56191461398323,8,4.20904586760446,-1.60144440772187,9.73691456261897
0.00733971000608792,15.1058119263215,15,15.2705862326501,0.345065600171068,16.6552825276094
0.933249428908949,19.2543472817684,19,23.0243582195076,1.10818262756042,19.9596072791484
-0.686569288011347,12.3357114911453,14,10.2547773021987,-0.339760430074192,13.6987871185302
0.0529579733926323,15.3118666707972,17,15.6591123657174,-0.384630669679241,13.5229851400223
-2.03104699225159,8.42604377654002,7,4.00507801213456,-1.63226098738389,9.6529275596137
-1.93865609216761,8.66157122952923,9,4.35960933571184,-2.59225963345323,7.35633172212509
2.4586363310341,23.0760436848093,23,28.4324744385073,2.95352282857047,23.6066996555839
-1.26520338192931,10.5375993104541,11,7.31246410240336,-1.24403727875503,10.7433681520644
-1.28724704910493,10.4724874064458,11,7.2075963234748,-1.38738709406025,10.3331047650994
5.09788076578431,25.7690514218074,26,29.1108069647286,1.76535218730909,21.9125020411779
0.555223649472652,17.5761475514923,16,19.903027510726,0.770991388104478,18.5485469390147
-0.821177773288099,11.8960816176904,10,9.52233704229329,-0.639682677732175,12.6002976482835
-0.320030360610505,13.6858840141079,13,12.623717016913,-0.648707443178337,12.5698592840272
1.40763768799707,21.0406225606675,23,26.1746727531564,1.64987880611567,21.6531582243781
-0.183203841224514,14.2608419864626,18,13.6844552654969,-0.151090290743646,14.4774547048825
-0.8008967118529,11.9610697066027,11,9.6297435146113,-0.789414133334147,12.1105375017874
-0.682270526059834,12.3501174959619,14,10.2790426448667,-0.890223933522187,11.7955298387137
1.37536694745562,20.9385064922331,23,26.0077369221542,1.22100352450245,20.3794482574834
-0.0355302623131844,14.9129581057259,13,14.9071723188878,0.0591842380771233,15.3928210070182
1.35142638007437,20.8607002899998,22,25.8788409284047,1.08917174402951,19.8857270656377
-0.710397309908943,12.2563186931134,13,10.1213822977789,-0.754598109489831,12.2217754920674
-8.31129111865817,2.16769244319002,2,0.455355381286976,-2.54414783119095,7.45115280015603
-0.289773068047653,13.8099204796678,15,12.8505452820334,-0.328519445292934,13.7434523430571
-0.841617287678733,11.83096053867,11,9.4149584821818,-0.890221200822004,11.795538254049
-2.62276848520357,7.10346437213195,10,2.18700143665549,-2.78148216979369,7.01266716141567
-1.87924410485903,8.81590083432506,10,4.5943057676927,-1.68211098283987,9.51816231484562
-1.19057723646328,10.7594665037351,13,7.67040369810828,-1.16797314030807,10.9644377737741
1.36326040548962,20.8993779910463,23,25.9430907583251,0.897825311980814,19.1000938305771
-1.33232223806032,10.3399565063518,10,6.9944131878866,-1.35353520507506,10.4292388143539
0.638353859622586,17.9500902390118,19,20.6008013880567,0.125152513515742,15.6837650032934
-0.0203927930640254,14.9809409101109,14,15.0352354492603,0.249544308973598,16.233090664935
0.870065124669761,18.9810320837523,18,22.5194531785853,1.16867804315714,20.1888140833215
2.13844356857714,22.6324578691036,22,28.1728161738082,1.44231624804784,21.1013682411899
-1.18608649557142,10.7728887502257,13,7.69208714842592,-1.13638954668447,11.0569462684563
0.319816368865535,16.517632575458,17,17.9256538245066,0.0225782385255899,15.2317418915185
-0.596783435738692,12.6424625594272,16,10.7758345841722,-0.730419084485391,12.299893074009
0.9926764181502,19.5061586107025,21,23.4867876369208,1.19023675387082,20.2682376730261
0.912163390709031,19.1637120781317,18,22.8572220868599,1.15958421313444,20.1549491197867
-1.32044206734896,10.374806357247,10,7.05043474007959,-1.30773022288331,10.5600593368899
1.23281179049698,20.4500812139241,18,25.1785236518392,0.912235848491394,19.1615289474615
-1.99850962610576,8.50836521337141,8,4.12847306911503,-1.27851778052382,10.6439311145006
-0.820406926564714,11.898544761703,10,9.5264032769126,-0.764684314954914,12.1894035584978
0.9519919973546,19.3343704181776,20,23.1716411496668,0.889303387191374,19.0636233027588
-1.36425899677047,10.246563017577,9,6.84441904273419,-1.35707814207655,10.4191554348638
0.613168918724129,17.8368372077283,18,20.3894969491137,0.601174260893279,17.793637359568
1.91490722530906,22.2620039833686,20,27.8484021897885,1.63009443360409,21.6055053085746
-0.671818894618266,12.3852527787328,14,10.3383046403992,-0.858446437345278,11.8938090232212
-0.781720709374505,12.0228816643347,11,9.73214856017644,-0.606386130759821,12.71377002228
-0.629071537788704,12.5306660678529,15,10.5848357489068,-0.850719302054207,11.9178395376928
-0.835463288218174,11.8505293848922,10,9.44720081419545,0.0592879510186183,15.3932778687719
-0.752668724079585,12.1172584804675,12,9.88901181451838,-0.836924192384353,11.9608771603938
0.433097223000003,17.0269784450814,21,18.877876789546,0.0593244318876963,15.3934385697552
5.43985059642054,26.0500181090444,26,29.1707544739307,2.79354044554415,23.425338110764
0.32087161493732,16.522381615308,18,17.9345437206837,0.541753674614593,17.5286078312686
0.280943761710973,16.3425881766871,15,17.5977868694674,0.182239576867203,15.9358262030797
0.987884564325907,19.4860698646042,21,23.4500139393571,1.32832516773764,20.7469467797695
-0.0563423214068973,14.8197395207834,13,14.7316810963303,-0.270167036943997,13.9791295933255
2.04467694027338,22.4852279465197,21,28.0564401508239,1.54798622583017,21.3968970038564
0.563215497569391,17.6121034125925,17,19.9701288209749,0.166568093111769,15.8666199695326
2.25418413643337,22.801661571475,22,28.2868468673428,0.65102872268191,18.0160291305424
1.27436719413578,20.5985974270423,19,25.4352887712843,0.956520962808503,19.3483066269348
1.27642643954027,20.6058288084607,20,25.4476990343319,1.47315439890609,21.190854421822
2.00708520540601,22.4231195403222,21,28.0023806693033,2.03021558380562,22.4064424218072
1.74668843504949,21.9282122581405,18,27.4698044397475,1.44273502795511,21.1026015876919
-1.25215371698247,10.5762364762863,12,7.37473125265537,-0.978868923654816,11.5254412659948
-8.29478204622189,2.17578535922134,2,0.457075662508834,-1.93150221914811,8.86586940219616
0.0616913721933992,15.3513755894693,17,15.7336094024674,-0.584634011796712,12.78893663349
1.35142521418185,20.8606964585707,21,25.8788345480152,1.4814629212473,21.2145030846497
0.367348801127263,16.7314380806048,18,18.3256395455735,0.536203450412057,17.5038708023831
-1.49124721505067,9.87970751368619,6,6.25758253231664,-1.17898529754257,10.9322837790699
-1.93567374129327,8.66926464742864,9,4.37126537518795,-1.93285194246884,8.86244200692251
-0.773223115042819,12.0503925878251,12,9.77780891864755,-1.53903463835754,9.90851024685094
-0.0679272526497861,14.76799237439,13,14.6343308255308,0.132509356630396,15.7162402480686
0.0445080614547314,15.2736547334562,17,15.5870583506478,-0.709446333701857,12.3682708780826
-0.560473536872072,12.770384975655,17,10.9960249143531,-0.563040634787096,12.8644017001559
0.308063029341827,16.4647285414743,16,17.8266025825208,0.273297779067234,16.3380262830975
-0.00271770913358472,15.0604834231909,14,15.1851385709023,-0.527827586640831,12.9893464657753
0.629983658154066,17.9124576322318,18,20.5305910428678,0.609604318616838,17.8312512640766
-0.687383087083667,12.3329872075091,14,10.2501906744378,-0.750856830890275,12.2338147161557
0.337185808745214,16.5957863970368,17,18.0719198039346,0.243744748529974,16.2074726653244
0.591487293576746,17.7393019644296,16,20.2074977511436,0.190217381496284,15.971058358357
-0.294339755711365,13.7910787556564,14,12.816008429015,0.0901555749101066,15.5293421615097
0.34820600363438,16.6453560145659,18,18.1646552159448,-0.143455274795446,14.5100674358335
0.528122524808069,17.4542299472139,14,19.6754930943692,0.27127261087417,16.3290788663102
-1.86682507663367,8.84844640870129,10,4.64403286180908,-1.90218808910689,8.94058398624369
0.253319754615681,16.2180583329354,14,17.3642885696007,0.698579054503154,18.2277830844876
-0.0219502719205683,14.9739398943327,14,15.0220446178523,-0.151089801978926,14.4774567904518
0.687638068544952,18.1714389815149,21,21.013685638728,0.477980452948339,17.2446748293927
-0.713124518758192,12.2472800342225,13,10.1062304831941,-0.662882207448547,12.5223139570607
1.24902394189493,20.5086040693905,19,25.2801177102138,0.656870878346754,18.0420731124228
0.018754409820391,15.1573084638221,16,15.3676753976914,-0.256680550450575,14.034467399059
-1.33144997211777,10.3425132728642,10,6.99852230613307,-1.55665539525367,9.85986372489756
-0.00928889724437619,15.0308926033551,15,15.1293658984386,-0.10546300535503,14.6732902355497
-0.0523310024847692,14.8376819431998,14,14.7654476734233,-0.586587564794915,12.7821513776195
0.0221098507737852,15.1724555004074,16,15.3962350618554,-0.238639468688237,14.1089711482327
0.693047640480085,18.1957010908641,20,21.0589271162592,0.150728863153174,15.7966792619488
-4.38056339721203,4.97002851205179,5,1.05757300458411,-2.41170824309632,7.72707156535469
-1.21689283414887,10.6809753245456,12,7.54366877502431,-0.666251410795527,12.5110592084315
-0.356411050210205,13.5393104360993,13,12.3573842887641,-0.347804288055977,13.6669767262902
0.0145410802742787,15.1382945128289,15,15.3318259346536,-0.163787085581839,14.4233740051683
-0.321806919069139,13.6786606626425,13,12.6105471086272,-0.818293192217065,12.0192912384496
0.30736984519811,16.4616078397203,17,17.8207586856994,0.380897239531829,16.813882388125
-0.249026098157443,13.9798728875099,16,13.1632763473977,-0.499784885467404,13.0905755474608
-0.360913779144976,13.5213686517816,13,12.3249182529513,-0.799164077357189,12.0796324889195
0.354039036299044,16.6715891243655,17,18.2137221152138,0.785599671258328,18.6128684510381
0.0504651367312491,15.3005920363036,17,15.637852621197,0.298625980526376,16.4499470662053
2.17349331664176,22.6850133568403,22,28.2104205935658,1.07514585471051,19.8306770726359
-0.399786339944815,13.3683267262548,11,12.0492565701678,-0.857099138544101,11.8979951046177
0.664642629382771,18.0682201129188,20,20.8211786358086,0.609212867885083,17.8295046708987
-0.957299085758641,11.4683677865777,7,8.82075089064725,-0.949459007599743,11.6144454126083
0.569427047060394,17.6400501516962,15,20.0222825119506,0.32330293148549,16.5590324877611
-0.611347652918861,12.5918148496352,16,10.6891430439212,-1.02101305125092,11.3988197581905
0.0293895412058949,15.205330267516,16,15.4582226256929,0.21174059220305,16.066115002566
0.683141415644424,18.1512651838111,21,20.9760650338432,0.480849892896067,17.2574346675275
-0.00127182833806144,15.0669971685986,15,15.1974165976348,0.434639894630418,17.0521411734134
0.208994415478212,16.0179688788119,13,16.9886531629632,-0.0405758909939853,14.95503271099
0.820735792087939,18.764494263004,15,22.1178325720433,0.525787893573164,17.4574612737985
0.284987338781046,16.3608065404042,15,17.6319292200946,0.0619835658668214,15.4051530277645
-0.114338215555059,14.561923712592,10,14.2472905284886,0.0642073126491177,15.4149505893705
-1.92641004345714,8.69319775505463,9,4.40755518265325,-1.66107525783692,9.57486231683511
-0.294619861685951,13.7899244489454,14,12.8138935007088,-0.316620590710426,13.7909966029945
-1.3199265110812,10.3763200276527,10,7.05286858608385,-1.02975920250783,11.3726685211889
-0.837046402321505,11.8454922325479,11,9.43889942366552,-0.34993995505068,13.6585523526296
0.673022742536775,18.105849961872,20,20.8913656898571,0.590043050538142,17.7439722718186
-1.8737653135603,8.83024641504584,10,4.61621474149613,-1.45678636658136,10.1375249952013
0.908187578922545,19.1465545752438,18,22.8255471442574,0.95344141380443,19.3354231669853
-1.89589409173016,8.77242316446433,10,4.52800154382887,-1.20426536036631,10.8586618618701
-0.802991692499318,11.9543386797991,11,9.61860701783753,-0.555562515302998,12.890738330903
-0.279625083254702,13.8519411521826,15,12.9276688000263,-0.440554301089251,13.3095947795154
-0.27910913498265,13.8540831041549,15,12.9316037015133,-0.384470096498611,13.5236070566405
2.07629180428001,22.5360311586195,21,28.0984579827386,1.46511937211998,21.1677985565786
0.680931521037439,18.1413487587354,20,20.9575718115465,0.556577595401495,17.5946966901439
-1.19520457476748,10.7456444801952,13,7.64807788648413,-1.40085762688968,10.2949823456714
-0.0806502004007735,14.7112935217564,13,14.5277309820364,-0.400623392848873,13.461306640432
-0.697894936494089,12.2978798579642,13,10.1911434767778,-0.915287564459688,11.7185929788766
0.278670146115061,16.3323432809791,16,17.5785853368277,0.483404658107217,17.2687965281337
2.21219598473887,22.7416747624989,22,28.2487327483018,1.13291058431191,20.0544016749981
0.933745286283799,19.2564710973126,19,23.0282706799739,0.634459904597526,17.9421400555074
-1.32540298254859,10.3602467108179,10,7.02702667806357,-1.56302931986387,9.84230473739435
0.0216309182032556,15.1702932765909,15,15.3921581495952,0.161788916259871,15.8455159394126
0.409394122625798,16.9204419965746,21,18.6788758235274,0.279482184960096,16.3653508435809
0.333406754720957,16.5787852746241,17,18.0401078228661,0.281611322792244,16.3747584485201
1.92681258520351,22.2835793399653,20,27.8701591265808,1.65752562441659,21.6713138310455
0.988763522776467,19.4897576981689,21,23.4567664127558,0.857744851253272,18.9277245456195
0.0521819089586386,15.3083565398509,18,15.6524935911802,0.0502336798806611,15.3534024681305
0.32670149306237,16.5486161421048,17,17.9836483306641,0.331436020874422,16.5949969670728
-0.752026879029025,12.1193540419371,12,9.8925022046977,-0.869181188958924,11.8605131509202
0.371710349137373,16.7510477949533,19,18.3623024247451,0.428988837464737,17.0270638326396
-1.2386522160869,10.6162828171147,12,7.43929937312565,-1.38124353567505,10.3505164703238
0.278222380277516,16.3303255565294,16,17.5748034432717,-0.404095856503053,13.447983542865
-0.598171710724943,12.637618839833,16,10.7675320001007,-0.380393915262049,13.5394120471504
0.330494826586572,16.5656841601916,17,18.0155912301221,-0.0255095141182711,15.0208676724716
0.965946279140634,19.3935983331691,20,23.2804624952019,1.04276989136252,19.7019096536952
-0.307660023210231,13.7363650852398,15,12.7158799223004,-0.665973103342872,12.5119882230147
0.338685613927156,16.6025332935952,17,18.0845435137458,1.0124170328043,19.5791411350015
1.14897018201174,20.1360827532033,16,24.6254973536365,1.3218153526359,20.7255809806484
-0.671492192175223,12.3863535995525,14,10.3401632383241,-0.715269124995264,12.3492269862866
1.13741074616486,20.0913706372859,26,24.5458022595983,1.42316579560948,21.0444326761201
0.914283975663037,19.1728547892867,19,22.8740962302261,0.507290142781362,17.3750816188037
-0.299136504213295,13.7713337209465,14,12.7798461326031,-0.67993032429598,12.4655435194003
-0.034871222878072,14.9159148950193,13,14.9127409287283,0.124565603668463,15.6811743683471
-1.18762925753448,10.7682767165245,13,7.68463609944985,-1.2707644776442,10.6662489894063
0.592849647803998,17.7454311061285,16,20.2189350580383,0.0920613712312688,15.537747919772
-1.31837380668766,10.3808794170127,10,7.06019997698788,-0.880437293764932,11.8257066979887
-1.28729742942058,10.4723388177175,11,7.20735710625788,-1.43788325383929,10.1905924115627
-1.50631475279719,9.83669795403769,6,6.18908503406898,-1.47174626811326,10.0956393404075
-1.95764334718152,8.61272315394561,9,4.28570985332079,-1.58015128906956,9.79523802923269
-0.340794488786076,13.6018786751716,13,12.470837460899,-0.849963230900896,11.9201937392022
-0.307053111334564,13.7388500226958,14,12.7204221668949,-0.439747346456954,13.312628233986
0.267605945562395,16.2824764203359,14,17.4851017908745,0.272739699262939,16.3355606067606
0.00256430699207423,15.0842837367227,15,15.2300022438826,0.134152510052705,15.7234940650907
-0.287572920237838,13.8190132067291,15,12.8672222241862,0.246106056972249,16.2179030072605
-0.44947115404968,13.1775661185846,10,11.7089876330743,-0.999581456613689,11.4630813039598
-0.0108062983428828,15.0240626169032,15,15.1164938317638,0.47902642858341,17.249325896342
1.18143789740351,20.2598722193559,17,24.8449882352634,0.876793317605977,19.0099055353721
0.331903577626562,16.5720224110075,18,18.0274524710927,-0.211199759620528,14.2232832260384
2.22109785616731,22.7545166859025,22,28.2571005590153,1.09863326983332,19.9226035910325
-0.70188961170802,12.2845779172974,13,10.1687995351733,-1.01804716317758,11.407697391108
0.828258023850433,18.7976640199674,15,22.1794270554586,0.501574498249418,17.3496388313362
0.267648300485462,16.2826673534356,16,17.4854597888872,0.538272278419554,17.5130909502657
-0.1072669250632,14.5931782741866,12,14.3059241392067,-0.486084121786878,13.1406033767464
-0.312261199663219,13.7175510425495,14,12.6815061801881,-0.487217266929699,13.1364513845425
-0.697646370336584,12.2987082731478,13,10.1925355254543,-1.0372148570128,11.3504085889301
-0.338182549822554,13.6123950059656,13,12.4899415925277,-0.654336447964952,12.5509403185684
1.36952394697533,20.9196774817908,21,25.9766737093619,1.41270884937976,21.0129000702496
0.611698833968367,17.8302247798968,18,20.3771587725727,0.522501357957172,17.4428206047305
0.775984397703244,18.5662306026745,12,21.7492248135778,0.598583755822959,17.782078862378
0.32695278530412,16.5497468743594,17,17.9857646047765,0.463643517969729,17.1809450007913
-0.00757775300574322,15.0385960441171,14,15.143884607374,-0.378167506992093,13.5480589398804
-0.0278928608512507,14.9472404140203,14,14.971744571967,-0.297925486471025,13.8662363189376
-0.349553635502361,13.5667197090978,13,12.4070402273866,0.0587359283710273,15.3908462028283
-1.37861008682911,10.2047367098662,9,6.7773127690297,-1.85499924624685,9.06196375593748
0.329304751189323,16.5603296104341,17,18.0055705148892,0.66277783209277,18.0683998303311
-0.787865662014188,12.0030339095899,12,9.69923895201989,-0.978971881897967,11.5251306438318
-0.0191547778541572,14.9865068890433,13,15.0457228710974,-0.422496504379592,13.3777969402897
0.928832952270176,19.2354153568443,19,22.9894738472916,0.893764191087546,19.0827264584921
0.0684786701967705,15.3820893444489,18,15.7915194200506,0.095559283998622,15.5531771537702
-1.27111242127883,10.5201262988854,11,7.28431428070365,-0.730088962175438,12.3009648223233
-0.794721637685465,11.9809345560379,11,9.66262675401184,-0.944134404604825,11.6306200738128
1.28018949608117,20.6190116967692,20,25.4702998690591,1.5990682038206,21.5287630355356
0.897702787914934,19.1012089834074,19,22.7417822554817,1.36355035250836,20.8604540335914
1.81509697424099,22.0709374840598,19,27.6409895915968,1.03296028629395,19.662443217415
-0.395534729846399,13.3849031300917,12,12.0790015981421,-0.292280488086385,13.8890821512973
-0.279183138276591,13.8537758479193,15,12.931039231407,-0.778095087094671,12.1465481892145
0.353634479556397,16.6697697849868,18,18.2103194117779,0.227326026807007,16.1349514200571
0.0668822493714142,15.3748646376979,17,15.7778977135802,0.108495668261767,15.6102519049711
0.354790379172878,16.6749679680992,19,18.2200414686683,0.0806902472289287,15.4876018143142
0.606876141391209,17.8085314055094,17,20.3366803885385,0.395386973833276,16.8780712173702
0.292297459753083,16.3937360967394,15,17.6936300871919,0.216476094680131,16.0870300040662
-2.10930891786621,8.23094336991516,6,3.71511615402246,-1.94548755316212,8.83041040829645
0.560589465811559,17.6002886071962,15,19.9480800166936,0.925414724864834,19.2174410672912
-0.051674081636645,14.8406214821722,13,14.7709802665115,0.103521064717891,15.5883019894017
1.26640137982624,20.5705090101149,20,25.3870001559152,1.58858402723953,21.5022647964459
-0.789201070804106,11.9987257050301,11,9.69209898797279,-0.849793303135939,11.9207229203457
0.296254282813051,16.4115569499872,17,17.7270155142309,0.538564780196119,17.5143945916314
1.49223704497393,21.2932193947307,24,26.5749839089494,1.91431705080776,22.2052330167084
0.300262900981582,16.4296088148562,16,17.7608295433464,0.469794700125975,17.2082830674721
-0.914927139552991,11.6001162265348,8,9.03602906808926,-0.964540063253158,11.5687356731626
-0.678069133311075,12.3642224771414,14,10.302819442553,-1.49778417528081,10.0229776705589
-1.35220547585713,10.2817610565806,9,6.90092450244326,-1.45907565179408,10.1311088616211
0.55538645349388,17.5768800064309,16,19.9043944447268,0.26032242520946,16.2807026394644
-0.69786510949832,12.2979792602315,13,10.1913105084489,-1.38051248077173,10.3525894226767
-0.705644849121463,12.2720927257744,13,10.1478416252561,-0.617843758465077,12.6745109599997
-0.27598417058147,13.8670676710513,16,12.9554645963672,0.228290173236036,16.1392099000564
0.403979059246735,16.8961029249275,21,18.6334026939724,0.453209942740033,17.1345912233925
-0.678835852151689,12.3616465586136,14,10.2984758385031,-0.763803602108919,12.1922253543758
-0.0815547102028241,14.7072682031962,12,14.5201658216095,-0.00714835438546802,15.1012638381485
-0.714249943009161,12.2435528961077,13,10.0999845876163,-0.570600075073026,12.8378849669724
-0.301024962386285,13.7635731640287,15,12.7656415528029,-0.380194294166428,13.5401869232373
0.25024003787017,16.2041670473836,15,17.3382284332642,0.173598820737914,15.8976674759123
0.561906248549301,17.6062129456999,16,19.9591360410619,0.367624430772628,16.7551129031394
0.815466798057102,18.7412313169842,15,22.074620578548,0.660564737767887,18.0585370563082
2.01776837097708,22.4409663878685,21,28.0182182267953,2.61465013458348,23.2144610383004
-1.01321678068331,11.2960855811703,17,8.54008573047874,-0.904161693346933,11.7526856873239
0.0408394826012497,15.257069910576,16,15.5557850156551,-0.22240174142055,14.1764761087965
-1.348534682374,10.2924925084643,9,6.91815823888577,-1.60318463127592,9.73215837670812
-0.868561123492402,11.7456485223879,9,9.2746291349141,-0.961342476899569,11.5784149363324
0.698297955898522,18.2192406937811,20,21.1028178502451,0.449231544117737,17.1169217492389
-0.870188275471875,11.7405148074959,9,9.26619626198224,-0.432352308890932,13.3404895848777
-0.756322463758326,12.1053382655727,12,9.86916363823799,-0.736313040911077,12.2807821613589
1.2844074516772,20.6337393578593,19,25.4955132012715,1.09922486903676,19.9249023463878
-0.332947816580103,13.6335155413106,13,12.5283394875229,-1.19440177932065,10.887355453316
0.644796805432439,17.9790519020543,19,20.6548316490005,0.651244326775568,18.0169903790326
-1.32357131799341,10.3656212331344,10,7.03566694987903,-1.20589400723433,10.8539279236922
1.30159357639928,20.6932102966912,21,25.5969291636382,1.12308749118955,20.0169242328211
-1.9921363532107,8.52457009032114,8,4.15283073722299,-2.20552454458437,8.19401446567147
-0.789949655936614,11.9963114551983,11,9.68809840068415,-0.618313284731464,12.6729069641125
1.35849803395861,20.8838639306946,22,25.9173602757768,0.85323754197524,18.9082137644879
-2.02479347508136,8.44181204130557,7,4.02866853153026,-1.3083159189068,10.5583812416145
0.30663467403898,16.4582980442761,16,17.8145605513793,-0.0457567575908676,14.9324252221733
1.30265496322634,20.6968546923725,20,25.6031227423024,0.774301120875979,18.563133867877
-1.18811012615815,10.7668393725832,13,7.68231405339388,-1.27535550924544,10.653030801096
-4.71246094843579,4.65921692556818,5,0.988913220847245,-2.54524062249387,7.44896600885881
1.28740546383886,20.6441759129513,19,25.5133570689843,1.16924608477548,20.1909223505193
0.0578003873785179,15.3337715022862,17,15.7004160237478,-0.216485526089645,14.201173223688
0.305938469207449,16.4551636123622,16,17.808690691259,0.824637148727925,18.7838795370211
-1.88744891517695,8.7944535981614,10,4.56158026344022,-1.36336721813792,10.4012690109191
-0.080504183881437,14.7119434068022,11,14.5289524191607,-0.0599385208987575,14.8706299910664
-1.41345014077511,10.1035706056189,8,6.61519377225678,-1.53970853965412,9.9066469746425
-0.248615918022651,13.9816000050055,17,13.1664650180528,-0.223325642161278,14.1726241336713
-1.40157251324119,10.1379993240858,8,6.67033401083779,-1.15296306222514,11.0083484472994
-1.24419392977526,10.5998369500049,12,7.41277946439617,-1.27899947744492,10.6425453448949
-1.46372150043723,9.95857744276786,7,6.38337683336716,-0.792857531901895,12.0996109037802
-0.45361387366561,13.161904798483,9,11.6812252758836,-1.04795881080035,11.3183827667764
-0.513459590812257,12.9397532307462,8,11.2903375943836,-0.844034291359027,11.9386730899454
-0.647727226115376,12.4668566920004,15,10.4763976194656,-0.695790859797195,12.4131178774893
-0.474996142721216,13.0816600999174,8,11.5393990620244,-0.657229003993274,12.5412380653079
-0.337065137039548,13.6168984803925,14,12.4981257210708,-0.36731480211599,13.5903517647486
0.975784739667338,19.4351680082419,21,23.356737436746,0.325685747402475,16.5695686132307
-0.377194178950511,13.4568675569247,12,12.2084565763471,0.163563905276494,15.853353917217
0.355363147508838,16.6775437198825,18,18.2248587420467,0.432792032696193,17.0439403699218
-0.100341130728954,14.623842692589,11,14.3634708575605,0.256634406799517,16.2644105303733
1.03599377351667,19.6858536036831,23,23.8146679921627,0.949060314750958,19.3170665180477
1.57083999996827,21.5086067013789,26,26.8991172072007,1.12845444475522,20.0374299940588
-0.796215269979755,11.9761262115877,12,9.65466494663693,-0.311763164485304,13.8104827654589
-0.759367175637842,12.0954164425745,12,9.85265101813885,-0.7090888069938,12.3694417220144
-1.88132335201467,8.81046162424759,10,4.58600296026917,-1.76477592176658,9.29781246953558
0.640182087574987,17.9583088638504,17,20.6161341495835,0.342481172975759,16.6438496371226
-0.26497229191398,13.9129767433409,16,13.0399290850107,-0.749657536699242,12.2376776369751
0.972699467773125,19.4221492463216,21,23.3328590867946,0.821152677635219,18.7686726006762
-0.0782458712232663,14.7219971244344,12,14.5478492012183,0.156025984949058,15.8200686853547
1.14501099754148,20.1208056491654,16,24.5982910653363,0.617227110779057,17.8652622670283
0.0391390352907787,15.2493837131722,17,15.5412914672815,0.249030568107753,16.2308213173247
-1.49641854852866,9.86493290469667,6,6.23404397194677,-2.13705328487259,8.3571340111859
-1.26596832660714,10.5353365857516,11,7.30881841455136,-1.24838886280108,10.7307924233445
-2.63825409256308,7.07491066813709,10,2.15454935639729,-1.65930431014807,9.57964706321813
-0.0842384758972894,14.6953292104201,11,14.497730080361,-0.751716305715591,12.2310474477516
-0.391126231124945,13.4021333803257,11,12.1099494491048,-0.592667812038473,12.7610768974449
0.329871673318968,16.5628804027885,17,18.0103442089942,0.185006680173426,15.9480463734381
0.598130515346183,17.7691888263145,16,20.2632677494611,0.939871147613532,19.2784589092153
0.948510030326146,19.3195439181171,19,23.1443742952483,0.710022419431582,18.2786424461886
-0.60540497826256,12.6124363800783,16,10.724407229229,-0.680130558264721,12.464879351685
1.36365355686242,20.9006556591833,21,25.9452073328164,1.36778153957081,20.8738487123296
-0.71215209047401,12.2505018019765,13,10.1116304429146,-0.763517126898612,12.1931434176192
-1.4056813588297,10.1260821536908,8,6.65124390157643,-1.7672587024819,9.29125664938385
-0.227432620340951,14.0712165826102,17,13.3321986908014,-0.313931274513922,13.8017796246799
2.24635941467001,22.7905931461374,22,28.279998966371,1.26579555106483,20.5367469061483
-0.0270976430412699,14.9508120290735,14,14.9784727547342,0.119217793352277,15.6575701656761
-1.98002553836438,8.5554350756454,8,4.1992839808079,-1.21002614142723,10.8419220752029
1.48209462079088,21.2640852134932,25,26.5298348596148,1.43581206051556,21.0821484907797
0.257061863220394,16.2349352258278,14,17.3959460529894,0.408945915800314,16.9381682431945
-0.710733699653466,12.2552032909001,13,10.1195121330113,-0.90759322605437,11.7421605106264
0.00368511771464023,15.0893356257283,15,15.2395255760068,-0.328904305862797,13.7419190843488
-0.59026995142251,12.6652337669733,16,10.8149002434934,0.164289310653034,15.8565571793071
-0.332658582804535,13.6346842243493,14,12.5304653571869,-0.228362020082251,14.1516494163831
-0.363682920694344,13.5103566057659,12,12.3050068340806,-0.514289393589019,13.0380225408783
-1.40524655780616,10.1273428787688,8,6.65326326480195,-1.39164484274022,10.3210468999257
1.43301349929689,21.1186836303466,24,26.3004196763273,0.828058875914636,18.7988007507575
-1.27447668750085,10.5101844068949,11,7.26830009705226,-1.47600178989436,10.083742768466
-0.397754508506303,13.3762435575134,11,12.0634591962318,-0.0459629446560423,14.9315258415898
0.53004926572189,17.462896796204,14,19.6916685782649,0.467115785462428,17.1963761059399
-1.93928788276381,8.65994215640292,9,4.35714177562813,-1.91816337024146,8.89980142007692
-2.92708311786477,6.60108304626869,8,1.69566098839849,-1.99245580991093,8.71220975320063
-0.183734996045108,14.2585458380734,18,13.6801776859799,0.145837120518884,15.7750807339295
5.77318039472991,26.3098022496423,26,29.2261054847674,1.58331223698813,21.4888311246624
0.231245930878928,16.1184568457248,13,17.1773747007339,-0.0298772872225855,15.0017686876004
0.638951828020589,17.9527783963471,18,20.6058164683141,0.481603242383652,17.2607849254909
-1.31300027850135,10.3966659513433,10,7.08558780778124,-1.11807047481174,11.1108040401332
0.618737997083712,17.8618854869674,18,20.4362339301794,0.356169334006508,16.7044120058747
1.39672496996916,21.0064469140849,22,26.119099823185,1.12900255305379,20.0395201765574
-0.261347173457391,13.9281417800592,16,13.0678637173888,-0.119182453326707,14.6141774083813
-0.350602494552526,13.5625207656156,12,12.3994286882787,-0.623759624097984,12.6543285794687
-0.724172926921368,12.2107601730897,13,10.0450810737434,-1.45006906799581,10.1563647852978
1.28676777000328,20.6419581935798,19,25.5095669552835,0.727114036531056,18.3545045351458
0.718514076549103,18.3097935325876,21,21.2716215754019,0.481035679382427,17.2582608778156
-0.808244534609248,11.9374800948001,11,9.59072689554277,-1.25411835320753,10.7142462925416
-0.746803203695169,12.1364263675942,13,9.92095045554229,-0.434691449671026,13.3316645348653
-0.717815817968425,12.2317542924174,13,10.0802203129546,-0.244665149228219,14.084027559761
0.33340917050037,16.5787961431399,17,18.0401281614672,-0.0643902634121518,14.8512605857036
-1.31626071640162,10.3870859184622,10,7.07018060451504,-1.19919690812991,10.8734011824921
-0.241853793496835,14.0101180340187,16,13.2191450949857,-0.382004219854607,13.5331642244555
1.7415749596741,21.9171192567582,18,27.4559585946215,2.40361771127106,22.9498952182825
0.361768475611946,16.706346969946,18,18.2787233631083,0.134147940577207,15.7234738926006
-0.342549142901289,13.594822252289,13,12.4580242661054,-0.584293718737727,12.7901192759432
-0.823982257511239,11.8871247432668,10,9.50755374427779,-0.568050539986943,12.8468162611171
0.00126151934133737,15.0784123115261,15,15.2189342157692,0.204575055321842,16.0344679645312
-0.249920865871064,13.97610644546,16,13.1563233007529,-0.375221353309127,13.5595165764039
-0.769220516268635,12.0633773916918,12,9.79937835838766,-0.246645228163726,14.0758438453553
0.958351728134149,19.3614020701355,20,23.2213279306908,0.817894635507374,18.7544429975483
-0.387035666337224,13.4181593897246,11,12.1387611581095,-0.306475913460396,13.8317436307056
-6.26954485895374,3.39064269734746,3,0.716127089087905,-3.12381354668053,6.49697362120979
1.42346621871084,21.0895455546302,24,26.2536805247023,1.7604819971237,21.9021784581255
0.965009999165621,19.3896340850225,21,23.2731841098932,0.580888934638392,17.7031317790924
0.70684478766998,18.2575413992331,20,21.174223422485,0.522366881199825,17.4422215818919
0.644788746542136,17.9790156801356,18,20.6547640741229,0.491061936800174,17.3028582808761
0.616581239852816,17.8521852214047,18,20.418134589277,0.371931467633459,16.774180807344
-0.781586785294706,12.0233146599434,11,9.73286680756578,-0.523342920360006,13.0054310266533
-0.777906702907889,12.0352201567986,11,9.75262051007675,-0.317223861664225,13.7885796204836
-0.655903265100487,12.4390641009664,14,10.4292935389298,-0.688497095423565,12.4371810452724
0.551907730519131,17.5612293627545,15,19.8751866100695,0.606031985686683,17.8153119889452
0.566265290910743,17.6258248715214,16,19.9957356543893,0.770447940264591,18.546151061045
-1.37466105864727,10.2162373155692,9,6.79575994992602,-1.65021005175125,9.60424532980771
0.995452282074832,19.5177773239572,20,23.5080461647316,0.83605322529422,18.8336146966304
-1.35409284011086,10.2762456145856,9,6.89206826641417,-0.96958215302994,11.5534863201468
1.49672460775694,21.3060108727423,24,26.5947148820355,0.854381022715708,18.9131658155212
0.00315030704156374,15.0869249767492,15,15.2349812352254,0.316186012783924,16.527566665174
-0.755714233491579,12.1073215535628,12,9.87246524687579,-0.853351618964158,11.9096472761654
-0.701824284986814,12.2847952777831,13,10.1691645222533,-0.407287412234451,13.4357600089255
0.61160627561978,17.8298084485416,17,20.3763819366422,-0.152555135230314,14.4712054501705
-2.88058114764574,6.6705477406539,8,1.75269466984501,-1.37955029510887,10.3553180975462
0.598451291541541,17.7706319115684,17,20.2659605677356,0.606303909697445,17.8165252822836
0.580436906137211,17.6895855012596,17,20.1147225029134,0.904645257491195,19.1292064416558
-1.16838028790664,10.8258898166807,13,7.7777421635016,-0.821280802230337,12.009901034759
0.665752588813645,18.0732050954811,20,20.83047696375,0.960372870749823,19.3643980898179
-0.730806417576646,12.1889070015912,13,10.0085424824102,-1.45907565179408,10.1311088616211
-0.0300753206046685,14.937440176813,13,14.953283792958,0.148238008204299,15.7856812603777
0.019014993837255,15.1584846426028,16,15.3698930481351,0.299079952753083,16.4519534428033
1.2628778817921,20.5580265860082,20,25.3654985232367,0.865682111554059,18.9620232511933
1.26329425801427,20.5595035022299,20,25.3680439293789,1.62232919502525,21.5865308232063
1.3892131421093,20.9827103496162,23,26.0803238655492,0.547314817204627,17.5533976647614
-0.0242038120499849,14.9638124962428,14,15.0029642675427,-0.00479491567005476,15.111580350937
-0.324341665747659,13.6683661527146,14,12.591785521574,-0.00137144182972631,15.1265918851637
-1.41125282748491,10.1099349750078,8,6.62538422229239,-0.928085717239035,11.6794897465583
0.82867014312096,18.7994798433566,16,22.1827982491926,0.889739579647337,19.0654924861938
1.18299241166361,20.2657311141716,16,24.855332171127,1.20028675241999,20.3048435675929
0.28627463935233,16.3666059601841,15,17.6427967642484,0.087086307537451,15.5158058182595
-0.242735381198848,14.00639528933,16,13.212265159714,-0.618323220447724,12.6728730257789
-0.268416701985139,13.8985912931863,15,13.0134458019975,0.0169016360146013,15.2067993949224
0.332661592802525,16.5754327858023,17,18.0338343714393,0.804397446921965,18.6953861916335
0.996354755158475,19.5215517928652,21,23.5149506024281,0.637498750763181,17.9556942990261
-1.22720867940426,10.6502819173009,12,7.49414093607958,-1.30667108983464,10.5630942400023
-1.04032619091192,11.2131452428865,16,8.40525707676692,-1.17810310146392,10.9348577818694
1.97136460599255,22.3622511578927,20,27.9465274813601,1.8382214809166,22.0610454734689
-0.421009130355431,13.2861791136409,11,11.9022491109615,-0.34480527997631,13.6788218120889
0.29911174601466,16.4244250903475,16,17.7511200242472,-0.129230047229485,14.5710052100579
-0.24374552133833,14.002131462686,16,13.2043863854522,-0.327680246179111,13.7467966450944
0.33312167235998,16.577502693804,17,18.0377077692694,0.244752054997157,16.2119221100223
0.231897782551404,16.1213993320103,13,17.1828986580904,-0.311765694947992,13.8104726026195
-0.426408344856851,13.2654387245956,11,11.8652474023723,-0.289385413226277,13.9008213066597
-0.018360732655234,14.9900772808067,14,15.0524503868344,-0.158871392714123,14.444288671487
-3.13344941771284,6.31691899647214,7,1.50032857788147,-1.8889686971095,8.97444957044255
-0.662246294085891,12.4175727321108,15,10.3929207149578,-0.789414133334147,12.1105375017874
-1.46239489105674,9.96238813678941,7,6.38946048847998,-1.6849871536949,9.51042924005914
-0.818366104801833,11.9050685453229,10,9.53717465919121,-1.82730506259206,9.13383280037387
0.298638290036409,16.4222930342861,16,17.7471264165113,0.325342369283447,16.5680502604287
-0.953003302983247,11.4816750417138,7,8.84246750766592,-1.00205746281846,11.4556437198709
0.61566359523443,17.8480579013722,18,20.4104335276046,0.860025051204034,18.9375856342285
1.38749464008495,20.9772558408313,23,26.0713932228633,2.0311877638007,22.4080472408441
-0.648273427903577,12.4649967807584,15,10.473242987705,-0.44324898718479,13.2994747813944
0.377136779662507,16.7754437917657,19,18.407909132248,0.248703997758545,16.2293787617823
0.326670359822133,16.5484760523005,17,17.9833861385395,-0.168545919909935,14.4031553758325
-1.89052268189745,8.786429953214,10,4.54934634195527,-2.11395007469739,8.41293594430377
0.954275356529604,19.3440829733905,20,23.1894976777613,0.605644377214236,17.8135825241788
-1.78946264995284,9.05344495010064,12,4.95909553145616,-0.733945236714312,12.2884542429272
-0.434384813383989,13.2349154450709,10,11.8108755041634,-0.159016008887074,14.4436729532175
3.41121395372706,24.167255034539,24,28.7625531153019,2.14084353174596,22.5814742168902
2.14978652119029,22.6496017992795,21,28.185307451418,1.87611968822113,22.1341675247826
-1.32295434311683,10.3674318888125,10,7.03857796535796,-1.38596205296229,10.3371421375896
0.283193076845395,16.3527227895142,15,17.6167803154013,0.169350789365141,15.8789081478989
-0.356457093407088,13.5391267462849,13,12.3570517415977,-0.528428641268152,12.9871937314987
-0.302130739610238,13.7590324240884,15,12.7573326494223,-0.17419129304193,14.3792074884789
-0.814158446337404,11.9185309178632,10,9.55941028501566,-1.25384391372966,10.715038541916
2.0296665319422,22.4606574320856,21,28.0354082891355,1.65115755037766,21.6562044294334
-1.92532660596811,8.69600041740593,9,4.41180778131706,-1.80325465271537,9.19662439388678
-0.429990659853017,13.2517131136801,10,11.8407853608641,-0.77941329460623,12.1423469692954
-0.320481575178175,13.6840487773814,13,12.6203705137959,0.406472142815194,16.9272014231564
-0.749102957141462,12.1289063134579,12,9.90841677597107,-0.549628949765677,12.9117104405999
-0.0851718800054475,14.6911784670397,13,14.4899308418668,0.342172245406843,16.64248306703
1.27745579402864,20.6094389595302,20,25.4538912928501,1.17709276185248,20.2199591960237
1.2115802578369,20.3723372300626,17,25.0427870245092,0.682514278268474,18.1563080862578
-0.753094991877397,12.1158670164703,12,9.88669436070619,-0.517299702164189,13.0271678877738
0.248209484484759,16.1950072066943,15,17.3210430158251,0.0113033476293641,15.1822124266802
-1.05699244151839,11.1623314090562,16,8.32273614626992,-1.0658623265871,11.2651478185825
-1.3673672484967,10.2374964964581,9,6.82986894341145,-1.35748969211581,10.4179844739404
-0.00296128058103295,15.0593862212322,15,15.1830704418444,-0.263291752707565,14.0073013684588
0.949484904734287,19.3236968916944,20,23.1520128763956,1.10826065563418,19.959908738436
0.361550324939592,16.7053660457901,18,18.2768890794462,0.491329820293155,17.3040501014155
0.914045844474077,19.1718284090907,18,22.8722020587724,1.29605376532843,20.6398450083222
0.698568189210175,18.2204520460271,21,21.1050763780479,0.757244742612334,18.4878804016123
1.47115560290653,21.2323137230264,25,26.4802752525251,1.74785340753798,21.8751676797987
-1.36843825461661,10.2343734155365,9,6.82485744622761,-1.47636290261644,10.082733631523
-0.675876821721337,12.3715925647766,14,10.3152505544095,-0.185342979620004,14.3320241487669
0.682686599351985,18.1492243964945,20,20.9722591950371,0.33606591594283,16.6154733574229
1.81272510474105,22.0661589133515,19,27.6354743417443,1.10725705470965,19.9560302379978
0.377725802919398,16.7780918153244,19,18.4128591280289,0.308815517941146,16.49498435389
-0.22630771638392,14.0759982147089,17,13.3410542909632,-0.440280981691336,13.3106220751023
-3.26371333783542,6.15327227124713,7,1.41331166425859,-1.7267864585348,9.39858059253281
-0.795472349369399,11.9785175689149,11,9.6586244439272,-0.525378365776384,12.9981258831927
-1.27465057765704,10.5096706594303,11,7.26747261764331,-1.23317806929911,10.7747837582874
-0.00933018169149408,15.0307067621027,15,15.1290156469844,-0.611293468379934,12.6969274825345
-1.88908888996312,8.79017191563165,10,4.55505122447048,-1.76322232205582,9.30191664512729
-2.10096711474438,8.2515346653338,6,3.74553975838882,-1.19124098109845,10.8965588923508
-0.075397695551492,14.7346834577555,11,14.5716976212664,-0.101698745739086,14.6895406631343
2.10063592566633,22.5743214939661,21,28.1288249050849,2.52588837312692,23.1056768964494
0.574957351476706,17.6649320270991,16,20.0687159444151,0.846818142487059,18.8803852624336
-0.298458828264543,13.7741203987056,14,12.7849479283919,-0.55008292727195,12.9101035011573
-0.372365484603176,13.475937592891,13,12.242847081818,-0.713219332467296,12.3559256737387
-0.762287928457718,12.0859082500024,12,9.83683358452984,-0.472965855887527,13.1888599186452
-0.780575066558631,12.0265862888663,11,9.73829415535329,-1.34154284357376,10.4634075373843
0.0519107770127793,15.3071302418215,17,15.6501812565194,-0.33367234525341,13.7229472524353
-1.36665430203211,10.2395757388569,9,6.83320556468453,-1.18303729395709,10.9204653866369
1.35979993176358,20.8881118681672,21,25.9244110840081,0.760442151759601,18.5020024359756
3.56020641671499,24.3233403651223,24,28.7980391486615,2.36127327723414,22.8940136580248
0.670316812459274,18.0937009729613,19,20.8687061334316,0.114024794189357,15.6346514482631
-0.739664819648437,12.1598076870593,12,9.95994796086458,-0.646540003686429,12.5771575206138
-0.0122622818928948,15.0175101895714,16,15.1041452728641,0.0246750053900695,15.2409577148345
1.34279956794416,20.8322379587825,21,25.8313469892864,0.866941082123812,18.967456448949
-0.817122820682846,11.9090447380518,10,9.54374096177885,-0.323264020415361,13.7644180869214
-0.417085894481322,13.3012900026481,10,11.9292360553238,-0.300975445670947,13.853917174178
-0.666791275491373,12.4022106217734,14,10.3669485525173,-1.27932309782447,10.6416143899138
-0.785388448215406,12.0110305007187,11,9.71249493249979,-1.30116915722606,10.5788670397553
-0.386835068776229,13.4189462404316,12,12.1401764291563,-0.314146418378887,13.8009164858844
1.35462849857327,20.871207781226,21,25.8963290491797,1.34065195086378,20.787072396962
1.39427508767031,20.9987244984274,22,26.1065003041608,1.39930435926926,20.9720201390921
0.203685975819183,15.9939835955976,12,16.9435862603144,0.201494722419578,16.0208636801574
-0.333888269079905,13.6297167714761,14,12.5214302477194,0.11596802897957,15.643227429833
0.391606906860188,16.8404916121782,19,18.529487488152,-0.129516890297698,14.5697742610168
0.559393209728895,17.5949065527546,16,19.9380359752479,0.481006985657145,17.2581332736437
0.303679427039894,16.4449925776341,16,17.7896425165853,-0.0871328088762811,14.7525421793613
3.24402735075759,23.988464525551,24,28.7205224487521,1.87204457917912,22.1264328274719
-1.17715463895399,10.7996091292194,13,7.73526344581562,-0.870004838514167,11.8579625863194
2.04738511240215,22.489629441552,21,28.060158765072,1.60542092437282,21.5446791090174
-0.752922721377865,12.116429333419,12,9.8876308702177,-0.939703549468375,11.6440945033563
-0.831054082308122,11.8645699558279,10,9.47034754500755,-1.01224107328616,11.4250906443289
-1.38797509275673,10.1774904834851,9,6.73362309960454,-0.940328983413984,11.6421917124252
0.199248194809629,15.9739286920991,12,16.9058980620175,-0.0191351275670742,15.0487593523935
-0.801174745429295,11.9601761609137,11,9.62826497692479,-0.764677508880326,12.1894253615572
1.37748428350247,20.9453039289759,23,26.0189301165952,0.929204338569351,19.233468738597
-0.802649684629766,11.9554372391249,11,9.62042439115747,-1.20121071949745,10.867543644182
-0.701660036354372,12.2853418046477,13,10.1700822538257,-0.916747480970536,11.7141263051343
0.588046192758343,17.7238204648411,16,20.1786082361972,0.712752540259884,18.2907687618564
0.226490955295834,16.0969904664893,13,17.1370719070475,0.440460482968728,17.0779771611092
-1.81593522692587,8.98285515274204,11,4.85024968861783,-0.31632163722881,13.7921946044082
-1.88528766798158,8.80009886635632,10,4.57019074806959,-1.96345052121986,8.78504333153515
-0.752366686250474,12.1182445461318,12,9.89065417513049,-0.251472685827341,14.0559189215364
0.0319316892631425,15.216814423114,17,15.4798773384338,-0.0536886685285635,14.8978463324431
1.37169870336032,20.926697750581,23,25.9882652999531,1.08871237066304,19.8839312993291
-0.36429423548586,13.5079278514008,12,12.3006168407526,-0.0555200671519853,14.8898683354968
-0.660305225012575,12.4241429868641,14,10.404035726728,-0.38451345511525,13.5234391190525
-0.775051449950011,12.0444669680843,11,9.76796963414679,-0.837388334104701,11.9594262368904
0.587184705965563,17.7199445966785,17,20.1713755646315,0.549538841094097,17.5633127677957
-0.254226954568588,13.9580014598381,16,13.1229141081913,-0.706112463465087,12.3791956838045
-0.673828725265843,12.3784840933656,14,10.3268790687612,-0.494216312093037,13.1108634114113
-1.23138039850467,10.6378815718312,12,7.47413631208582,-1.34144096668894,10.4636980554721
0.0756442550042919,15.4145217395776,18,15.85266591185,-0.103122135057181,14.6833943035758
0.693096709529626,18.1959211285858,21,21.0593374037373,0.618533522314939,17.8710909571177
-0.33741758794733,13.6154777183459,13,12.4955435834938,-0.94890486832892,11.6161278410422
0.118435312031616,15.6082730444039,19,16.217819081046,0.131764869790634,15.7129537107873
1.25650197220054,20.5353489528959,20,25.3263699162371,1.46511232669597,21.1677782600375
-1.41309708513213,10.1045930595307,8,6.61683081678326,-1.32198848228303,10.5192466804344
0.823967806380812,18.7787520968101,16,22.1443115333211,1.26093758641158,20.519955280929
-0.792990133184827,11.9865114196464,11,9.67186297570477,-0.301104164423262,13.8533976411883
1.02396935054841,19.6363273379561,22,23.7245012771831,0.742137403607752,18.4210702432698
1.44162306379048,21.1447207082656,24,26.3419772067295,0.584548218000275,17.7194569456248
-0.809970676575994,11.9319458703978,11,9.58157842237468,-0.636719632860919,12.6103202022258
-0.588546318970292,12.6712722501732,16,10.8252690561434,-0.614656909831439,12.6854078418938
0.379120351225119,16.7843611049718,19,18.42457818407,0.230852728644768,16.1505283728826
1.66373491324364,21.7403837372529,17,27.2256813861527,1.37268390491909,20.8893037802546
1.01398245900393,19.5949818882499,23,23.6491073587457,0.740027872142061,18.411730547911
0.270922346938927,16.2974256502305,15,17.5131301368947,0.612599231793197,17.84461401018
-0.360044553314896,13.524828760605,12,12.3311770258017,-0.439965078276853,13.31180961794
-2.05795599208671,8.35848819562779,7,3.90426186966567,-1.43554925513709,10.1971555400423
-0.714063456610347,12.2441703820865,13,10.1010192758424,-1.02186878696312,11.3962592349732
-0.84256510376104,11.8279494591802,10,9.40999915968519,-1.22550604216823,10.7970076800218
3.36762462389348,24.1210215180588,24,28.7518512166166,1.27059704022275,20.5532785570176
-0.750745238745823,12.123539877177,13,9.89947516754512,-1.09856270857733,11.1683243122204
0.885183011855696,19.0468815801351,17,22.6413327766387,1.33958744063165,20.7836244119647
0.966961815893231,19.3978965505749,20,23.2883531719408,0.355263191217137,16.7004021144902
2.55214379574579,23.194016200778,23,28.4829137776274,1.74603007486104,21.8712387908396
0.346543021913506,16.6378765067912,17,18.1506641201429,-0.0896822394642379,14.7415018832105
-1.3032191083487,10.4254315958104,10,7.13186218342323,-1.00791335640146,11.4380675084611
-0.31368488900222,13.7117386007703,15,12.6708926899367,-0.470640514697531,13.1974503730043
-0.362675387739344,13.5143613206847,12,12.3122466191715,-0.222399015221423,14.1764874769499
-1.97358258446768,8.57189339506349,8,4.22408626971803,-1.05238091773699,11.3052187143696
0.322280212141384,16.5287206771403,17,17.9464096231375,-0.143605991794501,14.509423003208
0.99550630451326,19.518003306057,21,23.5084595638684,0.953437637606899,19.3354073590102
0.3385163794807,16.6017720007966,18,18.0831191320124,0.232448562845855,16.1575770229453
-0.791597851022598,11.9909978655448,11,9.679294753157,-0.718486682096908,12.3387236263104
1.3470177853018,20.846183133459,21,25.8546389467106,1.40678059372665,20.9948842116903
-1.9776712820782,8.56144588107382,8,4.2083395733669,-2.06802820847053,8.52492829662744
0.588776108643881,17.7271043771024,17,20.1847362640466,0.846555617174447,18.8792461953234
-1.24098588399753,10.6093558174435,12,7.42812856804666,-0.786089619266299,12.1210992866313
-1.12999321423811,10.941237466779,14,7.96433741198511,-0.692626129438668,12.42354930676
-2.64422511718355,7.06399333610447,10,2.14226856488628,-1.57300688260591,9.81485929965442
1.2487238258422,20.5075274124705,18,25.2782533974985,1.05770135425939,19.7615843411228
1.20788278526587,20.3586722562831,17,25.0188418250923,0.935600422093185,19.2604681219993
-1.3635322528187,10.2486834668889,9,6.84782226939324,-1.52172395813337,9.95644783157642
0.334181839794972,16.5822723273696,16,18.0466329481524,0.320507376941165,16.5466720348597
-1.44565409613638,10.0105497164333,7,6.46639217154988,-1.28945254087793,10.6124963365131
-0.354752141811207,13.5459317514158,12,12.369373352884,-0.611999056169458,12.6945092578395
-0.598071147234552,12.6379695939867,16,10.7681331420123,-0.387083464448027,13.51349172111
-1.2204384608535,10.6704210043893,12,7.52663602630632,-1.2749902702373,10.6540820633784
-0.758994134128709,12.0966315194696,12,9.85467284573054,-0.225343790511531,14.1642145419074
-0.664282905114838,12.4106851497233,14,10.381273336122,-0.238614087783042,14.1090763379278
0.579315602248733,17.6845405755922,16,20.1053080758412,0.844378722410257,18.8697979066827
-2.28614316766979,7.80796870020645,3,3.10278990044947,-1.84942546593556,9.07639065001299
-0.929317536317315,11.555246360338,9,8.96264079021073,-0.873285690557066,11.8478086612257
-0.26528831824839,13.9116559094055,15,13.0374968369823,-0.163972527379895,14.4225855959492
1.25231211865926,20.5203836245815,19,25.3005030388073,1.06571098205801,19.793393088105
0.101531847626282,15.5317298391285,19,16.0735955936306,0.185376833729085,15.9496810666407
-1.24642918863221,10.5932069434447,12,7.40208963568853,-1.01810313803591,11.4075297993981
0.673813036367567,18.1093978845721,19,20.8979829285774,0.378215304687321,16.8020051712449
-0.359822245776232,13.5257139606688,13,12.3327783897286,-0.817491583549219,12.0218122655706
0.619138057534224,17.8636847651087,18,20.4395911080518,0.505152785537749,17.3655666480107
0.405283553794861,16.9019662738163,20,18.6443576606703,0.813897927760465,18.7369732210916
-1.3335705265829,10.3362980984688,10,6.98853381757549,-1.19513720001582,10.8852146913279
0.278162913522658,16.330057584813,15,17.5743011688857,0.311369524742508,16.5062741924136
0.279491855948817,16.3360459922555,15,17.5855253201476,0.85908082345561,18.9335029281475
-0.441361092955916,13.2083339449333,10,11.763606273446,-0.957483032656093,11.5901065125451
-0.563899895306421,12.7582095109894,17,10.9749904394714,-0.782331252731204,12.1330542597895
-0.712591797123879,12.249044851453,13,10.1091883591286,-0.748681062805554,12.2408241743026
1.07696156160342,19.8523924688156,24,24.1165761425915,0.460370247079688,17.1664003982189
1.28012821956754,20.6187973592452,20,25.4699326497958,1.29186595374875,20.6257297802041
-0.322523522383849,13.6757488995841,15,12.6052395382799,-0.589614227523243,12.771652494966
0.879929206219433,19.0240273494274,18,22.5990474335636,0.33837479949919,16.6256855955978
-0.513336280224427,12.9402032639032,8,11.2911238940316,-0.663599160688127,12.5199175175262
0.972821530037023,19.4226646068061,21,23.3338045012207,1.77691618694475,21.9368101144734
-0.296644517002822,13.7815856911607,14,12.7986183343412,0.149905699277805,15.793044676768
-0.260260994490107,13.9326905537274,16,13.0762459463071,-0.11373229031656,14.6376384786714
-0.750898414489537,12.1230395067389,12,9.89864155801806,0.127139563237541,15.6925360688258
0.308932429314005,16.4686424748377,16,17.8339317351357,0.188001896583636,15.961274078452
1.01907359946282,19.6160826823357,22,23.6875983335303,1.1729370509144,20.2046008406147
0.590040879597021,17.7327945885713,17,20.1953545867362,0.746499901533285,18.4403767105395
1.97730307814701,22.3725017149653,20,27.9561319923581,1.9211204891891,22.2176265441474
0.00897638558024919,15.1131925059922,15,15.2845004141432,-0.209004784082242,14.232476877341
-0.784261259539721,12.0146711966427,12,9.71853154723155,-0.455874916527444,13.2522563193886
0.298366928555974,16.4210710314021,17,17.7448374294012,0.453088488285507,17.1340517558692
-0.296619053638204,13.7816905125856,14,12.7988103131045,-0.15913512163553,14.443165837572
5.86212614553081,26.376795674221,26,29.2403678902822,1.5388850539003,21.3726650248401
-1.13896844541686,10.9142134289725,14,7.92059854962821,-1.16717879525136,10.9667591427232
-0.375561084007124,13.4633114239411,13,12.220073333987,-0.295040130440662,13.8779063452272
0.997749957338336,19.5273841790148,21,23.5256178752055,1.18377086036501,20.2445449548348
-0.412667198754482,13.3183498663472,11,11.9597324099297,-0.546459308608801,12.9229409338589
-0.373991832751548,13.4695089044358,12,12.2312497490009,-0.0195818834059683,15.0468038437111
0.324698148067082,16.5396014988112,17,17.9667760246551,0.773541107138785,18.5597849712916
0.0303767093596863,15.2097895691631,16,15.4666311295278,-0.126731027518637,14.5817331080118
-0.75229283597661,12.1184856615819,12,9.89105578023344,-0.20383723923637,14.2541490546573
0.22501086189858,16.0903077772242,14,17.1245239127609,-0.099231622537446,14.7001983785348
-1.27736080631275,10.5016650244323,11,7.25457880594066,-1.1677558991221,10.9650726058631
-1.18499803927615,10.7761432306245,13,7.6973452170489,-1.00246911399312,11.4544075209886
-0.869890775583833,11.7414532778791,9,9.26773774246458,-1.25599855077197,10.7088193701378
-0.804921994967187,11.9481404769173,11,9.60835459650728,-0.840159973963047,11.9507662517415
0.3661802909688,16.7261842125709,18,18.3158161739569,0.695527189807026,18.2142112087796
-0.593040795172427,12.6555376613874,16,10.7982590615958,-1.11285174767124,11.1261747313784
0.66896883502991,18.0876482716066,20,20.8574167474418,0.557390812766212,17.5983229696113
0.392464654626408,16.8443472156115,19,18.5366927951971,0.380697621801763,16.8129983230888
0.943734485988454,19.2991791488043,19,23.1069060852739,0.97851146167051,19.4398173928378
0.615148676683618,17.8457419084324,17,20.4061121597745,0.570646320643663,17.6574409259301
-0.00112477158156851,15.0676597190219,15,15.1986654824178,0.531115110361157,17.4811962077466
-0.297300834729089,13.7788843799396,14,12.7936711900618,-0.0479239243693974,14.9229734733194
0.385501567569408,16.8130471960318,19,18.4781963509662,-0.158588478339483,14.445493282344
0.386231035363698,16.8163263346998,19,18.4843250761855,0.246997767088576,16.2218418942192
-0.331165745627276,13.6407190559539,13,12.5414448214751,-0.0115159007621982,15.0821250786321
1.21333636525492,20.3788144047606,17,25.0541281481809,1.06449778573298,19.7885843065039
0.209726663828501,16.0212770518804,12,16.9948683830399,0.698945233899413,18.2294112952162
1.28243687122977,20.6268651998029,20,25.4837495856677,0.847783990463301,18.8845752931488
0.423633176248224,16.98444104336,22,18.7984284338543,-0.113403628407568,14.6390541944818
0.549133588898656,17.5487488057992,15,19.8518947359944,0.699352602523516,18.2312225976241
-0.787125755995911,12.0054217183305,11,9.7031967838808,-0.979493652456738,11.5235565769938
-1.92599939361188,8.69425994621886,9,4.40916681884385,-0.866992881262112,11.8672924421232
-1.35720685078871,10.2671488352652,9,6.87746300988434,-0.599176875747096,12.7385893044937
0.278226491866434,16.3303440843325,15,17.5748381692501,0.0509257751490399,15.3564498035805
4.17297398202317,24.9352050629993,25,28.9320729608275,1.59919024257733,21.5290697838912
-0.787778662683086,12.0033146432571,11,9.69970425300564,-1.15803586789249,10.9934975651797
1.04614321696621,19.7274348000405,22,23.8902291195043,1.15899819993839,20.1527595339794
1.31812254260104,20.7495863407138,20,25.6924540254513,1.11356558792869,19.9803697765989
-0.00457553174074381,15.0521153093578,15,15.1693656508497,-0.417010054797228,13.3986514516174
4.35390562690663,25.1068133501747,25,28.9690231167023,1.6570540775906,21.6701984486969
-1.33985692020176,10.3178841425779,10,6.95894563094762,-1.26563194599792,10.6810362309407
0.41077130455996,16.9266319514151,20,18.6904400027008,0.440816076261817,17.0795557513838
0.644485210925553,17.9776513859739,19,20.6522189367277,0.317270847404686,16.5323627182654
-0.392330726052844,13.3974214511926,12,12.1014832102626,-0.535174537137202,12.9630809250877
0.258613383072903,16.2419318827925,14,17.4090691238881,-0.020163671634724,15.0442574341178
-0.611506534221579,12.5912643499418,16,10.6882022664219,-0.668664383934907,12.5030094933078
-0.111929813643921,14.5725623968568,11,14.2672512697362,0.0405109793058776,15.3106057860126
1.48862804652925,21.2828881425783,24,26.5590066644037,1.61061106209468,21.5576044701465
0.99302681908164,19.5076260065986,22,23.4894729193155,0.853653889580073,18.9100170107553
-1.47107468602774,9.93747109856185,7,6.34969057807523,-2.52381139947449,7.49212504796387
0.024246791790146,15.1821040382042,16,15.4144277224562,-0.350282032465887,13.6572038270713
0.933013220104512,19.2533354463736,19,23.0224941636282,1.16923955483347,20.1908981196146
-0.83551247050407,11.8503728644274,10,9.4469428417298,-0.921839576999398,11.6985591491514
0.0535357990247265,15.3144802482486,17,15.6640405653958,0.486534525414006,17.2827177367666
0.252234574206947,16.2131637317103,14,17.3551065800287,-0.568477550519365,12.8453195572303
-1.37134057070976,10.225912663449,9,6.81128200753911,-1.25564751804617,10.7098324681549
-0.711141163683157,12.2538524173325,13,10.1172473031474,-0.593298839801413,12.7588935145727
1.28374290459494,20.6314224193051,19,25.4915492040031,0.969044411809601,19.4005278832186
1.30698915098768,20.711702128489,21,25.6283296729768,0.973148669199421,19.4175811682235
1.22992851951399,20.4395963141035,19,25.1602680196698,1.64987880611567,21.6531582243781
-0.793669186067256,11.9843239593411,11,9.6682399321437,-0.519502721223368,13.0192355182491
0.374371746269822,16.7630130248238,19,18.3846712786287,-0.206296718525303,14.2438293769704
-0.326500451432179,13.6596093134326,13,12.5758335565265,-0.561988398324073,12.8681011452346
0.228567122783154,16.1063638221572,13,17.1546710499509,-0.0223463299664175,15.0347057914858
-0.384974228815797,13.426249679367,12,12.1533157198428,0.195310679601179,15.993552227124
0.541466169436784,17.5142550208259,15,19.7875197613239,0.422887049251986,16.9999930252256
0.000784819684585098,15.0762641032177,14,15.21488475699,-0.33396913683742,13.7217677854407
4.02024252764419,24.7871398474115,25,28.9000539510758,1.9051957814127,22.1884940709289
-0.294770534480102,13.7893035980927,14,12.8127560190777,-0.46616318022405,13.21402195097
0.691937834079388,18.1907242566672,21,21.0496471177501,0.317135588958162,16.5317647351361
-0.748871631111577,12.1296624596649,12,9.90967685073243,-0.791476743790922,12.1039908579054
-0.00843584839940141,15.0347327808282,15,15.1366034346794,-0.199189258444303,14.273675273971
-0.030493687913925,14.9355618540913,14,14.9497457221965,-0.0246381023361413,15.0246793428584
2.19568632187542,22.7176724489996,22,28.2327824651616,1.3671482638901,20.8718472247635
0.330350446575964,16.5650345539858,17,18.014375549744,0.0300995249963472,15.2648065666796
1.38946351123879,20.983504266166,23,26.0816231176722,1.38084008758142,20.9148636111124
1.24261824272608,20.485568721577,19,25.2401910861525,1.56617332907004,21.4446467189768
0.227028720181027,16.0994184061616,13,17.1416306585353,0.257619134892329,16.2687605994574
0.312783905674713,16.4859801846789,16,17.8663957139865,-0.0799331641310575,14.7837494385638
-0.344854996092005,13.5855592699116,13,12.4412112332115,-0.840149514861074,11.9507989175225
0.331605401934977,16.5706808767539,17,18.0249419954128,-0.0296332187828145,15.0028356490495
-1.21520903455504,10.6859892728933,12,7.5517610950651,-0.97217535482887,11.5456496941988
-0.868119914244128,11.7470409002261,9,9.27691653280494,-0.457536726567462,13.2460658422706
1.72188685125161,21.8738298055391,18,27.4012153681537,1.91844286318554,22.2127581183666
-1.36547767375219,10.2430077421611,9,6.83871323646323,-1.58972847562864,9.76897637395358
-1.37349551748616,10.2196329663989,9,6.80120728557755,-0.883850166533663,11.8151742804807
-0.0360051556545071,14.910827666394,14,14.9031600717755,0.119507343272228,15.658848127062
0.499666224683554,17.3262464108177,13,19.4366161955117,0.568146723259919,17.6462917843359
0.311835898012573,16.4817128324257,16,17.8584056531923,0.692376457949575,18.2001963700522
-0.337653740369338,13.6145259156752,13,12.4938138518148,-0.217403452766931,14.1973378736822
-0.00253276046105899,15.0613165692124,14,15.1867089839468,0.148241443096058,15.7856964264646
1.22635106423811,20.4265550443983,19,25.1375390714515,1.66777833516045,21.6954297605805
1.40077330994158,21.0191677064369,23,26.1398208451321,0.854374742908723,18.9131386238647
-0.3503891731467,13.5633745709896,13,12.4009762719692,0.223248690880354,16.1169426478415
-0.564740874378031,12.7552245030553,17,10.9698360001859,-0.590133812385673,12.7698518166628
-0.480624271558324,13.0607014423758,9,11.5024732331768,-0.481569586497704,13.1571710265087
1.25441626374501,20.5279054431032,18,25.3135086123387,1.03883026593827,19.6860841948167
1.26737182818721,20.5739406908253,20,25.3929068852804,1.04504866717628,19.7110482789485
0.277610591557639,16.3275686607561,15,17.5696360031472,1.00641900955967,19.5546574091052
-1.94015343125344,8.65771074946295,9,4.35376219829422,-1.65930431014807,9.57964706321813
-0.742840392182959,12.1493989237466,12,9.94258203201849,-0.859144613552486,11.891640413749
-0.706406349427607,12.2695632123849,13,10.1435971798426,-0.764285222917482,12.1906821312444
-0.83393867931653,11.8553824157872,10,9.45520009001102,-0.201827906991599,14.2625864727888
-0.290356113749593,13.8075125249896,15,12.8461299465407,0.058164088976068,15.3883273145023
-1.31382149773187,10.3942525823154,10,7.0817062935024,-1.19624722104792,10.8819839173226
-1.28205280507586,10.4878124742649,11,7.23227099112424,-1.7383028791631,9.36794290358089
-0.0385059781766641,14.8996110785336,13,14.8820370162112,-0.463322627295661,13.2245566778905
-0.362843805132329,13.5136917451027,13,12.3110360465763,-0.209120753237386,14.2319909627506
0.325408585484765,16.5427983734294,16,17.9727595759528,0.0507776970239238,15.3557977971947
-0.911090803361244,11.6121008777271,9,9.0556440937955,-0.862914271151191,11.8799389166539
-0.31500667805946,13.7063459907331,15,12.6610483576427,-0.577284701304412,12.8145249885105
0.582775242864637,17.7001060100996,18,20.1343549274286,0.601388011116332,17.7945910881122
0.229021711792373,16.1084160740905,13,17.1585241309228,0.549501181562899,17.5631448696958
-0.248089370615982,13.9838175642574,16,13.1705594594994,-0.377725291700095,13.5497776030771
-0.332377811070384,13.6358188868914,13,12.5325294583349,-0.224632691168384,14.1671769633006
-0.909658461305211,11.6165780009019,8,9.06297317018005,-0.50984251427728,13.0540900512414
2.99616117060646,23.7155112421017,24,28.6515154561367,2.95371225559002,23.6069110794925
-0.334855423947635,13.625812120631,14,12.5143297743086,-0.601267611485519,12.7313821308422
-0.0259721844911093,14.9558675301379,14,14.9879965408942,0.0507776970239238,15.3557977971947
0.362855080423148,16.7112328883826,18,18.2878596749846,0.390165192430898,16.8549350815424
0.804719615177688,18.6937111846326,15,21.9863160411797,0.89345244108757,19.081392303465
-1.3233868210843,10.3661626656606,10,7.03653741177908,-0.773587496215273,12.1609292592021
0.884253728336175,19.0428415385326,17,22.6338590157001,0.972235024798987,19.4137875976793
0.331746571136512,16.5713160179505,17,18.026130567619,0.698115339592272,18.2257211161958
1.01089191736045,19.5821491166751,22,23.6256850567999,1.08989973253697,19.8885718832846
-0.0860082632600875,14.6874598708581,12,14.4829439780486,-0.370538247422273,13.577765287453
-0.341675019245552,13.5983367504331,14,12.4644053955866,-0.739025404502994,12.2720025348724
-1.83630705102219,8.92884691158525,11,4.76722351148272,-1.29670979418362,10.5916599250292
-0.800108900331606,11.9636019847376,11,9.63393391486751,-1.02625766546101,11.3831332026
-0.670911172232445,12.3883117259751,14,10.3434695707244,-1.25997315953051,10.697351905593
0.313242261680308,16.4880433832485,16,17.8702587037417,-0.189879809609765,14.3128764496052
-2.05515525074381,8.36549691035246,7,3.9147018401881,-1.38625815153488,10.3363031729593
0.662283339193847,18.0576233961636,20,20.801412586316,0.791423014608991,18.6384630785896
-0.629882334346426,12.5278812093207,15,10.5800945402223,-0.406391618403589,13.439188757043
-0.524527435673334,12.8994860592329,18,11.2200745650801,-0.56318506080487,12.8638940899327
0.0271822820942792,15.1953605782629,16,15.4394238260188,0.109074905030635,15.6128078895636
0.960454058272697,19.3703238963789,21,23.2377195606024,0.936869151692567,19.2658158670854
-1.94699134057922,8.64009915342154,9,4.32710227270225,-1.93390154974059,8.85977748083705
-0.019395437999236,14.9854248401749,15,15.0436840492382,-0.316147211719924,13.7928936609061
-0.00270100547522414,15.0605586681997,15,15.185280402771,-0.306859389969771,13.8301998533726
-1.98435355600158,8.54439415572366,8,4.18265791926114,-1.65102370082212,9.6020426989663
-0.665464654714957,12.4066914453362,14,10.3745217861899,-0.976021278984952,11.5340351288706
0.616625443974932,17.8523840381412,17,20.4185055553771,0.31658464826287,16.5293290203747
-0.266193094298202,13.9078754654548,16,13.0305360351795,-0.345544716559772,13.675899639986
-0.594347558965123,12.6509695987869,17,10.7904225148388,-0.54702764301051,12.9209258325916
1.30254425816842,20.6964747287567,21,25.6024771186437,1.00370579918128,19.5435586629549
3.32621422483374,24.0768533730714,24,28.7415270394251,2.93192730939686,23.5825485485591
0.946503240427492,19.3109904050747,19,23.128639327287,0.750081215071785,18.4562177361373
-0.29165826971306,13.8021371685211,14,12.8362750874984,-0.4806007364074,13.1607319403087
-1.98594500560923,8.54033732124841,8,4.17655140302191,-2.2564092596524,8.07515440837253
-2.92914920996988,6.59804911111986,8,1.6932606729925,-2.22777788934415,8.14177267555594
1.47546333262874,21.2448684974004,25,26.4998988418091,0.903790422978857,19.1255610508153
-0.326916719509564,13.6579219152176,13,12.572760461589,-1.5572115004768,9.85833095136806
0.0256263882783792,15.1883338845142,16,15.4261744627183,0.627708875034951,17.9120252503918
0.300822414748413,16.4321282749392,16,17.7655485631107,0.213838583679336,16.0753810355796
-2.80180001354212,6.79376259669189,9,1.86287357344196,-1.88747300632788,8.97828799382159
-0.741765121512301,12.1529220709762,12,9.94845908741849,-1.09027686341534,11.1928094814795
-0.235402115414867,14.0374054298142,17,13.2696021463217,-0.531184597020676,12.9773320359157
-1.1824097098736,10.7838842479726,13,7.70985269837724,-1.56313995232473,9.8420001445338
-0.385905480619666,13.4225937403193,12,12.1467378164386,-0.103841848484561,14.6802872098863
0.874983908330223,19.0024857702443,18,22.5591759197386,0.507716534914479,17.3769799038693
-0.272167822723222,13.8829512523207,16,12.9846699840956,-0.364977231361158,13.5994922422573
-0.28335346207982,13.8364786542992,15,12.899273565709,-0.470645301287106,13.1974326786954
-0.881687737402678,11.7042905130925,9,9.20672778009182,-0.897553138815465,11.7729810632249
-0.725158643931392,12.2075094151419,13,10.0396433307908,-1.25959039908195,10.6984559624488
-2.04319148151803,8.39549503684556,7,3.95943747916502,-1.90570251566756,8.93159872519923
0.716659189754167,18.3014912061314,22,21.2561474708564,-0.4380005953947,13.3191991005438
-0.752313528932835,12.1184181000495,12,9.89094324837648,-0.47279365089624,13.189495713784
-0.351535906039705,13.5587860084364,12,12.3926599652773,-0.122597896473244,14.5994903329662
-0.613725028241314,12.5835820926787,16,10.6750769820948,-1.31237439958648,10.5467569458182
-0.365670754514032,13.5024619363253,13,12.2907392182104,-0.23047274206588,14.1428707703472
-0.423220736988586,13.2776757506558,10,11.8870732745915,-0.778288381521242,12.1459320221745
0.64643087483334,17.9863962832315,18,20.6685327283336,0.64310166893235,17.9806825036582
0.6468709662694,17.9883742223462,19,20.6722225821033,0.270388961927546,16.3251748636715
0.501927693189273,17.3364161514408,14,19.4555987195594,0.66277783209277,18.0683998303311
-1.10761862977358,11.0087546966294,15,8.07367759792151,-0.00208747965912492,15.1234517157196
-1.49549587129543,9.86756800116724,6,6.23824151364026,-1.34573148364242,10.4514666046151
0.267357059568489,16.2813544533727,14,17.4829980866932,0.279936103890082,16.3673564669347
-2.15883699811762,8.10976409328477,5,3.53705427853965,-1.65994352245637,9.57791983822962
0.252907244248262,16.2161977683448,14,17.3607982957084,-0.241302465539273,14.0979402857039
0.67394350929563,18.1099836122997,19,20.8990753689198,0.0531291133531939,15.3661520009263
4.50503507398248e-05,15.0729305959977,14,15.2086010292758,0.0159288408070212,15.2025261691589
-2.05624304756974,8.36277412358563,7,3.91064551349432,-1.16321266941566,10.9783536518345
0.329163812749871,16.5596954709066,17,18.0043837409644,0.297717659804327,16.4459326924607
1.8555640932669,22.1507001715056,19,27.7307325521621,1.61433047270258,21.5668242354002
0.696035679135352,18.2090988845295,21,21.0839083889024,0.770064275759196,18.5444594878477
-0.0252878649494398,14.9589418292124,13,14.9937882024392,-0.289533651027656,13.9002198525397
0.257306929476741,16.2360403912984,15,17.3980189691197,0.235897541447104,16.1728110008518
-0.63660916080159,12.5048176012809,15,10.5408592107516,-0.856803691974928,11.8989132792119
0.343636233921616,16.6248022133621,17,18.1262060763903,0.581525130733064,17.7059699884632
-0.0356182452166197,14.9125633907065,14,14.9064289466405,0.174483598567343,15.9015747073508
0.675574950531249,18.1173072540204,19,20.9127345022376,0.502225235493137,17.3525352495199
-0.0511904008177496,14.8427860268665,13,14.7750543190466,-0.22584133601763,14.1621422460597
-0.337451140774603,13.6153424777381,14,12.4952978037049,-0.389026615742981,13.5059795343073
0.3832851969976,16.8030839306849,19,18.4595744292659,-0.434601107806679,13.3320051653432
0.515859804005154,17.3990734418944,13,19.5725486214325,0.423364477662392,17.0021109047694
-0.397658876191758,13.3766164041289,11,12.0641282352692,-0.407481085901822,13.4350189182267
-1.36170935308361,10.2540032038115,9,6.85636069471273,-1.21971134608097,10.8138093233714
1.31147197758589,20.727000311082,21,25.6542576798949,1.0986252825821,19.9225725495854
-0.349780376651708,13.5658117838803,13,12.405394268996,-0.176508031934995,14.3693917218506
3.24132139250208,23.9855375038726,24,28.7198180762716,2.70292591967252,23.3197570272704
0.430826176585935,17.0167708593806,21,18.8588126650871,0.238826815706716,16.1857496545925
-0.215646319424565,14.1214269993547,18,13.4252621965505,-0.732907511612643,12.291818937508
0.975897674910905,19.4356442540131,20,23.3576107770014,1.07435518868433,19.8275603334066
-1.82889708181542,8.94846020194006,11,4.79734940268415,-1.48428264710442,10.0606165957591
1.31264053324941,20.7309783629984,21,25.660992420946,1.40065763482162,20.9761706775159
0.90822775730126,19.1467280683935,18,22.8258674885418,0.721371515663242,18.3290306532635
-0.187431437211464,14.24257851402,18,13.6504392064893,-0.417434002959149,13.3970377790124
0.278158766261824,16.3300388962225,15,17.5742661408564,0.382083004054238,16.8191340171021
0.256502248711581,16.2324115169052,14,17.3912123632397,0.177722341211977,15.9158773185431
-0.717493271439424,12.2328208517503,13,10.0820064623761,-0.598683609604683,12.7402908141153
0.937063537955007,19.2706743465379,19,23.0544308165968,0.949006290469002,19.3168399539316
1.41784696596592,21.0722653077606,24,26.2258489845263,1.04448398816318,19.7087847768615
0.0250783752184944,15.1858591462283,15,15.421508186587,0.408945915800314,16.9381682431945
-0.44855642373626,13.1810292351955,9,11.7151301948029,-0.700602207636123,12.397286471037
-0.700239513808147,12.2900700093739,13,10.1780229927163,-0.650979445881988,12.5622170492103
0.605847922769864,17.8039061126249,18,20.3280497938239,0.511821348981859,17.3952560251695
-0.45646550377608,13.1511460187696,10,11.6621689867736,-0.213925369141296,14.2118769670862
0.675051699434915,18.1149584146014,19,20.9083537714715,0.932804631667875,19.2486745306883
-0.738638245810346,12.1631751013066,12,9.96556795397508,-0.557249569512045,12.8847876285433
-1.42196760260891,10.0789211703128,8,6.57573709592758,-0.953827120625524,11.6011905248061
-0.794292370285173,11.9823168725951,11,9.66491591205973,-0.340546509373582,13.6956728843743
-0.389649288115078,13.4079154856141,12,12.1203415998337,-0.282678450693574,13.9280752735259
-0.710402352937304,12.2563019703366,13,10.1213542592621,-0.555351843306379,12.8914818062074
-0.262744755551852,13.9222922355967,16,13.0570866616442,-0.531187376361379,12.9773220980092
-0.683079039192349,12.3474060200575,14,10.2744740081782,-1.06951604032505,11.2543035814105
-0.328876202483649,13.6499838490835,13,12.558306979439,0.132052466954961,15.7142233045716
2.67319443712202,23.3416500956458,23,28.5381683924035,1.08482893690008,19.8687306713056
-0.199690052758719,14.1897807064235,18,13.5522035684528,-0.19468833932916,14.2926130290959
0.0549153298558659,15.3207203038817,16,15.6758068568199,0.426490568018234,17.0159793310607
0.881345000926816,19.0301892983338,18,22.6104500075236,1.02562585289551,19.6328023718624
0.697948642860286,18.217674823574,21,21.0998983186484,0.587640922847058,17.7332549618934
-0.267910110925517,13.9007056015797,15,13.0173372539081,-0.455081143063887,13.255215235611
-1.45391555837862,9.98676537894913,7,6.42838998372437,-2.29023632292475,7.99735741814221
-0.645416573360994,12.4747300141811,16,10.489755520174,-0.437126510419805,13.3224895584474
0.901481690283302,19.1175685971379,19,22.7720110275747,0.382275673218095,16.8199873495442
-1.17484266438043,10.806530854052,13,7.74645011425644,-0.880707364102814,11.8248728866623
1.26703741490535,20.5727584503188,20,25.3908721932895,1.04156648300432,19.6970790929286
-0.602809356997919,12.6214624936029,16,10.7398566284205,-0.369803083824296,13.5806340177908
-1.21850168389729,10.6761856158213,12,7.53593880313734,-0.239203393289263,14.1066342628283
-1.34206773151637,10.3114121934256,10,6.94854811514007,-1.25527745280945,10.7109005486034
-2.04648929051513,8.38721649622886,7,3.94708360844499,-1.70634867592661,9.45314298928608
2.69727232123898,23.3704371876306,23,28.5480881493737,1.5643671299872,21.4399445229699
8.49780387982331,27.9499671716878,28,29.573738768845,1.65864219467016,21.6739527392505
-1.37522533050247,10.2145935945801,9,6.79312318386345,-0.99818019528114,11.4672920840029
-1.37337472888768,10.2199849016235,9,6.80177187905618,-1.72423341388625,9.40538311218321
0.00167322574275348,15.0802677150816,14,15.2224317462823,0.107951150649016,15.6078491549655
1.91684979397132,22.2655408924303,20,27.8519926269633,1.33525436561588,20.7695559363358
0.31621056865595,16.5014039951507,17,17.8952729410385,0.407220548024951,16.9305191670449
-1.12332590363264,10.9613343846413,14,7.99687379561647,-1.23282228130531,10.7758138577431
0.306878205302028,16.459394448089,16,17.8166137614678,0.0162558099892695,15.2039624177451
-0.366609435302114,13.4987369810038,13,12.2840093739405,-0.806945779189419,12.0550396634535
1.97098781806503,22.3615989607845,20,27.9459136760109,1.69146914727062,21.7501755041033
-0.351167561212141,13.5602596000732,13,12.3953304874511,-0.803635347093584,12.0654939148513
-1.4135809071882,10.1031919187057,8,6.61458746709432,-1.42396160762168,10.2297744202093
0.318126655200602,16.5100278966323,17,17.9114177962802,0.224712616875033,16.1234084841836
0.3849941432319,16.8107661855056,19,18.4739330798862,0.0923985485470706,15.5392351340315
0.872402992414169,18.9912322821124,17,22.5383411406482,0.998296294928102,19.5213871448281
1.27155895460514,20.5887160923439,20,25.4183163086924,1.0209008537544,19.6136479265742
0.996129519598302,19.5206099118672,21,23.5132277426136,0.7463188006872,18.4395754567419
0.0978135392866031,15.5148927060371,19,16.0418643821119,0.353334066585797,16.691865643325
2.28069496474073,22.8388063742235,22,28.3092324897592,1.87421954793395,22.130564751214
0.83257485179327,18.8166766292384,15,22.214721501343,0.685567793367662,18.169899825818
-0.864432252438495,11.7586843647792,9,9.29604810298558,-1.61047494241124,9.7122506154516
-0.324579152658881,13.6674023323175,13,12.5900294435572,-0.201573185518799,14.2636564931157
-0.303917684509937,13.7516998957501,14,12.7439187275191,-0.811347649609247,12.0411564387642
0.537488311775826,17.4963603584506,15,19.7541228435306,0.0585742278520425,15.3901339228885
-0.873375234909739,11.7304656848082,9,9.24969274400449,-0.880504482919465,11.8254992534877
-1.89207789660089,8.78237258727732,10,4.5431618174134,-2.05242419286142,8.56329903646862
1.35601880618269,20.8757603016534,22,25.9038983267301,1.79782557391612,21.9800443702165
-0.694332795260148,12.3097596839601,13,10.2111118513095,-0.694918882436755,12.4159906058953
1.38799036367392,20.9788301881316,23,26.0739716625452,1.28458055039878,20.6010558961529
-0.70361457099748,12.2788405486188,13,10.159166979311,-1.080515402314,11.2216971438686
-0.0658366850853682,14.7773223023756,13,14.6518789056327,-0.122600022878337,14.5994811927189
0.0242686535907547,15.1822027546885,16,15.4146138563037,0.182931866825985,15.9388835046117
-1.26639484981854,10.5340750212819,11,7.30678583519216,-1.13275916822941,11.0676076054737
2.16204335885677,22.6679797103902,22,28.1984574654879,1.44415860339652,21.1067904094065
-1.26294470385206,10.5442818969647,11,7.32323161964094,-0.817542243000942,12.021652924363
-0.0841311250695432,14.6958066406086,12,14.4986271969777,0.442897277091953,17.0887953414231
-0.299940234746346,13.7680299183158,14,12.7737984005651,0.0406532585503173,15.311231878894
-0.703694426904693,12.2785750366478,13,10.1587212763159,-1.35272981504433,10.4315317082298
0.335199880023054,16.5868523251846,17,18.0552030372719,-0.33151724981754,13.7315168452939
0.583463400326048,17.7032021151759,17,20.1401325737405,0.799253469839224,18.6728351892507
-0.371611008078562,13.478921889231,12,12.248232104109,0.452492761071937,17.1314057396606
0.822464664008555,18.7721221994334,15,22.1319993483511,0.434650912602036,17.0521900730643
-1.49659925213181,9.86441688047227,6,6.23322201078985,-0.778535873675791,12.1451431506952
-0.630253244313594,12.5266075953442,15,10.577926482071,-0.0687050437036269,14.8325008096624
-0.874643268488343,11.7264694536892,9,9.24313111803693,-1.37316257748615,10.3734427933318
1.2532385009602,20.523696767966,20,25.3062327230201,1.17366005935695,20.2072761150942
-1.77860597841967,9.08252838025389,13,5.00404817221633,-1.65147082084415,9.60083245500209
-0.724136418234297,12.2108805969094,13,10.045282531043,-0.286725574316362,13.9116199744123
-1.28509409158289,10.4788381653476,11,7.21782101675625,-1.08498011552422,11.2084787777698
0.664898210873124,18.0693679870757,20,20.8233197385055,0.815020712519464,18.7418825027575
0.983839148082838,19.4690793309948,21,23.4188945035788,0.633658698486857,17.9385662646592
0.375526071864081,16.7682025765928,18,18.3943726986354,0.595948631267834,17.7703213772034
0.00481817011880295,15.0944432488499,15,15.2491541449202,-0.113582772955287,14.638282513694
0.887079747461574,19.0551244015006,18,22.6565797245749,1.03019081871641,19.6512641103737
0.905822833056247,19.1363397051757,18,22.8066840673015,0.576643572159147,17.6841929297093
0.300968954000554,16.4327881260984,16,17.7667844698716,-0.0662565042573429,14.8431448744892
-0.835186208187336,11.8514112186731,10,9.44865424624554,-0.689508225026322,12.4338405704052
-0.671008200603411,12.3879846911439,14,10.3429173426393,-0.979206328996578,11.524423347826
0.435875511926007,17.0394660000893,21,18.9011983530267,0.0531270094326446,15.3661427359521
2.30659320796109,22.8745869891626,22,28.3299493710151,0.940648132274532,19.2817288001105
-1.94919979731474,8.63441743128967,9,4.31850665479462,-1.98531555320182,8.7300907471673
0.0294178473949302,15.2054581299744,16,15.4584637225198,-0.6727884783693,12.4892720996659
0.932328338464998,19.2504011982642,20,23.0170883041117,0.513882188136332,17.4044327170403
-2.04249608901456,8.39724161657426,7,3.96204465271679,-2.48783159797475,7.56588409638995
-0.73744353580258,12.1670956226264,13,9.97211216937977,-1.07428146262513,11.240169715243
-0.303634058754591,13.7528632809498,14,12.746046698791,-0.531441857969874,12.9764122284883
-1.35245574385112,10.2810296123572,9,6.89974996771527,-1.16401692597354,10.9760019577334
0.911220776979261,19.1596461523938,18,22.8497168509186,1.28437559602801,20.6003596006467
2.3927424121015,22.9903841603999,22,28.3916432480602,0.961747406707352,19.3701339611042
1.39320786195899,20.9953546984591,23,26.1009975070044,1.27866256744291,20.5809030246577
-0.696716664819408,12.3018075143966,13,10.1977439469872,-0.881246123771006,11.8232097084877
-0.866563843536778,11.7519527757208,9,9.28498651955137,-0.666784705138013,12.5092793590678
-1.26394609162482,10.5413189126475,11,7.31845731571156,-2.02735642288064,8.62526924618363
0.910961119621278,19.158525923106,18,22.8476489297859,0.912666807879547,19.1633615039313
-1.11384280450439,10.9899512688322,15,8.04321747232857,-0.866995660864144,11.8672838283985
-0.298989937330481,13.7719363399514,14,12.7809493403847,-0.330351832932885,13.7361547903388
0.37980034059904,16.7874180115486,20,18.4302922778813,0.478122166991573,17.245304967098
1.28009760043418,20.6186902532923,20,25.4697491426589,1.15958421313444,20.1549491197867
-0.220937483243845,14.0988562617641,18,13.3834080582819,-0.587354708671514,12.7794887492271
0.0149629883416391,15.1401982057386,16,15.3354151422534,0.36750272523269,16.7545741327689
1.28098631100984,20.6217978627725,20,25.475072624813,1.52994475054459,21.3486406847648
0.960096765263654,19.3688081186607,20,23.234934965105,1.06571010224062,19.7933896019433
-0.831721302904985,11.8624441943183,10,9.46684239389448,-1.39476362157542,10.3122193663565
-0.496715120255507,13.0011501507197,10,11.3978198159539,-0.232412621956594,14.1348088474763
-0.325152113035661,13.6650775147645,14,12.585793965293,-0.447513604693091,13.2834893472041
-0.685726678278142,12.3385331974783,14,10.2595286644833,-0.0832210542111947,14.7694926114769
0.959731841227162,19.3672597574944,20,23.2320903978876,0.505265290326117,17.3660674706829
2.66954298178868,23.3372690100583,23,28.5366364268345,2.42142416349477,22.9730738814062
-1.44261461207002,10.0193084612424,7,6.48039148143362,-1.33914027353081,10.470259964835
-0.217695902953853,14.1126782529489,18,13.4090351208624,-0.692619676042385,12.4235705929046
0.00188864509041611,15.0812385580146,15,15.2242618479816,0.395076809776582,16.8766968485463
0.297349867655979,16.4164908814268,16,17.7362579712454,0.0899308146999687,15.5283508603692
2.58135549183034,23.2301229978574,23,28.4971648813297,1.30311322828498,20.663526860655
-2.00494910566537,8.49201851214232,8,4.10392440310004,-0.719368304690839,12.3358481188116
0.34711808523438,16.6404629666199,18,18.1555023914304,0.666377421206922,18.0844394875441
-0.715036754066998,12.2409481322317,13,10.0956202336392,-0.481124817556163,13.1588054948638
-1.37445006570152,10.2168519722702,9,6.79674596778568,-1.40776774899115,10.2754557743157
-0.304232570795216,13.7504084803694,14,12.7415567018998,-0.561853443333747,12.8685757689621
0.668254500944406,18.084440603671,20,20.8514338011271,0.541884723734811,17.5291919605656
3.60209790404377,24.3666964871126,24,28.8077540456277,1.65061913468175,21.6549223204361
-1.27047654174068,10.5220059230843,11,7.28734215744863,-1.25538022802105,10.7106039137746
0.920602501927172,19.2000604317957,18,22.9242892081653,0.662423506090908,18.0668208219927
-0.261196385603657,13.928773123881,16,13.0690270350547,-0.915100345547215,11.7191658973767
0.70748272110571,18.2603991729137,21,21.1795508694914,0.810443174576576,18.72186015402
0.306185909587651,16.4562776381604,17,17.8107769478482,-0.0742782311026856,14.8082903745964
-1.14278077308694,10.9027448599233,15,7.90204071492448,-0.796425185747042,12.0883036945584
-0.73692573143933,12.1687953617314,13,9.97494978610609,-1.0065616859468,11.442122741045
-0.396728302001799,13.3802455362146,12,12.0706410957373,0.174488127214629,15.9015947061669
0.914716171668301,19.1747174219925,18,22.8775335901795,0.994268946595126,19.5048435432968
-0.711007120670739,12.2542967889809,13,10.1179923037256,-0.431995367700912,13.3418372333136
2.47181975410853,23.0929157461317,22,28.4400788752512,1.79120627288528,21.9664564563409
0.256876956294017,16.2341013518021,14,17.3943819757866,0.225879164890892,16.1285608919218
0.818583476677757,18.7549944828314,15,22.1001876481519,1.03710384348211,19.6791387210297
1.80689086791113,22.0543545630757,19,27.6217842299768,1.83796894769609,22.0605491106623
-1.98305204853421,8.54771308834944,8,4.18765471614465,-1.30924879990754,10.5557087002238
0.570246871811021,17.6437386925606,15,20.0291659408435,0.260452355362718,16.2812766244412
-0.323193129659081,13.6730290786301,14,12.6002824959411,-0.298710297240496,13.8630647390158
0.372111771930343,16.7528525545933,18,18.3656764824849,0.101579111125672,15.5797340373044
0.991487909900787,19.5011798114013,22,23.4776757142782,1.26133719326134,20.5213390116483
1.3852315632715,20.9700591025194,23,26.0595986362578,1.41348740421867,21.0152585880905
0.886957935932284,19.0545951632902,18,22.6556008460528,0.933153927871031,19.2501486713087
-2.31290948037403,7.74657592754768,14,3.01654006012929,-1.82389027927569,9.14272683855458
2.6088252233239,23.2637856531087,23,28.5100012562452,2.6755269614556,23.2873532254941
2.84620827921732,23.5449618368245,24,28.603475318255,1.88617021834218,22.1531155666825
-2.05052122001996,8.3771049574993,7,3.93200288923131,-1.58190936133441,9.79041368169256
-0.392166765543708,13.3980626688672,12,12.1026351965,-0.483499074467742,13.150085051436
0.328556006855933,16.556960679711,17,17.9992655956275,0.478247540258699,17.2458624480292
0.277832434851967,16.3285683571584,15,17.5715098145442,0.190599703232285,15.9727468187577
0.277498757563866,16.3270646983077,15,17.5686913796652,-0.073735661497505,14.8106463029481
-1.12459089673673,10.9575199395965,14,7.99069770407775,-0.907655798861329,11.7419686713411
-0.031692747575937,14.9301791035197,14,14.9396068618343,-0.0429927719143122,14.9444842135761
-2.05048013730802,8.37720793249504,7,3.9321564219253,-2.23419743759227,8.12677655924094
0.327733105246457,16.5532580125817,18,17.9923359499322,0.108493279785814,15.6102413654672
0.576312162640082,17.6710275743073,16,20.0800910804187,0.395550844889269,16.8787973533277
-0.307770202112839,13.73591405145,14,12.7150555274919,-0.660655404464665,12.5297622187817
0.854594013966801,18.913381111512,16,22.3941071474983,0.897055061606752,19.0968016449888
-0.00750024515879827,15.0389450131297,15,15.1445423221449,0.0145904638019506,15.1966476079513
0.127541396090004,15.6495053690348,19,16.2954869826531,0.217067672870991,16.0896428119811
-5.42057165576173,4.04409428561385,4,0.856091037094538,-1.80164048060992,9.20085128036113
-0.00102650614065477,15.0681024503115,14,15.1995000161232,-0.115549897072461,14.6298110296365
-0.307036362308708,13.7389186107083,14,12.7205475464864,0.273110500266617,16.337198857036
-1.9108900224732,8.73341659249028,9,4.46863930005528,-1.54008576361046,9.90560408323264
-0.32528815584217,13.6645256162646,13,12.5847885553755,-0.417170050230836,13.3980424180929
0.240811414917425,16.1616284938697,15,17.2584087722419,0.705821888827086,18.2599792050871
-1.86859932916552,8.84379067168406,10,4.63691431152479,-1.36704371559245,10.3908203699564
-0.323595088540209,13.6713968527961,14,12.5973079738625,-0.472786096592513,13.1895236062843
2.22904044408457,22.7659171980903,22,28.2644332004654,1.62092828724936,21.5830912614326
-0.392720533411336,13.3958972287218,11,12.0987450169552,-0.876370542514744,11.8382696824127
0.32470459188158,16.5396304953813,17,17.9668302985297,0.457494808145313,17.1536252566602
-0.290718012684071,13.806018244577,16,12.8433901912914,-0.136325422506451,14.5405823328102
0.941617334083345,19.2901397846609,19,23.0902690908213,0.998105367718344,19.5206035613774
0.361715965649451,16.7061108568727,18,18.2782818435353,0.209227238822279,16.0550145479435
-0.908700594616574,11.6195728058224,8,9.06787613176976,-0.998441962247811,11.4665053890222
0.66487559933521,18.0692664340852,19,20.8231303165177,0.936417255565703,19.2639114080076
0.588037827991569,17.7237828314509,17,20.1785380136439,0.501258840263451,17.3482338714046
1.04151723182289,19.7085082451976,24,23.855845601593,0.915149682910449,19.1739139173001
-1.83910519585851,8.92144989443974,11,4.7558692720614,-1.76298267732721,9.30254984763228
-0.738980497663392,12.1620522920576,12,9.96369395909166,-0.555430431601076,12.8912044531488
0.384057439248283,16.8065554190758,20,18.4660629354226,0.338308190872005,16.6253909760875
-2.71139583411936,6.94467111827644,9,2.01286465823844,-2.1772886437392,8.26085827246849
1.23862181683882,20.471138915803,19,25.2151388854523,1.50498456329152,21.2804002085801
-0.80067142239474,11.9617937977144,11,9.63094169507834,-0.187378172668917,14.3234311331092
-0.501047283810518,12.9852097821484,19,11.3698738729866,-0.83715336977731,11.9601607180674
-0.448293887312801,13.1820235194716,9,11.7168940076891,-0.810749027270096,12.0430432740642
5.71695836259049,26.2669525537168,26,29.2169806149096,2.41622903207884,22.9663301641617
0.584074947892121,17.7059535372215,17,20.1452669993823,0.429387417541897,17.028832389378
0.572993671111518,17.6560970577452,16,20.052228595514,0.531395563962087,17.4824458624664
1.28536815429274,20.6370865676008,20,25.5012381950084,1.57383210633708,21.4644880944033
-0.954994119007022,11.4755066511541,7,8.8324003512382,-0.814010282746527,12.0327683945721
0.915974382830771,19.1801384910172,18,22.8875370550008,0.770790618074932,18.5476618361788
0.573580364258648,17.6587367014861,15,20.0571545645702,1.18203361740348,20.238160468303
2.27284558014257,22.8278645360053,22,28.3027326262971,1.57424198313649,21.46554552602
0.673548969349163,18.1082124054485,19,20.8957718977269,0.88372783863117,19.039707979503
-0.0354696773577435,14.9132299091101,13,14.9076842096119,-0.11998305796756,14.6107335870037
0.260411165957763,16.2500385718776,14,17.4242733343431,0.290062482609047,16.4121023612119
0.071108753013036,15.3939927095379,17,15.8139619812261,-0.137020171372768,14.5376064017187
0.146231033106249,15.7341170493597,11,16.4548109509942,0.470115058250824,17.2097070548982
-0.0974027026622796,14.636868099665,12,14.3879234819744,-0.30406611467302,13.8414511250823
-1.19954452341212,10.7326887200778,13,7.62715448589327,-1.35718746092591,10.4188443891589
-1.31868145423726,10.3799759567534,10,7.05874719743186,-1.22664163079261,10.7937166588843
0.580838577714342,17.6913926830593,17,20.1180949107365,0.355084673509252,16.6996121448513
-0.0011973490968307,15.0673327265862,15,15.1980491094885,0.429165110211963,17.0278459763267
-0.395739463524858,13.3841039884726,11,12.0775669613547,0.00721620574188407,15.1642697758478
0.542037186560916,17.5168238223895,15,19.7923139020882,0.361985951026807,16.7301544520905
0.907452419863914,19.14337973089,18,22.8196847908769,1.16408138009866,20.1717230021995
0.0122096834660767,15.1277762383453,17,15.311995151581,-0.220096596731753,14.1860925466072
0.0607762243554743,15.3472349294126,17,15.7258020560704,-0.466680527811421,13.2121050448933
-0.300531700036344,13.7655995001291,15,12.7693499964492,-1.06944002083315,11.2545291400607
-0.796870008404783,11.9740191492776,11,9.6511764776167,-0.414507241010579,13.4081854291213
0.613863047640815,17.8399593427922,18,20.3953225346333,0.660711642785149,18.0591917758463
-0.779075150973538,12.0314385667267,11,9.74634500981547,-0.866009830710253,11.8703392436076
1.35877908303716,20.8847813952269,22,25.9188834496986,1.64806935110906,21.6488407996542
1.34911873550487,20.853108720166,22,25.8661906068767,1.39196620099827,20.9494221071561
-0.821174792530452,11.8960911412963,10,9.52235276413405,-0.216099362916137,14.2027870995853
-1.99105835273197,8.52731362240432,8,4.15695671292974,-1.19953192262341,10.8724266152886
-0.758941807003868,12.0968019726156,12,9.85495648074605,-1.05214244552869,11.3059283589987
0.614876208443254,17.8445163971325,18,20.4038254989294,0.361845088478973,16.729530987021
0.316970477013548,16.5048242356593,16,17.9016761004092,0.978740965593634,19.4407678244439
-0.732017318944823,12.1849236741239,12,10.0018865163603,-0.540675864222467,12.9434820537348
-0.858947849345242,11.7760204522551,9,9.32454561118587,-1.15438451623713,11.0041859513962
-1.42061439118357,10.0828351269938,8,6.58200100324151,-0.535174537137202,12.9630809250877
1.28135151261618,20.6230742211879,19,25.4772585996921,1.68482018056037,21.7349472701309
-0.347149830363641,13.5763519747077,14,12.424507056815,-0.189973077658061,14.312483107725
-0.698500566268982,12.2958617794954,13,10.1877526061184,-0.461210326803636,13.2324012408947
1.35030321062069,20.8570073553596,22,25.8726887513647,1.496665837876,21.2572721035347
-2.94217593014273,6.57901913049007,8,1.67832584480305,-2.00744135950126,8.67478570112384
-0.838729405764854,11.8401395950037,10,9.43007962769389,-0.774353476446424,12.1584838149922
-0.4000915103135,13.367138447659,11,12.047125374559,-0.384627802850179,13.5229962430902
-0.793578766660197,11.9846152046469,11,9.66872229800963,-0.517859065261188,13.0251528930099
0.0988160746603581,15.5194323187245,18,16.0504199338441,0.089613522734819,15.5269514613047
4.31834909344001,25.0734142291304,25,28.9618422234476,2.19494746822869,22.6621136557133
-0.609665016442693,12.5976475763162,17,10.6991128490256,-0.516928082164163,13.0285069166216
0.989927511101673,19.4946393574027,20,23.4657036502153,1.29212368238204,20.6265998995977
-1.26737878129046,10.5311650393572,11,7.30209750692404,-0.415403078503003,13.4047714334811
-0.0119470319334564,15.0189288296872,14,15.1068187773633,0.458035713627178,17.1560282955625
-1.82132311688431,8.96854472158564,11,4.82822910236453,-1.40085120117145,10.2950005127573
-1.01667980927708,11.2854702702503,17,8.52281962718451,-1.37249165927445,10.3753474513356
0.22959241155323,16.1109924600996,14,17.1633611826269,0.383854107839577,16.8269784599328
0.634286186705498,17.9318029086338,18,20.5666836066373,0.536014467705495,17.5030285931229
0.627685069321295,17.902121771352,17,20.5113069751068,0.0694595035587416,15.4380950575578
1.32457980858495,20.7713899419291,20,25.7292309003306,0.699763760942145,18.2330506911451
-1.45966594778232,9.9702297548497,7,6.40198099350551,-1.34493382372678,10.4537400175616
0.331006859724608,16.5679879232207,17,18.0199024874111,0.105665163944431,15.5977622874806
-1.78017754288961,9.07831356068749,12,4.99752969873075,-1.70343681739546,9.46093644120879
2.5585381754124,23.2019481566868,23,28.4860888336615,1.56511093422081,21.4418819791553
-1.32543273414003,10.3601594242373,10,7.02688635935194,-0.924913886411497,11.6891697901529
0.941207423174189,19.2883888596188,19,23.087046092182,0.394798844822595,16.8754651708364
1.89694337643162,22.2289852026284,20,27.8144369932384,2.01447727008505,22.3802831427103
-0.91159528393832,11.6105243307391,8,9.0530634667954,-0.991442890170368,11.4875537590499
-1.18693756566275,10.7703443867959,13,7.68797651073529,-0.969055821619122,11.555077406368
-0.235752508967056,14.035921488102,16,13.2668569546775,-0.748886401255569,12.2401624041129
-0.29721171571038,13.779251129393,15,12.7943428141554,0.0323011468877437,15.274488640407
0.218419572906756,16.0605432443464,14,17.0686276600886,-0.116209014036801,14.6269733759628
1.95083257990423,22.3263900684315,20,27.9122970228035,1.98384609887947,22.3283693873463
1.24639545262237,20.499165813345,19,25.2637685155276,1.03802489637979,19.682844946799
0.00641480629049199,15.101641570266,15,15.2627242393864,-0.362638829962373,13.6086469167937
-0.585206417595045,12.6829882728958,16,10.8453981339603,-0.490501196756553,13.1244332871914
-1.9035366838318,8.75252573665213,10,4.49770596318751,-1.49116103091216,10.041430897471
0.358439283674299,16.6913767494384,18,18.250728729004,0.372243700639874,16.775563214207
0.657911254725601,18.0379834276353,19,20.7647639403153,0.182345592849779,15.9362943919763
-1.2248625793213,10.6572586951088,12,7.50539734807373,-0.973483951323339,11.5416967371533
0.56115243681573,17.6028214675523,16,19.9528068549606,0.481608950162319,17.2608103092493
0.563833601109081,17.6148843412375,16,19.9753185751591,0.257008613489793,16.2660635971716
0.92613038440443,19.2238166372502,20,22.9680945493372,1.02156332798784,19.6163362708085
-1.07099289477468,11.119745282022,16,8.25362240300685,-0.952806581017626,11.6042861790287
0.287233265216392,16.370924505132,15,17.65088900795,0.0201247822691867,15.2209602316542
0.64344248901138,17.9729645894921,19,20.6434755142789,0.483404658107217,17.2687965281337
-0.111483181314491,14.5745360324289,11,14.2709529884436,-0.0972089479088338,14.7089402311334
-0.272423807534894,13.8818849483372,16,12.9827087708056,0.37011272458174,16.7661286315189
0.696321387327885,18.2103798042188,20,21.0862967070434,0.7516661219421,18.4632257202957
0.252244547260715,16.213208715113,14,17.3551909682581,-0.143057628961042,14.5117678057113
-0.335000371631454,13.6252271027842,13,12.5132660553547,0.0436021763408084,15.3242096956885
-0.241404330977308,14.0120165639701,16,13.2226540863059,-0.256340062648637,14.0358684992786
0.605820102155376,17.8037809648231,18,20.3278162718656,0.979094074810415,19.4422299453349
-1.29039504664928,10.4632048491025,11,7.19265290589305,-0.928516556864438,11.678175433268
2.38386139942777,22.9786579109714,22,28.3857492870811,1.68314824435059,21.7311013499908
0.352262793724919,16.6636010560399,18,18.1987818163332,0.176923559970262,15.912349802127
0.332574500909316,16.5750409550009,17,18.0331011381565,-0.0578006836131238,14.8799366391613
1.14904638855099,20.1363764259994,16,24.626020100114,0.88457148913982,19.0433293686052
0.946004400893248,19.3088632573166,19,23.1247257424546,0.982515368348329,19.4563845212007
1.0456877027471,19.72557304851,23,23.8868480271919,0.440635540229874,17.0787542922285
1.43172546151808,21.1147688456886,23,26.2941542504878,1.41388002980399,21.0164473298698
-0.00339539347917685,15.0574307677842,14,15.1793846103635,-0.00398150872417951,15.1151465753661
2.13798517870394,22.6317622438347,21,28.172304740125,1.763408351746,21.9083877635955
0.59667750785764,17.7626520902166,17,20.2510700690495,0.422734238707576,16.9993151642592
-0.0549439152244699,14.8259931182387,13,14.7434493245111,0.0371753497466111,15.2959291402988
-4.61663400326131,4.74745289760289,5,1.00821748111816,-2.52773129952407,7.48418681112634
0.56547649627542,17.6222759619547,16,19.9891127357714,0.936105281304783,19.2625964376055
0.253987005584167,16.221067804883,14,17.3699339998823,0.155170169591224,15.8162897691796
1.84051385061097,22.1214185259484,19,27.6983001423573,2.96687970442836,23.6215899853909
-0.710683829303511,12.2553686418781,13,10.1197893666738,0.2389820992987,16.1864355498383
1.21017676773835,20.3671546239465,17,25.0337084946904,1.65898800819172,21.6747694118993
-1.35488277811781,10.2739376262047,9,6.88836250741197,-0.483361203156868,13.1505911285762
-0.335186697992104,13.6244751442688,14,12.5118988397996,0.00732874674253856,15.1647637453679
-0.325599057057399,13.6632644998434,13,12.582491243928,-0.213446649009222,14.2138795356613
0.542118051077421,17.5171876037231,16,19.7929928236391,0.712194035570684,18.2882883135835
-1.5033807161172,9.84506374266459,6,6.20240262977017,-0.869181188958924,11.8605131509202
-1.35087556257624,10.2856483622088,9,6.90716684693944,-1.4558360451109,10.1401891229113
-0.304809901255912,13.748041259782,14,12.7372273649872,-0.358810819838124,13.6236568833703
0.678847602282663,18.1319964918442,20,20.9401302212431,0.510086931249913,17.3875334137358
-0.770258707233889,12.0600077578725,11,9.79377981533926,-0.646540003686429,12.5771575206138
0.257664189938083,16.2376514964256,14,17.4010408250877,0.511691017578762,17.3946756979413
0.563658189889215,17.6140951427674,16,19.973845779474,0.662975536392082,18.069280863288
0.618804330375987,17.8621838228739,18,20.4367905768202,0.276338335164733,16.3514601444198
2.03247504975354,22.4652774461746,21,28.0393983416961,1.56558210138,21.4431085026551
3.10448214015991,23.8360455412935,24,28.68292215584,1.47325908372878,21.1911536006359
-0.443095390388012,13.2017423301052,10,11.7518963175168,-0.817286191077747,12.0224583214153
1.2050513967518,20.3481831547005,17,25.0004446832766,0.907286888035151,19.1404647711376
0.981889560697792,19.4608811234188,20,23.4038733225663,0.82183516242638,18.7716520537474
2.2324127088354,22.7707414818596,22,28.2675091218235,1.37435535218037,20.89455734395
2.28276561940779,22.8416851279218,22,28.3109296409639,1.93025210752804,22.234139748979
0.613553689110488,17.8385678775152,18,20.3927262049601,0.702465648030221,18.2450623151384
-1.2859287635117,10.4763758426991,11,7.21385659295919,-1.31502197223221,10.539177332618
-1.73602700951316,9.19734481839767,13,5.18211572307331,-2.11620374000643,8.40747634615157
-1.25214953852783,10.5762488586316,11,7.37475121200881,-1.03308819255096,11.3627256596697
-1.52442348643261,9.78516578851897,6,6.10711517502428,-1.84963092235201,9.07585852022151
-0.571209507053018,12.7323087763816,17,10.9302983411415,-1.19942793428358,10.8727291155145
0.305358587792733,16.4525528390512,16,17.8038013950034,0.372672457601391,16.7774615522844
-0.381613311231248,13.4394599860258,12,12.1770952742188,-0.560285349046855,12.8740931089696
0.58224812703562,17.6977344468478,15,20.1299293397739,0.92165281994376,19.2015082653866
-0.354999953550834,13.5449422623056,13,12.3675814442822,-0.770886323045815,12.1695583761641
0.914484887965256,19.173720691236,18,22.8756942054143,0.631709111581113,17.9298698605076
-0.708068524182007,12.2640445351418,13,10.1343389309331,-0.536120024401282,12.9597083965187
1.36684834100172,20.9110207035146,22,25.9623639536677,0.969695069937311,19.4032334155996
0.929421849774989,19.2379413748319,19,22.9941291930081,0.994076745721469,19.5040532339875
0.381834274321981,16.7965614777777,19,18.4473831486405,0.19860825986846,16.0081157314403
0.337576892423178,16.5975457141082,17,18.0752116052568,0.110406528421602,15.6186840365974
0.268517473034311,16.2865854594492,14,17.492806144623,-0.148344582186864,14.4891751246633
-2.12644593436706,8.18880239567968,6,3.6529982168669,-2.02958230931629,8.61975041265903
-0.630261570854131,12.5265790066174,15,10.5778778172443,-0.339146265422684,13.7012211130999
-0.832298260372965,11.8606063223379,10,9.4638121420213,-1.08498819190191,11.2084548753036
-1.14220743000894,10.9044692528558,14,7.90483087504959,-0.832887412086122,11.97350497468
-0.304975199061524,13.7473636186487,15,12.7359881362247,-0.901419569361327,11.7611028334074
-1.81994671920187,8.97219867083412,11,4.83385026073751,-1.42865850412908,10.2165458376674
-1.26300171751325,10.5441131897538,11,7.32295977459798,-1.27416201777463,10.6564662087688
0.0663426634866087,15.3724227882192,18,15.7732937233975,0.0165809750262763,15.2053907800644
-1.32612484043138,10.3581289939116,10,7.02362233753696,-1.65101333366506,9.60207076161957
-0.370855867796228,13.4819100632616,12,12.253624990821,-1.1192789476648,11.1072464987332
0.288288221469156,16.3756768531802,15,17.6597938376383,-0.0921499250236747,14.7308208706549
-1.98900043584762,8.53255312683988,8,4.16483808620621,-1.61941912287366,9.68786503625886
-0.0397602286854961,14.8939871407021,14,14.8714467280638,0.276167565713148,16.3507056351048
-0.79663369949643,11.9747795840682,11,9.65243542569689,-1.0691897183821,11.2552718366953
5.53331827718304,26.1242590346099,26,29.1865799619719,2.37065030829111,22.9064845257985
1.25501906351114,20.5300579942667,18,25.3172288163226,0.986008364435985,19.4708131759262
-2.72374108095221,6.92342469644719,9,1.99079148369012,-2.00900632824111,8.67088554979646
-0.314985200313826,13.706433585901,14,12.6612082461706,-0.672117752059936,12.491504528755
1.29843745787286,20.6823537918652,20,25.5784639889015,1.11981381160571,20.0043815841199
0.61452293820215,17.8429274456339,18,20.4008606944015,0.798162405323203,18.6680490357147
0.716814957170382,18.3021884597341,21,21.257447056052,0.355266509751085,16.7004167995768
1.44517326999072,21.15539126903,23,26.3589505574776,1.58841349335494,21.5018313888863
1.35591071868078,20.8754065821932,21,25.903310379668,1.0933618293869,19.9020840049365
-0.315283778982181,13.7052159450271,15,12.6589857454627,0.192128784256562,15.9794997712773
0.0944704378763954,15.4997549586601,19,16.0133340253567,-0.190839202115249,14.3088309510188
0.277289253568571,16.3261205959544,15,17.5669217547084,0.472928223740686,17.2222123875519
1.39039364474936,20.9864520280572,22,26.0864457682317,1.29085667848335,20.6223205522609
-0.19379884329767,14.2151240320778,18,13.5993382167475,-0.0711467379567357,14.8218909601539
0.330049266847343,16.5636794546821,18,18.0118395850604,0.917678523407569,19.1846520836883
-0.732953815470962,12.1818442393207,13,9.99674178820069,-0.680388879773622,12.4640225984364
0.65565856204131,18.0278626793821,19,20.7458854045851,0.900446911801832,19.111292681996
1.217877937574,20.3955264944004,18,25.0833632977571,0.623536643694039,17.8934121519587
-2.09759836239561,8.25986453372945,6,3.75785995704821,-2.22585312893093,8.14627549829052
-0.208412707898603,14.1523614589945,18,13.4826768543873,-0.211775239139582,14.2208740113821
2.21558701309899,22.7465748157344,22,28.251939197524,2.11427904639699,22.5407610624187
2.27784896818791,22.8348444775023,22,28.3068879840356,1.38145941369337,20.9167966389906
1.30771263375674,20.7141751256432,20,25.6325240685921,1.78841234643228,21.9606938538289
0.343683977084392,16.6250169610025,17,18.1266078196772,-0.0318898519486245,14.9929719030177
0.225516753408192,16.0925919428605,14,17.1288129290794,0.0670370069066787,15.4274193358766
1.95919487863766,22.3410753008433,20,27.9264326504755,1.61074155116672,21.5579285355186
0.935797406438367,19.2652567690618,19,23.0444535018745,1.23378328087198,20.4248904038127
2.04294376850639,22.4824060807633,21,28.0540482653537,1.42374663168828,21.0461749776671
-1.92572671065845,8.69496533000334,9,4.41023712857399,-1.41287733349674,10.2610300969898
0.486281954296681,17.2660625652932,23,19.3242742728207,0.502502109888419,17.3537676347602
-1.98897339952141,8.53262197999673,8,4.16494167142501,-1.22687016810405,10.7930544039991
-0.416224436668518,13.3046125708792,10,11.9351731256469,-0.222985275634856,14.1740430547713
-0.308041327259411,13.7348042678477,14,12.7130271470062,-0.0345149083429653,14.9815014253487
-3.80418702536706,5.54731691182602,6,1.19743140702706,-1.57509284213264,9.80912777433197
0.000996831717390815,15.0772195056079,14,15.2166857218546,-0.131725559661377,14.5602989913509
0.223416260528423,16.0831076579784,13,17.1110036264927,0.792808767949741,18.6445496460239
0.61046512121528,17.8246754430097,17,20.3668041643303,0.936929257981567,19.2660691523207
-0.0154635421298348,15.0031073306703,15,15.0770034161741,-0.309483442294543,13.8196434663757
1.44993784735879,21.1696512545312,23,26.3815801163708,0.957262820420487,19.3514077723963
1.8391046895673,22.1186539833244,19,27.6952071068587,1.45605024357432,21.1415554599864
-0.701561589247287,12.2856693984096,13,10.1706323648957,-0.429692685278976,13.3505374201496
2.65538213754178,23.3202389621725,23,28.5306236452677,2.44088026196543,22.9981958300183
-0.780799471538971,12.0258605316398,11,9.73709012554575,-0.712089966689104,12.3596188854255
1.37576121556847,20.9397732742926,22,26.0098237500775,1.8373727207099,22.0593767166083
0.616007446492758,17.8496044596465,17,20.4133192128433,0.825186440326741,18.786275647238
0.943211950288028,19.2969487618973,20,23.1028013805344,0.727491839245787,18.3561799208374
-0.727434161515889,12.2000096778829,13,10.0271013408026,-0.517249125958701,13.0273501089745
1.52947898268448,21.3975467540085,25,26.7342066167202,2.08856210911832,22.500587567801
0.937377248681001,19.2720163018384,19,23.056902043988,0.896420411468164,19.0940884075364
-0.342837063384069,13.5936650016023,12,12.455923338125,-0.54928943699534,12.9129124668847
0.953411395577217,19.3404089600156,21,23.1827435185818,0.832318075951621,18.8173571426884
-0.879426685469047,11.711405246654,9,9.21840306418476,-0.961215799614733,11.5787985312761
-0.823345762534686,11.8891569434786,10,9.5109074782452,-0.481564832621648,13.1571884942674
0.5872038069452,17.7200305330178,17,20.1715359270173,0.593398666743143,17.7589440020236
-1.25775733924998,10.5596370774419,11,7.34797637351236,-0.932709566446169,11.6653912006577
0.671258299087608,18.0979282106735,19,20.8765905964461,0.592775382606348,17.7561630726783
1.81462630789186,22.0699901734498,19,27.6398974668447,1.20985339210488,20.339438329768
1.0070627413583,19.5662247878361,20,23.5966061998485,0.778344394619958,18.5809428671323
-1.37184949273249,10.2244294412027,9,6.80890233713524,-1.57170422294075,9.81843969541604
0.93657025173083,19.2685639317778,18,23.0505443056533,0.478528774040342,17.2471129844877
-1.17715784470074,10.7995995331725,13,7.7352479382548,-0.763761852075208,12.1923591440504
0.566535785184653,17.6270418685381,16,19.9980067906036,0.912292828951677,19.1617712598539
-2.2274013341377,7.94533637521968,4,3.29856292501686,-2.40250199278806,7.74701653363877
0.969043011984237,19.4066998785556,20,23.3045114887217,0.618582971217294,17.8713115770895
-0.0107024198444419,15.0245301477499,14,15.1173749469213,0.00132948731582011,15.1384387487394
0.974488743488713,19.4297012913814,21,23.3467117209473,0.804482285456527,18.6957579244734
-0.605779876606714,12.6111336585188,16,10.722178160376,-0.404040909994741,13.4481941685921
-1.36151726829168,10.2545638439909,10,6.85726058855495,-1.9296998679161,8.87044791785403
-0.918394210959578,11.5892934988842,8,9.01832058527664,-0.587551090322201,12.778807311877
0.701348865440083,18.2329154045763,21,21.1283133456486,0.21602711015445,16.0850469890365
1.40563548664312,21.0343795021889,22,26.1645439086671,0.948836180000667,19.3161265214798
-0.0212003274818377,14.9773107928823,14,15.0283957644745,-0.432706465103804,13.3391527103145
0.642507883273761,17.9687636212174,19,20.6356383594355,0.577070372602108,17.6860968624689
1.19327647920569,20.3043314979798,18,24.9233753048494,1.17391562410398,20.2082214295857
0.654768779185417,18.0238648771573,19,20.7384280686465,1.04158779681028,19.6971646749821
3.36340347528106,24.1165302966025,24,28.7508060822171,1.56278290356939,21.4358129798607
2.0187739292368,22.4426380495184,21,28.0196891468737,2.17648089717258,22.6349184583872
0.905130839236753,19.1333491552955,19,22.8011609174031,0.449588109541606,17.1185052572998
-0.790480440224214,11.9945999717615,11,9.68526258165633,-0.566087289234669,12.8537019623214
-2.03739493817084,8.41006372207526,7,3.98119302833001,-1.18417219166014,10.9171564849365
0.294792512166114,16.4049736470503,16,17.7146828919785,-0.0404334750840568,14.955654398115
0.647655978588934,17.9919022959053,19,20.6788041771957,0.832371627157167,18.817590333078
-1.9876386979789,8.53602163317901,8,4.17005672818579,-1.73829492351716,9.36796404145099
0.279200797070373,16.3347344622368,15,17.583067143447,0.0245348796809113,15.2403417807105
0.664967693669146,18.0696800477231,19,20.8239018166392,0.347543442631307,16.6662446530545
-1.82065081291504,8.97032934443367,11,4.83097440337674,-1.20620372499336,10.8530278002148
-0.0238547767329804,14.9653808651329,14,15.0059190471815,0.32333234388842,16.5591625376277
0.636146167795336,17.9401652084151,19,20.5822848606165,0.766970377697875,18.5308147482123
-0.332528821537324,13.6352085982115,13,12.5314192477433,-0.716011010581314,12.3468039327498
-1.37013932910776,10.2294140509128,9,6.81689983224893,-1.01303005131759,11.4227259988791
0.281850231513839,16.3466725002243,15,17.6054415332926,0.338872587058348,16.6278873969613
-0.776926891360175,12.0383923384544,11,9.7578854633974,-0.94350589017417,11.6325305954695
0.281870443882242,16.3467635705999,15,17.6056122103203,0.147702302232258,15.7833159622281
1.41744655208537,21.0710302715634,24,26.2238566668873,0.911635084169629,19.1589738696527
-1.9320422394877,8.67864027152184,9,4.38547632572194,-1.38700617395573,10.3341838909745
-0.957118785319404,11.4689260952734,8,8.82166190149018,-0.565117257008376,12.8571068004405
0.674357257413209,18.1118410119055,20,20.9025395802746,0.609604318616838,17.8312512640766
1.03944966914841,19.700035195139,22,23.8404565544799,0.411774649880763,16.9507100122318
2.59910522322902,23.2519055142345,23,28.5055190029211,1.36681851910678,20.8708045996447
-1.80792167384446,9.00417474174818,11,4.88308425804107,-2.07248302072854,8.51400284420694
1.22480490752691,20.4209077436727,18,25.127689080306,1.96456615151606,22.2949855119525
-0.463942003194103,13.1230218255623,10,11.6124143202806,0.0849670145092745,15.506459920805
-1.34895953014807,10.2912501891192,9,6.91616304929359,-1.23272866300135,10.7760849157903
0.822802753659565,18.773613579574,15,22.1347690289975,0.680231209000032,18.1461440237954
-0.819404438251112,11.9017488899571,10,9.53169328285954,-0.415352775065025,13.404963093895
-3.56487197928452,5.8048375406009,6,1.27435339679231,-2.77965275087708,7.01576957786239
-0.329458995936397,13.6476244732094,14,12.5540121375571,-0.417877182602022,13.395351300534
4.24418097930042,25.0032342057635,25,28.9467377521996,2.16691143831539,22.6206945130533
0.638871916121368,17.9524191563245,18,20.6051462627185,0.559237856028827,17.6065595241258
0.0605265742842779,15.3461053918118,17,15.7236722720314,0.0483199895152851,15.3449769948447
-0.266455098515035,13.9067810252058,16,13.0285210728393,0.124353236334687,15.6802369795686
1.28538064913619,20.6371300835113,20,25.5013126107277,1.17430766728336,20.2096712365721
-0.261975036159598,13.9255134104731,15,13.0630209734617,-0.361632830284515,13.61258869737
-0.761399894996865,12.0887981485266,12,9.84164040065849,-0.33052485974645,13.7354660392591
-1.14179127329788,10.9057209759963,14,7.90685626858683,-1.08052751595878,11.2216612668099
-0.32954433800444,13.6472790359953,13,12.5533833692765,0.216358193081336,16.0865092717296
0.883203778893505,19.038275671181,17,22.625411891455,0.778148496406349,18.5800802940251
-1.19076243942609,10.7589131303963,13,7.66950980331799,-0.698056266178293,12.4056595972808
1.35256865842925,20.8644521421129,22,25.8850881496509,1.22701820803947,20.4008907119696
1.44085653201165,21.1424117509606,23,26.3382999538625,0.972268331021323,19.4139259161182
0.567559148164427,17.631646147647,15,20.0065991973744,0.668365785475683,18.0932984016214
-0.270577572677388,13.8895783208913,16,12.9968608105207,0.0624374926707943,15.4071528914259
0.0220966877614099,15.1723960726633,15,15.3961230087867,-0.0304564635796664,14.9992369130218
-0.394863533314019,13.3875236760272,12,12.0837065167984,-0.467802256674247,13.2079506281512
-1.20715926739151,10.7099751842849,12,7.59047985609108,-0.847899704652267,11.9266216686469
0.201100327434878,15.9822991062901,12,16.9216288608168,0.265746726219298,16.3046657802911
0.277270664242063,16.3260368252532,15,17.5667647353357,0.00617693021298556,15.1597083856083
-2.00183875382327,8.49991084673547,8,4.11577392571289,-2.07289800949652,8.51298574301502
-1.96873733462181,8.58428784305048,8,4.24277884965831,-1.84963092235201,9.07585852022151
0.298657689981656,16.4223803962876,15,17.7472900592229,0.292412453405911,16.4224871320109
0.928551126767067,19.2342063191569,19,22.987245546266,0.121695817736762,15.6685074189639
-2.10036474385594,8.2530235394651,6,3.74774132450144,-1.88557954858382,8.98314918116852
1.81005069591051,22.060756696822,19,27.6292207439818,1.61311863454161,21.5638242302379
-0.317915768368956,13.6944904814828,14,12.6394145237713,0.095559283998622,15.5531771537702
0.0678357835788178,15.3791798762008,18,15.7860338351594,0.338032766837823,16.6241727413039
-0.0583232923009982,14.8108833326755,13,14.7150164787976,-0.581614777654756,12.7994369081159
0.122232150222102,15.6254655043281,19,16.2502059662805,0.461088267010301,17.1695907029649
2.57904986618178,23.2272849928647,23,28.4960632154757,1.6679001462298,21.6957147272308
-0.420435292932188,13.2883872103569,11,11.9061911169746,-0.795978828750692,12.0897176076315
1.42317492816443,21.0886521573178,23,26.2522436624593,2.08880443473135,22.5009697338015
-0.0038454740954781,15.0554034822815,15,15.1755634092925,-0.215932321731225,14.2034852775737
0.650795526575162,18.006011392203,19,20.7051241515138,0.30361978150648,16.4720184790195
2.08363373934843,22.5476528499463,21,28.107792633327,1.36755452792132,20.8731313674862
-0.783033126852837,12.018639408919,11,9.72511223429587,-0.568240806612414,12.8461493205386
-1.28372228615488,10.4828856656021,11,7.22433789637414,-1.55817099011373,9.85568670501053
-0.293463242900176,13.7946918692351,15,12.8226290860341,-0.437993044836663,13.3192275175884
2.09358606935619,22.5633043833192,21,28.1202016667711,1.2146975310613,20.3568618033046
0.965493585475833,19.3916817866915,19,23.2769438018666,0.593203391611871,17.7580727347194
0.281913615550278,16.346958087922,16,17.6059767579567,0.507570769869584,17.3763309586658
-0.308491218414159,13.7329630878464,14,12.7096622003474,0.137101589550349,15.7365133692678
0.904944729471761,19.1325447492784,18,22.7996752307816,0.409467993683215,16.9404828753008
-0.765264971902037,12.0762264717167,12,9.82073414656492,-1.22057475034975,10.8113050262173
-0.877114110813823,11.7186860105222,9,9.23035320510049,-0.491240385994188,13.1217310994912
-0.0542086842251011,14.8292816363636,13,14.749638058696,-0.217261768179564,14.1979297877491
-0.0522965919290212,14.8378359128552,12,14.7657374607957,-0.407014791698821,13.4368033194801
-0.842506774719605,11.8281347406843,10,9.41030431011652,-0.584501918815487,12.7893956798594
0.88359570933362,19.0399801939093,18,22.6285654368811,0.746315621490894,18.4395613906895
0.90440216907935,19.1301994314812,19,22.7953434461628,1.12354225817427,20.0186645307151
0.517738057897301,17.4075212288112,14,19.5883159176738,0.55638899000125,17.5938556757331
-1.96278452328569,8.59953593908175,9,4.26579205576525,-2.13866909675269,8.3532452335972
0.910548337281189,19.1567448884153,18,22.8443610760554,1.14250664062702,20.0907812498137
-0.88560263059979,11.6919805709108,9,9.18653255884895,-0.900551914541571,11.7637673771654
-0.347020485377696,13.5768706270992,12,12.4254478042848,-0.0431504385941586,14.943796201243
0.303567984991338,16.4444908070075,16,17.7887027724542,0.398011338858901,16.8897006915881
0.0151827191203445,15.1411896804257,17,15.3372844708401,-0.0534530567459817,14.8988728763152
0.593945326074722,17.7503604509906,17,20.2281334432006,-0.0951263295682547,14.7179449752463
-1.36430548187955,10.2464273938229,9,6.84420137703984,-1.27204532765599,10.6625604029671
0.876147977717914,19.0075589516144,18,22.5685671965735,0.614265878739821,17.8520501851118
-0.704065432160295,12.2773415966842,13,10.1566508382762,-0.999391724458592,11.4636513805821
-1.4460225715348,10.0094881967563,7,6.46469569128214,-1.55803939018667,9.85604935261347
-0.0291940481803378,14.9413971373914,14,14.9607373973159,-0.211116159020535,14.2236332564255
2.50470880038675,23.1346523555682,23,28.4583147657532,2.17942194811654,22.6392717945855
-0.299022877039016,13.7718009024059,14,12.7807013937015,-0.106439326570041,14.669077582768
-0.723214396995246,12.2139224331823,13,10.0503716204648,-0.649108739954984,12.5685088589365
0.870190801637841,18.9815805718854,18,22.5204689029765,0.507902732230285,17.3778088587152
-1.23404442161568,10.6299664462096,12,7.46136888130244,-0.833644580787616,11.971135214254
0.272062727446705,16.3025656945337,16,17.5227665030489,0.827502123800407,18.7963737199442
-0.600446175860538,12.6296904997695,16,10.753947499569,-0.719710780894517,12.334731378943
0.385725490303154,16.814053786457,19,18.4800776826747,-0.372151971541274,13.5714720812954
-0.342455675334402,13.5951979688408,13,12.4587063871226,-1.17204831811516,10.9525328230636
-0.786284718364408,12.0081365697218,11,9.70769715856573,-0.568002213507691,12.8469856703699
-0.0852684680464238,14.6907489982517,11,14.4891238963841,-0.523198340418818,13.0059502280968
-2.78309398711871,6.82411816776161,9,1.89174765166953,-1.5835510386929,9.78591016382962
1.24039703138571,20.477554164426,19,25.2262805647934,1.49798059990827,21.2609403388867
0.0374526579875286,15.24176185969,17,15.5269192685681,0.195275888111728,15.9933985739933
0.297942112316523,16.4191579658962,16,17.7412539404018,0.446519198630088,17.1048770194619
0.318179668731569,16.5102664930532,16,17.9118644624567,0.306174186980181,16.4833090471489
-1.27610397442078,10.5053771638344,11,7.26055739061615,-0.803344277131266,12.0664136584861
0.340490344572629,16.6106516143991,17,18.0997325648438,0.694791162525428,18.2109375643472
2.01119614555728,22.4300060172277,21,28.0085208291798,2.23509110032729,22.7201378140895
-1.55820401567423,9.68951476606844,5,5.95529180248845,-1.12288977249731,11.0966207761651
1.30489427536418,20.7045327316697,21,25.6161632093781,1.11874494511216,20.0002806926453
-0.055880743755297,14.8218035039235,13,14.7355650884692,-0.462821552950534,13.2264167185312
-0.60063673489975,12.6290266595607,16,10.7528103761273,-0.446786342396851,13.2862127641647
0.000723692487637324,15.0759886458714,14,15.2143655114383,0.168773966678534,15.8763609269968
0.0375039507810032,15.2419936745525,17,15.5273563952026,0.166196439289313,15.8649787883077
-1.95284213518851,8.6250535086341,9,4.30434596760922,-1.90568178621567,8.93165170153517
-0.315116572292353,13.705897811577,14,12.6602303080057,-0.598101646728524,12.7422988343234
1.34512314249797,20.8399261955149,22,25.8441935236139,0.866313251000352,18.9647472349548
1.26317635938385,20.5590853576985,20,25.3673233113956,1.482012930818,21.2160617109792
0.0194260493779702,15.1603400428554,16,15.3733913614925,0.030102202532478,15.2648183407668
-0.303050433104056,13.7552577394433,15,12.75042679814,-0.364784923458852,13.600244700988
0.67030493349831,18.0936476356555,19,20.8686066494758,0.598445310255197,17.7814611385099
-0.359207488787602,13.528162406174,13,12.3372081172553,0.742713947506784,18.4236223897495
-6.74189540090494,3.06554316249975,3,0.646660096585063,-2.0929718520851,8.46392210180574
0.935222465736204,19.2627959139273,19,23.0399210421019,0.916466336181113,19.1795060115222
-0.871029232775903,11.7378623523354,9,9.26183971189983,-0.308428138240604,13.8238873364354
-0.872860608827434,11.7320878837654,10,9.25235653273976,-0.397035773602069,13.4750974723955
-0.209830329012114,14.1462920204775,17,13.4714073358758,-0.349811502492003,13.6590587934802
-0.364292026010853,13.507936628174,13,12.3006327070611,-0.716422271732539,12.3454610465587
2.23714648412484,22.7774974804587,22,28.2717898633593,1.84086648654458,22.0662369287809
0.320633310433792,16.5213091588084,17,17.9325361743365,-0.162002455038241,14.4309635786805
0.914816244647658,19.175148670029,19,22.8783294112774,0.750765726568183,18.459244627663
-1.85658667825868,8.87535231344938,10,4.68520386027003,-1.6135042031927,9.70398682302824
-0.361128885571936,13.5205126371287,13,12.3233700385017,-0.331394500882264,13.7320052187697
1.41427557230333,21.0612323717856,23,26.208036175013,1.03434138346779,19.6680120613503
0.592714762886081,17.7448242701504,16,20.2178026683383,0.559115987433989,17.6060160621253
-1.35987682502975,10.2593524647861,9,6.86494720586794,-1.42350874040217,10.2310503985155
-1.35068264200101,10.2862123264209,9,6.90807250778248,-1.3391359609794,10.4702722668649
2.08093694767333,22.5433915572928,21,28.1043818740702,1.82515925267274,22.0352083721119
-1.3826896036966,10.192863197034,9,6.75827103754798,-1.63951122095294,9.63324198617892
0.372834347879544,16.7561011665284,18,18.3717497972519,0.0488069307475713,15.3471207819021
-0.328720794407485,13.6506131241868,13,12.5594525501817,-0.389311586951425,13.5048784868559
-0.782368232065529,12.0207883919775,11,9.72867644824465,-0.397735820824202,13.4724044203573
-0.28875716623332,13.8141177599191,15,12.8582426961119,-0.653352279247552,12.5542444497646
0.241783971350862,16.1660170239701,13,17.2666446386281,0.924199485651383,19.2122965804127
2.36579212681349,22.9546568888027,22,28.3734449920631,1.49791314535049,21.2607522558927
-0.32098800339371,13.6819894816537,14,12.6166157906281,-0.811348468730038,12.0411538571798
-0.91982436976106,11.5848314370344,8,9.01102094045675,-0.564739430650255,12.8584334553978
0.615070177825456,17.8453888357626,17,20.4054533676828,0.493780256233989,17.3149527710046
-1.94149317945601,8.65425778072047,9,4.34853327278685,-2.22923117187988,8.13837483889908
-0.66464243062345,12.4094699189394,14,10.3792187678752,-0.833175418380216,11.9726035173577
-0.078775531602933,14.7196387244981,12,14.5434161802142,0.013763466182726,15.1930155129026
-0.0447558922166284,14.871597782924,13,14.829290744282,0.150855879641563,15.7972400909161
0.406902362927761,16.9092423434801,20,18.6579518000278,0.347889408766892,16.667775286846
-0.349795393757658,13.5657516557761,13,12.4052852668802,-0.357959800460039,13.6269977752886
0.84787473462157,18.8839215638065,16,22.3394847683035,1.6667736778764,21.6930780655121
1.35171980220239,20.861664421538,22,25.8804466074752,1.93126039100742,22.2359546376981
-1.19105185737452,10.7580483977141,13,7.66811296321357,-1.15837659653927,10.9925004634964
1.33405163041523,20.8031470378557,21,25.782623093329,1.21172412741039,20.3461745198167
0.324362734154251,16.5380921607065,17,17.9639509734115,0.807070778701318,18.7070966889083
-0.383427680397617,13.4323253958778,13,12.1642503184694,-0.491278375132415,13.1215922557732
0.314040175667705,16.4916349719311,16,17.8769832230103,0.217178035981044,16.0901302503707
0.769554252839292,18.5376278215649,23,21.695993400793,0.952872738949858,19.3330422955058
-1.2911093544239,10.4610991118927,11,7.18926325078675,-1.16826218451759,10.9635931467769
0.374269738822062,16.7625544221519,19,18.3838139515778,0.785063371902544,18.6105099566654
-1.31614490981505,10.3874261146393,10,7.07072769607408,-1.04264343605025,11.3342193878463
1.73216259772667,21.8965391870158,18,27.4300733491757,1.88706892270382,22.1548010652605
-1.84762948245809,8.89894704340151,11,4.72135336910782,-1.98047578727677,8.74222878103759
-0.245397249667048,13.9951635506366,16,13.1915135645561,-0.788976633164452,12.1119267133996
-3.60818434330066,5.75720657539127,6,1.2589128782161,-1.3008279017645,10.5798457416353
0.623764917172404,17.8844931655329,18,20.4784159051644,0.580991678478354,17.7035901401507
0.0940560621959004,15.4978786743411,19,16.009797643091,0.426643832478446,17.0166593123031
0.362077128664048,16.7077348365047,18,18.2813185957713,0.502497011143037,17.3537449398021
-0.290960271182455,13.8050181081413,14,12.8415565456518,-0.535640390627288,12.9614190214253
-0.10495354064678,14.603415215466,11,14.3251322747006,-0.338796040491266,13.7026094183833
0.987089026756191,19.4827308824247,22,23.4438995798732,0.770408193247813,18.5459758216561
-1.37253751117683,10.2224244306758,9,6.80568560058514,-1.30792919454055,10.5594892417917
2.25076706049946,22.7968339938781,22,28.2838702355171,1.12798166254977,20.0356264669958
-0.131313843783614,14.487128729333,10,14.1071381317854,-0.43996456094596,13.3118115628565
-0.0392327773882702,14.8963520517796,14,14.8758999710506,-0.599370084577257,12.7379229525121
-0.662702464459457,12.4160294778792,14,10.3903105708176,-0.27340248812891,13.965900557583
0.358953703613314,16.693689968663,18,18.2550546388052,0.349723107399705,16.6758882346079
1.04690671144189,19.7305543662631,23,23.8958939515346,1.20984281919829,20.3394002317972
0.959050802999004,19.3643695680976,20,23.2267803885434,0.730101906243776,18.3677524839629
0.0419302790630049,15.262000810558,16,15.565083018126,-0.0898684939568554,14.7406955256707
-0.393237941176589,13.3938745821406,12,12.095111791013,-0.282254790321098,13.9297995393578
0.934426798388797,19.2593895116814,19,23.0336466316028,1.06912283332173,19.8068990101025
-0.396678478700582,13.3804398952947,12,12.0709899307135,-0.0414092127884585,14.9513952655844
1.48136247245293,21.2619700742894,24,26.5265458816529,1.2718955420185,20.5577382506531
-1.84795380816029,8.89809180619454,11,4.72004232182095,-1.56497858929951,9.83693891448995
-1.28444942611708,10.4807401512232,11,7.2208833624337,-0.71307421630454,12.3564001292551
0.0852325123047505,15.4579280453438,18,15.934494005907,0.263376576397935,16.2941949461341
-0.0350077001346302,14.9153025647268,13,14.9115876990043,-0.152992314613521,14.4693408672841
0.278669685783413,16.3323412066466,15,17.5785814482077,-0.0720855618377512,14.8178127064742
1.22481429477326,20.4209420502428,18,25.1277489323695,1.42317231401882,21.0444522343931
-0.304104656451172,13.7509330594152,14,12.7425161522329,-0.108562088414236,14.659921347302
-0.268318094659556,13.8990028014212,16,13.0142031708025,0.166947500615847,15.8682953936742
-1.3640665550166,10.2471244904836,9,6.84532017078611,-0.962119685302379,11.5760616779241
-1.92878536537271,8.68705582549119,9,4.39823790655512,-1.74826514892133,9.34150282311249
0.0759201637875306,15.4157706610009,17,15.8550204745561,0.138166384975661,15.7412142386334
0.279461673498954,16.3359099888081,15,17.5852704130966,0.0591431639916253,15.392640073847
0.611410235116775,17.8289266482695,18,20.3747365714188,0.475136202029309,17.232028556705
-0.381010081581328,13.441833655314,12,12.181369892037,-0.732907511612643,12.291818937508
0.335560856410876,16.5884762742567,17,18.0582417163629,0.137469085330886,15.738135786501
-0.7299201599373,12.1918235291083,13,10.0134166842685,-0.766807448650725,12.1826048467217
0.509660489658896,17.3711920067961,14,19.5205087472214,0.516789021771349,17.4173777463395
-0.380935652997551,13.4421265825048,12,12.181897448111,-0.180668859854085,14.3517804616417
-0.638588914908192,12.4980436914623,15,10.5293458121988,-0.46354968420971,13.2237139878338
-1.26477956747434,10.5388530643096,11,7.31448418622255,-1.12314862650369,11.0958592620723
-2.14054910812804,8.15428820572421,5,3.60227458058644,-1.15774563770105,10.9943469285844
-0.68028450970302,12.3567818475783,14,10.2902744646536,-0.686190942488182,12.4448054973712
0.383997843899503,16.8062875188353,19,18.4655622067778,0.374694347373059,16.7864139114462
2.21597735946481,22.7471382239209,22,28.2523067994512,2.35912957032193,22.8911547213466
-0.134737385394663,14.4720868795989,10,14.0789746392278,-0.492955498904757,13.1154655570246
0.668951421568084,18.087570078951,20,20.8572709057959,0.949675832974831,19.3196474950997
-0.787552952386747,12.0040430118458,12,9.70091150526316,-1.0177753329949,11.4085112899508
0.412964155562541,16.936488017104,20,18.7088527640351,0.129336040624819,15.7022318803882
0.366915038765215,16.7294878034693,18,18.3219930628745,-0.00234071278106286,15.1223412206114
0.353665707401376,16.6699102207442,18,18.2105820693311,0.56545816738675,17.6343004229867
-0.926900182641961,11.5627744884567,9,8.97494834297348,-0.832259153616913,11.9754716965865
0.210408754723341,16.0243585415877,13,17.0006575780444,-0.15063638177928,14.4793916652036
-0.450988033999274,13.1718273103173,10,11.6988115209306,-0.581375401216703,12.8002701185667
-0.775760759639047,12.0421690508606,11,9.76415468529006,-1.53849980165937,9.90998917609015
-0.0311518812590158,14.9326070180166,15,14.9441799927704,-0.25671255816136,14.0343356980413
-0.390291678008991,13.4053999924961,12,12.115820098847,0.0828939635870473,15.4973185951112
-1.09886527741966,11.0352271608519,15,8.11657308596427,-0.617666534018171,12.6751164921158
6.91441259481809,27.0971301085479,27,29.3934076000395,1.61912893464534,21.5786660334996
-1.09465329314097,11.0479772085255,15,8.13723814410047,-0.727020594785136,12.3109331948225
-0.631589361909982,12.5220215518373,15,10.5701210867257,-0.621301140110814,12.6627086505585
-1.36135456246711,10.2550387477124,9,6.85802287111622,-2.13027939728411,8.37345672421915
-0.788997345424118,11.9993828338838,11,9.6931879634164,-0.692007214345118,12.4255910360087
-0.751623267731131,12.1206720336593,12,9.89469763574619,0.164078612454537,15.8556267718118
-0.809759923705231,11.9326214203818,10,9.58269505463494,-0.889673945736187,11.7972236443503
0.272238245120221,16.303356787923,15,17.5242495846962,0.292326494180492,16.4221072630479
1.33270825429354,20.7986593277237,22,25.77509074457,0.788191999445981,18.624265565899
0.618025781562266,17.8586822550396,18,20.4302571680206,0.736914951803838,18.3979440154102
-0.0519619932823215,14.8393331173194,13,14.7685553915237,0.0413336189967802,15.3142258491984
2.47288157970757,23.0942710388121,23,28.4406837704415,2.43132627463418,22.9858856791064
0.35179811964856,16.6615112953817,19,18.194873177963,0.292025293686581,16.4207762086307
1.30576416346413,20.7075113672787,21,25.6212191428282,1.00263036836654,19.5391554487324
-0.302307556990611,13.7583065792602,14,12.7560046126931,-0.407485513750457,13.4350019759995
0.0496576626994515,15.2969402599605,17,15.6309666999499,-0.484272887825216,13.1472453689232
0.272236714465135,16.3033498889746,14,17.5242366506528,0.164621587266022,15.8580244588325
-1.84198050293752,8.91385421799149,11,4.74421439574402,-1.31339611801402,10.543831582102
-0.828605666448286,11.8723739225134,10,9.48321763125351,-0.249210778100111,14.0652499548945
0.0662047734490781,15.3717987854839,18,15.7721171920415,-0.213880972336383,14.2120626721328
0.548153554668741,17.5443397866671,14,19.84366635276,0.682693732890106,18.157106944223
-1.36611104751945,10.2411602364553,9,6.83574832658547,-1.75691466124995,9.31859449966318
-1.37855483357116,10.2048975752174,9,6.77757077655538,-2.08659914619347,8.47946908571972
-1.82423819038027,8.96081012447242,11,4.81633366550644,-1.6306260310084,9.65737067417271
0.26277406127816,16.2606926878091,14,17.4442538785077,0.234805704701224,16.1679883839792
0.231805360774647,16.1209821406237,13,17.1821154658983,0.0688895074351254,15.4355830353739
0.30494123143493,16.4506737670676,17,17.8002823275894,-0.193192469147719,14.2989132624656
2.10468254918942,22.580619582712,21,28.1337140012019,1.45135410394121,21.1278744856388
-0.297302450497339,13.7788777307561,14,12.7936590125331,-0.268469482463475,13.9860778027244
-1.80731448574525,9.00579185291751,11,4.88557617705851,-1.85342381385702,9.06603960316045
-0.85223935601268,11.797258264205,9,9.35947738582603,-1.11370958385707,11.1236472968341
0.692903192401767,18.1950533459367,21,21.0577193141563,0.978273504504218,19.438831851464
-1.26829941601194,10.5284426079187,11,7.29771149552325,-1.35175482069914,10.4343078077129
-2.00578838668779,8.48988995455858,8,4.10072949160613,-1.40471448084836,10.2840811994283
0.712918431309582,18.2847438887961,22,21.2249316424235,0.753998648612003,18.4735366663841
-0.0740526291894751,14.7406771776108,11,14.5829662185858,0.150180148547185,15.7942564729763
-1.34863479963606,10.2921997435739,9,6.91768805014584,-1.5060174695001,10.0000666204928
-1.36765475590997,10.2366580692941,9,6.82852352333203,-1.77342063428567,9.27500189898241
-0.635291830931133,12.5093284470486,15,10.5485287213232,-0.168587682383583,14.4029780681021
0.339456217894891,16.6059997825968,17,18.0910292636792,0.749706418732512,18.4545602773367
0.25798561616348,16.2391009848601,14,17.4037595172566,0.612740689145595,17.845245161566
1.24159019057497,20.481861031175,18,25.2337570229317,1.19031856388758,20.2685367386606
1.32114673757742,20.7598133149687,20,25.7097161148012,0.80467899062799,18.6966197931004
0.256397471906333,16.2319389962194,14,17.3903260528994,0.0616225993892488,15.4035627499734
-0.0290935422022892,14.9418484451742,14,14.9615875264925,0.224713208285712,16.1234110963201
0.992810843377437,19.506721577207,22,23.4878178604002,0.430097936312991,17.0319851365657
4.21404147503719,24.974517598597,25,28.9405504435048,1.96488549317901,22.2955430657791
0.902036678202999,19.1199697183823,18,22.7764469538814,0.973385099378605,19.4185626095722
-0.331000953997175,13.6413855224566,14,12.5426575552618,-0.201827906991599,14.2625864727888
-0.707912674669153,12.2645618254898,13,10.1352066376821,-0.71936761467593,12.3358503689589
0.594823453442552,17.7543110295732,17,20.2355053803774,0.528099304899321,17.4677590262205
1.54526862966435,21.4405345430674,26,26.7986261045494,1.7271139882776,21.830039785855
-1.22484182112301,10.6573204351442,12,7.50549696534957,-0.325557134521292,13.7552635282006
0.351202549530496,16.6588328355569,18,18.1898633810023,0.962180984549944,19.3719425694972
-1.68250235816455,9.34337473174599,13,5.40993403678013,-1.49612169708693,10.0276077197449
0.615390011639318,17.8468273835705,18,20.4081375272485,0.824066086520415,18.781388137351
2.16577262152581,22.6735416649392,21,28.2023885134862,1.86995419436442,22.1224534561793
0.962149913868263,19.3775156072322,21,23.2509297609323,1.1184470957673,19.9991374451213
0.20448047032501,15.9975736797938,12,16.9503323314962,-0.452814700771507,13.2636708704433
2.36278549169777,22.9506442100348,23,28.3713558041131,1.72263752632388,21.8201716283446
-0.90894290255776,11.6188151630836,8,9.06663571718696,-0.522744292954516,13.0075810259747
0.179562734652484,15.8849303582041,12,16.7385803507618,0.182931866825985,15.9388835046117
-1.72522567294389,9.22666207447076,13,5.22773478757171,-1.17875038810033,10.932969147457
-0.714353326447541,12.2432105964512,13,10.0994110126422,-0.657180525527527,12.5414005637154
-0.784073409907642,12.0152780564654,12,9.71953786932951,-0.55932094012345,12.8774886740124
1.0249421404602,19.6403445069065,23,23.7318208543723,1.08483379908834,19.8687497249126
-0.771415266973216,12.0562552970017,11,9.78754616467402,-0.840761189452452,11.9488887139344
-1.19905823901324,10.7341400164263,13,7.62949815756056,-1.48081088333605,10.0703084960692
-0.251080745952647,13.9712262770705,17,13.1473156982157,-0.063957230577155,14.8531440753828
-1.08365923829116,11.0812939610043,15,8.19125334621881,-1.31339049562758,10.54384767886
0.332385811157679,16.5741920276306,17,18.0315125302063,-0.241971959500086,14.0951688631768
-0.917896986529334,11.5908451395152,8,9.02085914646323,-0.301153140354073,13.8531999731983
-0.739694297691823,12.1597110103184,12,9.95978662668612,-0.430056684014169,13.3491614038522
1.29247864369652,20.661776689668,21,25.5434056910708,1.85078140967892,22.0855780163575
2.25091760217926,22.7970468724232,22,28.2840018241171,2.06767780175882,22.4673839961754
1.0282790963406,19.6541107112146,22,23.7568959691537,0.890765658124555,19.0698884327526
-1.98003886441927,8.55540106208317,8,4.199232745379,-2.39992810996294,7.75260949468423
-0.310047995961256,13.7265952320806,14,12.6980264608815,-0.501852203917182,13.0830595576212
-0.669767886397813,12.392166217292,14,10.349979011262,-0.352530199512724,13.6483469382909
-0.0170267926161629,14.9960760751145,14,15.0637539289703,0.415313819070769,16.9664036488492
0.0253946622953221,15.1872874355262,16,15.4242013115395,0.334055603116705,16.6065821747538
0.148034825015178,15.7422817005851,10,16.4701807285792,0.301448261166911,16.462420656882
-0.082057607598866,14.7050305004162,11,14.5159604668705,0.265246242116896,16.3024547267189
-0.772700043263417,12.0520885110525,11,9.78062539124138,-0.916752242314091,11.714111740199
2.01009720163691,22.4281674420502,21,28.00688507444,0.770400703407507,18.5459427998064
-0.341061484183923,13.6008045122055,13,12.468886682367,-0.555431283953724,12.8912014450979
0.939285036438695,19.280174093,19,23.0719230610584,1.25004459603217,20.4820647879731
-0.854723958737837,11.789388282524,10,9.34653023219707,-1.2107725598753,10.8397541170266
-1.22091866752529,10.6689919515624,12,7.52432995339548,-1.37913086218527,10.3565076925312
-0.269665696217819,13.8933806342659,15,13.0038568143222,-0.491141450991231,13.1220927034387
0.310551166097928,16.4759295710101,16,17.8475768994361,0.064248148751906,15.4151305178607
-0.839461103465443,11.8378132473758,10,9.42624688111035,-1.14762755441435,11.0239804296526
-0.0289590990861547,14.9424521525845,15,14.9627247322232,0.382398390414681,16.8205308674675
0.623681974411587,17.8841201630826,18,20.4777199554221,0.633664922296443,17.9385940262787
1.06078800845026,19.787063256926,23,23.998386673164,1.64186070961649,21.6339644769526
-1.28663928674571,10.4742799852475,11,7.21048228655527,-0.543706209991576,12.9327111405556
-0.0467795321119228,14.8625333074469,13,14.8122259000533,-0.403604993420473,13.4498653809768
-1.23552915038894,10.6255563687823,12,7.45425574845813,-0.387649521362802,13.5113025628136
1.24422127809367,20.4913441812527,19,25.2502092338277,1.29112536525113,20.6232284296271
-0.78973727514245,11.9969963439367,11,9.68923327139392,-0.821441295865817,12.0093968492462
-0.57329440313657,12.7249394564257,17,10.917595934872,-0.712976871989269,12.3567184115131
-0.310323666992684,13.7254681523432,14,12.6959673447977,-0.0204104818795539,15.043177231201
-0.27594102626419,13.8672470760899,15,12.9557943675837,-0.0187649861793207,15.0503795868647
-0.794662670760566,11.9811244291394,11,9.66294117995496,-0.973259030593518,11.5423760924624
1.26820091432356,20.5768703471663,20,25.3979479580652,1.41200517410138,21.0107668921066
-0.355459365902776,13.5431082257127,12,12.3642603542634,-0.113040536313294,14.6406183417167
-0.333646341059548,13.6306938102418,14,12.5232071742775,-0.285089679975095,13.9182678613447
-0.0279281837151227,14.9470817749999,13,14.9714457322569,-0.273186240628067,13.966784174959
-1.15171878164345,10.8758804388122,14,7.85857992620408,-1.47259406747845,10.0932686149881
1.91380632277832,22.2599966442473,20,27.8463603357325,1.66617842819271,21.6916835430645
-0.0247638392874326,14.9612961980356,14,14.9982236666854,-0.692480131782327,12.424030886114
0.754329540023909,18.4698066202689,22,21.5697295277337,1.34092006084552,20.7879403024458
0.910974614798523,19.1585841470149,19,22.8477564110742,1.154775127916,20.1369543918737
0.0640662823833797,15.3621216944608,18,15.7538712763612,-0.04808364628222,14.9222769910446
-0.366918582979704,13.4975106169384,13,12.2817940073788,0.00700811917980686,15.163356447219
0.809453557937237,18.7146543710561,15,22.0252392509792,1.017899105587,19.6014554603536
0.799554271602978,18.6708396289835,14,21.9437995460098,0.862921181643811,18.9501013558129
0.957837097145292,19.3592170226555,20,23.2173128716077,0.679573213987189,18.1432144125672
-1.40869564506142,10.1173444366831,8,6.6372495297317,-0.927999141348205,11.6797538697776
1.3656538999227,20.9071491298604,21,25.9559585059384,0.746118585956857,18.4386896141995
-0.325052471358227,13.6654817661141,14,12.5865304177229,0.215979979724984,16.0848388297934
2.31132807614601,22.8810769770353,22,28.3336202126973,1.45148484931872,21.1282562276523
-0.364598548980627,13.5067191186311,12,12.2984322575892,-0.119039263117626,14.6147934130214
2.0247361214843,22.4525211848588,21,28.0283415710498,2.23020820532776,22.7131568972277
1.34585991541789,20.8423606283035,22,25.8482586180241,1.28062870104926,20.5876093515961
0.288426579611397,16.3763001141675,15,17.660961667439,0.272958572190553,16.3365276169763
-1.28972625602496,10.4651765906067,11,7.19582694553882,-1.47430040234661,10.0884981228044
-1.92543830718382,8.6957114314961,9,4.41136926274411,-1.93256142334606,8.86317963666358
-1.94397385558197,8.64786727542623,9,4.33885842639362,-1.96429544488773,8.78291431161704
-0.873802886272497,11.7291177985121,9,9.24747949385802,-0.303924449507257,13.8420221368506
1.70628542476784,21.8388603140218,18,27.3561857868171,1.53996291103892,21.375546639169
-0.288666250051053,13.8144934894368,14,12.8589318207181,-0.442854138500563,13.3009567174509
-0.107014192950014,14.5942963543625,10,14.308021900574,-0.394570521781276,13.484589160185
-0.599783593617879,12.6319991960103,16,10.7579025524521,-0.643880910623877,12.586121605667
1.23091681842441,20.4431928205005,19,25.1665318362196,0.896628939218287,19.0949799619887
0.306881369391822,16.4594086931084,16,17.8166404382511,0.423472178929346,17.0025886750133
2.34164214608353,22.9222675815729,22,28.3563136363284,1.43085597127092,21.0674221581777
-0.884980034280442,11.6939375096812,9,9.18974258362613,-1.42793715042153,10.218576880397
0.943205103153393,19.2969195329239,19,23.1027475876206,1.04156648300432,19.6970790929286
-0.000291618348224279,15.0714136006692,14,15.205741488439,-0.618280709630565,12.6730182350418
-0.752631840878368,12.1173788878328,12,9.88921235659925,-0.973439257633121,11.5418317283938
-0.289347272674322,13.8116794328459,15,12.8537708689308,-0.475407841317524,13.1798504051279
0.028471752214878,15.2011846381267,16,15.4504056200023,-0.525370493388128,12.9981541212851
-1.31548143279717,10.3893752660863,10,7.0738622965127,-0.77084645641692,12.169685797007
-0.334654674213615,13.6266224334772,13,12.5158031870482,-0.517905065248742,13.0249872146365
-0.176992178346433,14.2877267794415,19,13.7345424878618,0.180422330321989,15.9278008891045
0.640765508712203,17.9609314865257,19,20.6210269022129,0.865956170188291,18.963206142855
-1.32619101776145,10.3579348599866,10,7.02331026278682,-1.17875038810033,10.932969147457
1.96077140810052,22.3438315180646,20,27.9290674746277,1.209518153185,20.3382301973319
1.82612193813191,22.0929961994977,19,27.6662478735631,1.3142495622695,20.7005974304806
2.0558716560109,22.5033611594972,21,28.071664506972,1.44996101862768,21.1238040208821
-0.26486495864042,13.9134253874927,16,13.0407552715781,-0.145797123220874,14.5000571403235
-1.30882698437953,10.4089345213118,10,7.10532173331239,-0.921788262365922,11.6987159293521
-0.264301530991659,13.9157808347086,16,13.0450930975229,0.143536212436903,15.7649218757673
1.39479252212388,21.0003570616428,23,26.1091651920272,1.18966278940992,20.2661389838785
-1.34733597054891,10.2959981322211,9,6.92378854144055,-1.18359406632397,10.9188419965936
1.45358605566316,21.1805231913923,23,26.3987915534133,0.807068311179813,18.7070858829374
-1.83946951459558,8.92048717808653,11,4.75439183007519,-1.32250112253683,10.5177808262721
0.878319522529504,19.0170187060326,17,22.5860766286456,0.754432983031337,18.4754562725585
-0.300736667432431,13.7647574271428,15,12.7678088573588,-0.718256415315743,12.339474839599
-1.31714003830626,10.3845029803779,10,7.06602690192153,-1.03420163580133,11.3594014115428
-0.266317398379689,13.9073562075781,15,13.0295800224968,-0.49587167597495,13.1048259553153
1.31424070746449,20.7364191774384,21,25.6701985786392,1.50625985809961,21.2839287605858
-0.295952256667228,13.7844358943287,15,12.8038387906563,-0.262742567588166,14.0095551857752
0.226003025851688,16.0947874843996,14,17.1329354684351,0.991042626170948,19.4915678587876
0.0599394882548809,15.3434491723597,17,15.7186638540925,0.40651345051893,16.9273845411644
0.119341809499761,15.6123777959014,19,16.2255518023207,0.353074715038863,16.6907180361653
0.928570151657732,19.2342879399211,20,22.9873959809416,0.514497009254837,17.4071705875677
-0.0444556044915328,14.8729431079325,13,14.8318235745699,0.260753767395629,16.2826081573334
-1.50182901520016,9.84948991578425,6,6.20944986175173,-0.634359703847366,12.6183130344114
-2.0447205719575,8.39165563574764,7,3.95370725700228,-1.1776723134695,10.9361148206203
-1.50316518984814,9.84567844853387,6,6.20338129895458,-1.20620372499336,10.8530278002148
-0.0477154046038282,14.8583422553665,13,14.8043362601091,0.584417670466838,17.7188745214832
-0.00590361203797961,15.0461343052779,15,15.1580924974841,0.665344129864119,18.0798354486177
-0.0361443482260484,14.9102032566928,14,14.9019841386048,0.136771593262326,15.7350565106229
0.879799606202744,19.0234631758043,17,22.5980033806919,1.01715932957309,19.5984478212961
1.39587003722543,21.0037541151707,22,26.1147081243457,1.25061428475414,20.4840545689072
2.00340783577813,22.4169391002768,20,27.9968390137518,0.857156567665751,18.9251794090754
-1.79745933793715,9.03207284525082,11,4.92610171176176,-2.16946350720976,8.27948977356192
0.694857425468393,18.2038161405202,21,21.0740584203342,0.734055452472704,18.3852752729231
-0.250947030700698,13.9717887517329,16,13.14835380233,-0.342630116599926,13.6874240419244
0.390590826720135,16.8359242692718,19,18.5209519402141,0.415446225720839,16.9669908195247
1.32414869313131,20.7699381131019,20,25.7267850327557,0.877815634909976,19.0143031209732
-0.273615016600124,13.8769246686544,15,12.9735866046774,-0.338612714320893,13.7033362258901
-0.55906792771737,12.7753861985964,17,11.0046698277961,0.0432367963135694,15.3226015762939
-0.788976562900137,11.9994498715498,11,9.69329905704238,-0.743522295706544,12.2574673056886
0.923065504510327,19.210650509095,19,22.9438195825035,0.823828024408417,18.7803494359713
1.40811220050918,21.042100338713,24,26.1770688022589,1.02908606515215,19.6468002264957
-0.005168438393694,15.0494450513689,15,15.1643326431451,-0.0667502947082714,14.8409979573322
0.299607397704217,16.4266570641775,16,17.7553007284783,0.365169718665912,16.7442466996141
2.07059774730275,22.5269730627141,21,28.0911109882212,1.69419695372605,21.7563925480393
0.687806683100351,18.1721953479744,20,21.0150960879919,1.10399707230712,19.9434150926314
0.949372409761311,19.3232177364641,20,23.1511316051687,0.17180590209804,15.8897498904298
-1.04025734191802,11.2133554301311,16,8.40559854239479,-1.11141625942161,11.1304048507116
5.35535029202599,25.9819587564698,26,29.1562414330165,1.49579217402458,21.2548318719567
-0.792439385522828,11.988285901072,11,9.6748022394267,-0.709925123915615,12.3667031928262
-0.300395026636449,13.766161047231,14,12.7703777566466,0.173599408602288,15.8976700719509
0.608947649061656,17.8178496046794,18,20.3540676272001,0.552366794324222,17.575921164137
0.298228964043783,16.4204497416612,16,17.7436736541046,0.285165635108278,16.3904637259213
-0.757888686955705,12.1002331102003,12,9.8606663588659,-1.15887652955043,10.9910375596864
2.72307245974501,23.4010933183935,23,28.5583838780751,1.20027754591391,20.3048101570985
0.833831000302861,18.8222058957418,15,22.2249843234688,0.764770529533302,18.5211089320313
0.992739066359241,19.5064209824036,21,23.4872677765401,0.653448781771388,18.026818292197
0.663743245958752,18.0641806751523,19,20.8136439291339,0.528900799493367,17.4713300201968
-0.0530611969401673,14.834414906873,12,14.7592988674127,0.347657246122132,16.6667481442872
0.165443721140367,15.8210636038432,12,16.6184443605789,0.108206488324966,15.6089758597666
0.0180138912211683,15.1539661730979,16,15.3613736378918,-0.248658215389106,14.0675307267823
2.39924799280778,22.9989453550871,23,28.3958984947744,2.11279755636119,22.5384674546343
-0.398039715956141,13.3751317245489,11,12.061464209382,-0.842870655198725,11.9423037457185
0.641171635465203,17.9627571003425,19,20.6244327441795,0.574746687859491,17.6757311888621
-1.30462419794668,10.4212969489994,10,7.12520984095239,-1.30192749748316,10.5766923286526
1.00292677496888,19.5489944053618,21,23.5651253904858,0.301622225467456,16.4631895426628
0.384192703829734,16.8071634762903,19,18.4671994332103,0.785596794050308,18.6128557984884
1.2444459357687,20.4921530072879,19,25.2516118185512,1.04356493435621,19.705099302268
0.230405815130696,16.1146644192456,13,17.1702549604877,0.243741955748659,16.2074603291664
0.272375586240642,16.3039758084817,15,17.5254100707707,0.119254122073713,15.6577305062398
-0.335943847743676,13.6214202768939,14,12.5063449801343,-0.222257761389933,14.1770765160166
-0.00313522436053283,15.0586026840365,14,15.181593547346,0.0953769186866179,15.552372704885
-0.35404878438796,13.5487409205218,12,12.3744610910357,0.426495477446553,17.0160011124232
-1.28634760601034,10.4751403424809,11,7.21186743998546,-1.70151699199002,9.46607743717519
1.31177826410475,20.7280433776562,21,25.6560238633826,1.18932622260989,20.2649079289373
0.0640533793215332,15.3620633076809,16,15.7537611881523,0.384585850025643,16.830219581866
-0.731330744562022,12.1871819795357,12,10.0056598895685,-0.0693888270043765,14.8295291265597
1.21229256309381,20.3749654850252,18,25.0473896250011,1.0297066251814,19.6493079848795
-0.668841579860926,12.3952905875589,14,10.3552564594923,-0.901658566031285,11.7603689841767
0.0463369524570529,15.2819239453337,17,15.6026512394149,0.0485280998169793,15.3458932052505
1.52916704995581,21.3966900952332,26,26.7329155939116,1.77537181355225,21.9335803178347
-3.51268055599798,5.86293406555016,6,1.29412818945134,-1.64878593943526,9.60810142476852
-0.58909535758062,12.66934819962,16,10.8219647988621,-0.689914191521684,12.4324997963918
1.31047391876952,20.7235994665008,21,25.6484976933443,1.72637510503648,21.8284141028329
-0.251000609281036,13.9715633688073,16,13.1479378313533,-0.00682116912290842,15.1026979336563
-0.35716430553616,13.5363058970562,12,12.3519453947187,-0.115546987019103,14.6298235590561
-0.69657062700151,12.3022944486158,13,10.1985623433473,-0.636894613310666,12.6097279271946
1.32410687143812,20.7697972444025,21,25.7265476895472,1.34029657868338,20.7859216953826
1.21382290170562,20.3806074493297,19,25.0572666389934,0.846646127066244,18.8796389161325
1.2766554987115,20.6066324298329,20,25.4490776279823,1.30133918835727,20.6575889129624
0.934146571209032,19.2581895867648,19,23.0314363180181,0.778145020397769,18.5800649883091
0.638242386137391,17.9495891067309,18,20.5998664624031,1.24474119305564,20.4634982450296
0.943098524935953,19.2964645639213,19,23.1019102541644,0.754283490854659,18.4747955826945
-0.00848329470699029,15.0345191817649,15,15.1362008617206,0.145466969009789,15.7734464431195
-0.830704759960925,11.8656830495407,10,9.47218301939656,-0.443442420938056,13.298748907705
0.289937991976646,16.3831083784413,15,17.673718247633,-0.0648579226051184,14.8492266403466
0.646297241001082,17.9857956760358,19,20.6674122928226,0.417676271847118,16.9768806607463
-0.739430657387808,12.1605756865917,13,9.96122962296961,-0.743580739103248,12.2572785690347
-0.450350668242951,13.1742380450702,9,11.7030858236209,-0.583654895725459,12.7923399854506
2.06925075011778,22.5248244660962,21,28.0893590718889,1.41122172020575,21.0083901942662
-0.590452644793065,12.6645940402598,16,10.8138019837797,-0.801575356312761,12.0720051532148
0.00146203891845181,15.0793159672214,15,15.2206376499365,0.372244440653387,16.7755664906224
-0.626054226977001,12.5410391404361,15,10.6025028509264,-0.97367144720535,11.5411304448537
-0.750033155606911,12.1258663509754,12,9.90335129401007,-0.859184578994383,11.8915162899587
-0.00420547218796485,15.0537820223463,14,15.1725071660117,-0.404657980373451,13.4458291160813
1.2469515168413,20.5011641273644,19,25.2672312018882,0.568286241498216,17.6469140740096
0.125105267474885,15.6384749164104,21,16.2747109610359,-0.0557311865314547,14.8889487968434
-0.396716352758193,13.3802921493261,11,12.0707247545337,-0.0806556208261293,14.7806159972815
0.381977264388526,16.7972042768895,19,18.4485846361029,0.475730222430462,17.2346695962965
-0.280773666017867,13.8471747347983,16,12.9189138364268,-0.0576416675950136,14.8806290107156
-0.368647296584142,13.4906568116512,12,12.2694155945638,-0.193192469147719,14.2989132624656
-2.06932932835025,8.33008177880443,7,3.86199605422251,-1.63871952791226,9.63539017210989
-1.29160489774303,10.4596384001007,11,7.18691196308939,-1.47541529672806,10.0853818611566
-0.0684567851789379,14.7656297266422,12,14.629887364932,-0.0923130085358418,14.7301151728993
-0.894818760288332,11.6630450289708,8,9.13908840629614,-0.381866931430182,13.5336966850679
-0.0254406010716983,14.9582556394054,14,14.9924954812852,0.268389812819996,16.3163426505106
-0.276764835446141,13.8638221057194,15,12.9494992447515,-0.352417151933764,13.6487920622382
-0.0249046779646333,14.9606634149405,14,14.997031540669,0.322770907956767,16.5566801068872
0.193242389574345,15.9467826543446,13,16.8548748534002,0.0854441715887799,15.5085640842863
0.667896767165648,18.0828341841452,20,20.8484374899273,0.404576546281512,16.918798519547
0.955807823816283,19.3505969583065,20,23.2014711886662,1.14146937229252,20.0868599879324
0.873695708974421,18.9968698159386,17,22.5487789794523,1.09366428562039,19.9032631166536
-0.00340878685279658,15.0573704389996,15,15.1792708923292,-0.052914830211423,14.9012180309108
1.17567375184025,20.2380924821184,17,24.8064994650928,0.883800423226164,19.0400195881076
-0.304594066995325,13.748926161291,15,12.7388456804049,-0.916747480970536,11.7141263051343
0.950208127338229,19.326776884296,20,23.1576774191467,0.666561313409143,18.0852588327195
0.765844820880368,18.5211158799239,24,21.6652584592581,0.854582171527834,18.9140367683076
-0.00557152934326256,15.0476297582486,14,15.1609111403605,-0.304299860974175,13.8405090420621
-0.772039047564182,12.0542320324469,11,9.78418549380344,-0.706973235406521,12.3763735245632
-1.98571301782979,8.54092859078918,8,4.17744132247706,-2.42583111795345,7.69665914644713
-1.32858173515062,10.3509228017411,10,7.01203874335969,-1.63968156926857,9.63277980644011
-0.0102010267309117,15.0267868691106,14,15.1216280201905,0.0590411289006113,15.3921906063343
-0.0794137611616766,14.7167972435355,12,14.5380752972391,-0.053450685556572,14.8988832076092
-1.1883428796033,10.7661436926466,13,7.68119018730814,-1.85123856953,9.071695621864
0.960848091745067,19.3719953058604,20,23.2407899359648,0.581528365777944,17.7059844207629
-0.0539517421742517,14.8304309763283,13,14.7518010730084,-0.098504571379301,14.7033402171893
1.28874126563874,20.6488176084742,19,25.5212869474365,1.20138717779761,20.3088353902272
2.79034937616824,23.4801718111113,23,28.5837772348403,1.30743815287481,20.6779655189506
-0.395507012004393,13.3850113288896,12,12.0791958454959,-0.241007625184409,14.0991610308735
-0.714965342015969,12.2411845113794,13,10.0960162691359,-0.803841397865981,12.0648428751158
0.580271022257056,17.6888391638658,16,20.113329751333,0.623980703969411,17.8953932404608
1.30520396716624,20.7055934220247,21,25.6179638180068,1.38719371271927,20.9346420228443
-1.93397007057646,8.67366205383135,9,4.37792981751381,-1.89004072091178,8.97169925618162
5.3995454688579,26.0176666613905,26,29.1638564515705,1.78797799187674,21.959796514218
2.23602012490666,22.775891639424,22,28.2707751983646,1.34163118407998,20.790241299319
-1.31777165412053,10.3826478543009,10,7.06304370298856,-1.11408815842667,11.1225320132636
-0.789776567387214,11.9968696303125,11,9.68902330380864,-0.746780354833741,12.2469523240293
0.930776972584131,19.2437521583453,19,23.0048372365624,0.333899916576546,16.6058936245897
0.327318446876217,16.5513922184678,17,17.9888439991127,0.0978316554620422,15.5632013708007
-0.706090800499849,12.2706112941365,13,10.1453557630552,-0.163521984284501,14.4245011625639
-0.737488147452776,12.1669491958901,12,9.97186773174662,-0.29686845718128,13.8705097774042
2.19417430203248,22.7154619249323,22,28.2312929960622,1.8271117748458,22.0390916979603
0.309149635091575,16.4696202936021,16,17.8357627467979,0.556717992667248,17.5953227411466
-1.14815906941693,10.886575682363,14,7.87588086252693,-1.35219931884265,10.4330421410832
-1.26266757462294,10.5451019592319,11,7.32455302994225,-1.32376557025134,10.5141656901006
-1.0886407947777,11.0661910648063,15,8.16676469898329,-0.586395274264211,12.7828189523996
1.30781031312548,20.7145088930599,21,25.6330900734634,0.985946870730804,19.4705593598696
0.266781855434238,16.2787614201284,14,17.4781360491054,0.0736304124939266,15.4564784509804
-2.21671723945215,7.97068373891108,4,3.33505857258244,-2.02506362833441,8.6309572543355
-0.0128875538195428,15.0146965891847,15,15.0988429478635,-0.0613766510543664,14.8643711830539
-0.00246295570180025,15.0616310258027,15,15.1873017117834,0.314230899470241,16.5189233681865
-0.751127290962349,12.1222918990343,12,9.89739608856029,-1.22057854603947,10.8112940175214
-1.43831685038674,10.0317006150667,8,6.50020243289562,-0.8245220315757,11.9997238019833
1.39099914056359,20.988369534148,23,26.0895817011475,1.62276851319378,21.587608417555
-0.034951154660966,14.9155562649154,14,14.9120655035431,0.142659693425383,15.7610519742541
0.28087377585859,16.3422728328799,15,17.5971958566099,0.432438002020254,17.0423692569733
-0.759053674316207,12.0964375738175,12,9.85435012290221,-0.916277277257439,11.7155647396488
0.379119203224047,16.7843559440905,19,18.4245685381711,0.339552666034359,16.6308955497831
0.0661524639827709,15.3715620667862,17,15.7716708688649,0.251971341669381,16.2438116958932
0.622463090865838,17.8786386423222,18,20.4674924980475,0.531115110361157,17.4811962077466
1.37455087895591,20.9358829630282,23,26.0034138312361,1.04324903868288,19.7038321169838
0.258587110748376,16.2418134097765,15,17.408846918803,-0.134230644841706,14.5495584434189
-0.303674221749621,13.7526985289632,15,12.7457453407395,-0.166654748430282,14.4111868925839
-2.21034488438132,7.98585193510506,4,3.35694805047684,-1.24933706641776,10.7280532039428
-0.419661455897235,13.2913660442091,10,11.9115098911937,-0.563187102826513,12.863886913174
-1.87969510621808,8.81472080037589,10,4.59250428492867,-2.20028502416303,8.20637178431389
3.90624337180629,24.6747110284247,25,28.8756179155,2.28628931726761,22.7921375289256
0.963804965901128,19.3845298391954,20,23.2638115558337,0.387214763312475,16.8418645832822
-2.94148092206922,6.58003014937944,8,1.67911230073159,-2.60060707044688,7.3401859206181
-0.806425082765837,11.9433165187583,11,9.60037696970856,-0.68546420399155,12.4472098117603
0.204319225144166,15.9968450691884,12,16.948963227665,0.375770910944902,16.7911808788727
0.369438771137746,16.7408348184961,18,18.3432083852291,0.796370585435095,18.6601866757255
0.884518581604259,19.0439930874651,17,22.6359893435402,0.749225231916443,18.452432205457
0.964211522794771,19.3862521832197,20,23.2669743114667,0.683149834823584,18.1591372811265
0.339634697958928,16.6068026501478,18,18.0925313949834,0.381484396826509,16.8164828201669
1.01319175638194,19.5917003693871,22,23.6431189058745,0.222215030586341,16.1123772193256
-0.673215295135132,12.3805493737073,14,10.3303648151569,-0.478168459732472,13.1696799302717
-0.45026958265371,13.174544801773,10,11.7036297572864,-0.294846352446016,13.8786906401833
1.94057761263499,22.3082282627559,20,27.8945892059443,2.54336412430879,23.1273522096184
0.25294648703779,16.2163747681537,14,17.3611303384402,0.677142863965784,18.1323926952242
-1.09904030193088,11.0346975139902,15,8.1157147159086,-0.689730803344473,12.433105437553
-0.298469308947495,13.7740772937973,14,12.7848690098314,-0.342218229600853,13.6890539972109
-0.412898692409045,13.3174550377691,10,11.9581320529996,-0.810758445531386,12.0430135851855
-0.908589307021583,11.6199207904606,8,9.06844586038687,-0.876676570939436,11.8373238192169
0.366834370802324,16.7291251038581,18,18.3213149113407,0.0329925555598688,15.2775295560424
2.91475845268493,23.6235023098726,24,28.6262128684776,2.68936130577299,23.3037443470973
-0.327980035058528,13.6536132993449,14,12.5649147280413,-0.297636480790856,13.86740453483
0.887996275870175,19.0591058974077,18,22.6639436068508,1.1076620767884,19.957595771248
0.760421760742918,18.4969614099048,24,21.6202912613735,0.879968692698604,19.0235602066072
0.94827669416698,19.3185496882435,20,23.1425454870594,1.26670965762307,20.5398991656846
-0.0380250603230832,14.9017677484543,14,14.8860983121144,0.124130526141467,15.6792539408995
0.56217028779183,17.6074008878276,16,19.9613529809618,0.754871136446448,18.4773926381675
1.35915114063147,20.885995582247,22,25.9208989472267,1.14147029982382,20.0868634955558
-0.329188387550493,13.6487199116514,13,12.5560061357501,-0.742617931220469,12.2603884042417
-0.265153371559401,13.9122198961714,16,13.038535375452,-0.379847675160816,13.5415325978723
-1.33033801750666,10.3457730655209,10,7.00376150803495,-0.844037681937498,11.9386625128643
-0.725652738466682,12.2058804143891,13,10.0369187194747,-0.380040873103346,13.5407825179062
-1.31665328117153,10.3859327516542,10,7.06832614450004,-1.45171121442507,10.1517572756893
0.275347486156389,16.317369946502,15,17.5505189569795,0.145011859115535,15.7714370527147
0.205353750314416,16.0015196525581,12,16.9577469374762,0.26782711067363,16.3138566699583
0.2862675239624,16.3665739053161,15,17.642736698818,0.169645034450673,15.8802075228283
-0.0404860491699661,14.8907331190607,13,14.8653193853495,-0.34236439077333,13.6884755573816
-0.805040815326258,11.9477590607955,11,9.60772377658522,-0.256763675424936,14.0341253711908
-0.278541281076664,13.8564411549518,15,12.9359359940073,-0.742941840950911,12.2593420563411
-0.307999879255632,13.7349739150643,14,12.7133372088681,-0.23274712056357,14.1334193095517
2.24291214584008,22.7857011667312,22,28.2769460203659,1.45192812270739,21.1295501067264
-0.746732841688358,12.1366565434578,12,9.92133415648163,-0.603258982755916,12.7245246420993
-0.904349237393324,11.6331852712539,8,9.09016643613412,-0.502258587070809,13.0815831076607
-0.035042370003174,14.9151470139213,14,14.9112947447429,-0.266003871557559,13.9961786071143
-0.371615363505671,13.4789046579551,12,12.2482010085098,-0.200983155971767,14.2661354155513
0.594995793700765,17.7550863626164,17,20.2369521818387,0.577234540227192,17.6868292082901
0.923722587491516,19.2134743178091,19,22.9490265445265,1.11518596804461,19.9866059854647
-0.0265733938680068,14.9531668340883,14,14.9829088062284,0.397305784332443,16.8865740206559
-2.00082112517146,8.50249437235896,8,4.119653955194,-1.94792155637733,8.8242514496874
1.54757806890955,21.4467606119472,25,26.8078958828064,1.18400489044183,20.2454044247226
-0.362666338645905,13.5143972988448,12,12.3123116689941,-0.0376200642988564,14.9679382721551
0.262663520655828,16.2601942891573,15,17.443319225083,0.115305942411259,15.6403054393216
-1.23560744948979,10.6253238219793,12,7.45388067701641,-0.958000700329275,11.588537755502
1.00170161902062,19.5438844496664,22,23.5557858828258,1.47188368956085,21.1872203895047
1.26896132704177,20.5795556027693,20,25.4025672286327,1.34092177495659,20.7879458505746
3.50397924826785,24.2647849012663,24,28.7848289363159,1.91841530262468,22.2127079455715
1.29587684760874,20.6735242076126,21,25.5634301048442,1.73555379253619,21.8485210444501
1.36484494350903,20.9045245763276,22,25.9516142416148,1.87514608628451,22.1323223392274
0.961095219791499,19.3730434462205,20,23.24271530005,0.813894585203833,18.7369586042593
-0.343742895046087,13.5900253232658,13,12.4493164898347,-0.646223580719669,12.5782236174808
0.863866721546976,18.9539590031103,17,22.4693066265826,0.478574215354944,17.247315045632
5.78444102597608,26.3183376062801,26,29.2279228628505,2.29197456818478,22.8000040576205
0.329695150612688,16.5620861655349,17,18.0088578371329,0.925689585011123,19.2186043146211
0.565715838970748,17.623352801308,17,19.9911223193091,0.378383723431099,16.8027509982451
0.627594399178635,17.9017140519174,18,20.51054626888,0.423819612055233,17.0041299269199
0.595922158509372,17.7592539222996,16,20.2447289890991,0.0562794373232323,15.3800261511874
0.33029827042314,16.5647997982793,18,18.013936223596,-0.168581861185556,14.4030027825831
-0.261910818070039,13.9257822064452,16,13.0635162068688,-0.333668335808121,13.722963187373
0.24670545132157,16.1882220487247,14,17.3083121387913,0.138018311792906,15.7405605201123
0.33344951707732,16.5789776610357,16,18.0404678277736,-0.634159540022339,12.6189913912478
0.236103499197305,16.1403823538423,14,17.2185326705357,0.38401466800437,16.8276896254447
-1.2774000515403,10.5015491211373,11,7.25439214137965,-1.0942450359014,11.1810792467508
-1.80588239914393,9.00960686074273,11,4.89145576225384,-2.67301006762465,7.20397386236861
-0.0490250817996524,14.8524782886531,13,14.7932978565868,-0.0195818834059683,15.0468038437111
2.29531355238897,22.8590626428716,22,28.3210610665879,1.30713702940337,20.6769619462947
-0.370079322709176,13.484984244645,12,12.2591740015069,-0.143602928642681,14.5094361003116
-0.766711872809007,12.0715244332825,11,9.81291776170271,-1.63952033093927,9.63321726906139
-0.598513853702723,12.6364256166372,16,10.7654870918464,-0.501671999648954,13.0837143720319
0.0298275355774389,15.2073087682008,16,15.4619532999926,0.0256910939039771,15.245424210726
-0.363829604450604,13.5097737564194,13,12.3039532797555,-0.781780644114824,12.1348070235797
-0.306706343533317,13.7402701714516,15,12.7230183035927,0.320200105795822,16.5453134896495
0.317985000683851,16.5093903547087,17,17.9102242811761,0.206470778667263,16.0428404816928
-2.15906889820717,8.10920121835326,5,3.53623136945822,-1.56644102237025,9.83291447520329
-0.419295748944098,13.2927742678401,10,11.9140246312083,-0.251475120902829,14.0559088807145
-0.830306787103075,11.8669512946126,10,9.47427441883866,-0.320803024230438,13.7742540495243
0.618768200469512,17.8620213276148,19,20.4364873849218,0.452308817066633,17.1305887372988
0.0261568100055511,15.1907292761181,16,15.4306911410404,-0.339505339699368,13.6997979772104
0.257207633627792,16.2355926020042,15,17.3971790680057,0.415446225720839,16.9669908195247
0.389578231877436,16.8313725589923,19,18.512445451166,0.087216616183601,15.5163804893814
-0.00743813076759484,15.0392246772573,15,15.1450694170929,-0.106310593318984,14.6696329926144
0.964289032621497,19.3865805168314,20,23.2675772204035,1.01405058694021,19.5857967437358
-0.032082374529474,14.9284302073913,14,14.9363127515824,0.101462629034869,15.5792201284581
-0.33482834041639,13.6259214364432,13,12.5145285412895,-0.409431886649727,13.4275584846066
0.0861260427799077,15.461973481701,19,15.9421197818899,0.00966810385105773,15.1750328831813
-0.745609472783086,12.1403322081531,12,9.92746203113264,-0.0924380135390605,14.7295742647439
1.8569084207773,22.1532941754263,19,27.7335765440134,1.69207449703799,21.7515567064119
2.03581332954128,22.4707552027861,21,28.0441079223645,0.83948892747486,18.8485556912126
1.30909364750048,20.7188913850596,20,25.6405199544395,1.22014644347042,20.3763847418503
0.440418835306625,17.0598870927177,11,18.9393348038334,0.817404646388358,18.7523020599028
-0.779617238254729,12.0296846265493,11,9.74343470221581,-1.06230133019619,11.2757232785553
0.110478479839761,15.5722426237459,20,16.1499365547222,0.0688837463822096,15.4355576462311
-0.0364809442425249,14.9086933594297,14,14.8991406094723,0.216307563887802,16.0862856593978
0.643333389016881,17.9724742011367,19,20.6425606689894,1.39891933493245,20.9708382955769
-1.27996249803369,10.4939827593236,11,7.24220700021742,-0.769913898873281,12.1726669471404
-1.42169330721784,10.079714459614,8,6.57700664171363,-1.75827001467743,9.31500886063326
1.30049365468902,20.6894300843788,21,25.5905021294233,1.83644537093149,22.0575518502868
0.653627074683238,18.0187349904532,19,20.7288588985756,0.400313708622094,16.8999042475365
-0.83417315167832,11.8546359293266,10,9.45396956783377,-0.733064782986998,12.2913089145731
0.360988176427898,16.7028383050383,19,18.2721622737077,0.595479194597654,17.7682268433877
-0.35912940426658,13.5284734591976,13,12.3377709157435,-0.623359234999284,12.6556926621843
0.870963974510904,18.9849545195808,18,22.5267168145357,1.18807466781781,20.2603275094809
-0.0232520918404971,14.9680891610817,13,15.0110214997112,-0.178007173955427,14.363043768274
3.5557290487874,24.3186928707633,24,28.7969945856312,2.09370998133636,22.5086911315019
0.0642942340265675,15.3631531873829,17,15.7558161465597,-0.0119239023837977,15.0803376592678
0.908688002765138,19.1487152901543,18,22.8295366968065,1.12335598804515,20.0179517753984
2.09185726661115,22.5605939222445,21,28.1180660501507,1.24524186290524,20.4652543487173
0.0257484235671101,15.1888849894384,16,15.4272136054686,0.297117987847975,16.4432824397278
-1.25307596211261,10.5735036844445,11,7.37032618324934,-1.528675449042,9.93718010036343
0.19970940364591,15.9760131026872,12,16.9098154576273,0.131648612166921,15.7124404945026
2.32322166759409,22.8973112361684,22,28.342688020217,2.4706622197224,23.0362582424477
0.911462242143217,19.1606878153213,18,22.8516397009408,1.09947906363393,19.9258898060234
-0.866714681342081,11.7514765612241,9,9.28420406894325,-0.629008184206591,12.6364722507428
5.07568702771155,25.7503078583011,26,29.1068044778346,1.40611969939028,20.9928695129814
0.583578028999771,17.7037178430337,16,20.1410949750979,0.595939683742254,17.7702814550646
2.8189154652253,23.5133983977984,23,28.5939941896254,2.59852228803296,23.1949279088365
-0.302655733324816,13.7568774857129,14,12.7533900118192,-0.605597175029039,12.7164817183828
-0.334456830580621,13.6274211006401,13,12.5172554855783,-0.414601959407555,13.4078243837209
-4.45046534422886,4.90334129189097,5,1.04265937094672,-2.07391026936111,8.51050525604093
3.61087169391289,24.3757480503706,24,28.8097758005592,2.01011747904046,22.3729759330963
0.266253482003807,16.2763794531353,15,17.4736696872246,1.02204248567206,19.6182801479632
-1.1826772473117,10.7830839879028,13,7.7085596324522,-1.6944655732313,9.48497823037285
-0.336191755962221,13.6204203107171,13,12.5045271851967,-0.256766462829043,14.0341139022777
-0.0556203645329753,14.8229678843159,13,14.7377562467905,0.00476119051754422,15.1534953934034
-1.40447661932831,10.1295755584028,8,6.65683956753958,-1.43787661464509,10.1906110774135
-0.104781923910882,14.6041748661966,11,14.3265577747442,-0.406393626035152,13.4391810707761
1.1456707042268,20.1233539213182,16,24.6028308908348,1.07442313428784,19.8278282252631
1.31062296359873,20.724107518194,21,25.6493583184986,1.52980646083548,21.3482673492131
2.25495856260956,22.8027543744511,22,28.2875185077607,1.09791094024383,19.9197957366175
-0.273725445373537,13.8764649770809,16,12.9727413018921,-0.745830879246607,12.2500152603089
-1.23284497409486,10.6335297959889,12,7.46711656818318,-0.709558343690828,12.367904099404
-0.0733215191739892,14.7439357337523,12,14.5890928698342,0.0801805425939689,15.48535449831
-1.37559391801348,10.2135199753988,9,6.7914009810814,-0.657180525527527,12.5414005637154
-2.07623843589277,8.31286869589749,7,3.83642254848993,-1.68210806008522,9.51817017555634
-1.18460361133364,10.7773226868167,13,7.69925084134051,-1.02921752707469,11.3742869357806
-0.638112386547194,12.499673604106,15,10.5321157000399,-1.20657229342651,10.8519566922573
0.282454025198204,16.349392971659,15,17.6105399998979,-0.0556648511518363,14.8892377198905
0.0402132846019226,15.254239344512,16,15.5504475298456,0.443054787755471,17.0894946513425
-0.685004321186162,12.3409529975349,14,10.2636038502646,-0.712836139566879,12.3571785809033
0.664264744183019,18.0665229212106,20,20.8180128994149,1.07339392557669,19.8237691960841
-0.418586467286475,13.2955063309866,10,11.9189040096214,-1.38587337211932,10.337393412649
0.343296606614826,16.6232745716325,18,18.1233482066934,0.649818960450311,18.0106353989796
0.851846064102759,18.9013387211585,16,22.3717814957073,1.26671357640326,20.5399126744144
0.536111451922225,17.4901665859644,15,19.7425632809313,0.504826193971214,17.3641128162265
-0.0727202373383341,14.7466159990737,12,14.5941324114957,-0.0720855618377512,14.8178127064742
-1.3607710166349,10.2567420866189,9,6.86075699826304,-1.51965756161257,9.96217979461122
-0.635596758160459,12.5082840568029,15,10.5467528243208,-0.129372822259066,14.5703924989879
-0.349384666858898,13.5673963721163,13,12.408266987937,-0.631585901485471,12.6277193859062
0.905351992042171,19.1343049663263,18,22.8029262108784,1.1286918675375,20.0383354847159
0.721118718716141,18.3214494346143,22,21.2933451823811,0.429345301546016,17.028645513281
-0.837056622743648,11.8454597201629,10,9.43884584887071,-0.67726927035871,12.4743758214099
-0.537940377716749,12.8510168666233,18,11.1357403764678,0.440462760847561,17.0779872732515
-0.268935722701758,13.8964256284439,15,13.0094601682234,-0.279448649641779,13.9412283908584
-1.83115716282451,8.94247423509862,11,4.78815192180686,-1.33446932481918,10.4835887664812
-0.320053919235721,13.6857881828484,13,12.6235422621635,-0.844326804079552,11.9377606211207
-0.795739359613089,11.9776580379423,11,9.65720123199307,-1.80307038140307,9.19710684881935
-1.23274609925414,10.6338235614827,12,7.46759042332527,-0.339645614718854,13.6992420870373
-0.736802087790716,12.1692012804877,12,9.97562748042047,-1.12315314236282,11.0958459772829
0.274233430740686,16.312349143952,16,17.5411071584382,0.570649162822375,17.6574536034091
-1.86276429928335,8.8591097718065,10,4.66034319278759,-1.58357052713429,9.78585671062337
-0.920097168789172,11.5839804614275,8,9.00962888573746,-0.560332432324359,12.8739273792734
0.617254448935949,17.8552130957272,17,20.4237841991887,0.362412628187608,16.7320429641685
1.04628002439869,19.7279938693194,22,23.8912574162787,0.62354156076941,17.8934340885981
0.0888572496140511,15.4743392958862,19,15.9654291144826,-0.562557397085563,12.8661004063358
-1.28433354831836,10.4810820484618,11,7.22143385258297,-0.840817414837582,11.9487131449186
0.381726627931916,16.796077562428,19,18.4464786382865,0.0980322050604665,15.5640860946269
-0.246845928195794,13.9890563916552,17,13.1802336045666,-0.330795130407027,13.7343903147011
-1.8365545455266,8.92819244304535,11,4.76621875152463,-1.23316718894031,10.774815259016
-0.098902114192959,14.6302204155315,11,14.3754431646293,0.496933886867668,17.3289857764069
-0.0310322521986064,14.9331440501315,14,14.9451915371833,0.563141820432322,17.6239697023031
-0.296326643344553,13.7828943318975,14,12.8010151695315,-0.809996490700136,12.0454157676043
0.248312197465902,16.1954705625659,15,17.3219123833091,0.422959124630333,17.0003127499819
0.0134667951910864,15.1334475333829,17,15.3226875468807,-0.0163319364641777,15.0610315973945
-0.670075072894979,12.3911303758605,14,10.3482295505014,-0.733248201550833,12.2907141383245
0.600923175892177,17.7817521104898,18,20.2867109062252,0.460932335066187,17.1688978579489
-0.487290677709478,13.035963292942,8,11.4589512921049,-0.206014892989137,14.2450114362921
1.3503667056096,20.8572162259349,22,25.8730367939695,1.18212719937647,20.2385045905833
0.0345324666904315,15.2285654074383,17,15.5020353989497,0.292201536006679,16.421555051683
0.302884076568539,16.441411455352,16,17.7829355310518,0.709393458032396,18.2758483729568
0.991561858292368,19.5014896622158,21,23.4782428272864,0.932875845869349,19.2489750931386
-0.390417714408373,13.404906561593,11,12.1149332557429,-0.451872518716973,13.267189061079
-0.659041571451477,12.4284233306829,17,10.411279097745,-0.510444652703331,13.0519121016997
0.988278085525144,19.4877211219758,22,23.4530375063765,1.32703845360719,20.7427332676166
-0.598076656493622,12.63795037785,16,10.7681002083413,-0.833836955732709,11.9705332138554
1.92746238749168,22.2847500272762,20,27.8713297271182,1.6835005049492,21.7319122060871
0.612611611682015,17.8343304626044,18,20.3848196044293,0.325858513008134,16.5703325542452
0.287867711330402,16.3737825665214,15,17.6562444082826,0.124681763642671,15.6816870994846
1.04523471245859,19.7237211955545,22,23.8834975153374,1.21129181659273,20.3446186820658
-0.298557603664491,13.7737141646272,14,12.7842041660278,-0.0120611316137765,15.07973648795
-0.0056429599357525,15.0473080835694,15,15.1603048433686,-0.729451450397266,12.3030349212586
-0.0312512797083518,14.9321608108776,14,14.9433395266455,-0.366670560304925,13.5928698153531
-1.13979437894446,10.9117282714933,14,7.91657698520658,-1.47589018884204,10.0840546518168
-0.768105507352339,12.0669976428757,12,9.80539419597814,-0.703302613909021,12.3884153889367
0.957731301643902,19.358767778679,20,23.2164873531995,0.479029144633252,17.2493379738838
-0.719171691989458,12.2272722913402,13,10.0727154124576,-0.392037261888717,13.4943556116909
2.3445647544284,22.9262068499649,22,28.3584301755984,1.72712453497683,21.8300629815876
-1.46070908684215,9.96723186488373,7,6.3971940868777,-0.99413288063471,11.4794607034583
-0.0109032955769184,15.0236260618932,15,15.1156710995893,0.129738398540745,15.7040080247851
0.691760123601753,18.1899272954968,20,21.048161057879,0.76158758082766,18.5070598457373
0.28394456817246,16.3561085691797,15,17.6231253536701,-0.199525565607116,14.2722614047716
0.890725928182516,19.0709577727639,17,22.6858609015256,0.921238379106606,19.1997516359348
-0.250139963386845,13.9751844038942,16,13.1546213126079,0.273227017664603,16.337713648335
0.284431831476783,16.3583038462397,15,17.6272392798285,0.0923521867658731,15.5390306416195
0.248565261960332,16.1966121722121,15,17.3240542919774,0.639926035397677,17.9665200814184
0.608253728494948,17.8147281905284,17,20.3482432621606,0.897646205344466,19.0993283723727
0.798581520755511,18.6665301359537,14,21.9357874603629,0.969051015106046,19.4005553445307
-0.785973605981553,12.0091410155958,11,9.70936234017231,-0.692685719020743,12.4233527569092
1.28129409578452,20.6228735783547,20,25.4769149831633,1.44949250985342,21.1224338398494
0.0630176384046749,15.3573766305016,17,15.7449244616426,-0.0977846898593136,14.7064515422498
-0.845819647780843,11.8176159320004,10,9.39298327290027,-0.544466036905228,12.930013213438
0.18812686663317,15.9236562127385,12,16.8113987223292,0.177242290766066,15.9137573551781
0.924321879224862,19.2160492430338,19,22.9537743014137,0.804198482257459,18.6945143727141
-0.905522418734566,11.6295139145211,8,9.0841538731919,-1.3456485020029,10.4517030988183
-0.748407208061269,12.1311807269652,13,9.91220708765935,-0.740507553126991,12.2672089651186
0.6747888620113,18.1137785307282,20,20.9061532042671,0.760069176515159,18.5003554535649
-2.12181135036879,8.20017750333717,6,3.66974602247068,-1.96233894324833,8.78784493380044
-0.357519017386579,13.5348914726744,13,12.3493852624212,-0.427001943443948,13.3607176263332
0.194232999573465,15.95126057098,12,16.8632921739271,0.304374878143837,16.4753559836142
-1.79488725888914,9.0389424249968,11,4.93670313580927,-1.29634771100623,10.5926990078107
-5.41881055917451,4.04554428019527,4,0.856402317532418,-1.13201618266099,11.0697902534482
-1.28700192137699,10.473210386251,11,7.20876027769546,-0.807403114600497,12.0535963161176
-0.415441421112231,13.3076340140886,10,11.9405731187321,-0.550043463130593,12.9102431763982
0.398918300624209,16.873355882097,20,18.5909003067607,0.637498750763181,17.9556942990261
2.31303480160677,22.8834125376589,22,28.3349348137877,1.65964362861662,21.67631691333
-1.94021826527912,8.65754362476996,9,4.35350909492162,-2.52104598472307,7.49773696123646
1.24353551333732,20.4888743725701,18,25.2459257111713,1.45791496762447,21.1469704440628
0.0585586420593048,15.3372018882711,17,15.7068842521262,-0.00467422166768897,15.1121094915838
5.38965721123314,26.0096986235739,26,29.1621573201393,2.09203651849548,22.5060602878971
-0.311288209408078,13.7215258753796,14,12.6887658396762,-0.304448762049498,13.8399089692242
-0.240560180984072,14.0155832594615,16,13.2292469364315,-0.00219792322663163,15.1229673876212
0.667071777775457,18.0791294299004,20,20.8415272933018,0.764573894759546,18.5202412111681
0.273158470869337,16.3075043494179,15,17.532024971059,0.358153928863296,16.7131946704387
0.0429061883312518,15.2664126186403,16,15.5734021902649,-0.0822317126912647,14.7737816325707
-0.277312878826423,13.8615443722183,15,12.9453132388833,-0.39264092395477,13.4920271316741
-1.25142845972713,10.5783857926314,12,7.37819590084857,-0.163665591579971,14.4238905623718
-0.272960318976046,13.8796505301686,15,12.9785993529362,-0.325608635508768,13.7550580419173
-0.745656981618229,12.1401767294871,12,9.92720280552862,-1.08077358456612,11.2209324992449
-0.272426971967882,13.8818717677081,16,12.9826845280245,-0.378172309930528,13.548040275502
0.597644426105517,17.767002034888,16,20.2591871605599,1.15391515369862,20.1337302913574
-0.305185411312039,13.7465019318956,14,12.7344123842201,-0.162171653540791,14.4302438517271
-0.754125117855236,12.1125052317338,12,9.88109597624953,-0.279293038478749,13.9418625735396
4.42576318378017,25.1738248695953,25,28.983418160749,1.87277150083955,22.1278147649266
-1.89051597444561,8.7864474554974,10,4.54937302158455,-1.34012670982925,10.4674462437746
2.6149402093806,23.2712425110959,23,28.5127885938209,2.36850609335687,22.9036378036702
-1.31910868473579,10.3787213847323,10,7.05672985620798,-1.62141798225497,9.68242113620847
1.24806703073098,20.5051702935624,19,25.2741712371791,1.38576994603947,20.9302200252862
-0.714270988550272,12.2434832137991,13,10.0998678162109,-1.27262971720925,10.6608776988409
-1.37287733483542,10.2214341981633,9,6.80409695802491,-1.09350299888075,11.1832722002684
-0.131100011332209,14.4880687196667,10,14.1088983942983,0.342594360947896,16.6443503374932
-0.847739607868715,11.8115239677592,10,9.38295447675923,-0.792863658178704,12.0995914754646
-2.06340431365313,8.34486927961892,7,3.88398874699299,-1.76322461290305,9.30191059228984
-0.681208774097454,12.3536796542345,14,10.2850456496261,-1.2056742124373,10.8545667307197
0.0171231762115489,15.1499462424154,16,15.3537942713121,-0.184802648860765,14.3343064847474
0.0588120827270713,15.3383484905741,17,15.7090462423825,-0.0256164393730382,15.0203999954188
-0.384623024355674,13.4276289461378,12,12.1557976937834,-0.328175334833332,13.7448234976292
-0.445738713069848,13.1917083791111,10,11.7340800743635,0.00133816526817183,15.1384768171521
2.0688583714421,22.5241981630068,21,28.0888477340094,1.44995583022045,21.1237888505093
1.65636379559412,21.7228495969525,17,27.2018959599364,1.46607148120788,21.1705401090541
-0.0295223938190295,14.9399227915573,14,14.9579601913727,0.239685782636167,16.1895437601733
0.652947753117125,18.01568257051,19,20.7231649341166,1.14257567505954,20.0910421297014
1.21432428439733,20.3824545335754,18,25.0604992587598,1.28466214588964,20.6013330691745
-1.84461278135261,8.90690527414251,11,4.73355569181002,-1.06052027596446,11.281015047794
-0.666741820884803,12.4023776139528,14,10.3672307598036,-0.263481157505926,14.0065241841417
-0.413908156644542,13.3135543802119,11,11.9511568944852,-0.672076284597381,12.4916425705024
1.00423590414099,19.5544515932351,20,23.5750978522185,0.799103186896631,18.6721760066936
-0.419339096776483,13.2926073334331,11,11.9137265168758,-0.0429866182073555,14.9445110669076
0.654769363996015,18.0238675047612,20,20.7384329697827,-0.407482910013211,13.435011938645
0.103463500763542,15.5404768198856,19,16.0900792576208,0.304155047268297,16.4743843333396
-0.216266810011404,14.1187776409287,18,13.4203476913713,-0.218248102614904,14.1938098203039
-1.27670161088606,10.503611924584,11,7.25771435060313,-1.08858487130058,11.1978134209617
-1.15674991626493,10.860773185006,14,7.83414567007332,-1.32237674911995,10.5181364524884
0.388257320772204,16.8254348846794,19,18.5013485518659,0.121695817736762,15.6685074189639
0.123757992621866,15.6323745273159,20,16.263220258947,0.275822661542077,16.3491817519532
-1.06220178700556,11.1464752633784,16,8.29699819353051,-1.19587315231598,10.8830726067096
-0.113096384710524,14.5674084607819,12,14.2575852160121,-0.254698982239009,14.0426242466125
0.15249317804998,15.7624605637306,21,16.5081635993576,0.15570144236399,15.8186356406252
-0.418096097483064,13.297395821775,11,11.9222790453872,0.012131071265101,15.1858469423038
-1.93499918592234,8.67100554642411,9,4.37390359539906,-0.880445623448371,11.8256809801371
0.670262631676168,18.0934576974782,20,20.8682523824804,1.21583530360177,20.3609449737663
-0.355865130808391,13.5414887395811,13,12.361328039707,-0.475779033961382,13.1784819816719
-1.36449673850607,10.2458693981347,9,6.84330584030503,-1.43670593126502,10.193902709467
0.40712149521944,16.9102272755123,19,18.6597919563156,0.640283610852411,17.9681148259214
1.20237051810062,20.33823174435,18,24.982977086205,1.24462803230429,20.4631012368939
-0.702899115999043,12.2812197348317,13,10.1631610819886,-0.522265293018098,13.0093018841311
0.64842919188817,17.9953772501446,18,20.6852866370045,0.814465332203688,18.7394542988051
-0.867348755302699,11.7494748992322,9,9.28091533655836,-1.19920051718209,10.8733906834036
-3.41894178280862,5.96943911920222,6,1.33349943030234,-2.42904333531968,7.68977342067971
-0.209389716447462,14.1481781070834,18,13.4749091193177,0.5307349439744,17.4795022681323
-0.965000607580201,11.4445372028022,7,8.78187526816534,-1.08148730868526,11.2188188684894
-0.304689008036769,13.7485368994567,15,12.7381337895873,-0.0552989436547924,14.8908314800275
-0.311677416829265,13.719935658182,14,12.6858612997694,-0.384234676644653,13.5245189568337
1.78467139428995,22.0087328955473,18,27.5680030060599,1.81413398351116,22.0131385835289
0.0726525059897246,15.4009799195196,17,15.8271353693312,0.248701549781946,16.2293679483735
1.0687901715322,19.819455975205,24,24.0570311281739,1.02611135921107,19.6347679281447
0.938906905703713,19.2785576149825,19,23.0689468522368,0.199565957752702,16.0123453549819
-3.45418967727049,5.92904200150969,6,1.31805001446726,-2.60906696714354,7.32391550802449
1.27511243460692,20.6012158777013,20,25.4397835075853,0.932871431516461,19.2489564624193
-0.862386385552246,11.7651485539716,9,9.30667236826108,-0.901605955537963,11.760530523078
-0.571646669698521,12.7307629034029,17,10.9276332460186,-0.75676883767922,12.2147980834073
0.609021069826798,17.8181798664978,18,20.3546838742553,0.417987215225946,16.9782597086215
0.570859442001627,17.646494759138,15,20.0343092068342,-0.045752259319412,14.9324448437726
0.358881785562629,16.6933665721249,18,18.254449863782,0.821794445123825,18.7714743113741
-0.331486047742845,13.6394238248193,14,12.5390880749321,-0.138206029755599,14.5325280532913
-1.27457589505693,10.5098913029652,11,7.26782800208587,-0.46991403981953,13.2001364323795
-0.0582111360841377,14.8113846593056,12,14.7159597803025,0.271227416253632,16.3288791935345
2.69093037186677,23.3628718163484,23,28.5455054109657,1.40723291691452,20.996262369957
0.801237075071992,18.6782931253741,15,21.9576560849057,0.954034651406382,19.3379062822975
0.582373975947098,17.6983006579316,16,20.1309859527518,-0.0196148920059687,15.0466593648119
0.361249911232189,16.7040152169073,18,18.27436307604,0.314123934129135,16.5184504980183
-0.346058462827493,13.5807293188223,12,12.4324476088997,-0.407292807583508,13.4357393626252
0.404686333570823,16.8992819345871,20,18.6393423204913,0.19543571777723,15.9941044458436
2.10659407736456,22.5835881857731,21,28.1360077170287,1.34583385321574,20.8038103671321
-0.358428658746251,13.531265504838,12,12.342823055707,-0.040980115057449,14.953268222004
-0.318261839441694,13.6930813136342,14,12.6368438765722,-0.188215654779671,14.3198967473671
-1.16128361849246,10.8471685114297,14,7.81214533199633,-0.663186501756819,12.5212967459199
-0.305476006359812,13.7453108968766,14,12.732234460668,-1.30090618456148,10.5796212267595
2.30477416564018,22.8720895021476,22,28.3285297226115,1.39455400337861,20.9574089769189
-0.324282566629505,13.6686060200666,14,12.5922225714706,-0.682598355286235,12.4566986775721
0.802066350374053,18.6819653736041,15,21.9644826643029,0.878055551528136,19.0153349451212
0.275705414309456,16.3189830081816,15,17.5535426630205,0.155497542306107,15.8177353047846
0.119896365159627,15.6148888921777,19,16.2302822462867,0.3799234432666,16.8095697067389
4.21747603806036,24.9777957817738,25,28.941256978969,1.36603119417216,20.868313880683
0.276118120597221,16.3208429113498,15,17.5570290350826,0.512150475992593,17.3967215434009
0.544675740113195,17.5286938608512,14,19.8144667990697,0.4175216646457,16.9761949773912
0.982349540331849,19.4628159687662,21,23.4074187698322,0.587507268044667,17.7326586557945
-0.106198940380152,14.5979034842918,11,14.3147899134026,-0.129414344104841,14.570214314373
-1.33531859510609,10.3311760506735,10,6.98030276028044,-0.90055588655914,11.7637551778743
0.275791038792553,16.3193688858978,15,17.5542659910523,0.270552895570907,16.3258991276977
0.253694163336678,16.2197470209744,14,17.3674563745025,0.342747126609236,16.6450261167945
0.638612918392305,17.9512548391371,19,20.6029740931719,0.385016275208588,16.832126113021
0.356992302272224,16.684869928585,18,18.2385601620375,0.316701918933697,16.5298474730475
-0.160404585386857,14.3598019032921,9,13.8690213512007,0.292878432764122,16.4245463849556
0.666570844627469,18.0768798357637,19,20.8373312694128,0.389620369043361,16.8525213903881
0.0119944956282366,15.1268055083419,15,15.3101649985883,-0.470637631877379,13.1974610297813
-0.354411959491291,13.5472902854955,13,12.3718337256793,-0.333825322726361,13.7223392897405
-0.0326037413557913,14.9260901287122,14,14.9319051913595,-0.211777708331448,14.2208636753002
-1.73647490179263,9.1961308034425,13,5.180227967576,-0.916576793147668,11.7146484497588
-1.3631960463689,10.2496645058595,9,6.84939683180571,-1.05671854384418,11.2923159037099
0.938222850316211,19.2756327971354,19,23.0635614831514,1.11180922853625,19.9736030521814
-0.361107342301371,13.5205983638778,13,12.3235250838748,-0.249212503615421,14.0652428334045
-0.371884081612971,13.4778416153113,12,12.2462826999769,0.00130041773535877,15.1383112266323
-0.336124799340289,13.6206903749016,13,12.5050181148841,-0.623624371315473,12.6547893409054
-0.339830089897716,13.605759878599,14,12.4778869538284,-0.30426495507459,13.8406497191492
0.515261619528214,17.3963830312559,14,19.5675271056196,-0.311497056691002,13.8115515742634
0.717202858344023,18.3039247611907,22,21.2606832577386,0.29245753559342,16.4226863583255
0.590548928636714,17.7350802930648,17,20.1996198596019,0.176925999676233,15.9123605761511
-1.89990720031962,8.76197041206362,10,4.51208251682711,-1.40655485145612,10.2788817167686
-0.365591353790937,13.5027771098144,13,12.2913086986219,-0.290253717789976,13.897298848287
1.32896559346899,20.7861279821999,20,25.7540354098986,1.18409234511923,20.2457255629501
-1.78493585542016,9.06556208809907,12,4.97781673869545,-1.87630987756005,9.00697945372298
0.596611153414701,17.7623535754604,17,20.2505130324745,0.683369031083434,18.1601130119431
-1.49677418537599,9.86391735042486,6,6.23242633337052,-1.41171887773515,10.2642997489946
2.4254184407737,23.0331485283719,22,28.4125049856613,1.52762765917899,21.34237837139
0.947862220896781,19.3167834400514,19,23.1392965060366,1.02639161610143,19.6359023162393
0.0377372228484486,15.2430479433033,18,15.5293443802409,0.00653382430326291,15.1612747482242
0.0733101936096076,15.4039567803672,18,15.8327477509989,-0.0973733880120521,14.7082293958745
1.39999943530867,21.0167398932028,22,26.1358694064203,1.1286918675375,20.0383354847159
-1.99122220873484,8.52689655773416,8,4.15632945253311,-1.46429145935885,10.1164993059698
1.32304401441429,20.766215452714,20,25.7205115849295,1.48880167569713,21.2352296322379
-0.304444091361163,13.7495411051116,14,12.7399703349448,-0.18318650841982,14.341135353512
-1.74743543198957,9.16646359673059,13,5.13412894748418,-2.0054983478676,8.67963013412265
0.606951945460353,17.8088723968856,18,20.3373166615582,0.760329124611839,18.5015033408136
-0.647573796611849,12.4673792295151,15,10.4772839684553,-0.525204381643026,12.9987499889445
-0.0305158984176112,14.9354621397609,13,14.9495578991597,-0.803385325120931,12.0662839466869
-0.344905689704187,13.5853557547063,14,12.4408419243574,-0.120017462358095,14.6105856101772
-0.771354027859339,12.0564539516052,12,9.7878761449404,-0.193337322368488,14.2983030399129
0.32788940790789,16.5539613061385,17,17.9936521930205,0.362242178103977,16.731288533563
3.0063244219702,23.7269093934004,24,28.6545630662037,1.49088427181754,21.2410838363991
-0.827675457463037,11.8753402039326,10,9.48811044479454,-1.20649275367123,10.8521878404313
-0.382383802184789,13.4364293207862,12,12.1716383160663,-0.502081407440549,13.0822267867917
-1.88905860612696,8.79025096570692,10,4.55517175294654,-2.42908851749866,7.68967665186281
-0.722631478636508,12.2158460847859,13,10.0535903463261,-1.18916936007791,10.9025931820725
0.670147653406013,18.0929414349318,20,20.8672894639495,0.57165414563547,17.6619363492475
0.281826668587775,16.3465663332435,15,17.6052425626416,0.540909120216536,17.5248434282298
1.20489801033003,20.3476143059579,18,24.999446541003,0.598256296346789,17.7806177865585
1.00932771403548,19.5756473591173,21,23.6138142697657,0.792361066283033,18.6425834043188
1.20335629035209,20.3418931710709,18,24.9894054686238,0.892721054254641,19.0782617524974
-0.328692998827321,13.650725678896,14,12.5596574549003,-0.094907355818179,14.7188919886526
-0.62505158504053,12.5444893897332,15,10.6083816561173,-0.443214880818444,13.2996027758963
-3.1027964238096,6.35697959392004,7,1.52429966639974,-1.41289762211622,10.2609728389914
0.226942840487315,16.099030673669,13,17.1409026491728,0.0225491581954447,15.2316140865269
-0.680079999613621,12.3574684277988,14,10.2914318329489,-0.47307168930732,13.1884692028349
-6.66908272757396,3.11391332401147,3,0.65698964165414,-1.8875205783522,8.97816588760649
0.727082023074273,18.3481251768826,21,21.3430574160907,0.771368382126546,18.5502088550206
1.29856959775742,20.6828089182815,19,25.579238524403,1.04156542040709,19.6970748262201
-1.82757503187965,8.95196328460767,11,4.80273316555923,-2.01145704997285,8.66478105147205
-1.7374893464242,9.19338163533753,13,5.17595347940047,-1.30192749748316,10.5766923286526
-0.251421027141779,13.9697950325196,16,13.1446742714735,0.0624356647138735,15.4071448379163
-1.25086090777477,10.5800678918211,12,7.38090746591393,-0.481402200643054,13.1577861007991
-0.416599463783281,13.3031659225975,11,11.9325879789439,-0.365131886677644,13.5988871635854
1.24044954269232,20.4777437948587,19,25.2266098127666,1.93466343398135,22.2420677457868
0.279657671913112,16.3367931637638,15,17.5869257201113,1.08012566009759,19.8502741829626
1.20329951942019,20.3416823791444,18,24.9890354279475,1.36564603470939,20.8670947715814
0.890508850655607,19.0700155756644,19,22.6841186987323,0.995146986078705,19.5084530414766
-1.55211976942482,9.7066954895157,5,5.9825316644807,-1.63076084064453,9.65700426435783
0.361892418956137,16.7069042852302,18,18.2797655147616,-0.0621154586082867,14.8611564290275
0.910533130107585,19.1566792696016,17,22.8442399374983,0.301064644908696,16.4607251609947
1.47646615149163,21.2477831073922,25,26.5044471109567,1.66029419131142,21.6778514280645
-1.41444833142607,10.1006801388265,8,6.61056603081148,-1.14771817202191,11.0237148346278
-2.15674858824707,8.11483510149463,5,3.54446980649373,-3.13011266235217,6.488512072816
-0.752580425140672,12.1175467400927,12,9.88949192419272,-0.850481515886068,11.9185798833338
0.207933968013685,16.0131777998321,13,16.9796516656059,0.235144664791738,16.169485560107
1.37979734073215,20.9527140910249,23,26.031119503903,1.98661524974828,22.3331185020998
-1.17867352066758,10.7950629920921,13,7.72791661072305,-1.0733277103038,11.242997574325
-0.749027085104961,12.1291543131466,12,9.90883004895592,-0.893628664348362,11.7850496435563
-0.389011263570611,13.4104147863716,12,12.1248346198184,-0.192891802282188,14.3001799739364
0.658926547207712,18.0425445691105,20,20.7732718325634,0.422961133667197,17.0003216620379
-0.673321138220127,12.3801929849989,14,10.3297632798822,-0.952560686584573,11.6050321664117
-0.835736868844689,11.8496587528636,10,9.4457658853383,-0.325255971369344,13.7564652555036
0.695992040433076,18.2089032363071,20,21.0835435956759,0.821844826980935,18.7716942419802
0.312098622615548,16.4828954697111,17,17.8606200134593,0.716055286680894,18.3054343393018
0.3648008955591,16.719982049321,18,18.3042194089761,0.571441455607207,17.6609876343816
0.35689652145615,16.684439213656,18,18.2377546568169,0.123991795003348,15.6786415860227
-0.708888880409651,12.2613221614103,13,10.1297727853754,-0.634405285312914,12.6181585677125
1.93178544381916,22.2925204712513,20,27.8790735848601,1.6934101815015,21.7546012010692
1.42171749288111,21.0841782566813,23,26.2450448689591,1.23369410727151,20.4245748669499
-0.390904197794843,13.4030023142255,11,12.1115109649834,-0.395305317685304,13.481758758392
0.885177650944845,19.0468582766295,16,22.6412896667943,0.555095013566375,17.5880857832931
0.544325797827883,17.527119566365,15,19.8115287246509,0.517569928408674,17.4208556049819
-0.391257548132027,13.4016195186177,11,12.1090260499561,-0.234896747693282,14.124493795113
0.645492684142511,17.9821796003823,19,20.6606664523888,0.44368282054191,17.0922830150888
0.906516855287729,19.1393383949594,19,22.812221927255,0.676146663320898,18.1279564293234
-0.335115612972224,13.6247620137579,14,12.5124204210146,-0.662531232531556,12.5234873933558
-0.310659036045138,13.7240972116412,15,12.6934628506604,0.013487364101196,15.1918029556205
1.21753092790073,20.3942515521454,17,25.0811343531889,0.590602284274043,17.746467375232
-0.0267967447353665,14.9521635737946,15,14.9810188237836,-0.187670123003372,14.3221989201177
-1.35683732769347,10.2682280871457,9,6.87919569068783,-0.965584777026478,11.565574695622
1.64582052575091,21.6975198106021,17,27.1672545432837,1.43004679060871,21.0650111160305
-0.396698810754754,13.3803605799494,12,12.0708475746978,-0.0535783876091468,14.8983268139671
0.967140467232307,19.3986525116095,20,23.2897408710982,0.601384317777872,17.7945746088645
-0.00768895610338388,15.0380953718224,15,15.1429409703975,0.257762118325022,16.2693922361466
-0.0569760778304253,14.8169058959342,13,14.7263489249189,-0.389881434485826,13.5026772543431
-1.10298326751755,11.0227691237376,15,8.09638453813116,-0.738984343849907,12.2721353733513
-0.868831606678245,11.744794999337,9,9.27322701118031,-1.16255750788666,10.9802695878059
1.40491872689304,21.0321415940882,22,26.1609105642389,0.932871431516461,19.2489564624193
1.27549523580629,20.6025602505768,20,25.4420907507756,1.11484117562563,19.9852795479421
-4.65253399771059,4.71425532865138,5,1.00094132711456,-2.39928346943967,7.75401141614549
-0.834084845327809,11.8549170634922,10,9.45443298991771,-0.866630339680568,11.868415981741
0.317287659140776,16.5062518069966,18,17.9043486674235,0.601560570323242,17.7953610273724
-0.0781249588995725,14.7225355423307,12,14.5488612706013,0.44955595950735,17.1183624778977
1.02909130502517,19.6574581149731,22,23.7629913859904,1.1148317168379,19.9852431553399
-0.667513161813044,12.3997734573103,14,10.3628302001724,-0.33394148721144,13.7218776594447
0.944769183448719,19.3035944300833,19,23.1150311265442,1.57439755353767,21.4659467610341
-1.15058472977832,10.8792871574149,14,7.86409050002093,-0.739647064728961,12.2699916176317
-1.93229984827749,8.67797491446229,9,4.38446759454637,-1.8762995218094,9.00700610548846
1.00870719757854,19.5730668719747,23,23.6091021555458,1.33457747472638,20.7673533756102
0.0928412030529893,15.4923778633308,18,15.9994296978082,0.0826443567814609,15.4962179731706
0.0123938018670905,15.1286068259686,16,15.313561094277,-0.377383568556446,13.5511059758331
-1.46553784213878,9.95336139217287,7,6.37505040378395,-1.17832297405866,10.9342162241072
-0.663213514883237,12.4143009306999,14,10.3873873046335,-0.863444056638357,11.8782953986234
0.220063449953824,16.0679672576178,14,17.0825707602468,0.330873009053093,16.5925071179992
0.966546819546506,19.3961402980764,20,23.2851291487324,0.767853428962622,18.5347098695473
-0.664439358291028,12.4101562992875,14,10.3803792010184,-0.260623450611011,14.0182567222958
0.124599798406407,15.6361861883818,20,16.2703999543304,-0.301580343510322,13.8514759593395
0.61617181164274,17.8503437305356,17,20.4146986009232,1.09019702163897,19.8897332668825
-0.727945225209532,12.1983261747649,13,10.0242866112034,-0.659762051543715,12.5327525011787
-0.214177536494706,14.1277010157515,17,13.4369020991882,-0.111185040238708,14.6486135506608
0.328115781644678,16.5549798841327,18,17.9955585001711,0.952610767779888,19.3319453136434
-0.329045945152142,13.6492965895378,13,12.5570558896847,-0.0821232566528197,14.7742518628795
0.6146460258713,17.8434810747498,18,20.4018937043894,0.807639472432012,18.7095870110353
1.31105492214355,20.7255795708651,21,25.6518516564137,1.94615957590684,22.2625801024741
0.304817325209336,16.4501158970777,16,17.7992375616134,0.215460691368809,16.0825453098951
-0.912859990857671,11.6065727526752,8,9.04659562223613,-0.955243057677415,11.5968966341702
-0.392787130163679,13.3956368560456,11,12.0982772939472,-0.0653743879700989,14.8469806118773
-0.0548310295262038,14.8264980028783,13,14.7443994678738,-0.0147974773812831,15.0677510557236
-2.94249301511156,6.5785580301538,8,1.67796742228122,-2.03714460735591,8.60102406542096
-0.305767083761924,13.7441180606639,15,12.7300533628161,-0.324807752710247,13.7582540984554
0.430174148936092,17.0138402255801,20,18.853339185335,0.0543186816338139,15.3713906353826
-1.36750993006989,10.2370804049972,9,6.82920124109603,-1.21371205548468,10.831218631046
-0.428085702235459,13.2590084312758,11,11.8537847239923,-0.228782380015965,14.1499005521171
2.39797422856516,22.9972709935944,22,28.3950694246331,1.57561615174056,21.4690874395593
0.0515199269616088,15.3053624993324,17,15.6468479543867,0.178612903748318,15.9198101663489
0.322344417211075,16.5290096115345,17,17.9469504627585,0.50357239044099,17.358531648942
0.330645317781863,16.5663612599767,17,18.016858360612,-0.135105838555472,14.5458076590832
0.0198622416957037,15.1623089697814,16,15.3771037388261,0.487430179398913,17.2867018191371
4.1355549318639,24.8992004507728,25,28.9243008780709,1.42630989433969,21.0538523069777
0.304504369966313,16.4487068518778,16,17.7965987081803,0.218893494483859,16.09770690094
-0.0248106801301912,14.9610857425149,14,14.9978271801907,-0.678774830698064,12.4693774141724
0.304625938663211,16.4492542025949,16,17.7976237865832,0.114798025312555,15.6380638714409
1.20455379464734,20.3463375175972,18,24.9972060471825,1.53382066793942,21.3590829656704
1.16330708291909,20.1910759543095,17,24.7232216727801,0.174985402695338,15.9037907111853
1.82047901304134,22.0817371912413,19,27.6533971996846,1.40213507137211,20.9806960118223
0.358539875246115,16.6918290863589,18,18.2515746407963,-0.170837405024963,14.3934298767635
-1.8659544632092,8.85073169054088,10,4.64752762579578,-1.53550508655358,9.91827272241299
0.392419888464433,16.8441459908611,19,18.5363167512279,-0.143729095702484,14.508896657262
0.372267565718495,16.7535529865974,19,18.3669859542915,-0.245957251982428,14.0786865387158
-1.37738833415936,10.2082940522603,9,6.78301844665391,-1.10184955959241,11.1586204155943
0.885181056421491,19.0468730800029,17,22.6413170530319,1.15211694892678,20.1269826086893
-3.10820228332939,6.34986677986186,7,1.51996218278176,-2.0391330714946,8.59610612433242
-0.617018357786642,12.5721932497659,16,10.6556302869359,-0.349129299534758,13.6617490129519
-0.702056102538469,12.284023980969,13,10.1678693985392,-0.842554179126778,11.943291400224
0.408328055336128,16.915650379088,20,18.6699238719461,0.194349501205441,15.9893072848019
-1.13540189059415,10.9249481330421,14,7.93797116456258,-2.03491625562651,8.60653830067323
-0.882481906304143,11.7017924343189,9,9.20262897470932,-1.16998479050634,10.9585601920204
-1.47353419234509,9.93041739517496,7,6.33843627774069,-1.51787147067099,9.96713585504252
0.679219881533518,18.1336672958951,20,20.9432462337645,1.09139977018717,19.8944297886669
0.886676734988853,19.0533733530497,17,22.6533409500805,0.838238148179548,18.8431178486944
-0.675966671845953,12.3712903717472,14,10.3147407458548,-0.10534345753265,14.6738061246549
-1.18878344702569,10.7648269344752,13,7.67906299896548,-1.49432813275452,10.0326042795928
0.91163622389094,19.1614383116279,18,22.8530250500881,1.10148155129914,19.9336634226278
-0.362193676489459,13.5162767985937,12,12.3157099897176,-0.0964165786926209,14.712365792135
-2.95165558848091,6.56527669061155,8,1.66771362866353,-1.56174656979176,9.84583684721846
-0.0260588080979846,14.955478394364,14,14.9872634584495,-0.410856657312161,13.4221146770099
-1.26510801969019,10.5378814106157,11,7.31291862816379,-1.30482615221042,10.5683819082521
0.0720899909679849,15.3984338753972,18,15.8223351943804,-0.191660070869309,14.3053705803531
0.642586763535538,17.9691181855259,19,20.6362998241401,0.655966793550601,18.0380431312234
0.0263324559317091,15.1915225154885,15,15.4321868522788,0.11465641388839,15.6374389080573
0.606463001438508,17.8066729619998,18,20.3332126196712,0.82273074850164,18.7755611203449
0.429727876014547,17.0118343888719,21,18.8495929059838,0.569796410694486,17.6536499500633
-0.0319345244976589,14.9290938420223,14,14.9375627268024,0.337442732164782,16.6215629727038
-0.721922861885261,12.2181851188384,14,10.0575045128689,-0.337674621513935,13.7070563762701
0.362611942504165,16.710139625679,18,18.2858153744375,-0.248530591153375,14.0680575835649
0.379446929664918,16.7858292479231,19,18.4273225038551,-0.212355830117755,14.2184438965726
0.28999367083485,16.3833591813643,15,17.6741881629147,0.102983964274484,15.5859322461352
0.0413219939012995,15.2592510459579,17,15.5598978981771,-0.0307996462700729,14.9977368349873
-0.288209917723455,13.8163796279806,15,12.8623913192106,0.181696148070796,15.9334263100483
0.667191978998285,18.0796692226538,20,20.8425341319838,0.831273042138655,18.8128059086721
-2.02677975339908,8.43680085463298,7,4.02116905492927,-1.50887306837414,9.99212764072113
0.910104348527528,19.154828954796,18,22.840824060057,0.74762700852316,18.4453629973149
-1.87968281085172,8.81475296916394,10,4.59255339498956,-1.64226686676885,9.62576746313012
-0.763717688605264,12.0812572505309,12,9.82909877849884,-0.777352299818292,12.1489163791631
-0.0315887822552023,14.9306457829102,13,14.9404858747873,0.255731831788558,16.2604234025584
0.592665054619555,17.7446006366779,17,20.2173853587035,1.00488843451159,19.5483981794119
-0.457049717927566,13.1489440399959,10,11.6582703291944,-0.406137397066012,13.4401621164451
1.06355389755721,19.7982748901904,22,24.0186935368475,1.09649712729836,19.9142963596797
-1.41308508800142,10.104627804379,8,6.61688644718642,-1.28296923825735,10.6311284781635
-1.22215157086654,10.6653233607399,12,7.51841009685867,-0.9272051848264,11.6821762997844
2.0781697188906,22.5390099116376,21,28.1008603570853,1.84232939940949,22.0691024599326
-0.0369563984981854,14.9065607014071,14,14.8951243153791,-0.117929404796991,14.6195687265028
-0.0293874770681956,14.9405285900711,15,14.959101324752,0.141302544764679,15.7550601254603
-0.00926292730083817,15.0310095070657,15,15.1295862251869,0.321427121598152,16.5507385755696
-0.924625970195059,11.569860234319,8,8.98653458025495,-1.36132352073871,10.4070796096615
-0.447961942379837,13.1832808841772,9,11.7191246640015,-0.295608037891697,13.8756081981683
1.88952010008458,22.2151736122053,20,27.7999916681233,1.15077600401951,20.1219454151686
1.49003033457904,21.2869070540937,24,26.565226242795,1.28337725029789,20.5969662089298
0.460054159351149,17.1481482079511,12,19.104141323194,1.0003518612202,19.5298188848215
0.565398836223877,17.6219265576349,17,19.9884606829584,0.620093432472675,17.8780505595384
-2.04947788050342,8.37972046871428,7,3.93590285876567,-1.68793055424145,9.5025202743855
-0.826865818259105,11.8779226284009,10,9.49237050460766,-1.18460349665353,10.9158991159969
1.27789587612635,20.6109814789564,20,25.4565363912805,1.60775784439702,21.5505075608192
-0.0300236129489246,14.9376723336552,14,14.9537210925499,-0.451475940592688,13.2686704634616
-0.720081539065694,12.2242659905473,14,10.067682446599,-0.290650639224546,13.8956891085622
-0.312212626573837,13.7177494249789,14,12.681868476622,-0.267300227739937,13.9908665488809
0.586378922500138,17.7163193267988,17,20.1646105101596,0.281387610347388,16.3737699630965
-0.887458580521254,11.6861486293658,10,9.17696726291942,-0.956265941498537,11.5937955179502
-1.93364770524013,8.67449433007355,9,4.37919133484371,-1.87863967084383,9.00098512033271
0.766823015529761,18.5254709564635,24,21.6733652621037,0.787161912602357,18.6197374530299
0.272684712475436,16.3053690836846,15,17.5280220440802,0.533831421747894,17.493300129798
0.622903445712043,17.880619006145,18,20.4711874796594,0.438362469622934,17.06866391349
0.530879777206467,17.4666326400356,14,19.69864098815,0.422162128496424,16.9967773463288
-0.859639218492124,11.7738337466876,9,9.32095022541525,-0.905836610693029,11.7475472629175
-0.787960212031077,12.002728819667,11,9.69873328569283,-0.600766905487127,12.7331074601362
0.667934378258301,18.0830030797084,19,20.8487525171023,0.197626836785257,16.0037813388544
1.27111864813686,20.5871647265087,20,25.4156501334471,1.22966688571507,20.4103020299409
0.449923873206318,17.1026111561954,22,19.0191158673493,0.221951541613363,16.1112134545657
0.887096007726195,19.0551950466117,17,22.6567103877413,0.772856605245563,18.5567684489989
1.30919973125545,20.7192534350848,21,25.6411335898608,1.51730453971884,21.314298445128
0.0212827013782894,15.1687212411559,16,15.3891940623733,-0.0517947970383474,14.9060988467352
0.3067317217649,16.4587349644636,17,17.8153787620646,0.516535916756034,17.4162505353605
2.06340598234965,22.5154755289349,21,28.0816950644796,1.31623912088121,20.7071831100062
-0.877749127893799,11.7166863677237,9,9.22707088725529,-0.444462391656006,13.2949226682414
0.987014940247927,19.4824198751797,21,23.4433300298533,0.898206215233864,19.1017215669844
-1.30835940937779,10.4103095308297,10,7.10753362712659,-1.21918922340544,10.8153238836739
2.19772398898942,22.7206481502287,22,28.2347820288296,1.77053560273272,21.9234332789177
-0.528088904687098,12.8865812843515,19,11.1975951760115,-0.285824210177974,13.9152823099412
1.97673094788855,22.3715164755094,20,27.9552123326117,2.44210959901994,22.9997762133518
-0.628434095030356,12.5328562591217,15,10.5885650982309,-0.622059195737164,12.6601236254532
-0.73916725611119,12.1614396612936,13,9.96267151005957,-0.345830209374091,13.674771691334
0.464140505129423,17.1665178092563,12,19.1384382704473,0.532034281813449,17.4852919268865
-0.00550541488795706,15.0479274948777,15,15.1614723166926,0.0657060072239438,15.4215542282983
-0.751979590399614,12.119508453243,12,9.89275940566719,-0.684294309184906,12.4510818833692
0.643356356671123,17.9725774374871,19,20.6427532612428,0.421689863627523,16.9946824767549
0.459061710509169,17.1436868750718,22,19.0958116085376,0.534814263468313,17.4976799524326
0.0566483809046396,15.3285599600053,17,15.6905892556245,-0.0813146142184117,14.7777581767809
1.18690980291881,20.2804675311505,17,24.881330824787,1.09235652460412,19.8981633255043
0.283750196224012,16.3552328513005,15,17.6214842495211,0.723708136975592,18.3393978016681
0.298272893036164,16.4206475655201,17,17.744044210451,0.920063137556443,19.1947688669175
-1.36016407192197,10.2585138792478,9,6.86360108144906,-2.4551702003997,7.63420977761744
0.880452082797,19.0263033323569,17,22.6032592347396,0.591140223233953,17.7488674792457
0.637960410976319,17.9483214722372,17,20.5975015296962,0.784507687892681,18.6080659752472
0.8864155562667,19.0522384538172,18,22.6512417644838,0.296588308997667,16.4409415419223
-0.715868797531799,12.2381944888298,13,10.0910070630995,-0.734463817378326,12.2867733338764
1.36356230610862,20.9003591531826,21,25.9447161784158,0.910351597112183,19.1535133335562
-0.790812198863901,11.993530378272,11,9.68349043300575,-0.902138769070956,11.758894634855
-0.325149378861288,13.6650886071673,13,12.5858141718874,0.168269902443717,15.8741350102394
0.0299251661534367,15.2077497913501,16,15.4627848982015,-0.269568098565384,13.9815805189198
-1.27544881500558,10.5073124729303,11,7.26367440920077,-1.80941653509487,9.18050332833691
0.067419560528089,15.377296234507,18,15.7824823521163,-0.0445442919309688,14.9377144976397
0.238745632302674,16.1523063873016,13,17.2409132487338,0.53711880996367,17.5079502118721
-3.23125829303534,6.19313458308664,7,1.43298372980973,-2.46035032158879,7.62328813741424
-0.0593111598464519,14.8064680975349,14,14.706708925429,-0.259866633369502,14.0213662255597
-0.2883697705472,13.8157188672831,15,12.861179340211,-0.226373870851279,14.1599246439764
-0.167908148038168,14.3271481562299,20,13.8080656170405,-0.324121432427105,13.7609939522281
0.297906532071101,16.4189977370211,16,17.7409538020327,-0.444745607680817,13.2938606127987
0.138642277956289,15.6997643298907,20,16.3901342673382,0.399223201609503,16.8950712675845
1.27472482459979,20.5998541850903,20,25.4374462219238,0.955127092694149,19.3424773270728
0.02323888742132,15.1775530409007,16,15.4058466195708,0.272356404542252,16.333867163941
1.4366975000528,21.1298525449426,23,26.3182705778407,0.684512163949952,18.1652013344817
0.401704567714359,16.8858796297038,20,18.6143011240605,0.307903837251626,16.4909544484388
0.999090309498017,19.5329839989051,22,23.5358579747604,1.29307849276179,20.6298218050816
-0.104039888101843,14.6074598057123,11,14.3327222378215,0.0810741728611068,15.4892945911258
1.40769386303563,21.0407975429881,23,26.1749564982068,1.11693422396822,19.9933271868697
0.257486529164201,16.2368503184092,15,17.3995381084652,0.558604591826088,17.6037355565382
-0.356391639306546,13.5393878774874,12,12.3575244811266,-0.209681462171122,14.2296418534274
-0.294032902433639,13.7923434710874,15,12.8183257724808,-0.613279621530137,12.6901226373051
0.686912235674061,18.1681829714861,20,21.0076139073109,0.974152420163946,19.4217471195767
-0.880782809766313,11.7071375500148,9,9.21139949281695,-0.813226352816589,12.0352372373668
1.38577498398261,20.9717886435661,23,26.0624343251075,1.02717030862638,19.6390533520064
-4.19279242055955,5.15252151353511,5,1.09921296026314,-3.69355198460731,5.81999490984017
-0.845563603505863,11.8184285812773,10,9.39432122951041,-0.959694037661114,11.5834074346988
-0.789695986292139,11.9971294980859,11,9.68945391357255,-0.701073765453577,12.3957366167129
-2.06076765994082,8.35145748127134,7,3.89379375845296,-2.20843979812861,8.1871482020226
-0.651401202526817,12.4543550891608,15,10.4551999723735,-0.247492041937779,14.0723459090083
0.0221928965371683,15.1728304328478,15,15.3969420015479,-0.0154780879742598,15.0647704905943
0.404694645420172,16.8993192940848,19,18.6394121236241,0.587923725242467,17.7345166982762
-0.247954421975484,13.9843859852514,16,13.1716090299088,-0.763192171777524,12.1941849155116
0.575262510940845,17.6663049967197,15,20.0712780984329,0.421062891502188,16.9919014210425
-0.558462794479451,12.7775404469913,17,11.0083944290553,-0.45071418032011,13.2715168953439
-1.45118406680959,9.99462557500977,7,6.44094675896867,-1.05853579294487,11.2869131184013
-1.36533805472757,10.2434150238834,9,6.83936685972928,-1.22362756385227,10.802452803572
-0.732786400653357,12.1823946629982,12,9.99766131121169,-1.0045192012519,11.4482525154064
1.24696654543389,20.5012181231481,19,25.2673247561752,0.745104988253503,18.4342046329552
-1.26245514373518,10.5457305912381,11,7.32556598650785,-1.0540339313162,11.3003004849394
0.718871988381686,18.3113953640018,21,21.2746070462912,0.405163149699313,16.9213987803908
0.364772163686142,16.719852861162,18,18.3039778480108,0.462625980674402,17.1764234059778
0.0185154048012825,15.1562297059767,17,15.3656414385717,-0.0100269239722655,15.0886488277978
-1.88639840498201,8.79719720027282,10,4.56576465718353,-1.05422942497774,11.2997189230192
-0.339205343344312,13.6082752281689,13,12.48245635085,-0.395678850295386,13.4803203495875
0.0105994794212949,15.1205129191144,16,15.2983014667118,-0.0840146159851334,14.7660529206443
0.649131431208639,17.9985331556414,18,20.6911738818612,0.941288121877755,19.2844214064354
-1.14841861302735,10.8857957000933,14,7.87461906843584,-1.20885119473584,10.8453351491951
0.911328431804888,19.1601105769695,18,22.8505741603462,0.82970373686185,18.8059692761348
-0.000751341159775663,15.0693422195612,15,15.2018369542223,-0.0860848643845547,14.7570818877752
0.281106026616719,16.3433193105933,15,17.599157144093,0.039072529242494,15.3042762735864
0.855035625682428,18.9153156716431,16,22.3976933108517,1.45371882623832,21.1347713304935
-0.949962113582879,11.491102442974,7,8.85785600682242,-0.202269023084485,14.2607336766467
-0.695651871997141,12.3053585198926,13,10.2037126292717,-0.578583189760607,12.8099968322057
-0.359705404907466,13.526179249292,13,12.3336201461139,-0.0262816050204338,15.0174907868928
-1.98716528675979,8.53722774499818,8,4.17187164994133,-1.40222010363338,10.2911306801566
0.60284645707132,17.7904041402206,17,20.3028555007908,0.317796049560963,16.5346846738116
-4.24006319309193,5.10610887998656,5,1.08848299056515,-2.56698912242814,7.4057633108839
0.0110497790952577,15.122544030387,15,15.3021307353766,-0.170954040157977,14.3929350345223
0.0249233244532644,15.1851589798848,16,15.4201879801934,0.0731349076695832,15.4542943343996
0.56967216623171,17.6411529871788,16,20.0243405857553,0.146973784127681,15.7800993612261
-1.16777958192313,10.8276901801918,13,7.78065264683055,-1.33254406696608,10.4890851562175
-0.00296938775440805,15.059349701806,15,15.1830016073505,-0.434070405392609,13.3340064971297
0.906134474529081,19.1376863047058,18,22.8091709540906,1.11076917063523,19.9695925060113
0.899557514619515,19.1092407248113,19,22.7566242174149,0.776571930670475,18.5731373636365
1.48310882589688,21.2670125194057,24,26.5343842603139,1.09524237688548,19.9094117401615
0.223734905576439,16.0845464739972,13,17.1137054745894,0.0549930615488837,15.3743606242071
-0.118784798496916,14.542299103015,12,14.2105057022363,-0.276527394865009,13.9531409147628
-0.724339525075553,12.2102106705491,13,10.0441618248625,-0.748002251521823,12.2430122393302
0.063097232696565,15.3577367848179,18,15.7456035343129,0.0783485617503875,15.4772775407513
0.265309649435185,16.2721244357768,14,17.4656910216737,0.1355200008047,15.7295310679593
-1.22505259107178,10.6566935609682,12,7.5044855221908,-0.678818385776453,12.4692328634332
0.519423385705027,17.4151014257667,15,19.6024638171356,0.913896332110891,19.1685882406361
-0.702321695207915,12.2831403967167,13,10.1663857917069,-0.894826475839516,11.7813648284601
-1.17151407696405,10.8164999864256,13,7.7625634656014,-0.255802925577195,14.0380792040637
-0.684704019257338,12.3419591846018,15,10.2652985287845,-0.585969532293367,12.7842972377814
0.00473279395953158,15.0940583671464,14,15.2484285840742,0.0289545955078607,15.2597721075635
0.630610792531663,17.9152775162102,19,20.5358521726554,0.65600388692665,18.038208478702
0.315021989093787,16.4960542242982,17,17.8852571564257,0.25930325217502,16.2762003174526
-1.10259624851592,11.0239396473322,15,8.09828126339457,-0.919743441174351,11.7049649829256
-0.718496755062597,12.2295030831576,13,10.0764505586832,-0.996237906423982,11.4731305491827
0.00217556079960637,15.0825316498537,15,15.2266994178274,0.116964061414875,15.6476232957326
-0.82829896386132,11.8733518619182,10,9.48483066559131,-1.24062338492521,10.7532393806651
-1.9217038233445,8.70537733917136,9,4.42604022264194,-1.11069272766177,11.1325373238504
-0.31797131155753,13.6942642979864,14,12.6390018990992,-0.711322385247232,12.36213000533
-0.0514195683911932,14.8417604455525,13,14.77312398578,0.231535535730131,16.1535442621257
0.732831889733301,18.3738318687403,21,21.3909575181395,0.527544796593965,17.4652885170567
-0.747977208145852,12.1325866815948,12,9.91455030890347,-0.561194965579379,12.8708920614264
-1.77625332476111,9.08884108005948,12,5.01381358330704,-1.95828112947157,8.79807866479145
4.28119821114456,25.0383475008609,25,28.954297788766,1.91283207286322,22.202517512459
-0.671092243336901,12.3877014356247,15,10.3424390443298,-0.981439042842855,11.5176892384359
-0.798864808236892,11.967602118689,11,9.64055414291431,-0.0724833185012303,14.8160850531767
2.35304098307427,22.9376008785609,22,28.3645003559429,1.01561197848776,19.5921533006952
-0.598442545204229,12.6366742879729,16,10.7659132436978,-0.610029326121588,12.7012621656152
0.694940249314771,18.2041874980248,21,21.0747508411813,0.607360025219895,17.8212375414777
-1.82499796670073,8.95879511701622,11,4.81323541927034,-1.03187032070523,11.3663624466963
-1.24908974535764,10.5853180524397,12,7.38937113949126,-1.46267099766036,10.1210369485397
-0.20086171485004,14.1847470847895,18,13.5428461358887,0.315261233817119,16.5234782989014
0.0874191176969318,15.4678279462066,18,15.9531554588517,0.277418764446779,16.3562338289051
1.20239040615552,20.3383056397757,17,24.9831068424871,0.945815807115547,19.3034511199643
-0.29726388847884,13.7790364220175,14,12.7939496224858,-0.255221078045674,14.0404744720476
2.25135381951872,22.7976636179143,22,28.2843828856815,2.05407939370173,22.445472837784
0.257346147293097,16.2362172493769,14,17.398350694221,-0.00532826660505386,15.1092421386858
-0.695421715380294,12.3061262778847,13,10.2050032566444,-0.431237293964671,13.3447002462507
0.422527129691997,16.9794698059187,21,18.7891428530702,-0.162707017131234,14.4279667859316
-0.223997220250166,14.0858264712389,17,13.3592609641507,0.0331749052997868,15.2783315808453
0.465445490138801,17.1723843092663,12,19.1493910640466,-0.0756354475450556,14.8023981137915
5.39602630671351,26.014832297045,26,29.1632520500381,2.28163224900859,22.7856751910413
-2.11586347691777,8.21479952425901,6,3.69129585950436,-1.432678413315,10.2052314855487
1.00927983575909,19.5754482772371,23,23.6134507484743,0.796811872147147,18.6621232601717
-0.30047367766047,13.7658378907299,14,12.769786301991,-0.15849423795596,14.4458945667061
-0.637620215239104,12.5013574025954,15,10.5349774452555,-0.861088847038297,11.8856036979136
-1.76537666443672,9.11807327356833,12,5.05907227729288,-1.79293844524709,9.22366563618909
-0.003602669048954,15.0564971302997,15,15.1776248043302,-0.0914304858936903,14.7339343148861
-1.37506221374421,10.2150687387093,9,6.79388537634233,-1.23172298433712,10.7789969348243
0.660567197000767,18.0499146904969,20,20.7870332564686,0.255727321815007,16.2604034798014
-0.727813530841551,12.1987599605114,12,10.0250118558713,-1.26838155229662,10.6731130776236
0.906646937381298,19.1399003759682,18,22.8132597367412,0.910353883065989,19.1535230612246
-1.37684495376903,10.2098764053916,9,6.7855565138324,-0.849466817141472,11.9217397220497
-1.22229478360627,10.6648972604232,12,7.51772253369052,-0.997121552814355,11.4704740587269
0.355112809431362,16.6764179471435,18,18.2227532842498,-0.277198355631043,13.9504034836988
0.931799585175904,19.2481353898404,19,23.0129136862915,0.69365688626619,18.2058922658151
0.699047004676306,18.222598335634,21,21.1090780420479,0.365426208515013,16.7453820564253
-0.464771320050005,13.1199096330035,9,11.6069138560119,-0.8762584080027,11.8386162840196
-1.20426343546031,10.7186102402095,13,7.60442141065234,-0.753320630302042,12.2258844110698
-0.109512003386314,14.5832491802449,11,14.2872967107952,0.13985847007789,15.7486845935822
-0.295383033746295,13.7867802582836,15,12.8081332333213,-0.139455316149225,14.5271797684244
0.546735982261331,17.537962398015,14,19.8317644434321,0.386361409688521,16.8380844585935
-0.0541360793345486,14.8296064037106,13,14.7502492540782,0.0382485958689375,15.3006510388642
-0.632200320783895,12.5199254845833,15,10.5665543188849,-0.572357198776664,12.8317365774138
1.40175169458596,21.022234490409,22,26.1448100507773,1.66440895400366,21.6875329744812
-0.61379948103972,12.5833244206709,16,10.6746368505438,-0.398823806845082,13.468220971864
-0.597788413210112,12.6389558337443,16,10.7698234823436,-0.250450285490784,14.0601355714931
0.671506296734172,18.099041677781,20,20.8786673715731,0.501136165545845,17.3476878641809
0.963247668827366,19.3821684646834,20,23.2594751055979,1.05108753890687,19.7352117540651
1.29110332339564,20.6570126194497,20,25.5352778409681,1.06767507740822,19.8011712235351
0.022963939483059,15.1763116257824,16,15.4035058946146,0.0382565815569135,15.3006861742669
-0.128172835002458,14.5009420239564,10,14.1330086811946,-0.253302291830322,14.0483774861702
0.934358862658654,19.2590986232769,20,23.0331108073358,1.23059513032762,20.4135957471972
0.607918311148388,17.8132193962312,18,20.345427936805,0.594248628871937,17.7627363261362
-1.36106739194378,10.2558769649245,9,6.85936833339743,-0.930356816366059,11.6725630552604
-0.462777325452058,13.1273950346222,10,11.6201452957463,-0.319495355389054,13.7794851605296
0.410275848643634,16.9244050513818,20,18.686279698877,0.388377706832815,16.8470162943139
0.597609863580887,17.7668465465699,17,20.2588970161633,0.393337006541199,16.8689878970985
-1.09571722820901,11.044755850445,15,8.13201670519222,-1.91310184883683,8.91270578763478
0.0174488707517364,15.151416117251,16,15.3565656371657,-0.465258797175443,13.21737423667
-0.833449989791808,11.8569384022548,10,9.45776510784253,-0.797288890088186,12.0855683732712
0.863834025364355,18.9538160833076,16,22.469041841566,0.879340671332818,19.0208606542507
-0.752799808341967,12.1168305607439,12,9.88829910894959,-0.450855491620333,13.2709887744179
0.615445949211546,17.8470789786977,17,20.4086069758271,0.725352272590087,18.346690991253
-0.245235930581345,13.995843861342,16,13.1927702538003,-0.14665053860168,14.4964107579994
-0.395481324091185,13.3851116052142,11,12.0793758682133,-0.191772587682798,14.3048963387441
-1.93636411307367,8.66748322842626,9,4.36856599466567,-1.6888294289086,9.50010596656828
0.104571300466012,15.5454932254524,19,16.0995323872664,0.309996281311516,16.5002037844327
0.610239110423325,17.823658818344,19,20.3649072189274,0.332396462304356,16.5992444744445
-0.365028693799335,13.5050109300141,13,12.2953452258549,-0.495429243068853,13.1064390606597
0.882370143588932,19.0346495514867,17,22.6187028860364,0.933726560151106,19.2525649349874
-0.356924608667961,13.5372618510941,12,12.3536757936633,0.453938412026172,17.1378269450692
1.93741579245527,22.3025941229307,20,27.8890453357011,2.03654320315366,22.4168649282127
1.32774319452983,20.7820260021324,20,25.7471361430561,1.34178515663657,20.7907393207814
0.959192443040641,19.3649707205856,20,23.2278848912828,0.861039875997486,18.9419723918136
-0.0895775366490729,14.6715983173098,12,14.45314574137,-0.194426534670987,14.2937154591109
-0.297007295264728,13.7800924377398,14,12.7958835363614,-0.0242763473720616,15.0262618265259
-1.81366723504649,8.9888847260174,11,4.85953246361933,-1.56925821374026,9.82516493734353
-0.910568154199291,11.6137343821805,8,9.05831805609517,-0.313363852999936,13.8040564900282
1.87861793843506,22.1947078246182,20,27.7783311802934,1.49346214866717,21.2483134176451
-1.32626937775844,10.3577049900375,10,7.02294074068977,-1.05862105516606,11.2866596700873
-0.798027651321519,11.9702946789626,11,9.64501091021183,-1.09221611466232,11.187075967042
0.663369612012024,18.0625025104687,19,20.8105136516713,0.358987259313253,16.7168826615165
-0.0301588526183728,14.9370651386021,13,14.952577353972,-0.26657307484184,13.9938458347746
0.635469764479998,17.9371242103378,18,20.5766114011575,0.89256846337894,19.0776085247228
0.960195535230989,19.3692271600972,20,23.235704786416,0.678007361332952,18.1362422549533
3.3602963092208,24.1132227387702,24,28.7500357378838,2.16321397937181,22.6151740737355
0.675900807378075,18.1187699712761,19,20.9154625436874,0.405741366069072,16.9239619221185
1.01932412297361,19.6171197419758,22,23.6894893675674,0.648282976920472,18.0037868925242
0.574863247896698,17.6645086374123,16,20.0679258382953,0.343447964099912,16.648126399658
-0.305621243112872,13.7447156941584,14,12.7311461195198,-0.515463936679321,13.0337852101668
-0.395305532289094,13.3857978719583,11,12.0806079365186,-1.17160049793155,10.9538407099191
5.62839361010795,26.1986586127755,26,29.2024333742756,0.906081772290371,19.1353299728083
-1.77907059620172,9.0812821394859,12,5.00212064995745,-1.83392872361602,9.1166012441846
0.932250482054413,19.2500675940517,19,23.0164736707796,1.02361686222367,19.6246638503343
-0.0270653305604856,14.9509571643978,13,14.9787461645121,-0.0105646241295478,15.0862928464905
-1.32541885122737,10.3602001545165,10,7.02695183746895,-0.608048228582463,12.7080608274391
0.0733235286760314,15.4040171387904,17,15.8328615460559,0.678049362751592,18.1364292800324
0.983077354843862,19.4658766889866,21,23.4130268815075,0.805159890709657,18.6987267229079
-0.0221837588584687,14.9728904682373,14,15.0200674097704,-0.0315539119839105,14.9944401148239
-0.0323812317442213,14.927088809395,13,14.933786208971,-0.245252413654263,14.0815997112901
0.0160656652558792,15.1451739147288,17,15.344796384515,0.195994163070825,15.996570766661
-2.87484675374375,6.67927511509736,8,1.76012148461026,-2.10126754581024,8.44372444489114
-2.57303768481819,7.19752405662301,11,2.29714999834962,-1.9714891440392,8.76480568869991
-1.26871554056842,10.5272121868939,11,7.29572925573323,-1.32584857541413,10.5082116488206
0.0895537864102824,15.4774930137531,18,15.9713736552759,-0.0395186457245586,14.9596481896719
-2.10458067472781,8.24260857443382,6,3.73234588709512,-2.07724604837089,8.50233587357953
2.36478760592012,22.9533168604734,22,28.3727483430529,1.4455942159056,21.1110087937045
6.84713272331517,27.0549527661523,27,29.3844634562627,1.83526961546711,22.0552357675509
0.883453768674542,19.0393629087173,17,22.6274234025733,1.05385078131505,19.7462418722809
-0.305439988772646,13.7454585093081,15,12.7325043788199,-0.697510719566354,12.4074550005697
0.0749288944854954,15.4112836465575,17,15.8465611754951,0.192063083953283,15.9792096152724
-0.00355877479286091,15.0566948427963,15,15.1779974698256,0.06056810480902,15.3989172154719
-0.566169976519663,12.7501550359906,17,10.9610844174302,-0.526632627757695,12.9936284208007
-0.755570144764783,12.1077914520968,12,9.87324753690947,-1.16973451748486,10.9592913388066
-0.393463256036222,13.3929939677423,11,12.0935300968171,-0.272317804432511,13.9703335501084
-0.0774329369771345,14.7256173450746,12,14.5546542928106,0.0783124134707709,15.4771181733792
-0.810781791572239,11.9293462994013,11,9.57728179318186,-0.729170194314605,12.303948372887
1.29471232650833,20.669502296947,19,25.5565773433889,1.35681846652559,20.8390368423714
0.249863769445368,16.2024697508978,14,17.3350441056393,0.133594194341969,15.7210293232389
-0.607691318967782,12.604495422807,16,10.7108223531678,-0.368705280042217,13.5849198528002
0.289530144962337,16.3812712358954,15,17.6702760713451,-0.522076201935282,13.0099813379912
-0.0281324643317231,14.9461643423339,13,14.969717506448,0.106950778553497,15.6034349690208
4.39881726832666,25.1487724042076,25,28.9780383828132,1.544617196395,21.3879532621733
-0.2448644786382,13.9974105228504,16,13.1956643630674,-0.468504776840364,13.205350094278
-0.300163694547634,13.7671116042465,14,12.7721175508268,-0.0709206195095787,14.8228733194895
2.02924370646962,22.4599609660346,21,28.0348053662601,1.08207960066838,19.8579479948397
0.248826976513188,16.1977927919966,15,17.3262693747191,-0.0258830420898548,15.0192339369653
-0.245714948357705,13.9938239014001,16,13.189039009519,-1.17979069882328,10.9299341283676
2.60034405146623,23.2534215296992,23,28.5060938495297,1.66379179406931,21.6860835252582
-0.733178540848404,12.1811054443266,12,9.99550761752982,-0.572815301359196,12.8301345576448
-0.31283717831449,13.7151990048151,14,12.6772110298776,-0.165182798342027,14.4174411605855
-0.00196654516494135,15.0638673225178,15,15.19151698189,0.0722844693826241,15.4505458230308
-1.22955442305432,10.6433083916964,12,7.48289067387314,-1.34971828926127,10.4401076660393
0.284228315352207,16.3573869453809,15,17.6255210243287,0.19703092100472,16.001149520742
1.34623347484254,20.8435943115136,22,25.8503181679569,0.816310477931724,18.7475204103136
-0.785672662483213,12.010112724158,11,9.71097331525541,-1.00183364959125,11.4563158778416
-0.712903761515391,12.2480113213936,13,10.1074561065309,-0.406023993252591,13.4405963582368
0.577256199625408,17.6752749679217,16,20.0880172832492,0.578235667466082,17.6912952393782
-1.29034229505661,10.4633603658325,11,7.19290324912662,-0.8355687482072,11.9651155040848
-0.834970909719753,11.8520964721724,10,9.4497837086237,-0.645202579368513,12.5816646916616
-1.36492641001125,10.2446158784239,9,6.84129406962633,-1.3962288808605,10.3080734314002
-0.214823180110736,14.124942644748,17,13.4317843170419,-0.613309606491481,12.6900199566666
0.278978109406236,16.3337310084054,16,17.5811863731154,0.210096310651125,16.05885287392
1.78168467823895,22.002518703655,19,27.5605717119646,1.23242476529474,20.4200809944102
-1.93377655077812,8.67416167137808,9,4.37868710381625,-1.11061523189678,11.132765742232
-0.0165109606103266,14.9983960594956,14,15.0681255790723,-0.0150875441676622,15.0664807523055
0.990001555809227,19.4949498140775,21,23.466271982744,0.996543549321358,19.514191050773
0.284835908881058,16.3601243168777,15,17.6306507717504,0.169715225233699,15.8805174829068
-1.96994970720555,8.5811851181527,9,4.23809834108207,-1.85937011283693,9.05066369732992
0.715705369519725,18.2972214681965,22,21.2481891947772,-0.00590648020418254,15.1067073933934
0.253574237116068,16.2192061227624,14,17.3664417095078,0.3790991921158,16.8059194338881
-0.715302259657832,12.2400693465345,13,10.0941479372173,-0.707140105915234,12.3758265363992
0.283197219340595,16.3527414534068,15,17.6168152929645,0.302198934341733,16.4657384906847
-0.0805193563197366,14.7118758769431,12,14.5288254974293,-0.724888579746337,12.3178669188028
0.243857726819843,16.1753740234603,13,17.2842038087271,0.200386438688955,16.0159689761182
-0.201552467520379,14.1817805725723,18,13.5373321089675,-0.203126989801042,14.2571308082101
1.82370236518102,22.0881765696655,19,27.6607575109694,1.40212866633892,20.9806764069775
-0.29997179740522,13.7679002044783,14,12.7735609716873,-0.639350197239917,12.6014215530223
0.302068508715766,16.4377392137125,16,17.7760577215078,0.172894724175837,15.8945581551515
-0.247918233623575,13.9845384210278,16,13.1718904981696,-0.186020596362559,14.3291624817638
3.46391177776787,24.2228018938971,24,28.7752855810464,1.37836850962981,20.9071383874839
0.979615398976798,19.4513098629351,22,23.3863318516646,1.31952455389574,20.7180335946551
2.26836373260527,22.8215960397401,22,28.2989736136802,1.56209402604411,21.4340143313548
0.297549754845972,16.4173910487428,16,17.7379441686762,0.553440853123027,17.5807100895818
-0.760533272094071,12.0916192106904,12,9.84633330663136,-0.379009862239336,13.5447862329047
-0.189663602997019,14.2329467165134,18,13.6325069195013,-0.075090250421529,14.804764876823
0.00877228043327852,15.1122720347771,16,15.2827650873002,0.157045031341312,15.8245683917876
0.242249125714371,16.1681159129486,14,17.270583484876,0.385112950043898,16.8325543298655
0.310457511606535,16.4755079741092,16,17.8467874736268,0.379409331827632,16.8072929042604
1.94074877676618,22.3085327982141,20,27.8948881805485,1.55980228299433,21.4280214209386
1.31493245444871,20.7387688592617,21,25.6741725728806,0.619392195554062,17.8749219764599
-1.43600645158628,10.0383660192629,7,6.51086025687015,-0.955809293602473,11.5951798697565
0.664236785326753,18.0663973487687,20,20.8177786702386,0.887309760702918,19.0550768454887
-0.334224855808413,13.6283576573971,13,12.518958590543,-0.196077157002264,14.2867664837791
-0.723765829462335,12.2121030771778,13,10.0473276875603,-0.518112739017198,13.0242392869962
-0.820074027511325,11.8996086646285,10,9.5281597090418,-0.849066932882713,11.9229852470081
0.333477649086966,16.5791042259041,17,18.0407046640932,0.288237479531038,16.4040377087167
-0.420313103051724,13.2888574843898,11,11.9070307400998,-0.391386510299963,13.4968665600454
-1.33880656172807,10.3209596850889,9,6.96388698360531,-1.12185259543166,11.0996723164763
-0.30187773518436,13.7600711332096,15,12.7592331887986,-0.34113059950143,13.6933596590292
2.08567075691483,22.5508658708086,21,28.110355210127,1.63477525765971,21.6168688056744
0.670095427898566,18.092706936859,19,20.8668520860532,0.431594658824117,17.0386267742596
-0.712943743742843,12.247878870383,14,10.1072341177895,-0.808665976550207,12.0496118677699
0.66591081652892,18.0739156978462,19,20.831802416812,0.688106499049385,18.1811979792244
0.105301662923359,15.5488005052311,18,16.1057646535363,0.0757411621600074,15.4657828281767
-0.603486483344743,12.6191067013977,16,10.7358235414444,-1.17461463716303,10.9450393666777
1.25100241537287,20.5156954121044,18,25.2923923753502,0.937453548504271,19.2682782389611
1.43488857653368,21.1243735553479,23,26.3095182275479,1.14379468641582,20.0956467750699
1.92929359268498,22.2880453264106,20,27.8746192762141,1.88125958970774,22.1438803390367
-0.267173161096851,13.9037822296225,15,13.0230004662513,-1.29971388012843,10.5830410190531
-0.0557917817587412,14.8222013239424,13,14.7363137099702,0.0421956083481384,15.3180192716982
4.17827879222659,24.9402951060484,25,28.9331710861921,1.85736401637677,22.0983157858469
-0.0284199569787459,14.9448732442373,14,14.9672854022404,0.122815519274986,15.6734495980686
0.96986859330431,19.4101900728086,20,23.3109165934038,0.759624152516503,18.4983901997483
-0.32426115051425,13.668692944123,13,12.5923809529493,-0.390522432910939,13.5002019671633
-1.89331452650089,8.77914747650586,10,4.5382467748956,-1.95364118465387,8.80979298959824
-1.04536075086413,11.1977815041746,16,8.38030019700435,-0.777737194685274,12.1476891600838
-1.50504492580071,9.84031804389465,6,6.19484754286971,-1.15117956618073,11.0135723621179
-0.752446431228188,12.1179841918948,12,9.89022053092281,-0.456527351484162,13.2498252320842
-0.853908768572117,11.7919698501084,10,9.35077689884292,-0.619350021151242,12.6693665964754
1.76041136720412,21.9576819206716,18,27.5062185590087,1.91195808932432,22.2009175536096
1.3910752240575,20.9886103989111,23,26.089975551203,1.06863540955901,19.8049711333298
-0.304181324360255,13.7506186388569,15,12.7419410787934,-0.243430284515201,14.0891345339394
2.23436695642837,22.7735328248295,22,28.2692815621041,2.08115152333611,22.4888664636002
2.28316851702018,22.8422448916098,22,28.3112590238375,1.34317641981585,20.7952362553657
0.647785370553447,17.9924838120963,19,20.6798889867676,0.30718089955039,16.4877588905676
-2.75573770123236,6.86931421860171,9,1.93596667359008,-1.63711914796565,9.63973369805186
0.655893519088684,18.0289183205878,19,20.7478545435822,0.473915148632822,17.2265999151425
0.332997013414194,16.576941852639,17,18.0366582760597,0.236134872484931,16.1738592895128
1.96526727943859,22.3516702439966,20,27.9365293873798,2.15453335617841,22.6021588787884
-0.830041751928414,11.8677959754713,10,9.47566739125159,-1.03908353344036,11.3448340334076
-0.272842024504087,13.8801431443984,15,12.9795053109161,-1.00536082387025,11.4457264012922
-1.23455198223837,10.6284587444251,12,7.45893702631569,-1.60652497318735,9.72303337995971
1.28343734842749,20.6303566686637,20,25.4897255130518,0.684923150209242,18.1670306280178
0.243491017606089,16.1737194472799,14,17.2810989514843,0.882432474890683,19.0341457445527
-0.829311801556519,11.8701226824768,10,9.47950459688729,-1.07234710845638,11.2459055078795
-0.275372227616682,13.8696126302616,15,12.9601427894192,-0.36659950074832,13.5931476060787
-0.652134919892391,12.4518609382895,15,10.4509727457953,0.321879072724261,16.5527368519314
-1.92810445372385,8.6888161092697,9,4.40090794787379,-1.52297058947711,9.95299079295802
-0.831115235359667,11.8643751063966,10,9.47002624937674,-0.899309417160187,11.767584074326
1.02189559722653,19.6277576444753,22,23.7088832047178,1.67854434079759,21.7204763159348
1.9832480096628,22.3827100587896,21,27.965617176356,1.06309371728672,19.7830148449547
-1.75361242857854,9.14977918575983,12,5.10823119839722,-1.36142516134891,10.4067905868197
-0.262992018679029,13.9212577146056,15,13.0551809395907,-0.0403496839403446,14.9560201767465
-1.82171257962973,8.96751103307546,11,4.82663907896395,-2.07832784236201,8.49968811172642
1.14573325077917,20.123595466236,16,24.603261173854,0.797392726855339,18.6646720851968
-0.413204551059593,13.3162729359099,11,11.9560180510937,-0.360866813070111,13.6155915168042
-0.817615811811888,11.9074679164546,10,9.54113688085603,-0.717292114553969,12.3426215174449
-0.0382402403801367,14.9008027571009,14,14.8842810949726,0.226152628074929,16.1297687268861
1.32508687913594,20.7730968473966,22,25.7321059399192,0.903270821410302,19.1233447218874
0.299698039014618,16.4270652282314,17,17.7560652517722,0.464580785324401,17.1851100806183
-0.379758269613128,13.4467620120424,12,12.19024689227,-0.264616536866615,14.001866673531
2.51628489758993,23.149227226069,23,28.4644948837067,2.10296194528835,22.5231767208271
-1.38397364453807,10.1891274721064,9,6.7522807624086,-0.933619843507662,11.6626174657614
-0.298049304080188,13.7758048648339,15,12.7880321226242,-0.43328642763172,13.3369640157265
-1.23114516833588,10.6385806040703,12,7.47526393522817,-1.83044532775577,9.12566002356258
0.700721238963161,18.2301025161126,21,21.1230690233308,1.32059602989466,20.7215655995483
-0.370349198052435,13.4839157138474,12,12.2572451612866,0.132871288880886,15.7178380100028
0.560110787259456,17.5981349903692,16,19.9440609194893,0.459030467404768,17.1604477594361
2.00102730559314,22.4129279384288,21,27.9932267344523,1.82931097477519,22.0434566544039
-0.710058259760271,12.2574430657108,13,10.123267609424,-0.939106260917167,11.6459119183892
0.253239706215782,16.2176972891876,14,17.3636112856932,-0.0792645947167942,14.7866495336299
0.953348144041478,19.3401399357852,21,23.1822489287439,0.494555796049889,17.3184035938649
2.49728578902224,23.1252754221368,23,28.4542885436385,1.66391314722923,21.6863686067083
0.640698083409659,17.9606283953712,19,20.6204614568058,0.927269733681903,19.2252894203852
0.29457016059293,16.4039722267146,16,17.712806864064,0.274174622020364,16.3419003289341
-0.59380263940494,12.6528741092902,16,10.7936894455846,-0.981213306769218,11.5183699441028
-1.28377181245586,10.482739525527,11,7.22410259076654,-1.17101949405644,10.9555376948778
-0.740887946913018,12.1557971606185,12,9.95325581532145,-0.966677384293719,11.5622695550553
0.21157763223239,16.0296390116006,12,17.0105776851634,0.358857923402144,16.7163102658859
-0.795509684710824,11.97839737874,11,9.65842542964353,-1.01843871380959,11.4065251041684
4.17908310894895,24.9410665508512,25,28.9333375043855,1.95885480361986,22.2849871862235
1.29400531343715,20.6670585426582,20,25.552412082542,1.42032487974979,21.0358970074105
-0.915188384745317,11.5993004548678,8,9.03469412010006,-1.22775431845899,10.7904925151979
0.0381582061453018,15.2449506062728,17,15.5329321456699,-0.175081126584441,14.3754365339593
-0.279301175525578,13.8532857885338,15,12.9301389435577,-0.0601643122377378,14.8696472402696
0.728289570356901,18.353525108117,22,21.353119800454,0.805911119087282,18.7020176051486
0.484911842615201,17.2599021558838,13,19.3127744822244,0.51521309635779,17.4103594875079
3.08095695089052,23.8100411589765,24,28.6762924360626,2.51692047234348,23.0945013747623
-0.198818919829195,14.1935246703171,18,13.5591644870175,-0.158316766533769,14.4466502859605
-0.326031923038895,13.6615089970488,14,12.5792935594097,-0.312766648496879,13.8064535195803
-1.09920455951102,11.0342004614099,15,8.1149091742702,-0.348435456756586,13.6644860752841
0.674284168641119,18.1115129043854,19,20.9019276352319,-0.0935504336312332,14.7247613196043
-0.713737167246563,12.2452508854564,13,10.1028299069699,-0.960156016541943,11.5820080974149
-0.376596517796893,13.459225127736,12,12.2127062430767,-0.276993037443946,13.9512410703746
-1.92942620579745,8.68539940240335,9,4.39572562439173,-2.15111704726788,8.32334888231402
0.287660783187902,16.3728504004438,15,17.6544977395335,0.288912509850402,16.4070206313325
-0.297772135468918,13.776945117957,14,12.7901200114546,-0.19678334031556,14.2837946856597
0.606653370341586,17.807529306994,18,20.3348105186902,0.494697720843855,17.3190351109106
-0.029725011199347,14.9390130272081,15,14.9562464999943,-0.231663452412939,14.1379216082996
-0.00220786231819173,15.0627801902845,15,15.1894678016199,-0.259382611476904,14.0233554161819
1.58236810667683,21.5386775935995,26,26.9428887244748,1.33245564749734,20.7604405841896
-1.39504740085734,10.1569400622677,8,6.70068336410229,-1.08654030206456,11.2038619046046
-1.38399784629723,10.1890570676202,9,6.75216787189607,-1.05479632862487,11.2980325871172
-1.30910629492401,10.4081131882077,10,7.10400052503233,-1.54221422305175,9.89972094218629
0.925662845515031,19.2218090336026,19,22.9643934901214,0.619872475282875,17.8770647569643
-1.1590309071102,10.8539273636177,14,7.82307475065685,-0.262036235286446,14.012454682269
0.672167835702281,18.102011807935,19,20.8842070710486,0.941808160658945,19.2866088481427
-0.677465634295623,12.3662506241873,14,10.3062398087489,-0.369056569890359,13.5835481508581
-0.678235831613167,12.3636623550639,14,10.3018748931506,-0.418923425269777,13.3913715236806
-1.37259306264883,10.2222625525107,9,6.80542589454926,-1.59655567632944,9.75028437648
-0.284174003785438,13.8330794084294,15,12.8930336641746,-0.162597479260217,14.4284326552627
0.336258196824458,16.5916134101341,17,18.0641117309037,-0.057249571074639,14.8823363126401
0.933428009440065,19.2551122042829,19,23.0257673693558,0.491759833216728,17.3059632678164
-0.658266757278853,12.4310490336603,14,10.4157232980919,-0.705416382251472,12.3814786397797
-1.83605586519644,8.92951118227486,11,4.76824335323823,-1.35437645077809,10.4268441234707
0.861308881189152,18.9427748381896,16,22.4485845004641,1.05045228344907,19.7326736246586
-0.828154214520615,11.8738134324818,10,9.48559201004094,-0.436994798216956,13.3229855200093
0.967935209864295,19.402014825623,20,23.2959126545491,0.563551866702062,17.6257984384586
-0.331859492126208,13.6379139751919,14,12.5363409986313,-0.607268292490892,12.7107392564939
1.96609558991591,22.3531110079193,20,27.937895805648,1.8098281348701,22.0044533050743
1.72190469087572,21.8738694516752,18,27.4012660142181,1.88140490685216,22.1441542514166
-1.98513459216664,8.54240297974846,8,4.1796605494737,-1.53090437662202,9.93100699663958
0.943638808151375,19.2987707890366,19,23.1061545732426,0.73186071410061,18.3755488027295
1.48026038098022,21.258783127412,25,26.5215874546104,1.43880442062841,21.0910058693497
-1.31403976683442,10.3936111873341,10,7.08067473338853,-0.963247900408144,11.5726463243334
2.59447859223121,23.246238787058,23,28.5033627658777,2.18065683929403,22.6410971509892
0.28916752140816,16.3796377813169,16,17.6672154970018,0.0107850401894183,15.1799366842017
0.89355542264251,19.0832335454923,17,22.7085572005127,0.885587595541103,19.0476897568613
4.67987629298886,25.4055771876804,25,29.0330999465101,1.69709695843673,21.7629826920236
1.32170025014256,20.7616821874112,20,25.7128683165229,1.37167608083063,20.8861321832654
-0.697718559788666,12.2984676733049,13,10.1921312205398,-0.436637151832469,13.3243324154702
-0.0535365316083716,14.8322883813575,13,14.7552966922166,-0.0956774660254906,14.7155616184656
1.30254344505896,20.6964719378561,21,25.602472376419,1.25891010765847,20.5129278168455
0.280388073375234,16.340084322998,15,17.5930941432475,0.405319559323444,16.9220921137844
2.39910381261416,22.9987558761934,22,28.3958047508265,2.09931971374372,22.5174861023672
-0.354607695790524,13.5465085725927,13,12.3704179823079,0.121462724476548,15.6674785953553
0.0736546926839852,15.4055160909813,18,15.8356875559283,-0.0774121854267543,14.7946867087767
0.613481750286151,17.8382443025759,18,20.3921224487921,0.313232471093445,16.5145095742756
-1.24612444700547,10.5941107212124,12,7.40354678513712,-0.633482553273027,12.6212861960612
2.29523734846082,22.858957453967,22,28.3210003212023,1.5842047650785,21.4911106536978
-2.74984269752319,6.87918107664372,9,1.94581253647062,-2.12531283796909,8.38544478760651
-1.86707417010196,8.84779265090516,10,4.64303317747776,-1.40223216857769,10.291096576538
1.07605020301306,19.8487261983521,24,24.1099522618845,1.61780502080801,21.5754047597409
0.0779663959519356,15.4250333342395,17,15.8724829292433,0.474096891729622,17.2274079026968
1.27580735511367,20.6036560797345,19,25.4439712116779,1.33839755837244,20.7797664999873
-0.047214315269287,14.8605861697764,13,14.8085603841709,0.242317137092466,16.2011667032565
0.394327804927305,16.8527220580599,21,18.5523432210383,0.378790279612247,16.8045514128424
-1.35120716477423,10.2846790269786,9,6.90561022762037,-1.24291560678326,10.7466109324935
-0.6355390105416,12.508481833661,15,10.5470891187435,-0.0131859977041902,15.0748090366991
1.39259937315088,20.9934318172874,23,26.0978561947793,1.79316135376628,21.9704792373627
-1.28370425188601,10.4829388805902,11,7.22442358044045,-1.20878308614506,10.845533013577
-0.00159944094238822,15.0655211766984,15,15.1946344103044,-0.283497891406424,13.9247411209851
-0.241803948632924,14.0103285603958,17,13.2195341921461,-0.681944981144168,12.4588637116873
-0.796545212894385,11.9750643453039,12,9.65290687672902,-0.800646397589087,12.0749428913545
0.976031240776427,19.4362074711707,22,23.3586435914413,0.898209814326607,19.101736946217
0.612930288669771,17.8357638616977,18,20.3874941909519,0.645253926706851,17.9902802480961
-1.23236038794859,10.6349695795234,12,7.46943901008749,-1.16601566508151,10.9701587229086
-1.31115145115731,10.4021002235806,10,7.09432841110509,-1.03235215167458,11.3649235164687
1.35317110588474,20.8664293118083,21,25.8883790775531,0.664837271605066,18.0775769568805
0.638726398699953,17.9517649878,19,20.6039258349945,0.102010983981201,15.5816394360191
-0.0445443473039914,14.8725455228534,13,14.8310750414541,-0.117289428855863,14.6223228703114
-0.392216557717879,13.3978679350784,12,12.1022853423795,0.263945308534042,16.2967074683522
0.928211563409966,19.2327494346445,19,22.9845603777024,1.00096135205645,19.532317372497
-0.787788662573545,12.0032823747362,11,9.69965076914448,0.0442886497697465,15.3272311154172
1.30186244694548,20.6941338091728,21,25.5984988923664,1.62374498233832,21.5900018078547
-0.291471897386174,13.8029063101449,14,12.8376850446108,0.144637882610951,15.7697858873462
-0.755839277749131,12.1069137813043,12,9.87178640104748,-0.806461428385699,12.0565685100371
-1.93888970701905,8.66096882371563,9,4.35869684609311,-1.86078833032286,9.04699966943664
3.08732401404585,23.8170884141966,24,28.678094410415,1.3828839792364,20.9212387765406
0.380145886077493,16.7889714103438,19,18.4331959226633,0.396266077364578,16.8819667025478
-0.607390535502554,12.6055395943808,16,10.712608273902,-0.226788900957427,14.1581966651897
-0.423195992940483,13.2777708289778,10,11.8872429170126,-0.502882057926282,13.0793185879814
-0.638260444288937,12.4991671501182,15,10.5312549986111,-0.229642131049493,14.1463245080589
-0.306595391753371,13.7407246148794,14,12.7238490931328,-0.118946127759445,14.6151940926683
1.28695261277477,20.6426011467088,20,25.5106658623583,1.40434373473078,20.9874493697252
-0.0487865452914929,14.8535462219398,13,14.7953081027314,-0.307395108137006,13.8280436497835
-0.635105228656681,12.5099676424951,16,10.5496156712155,-0.000454151858774639,15.1306149672491
0.0531499291155768,15.3127349031141,17,15.6607495194897,0.218745287038068,16.09705231279
1.22875343172161,20.4353165466786,19,25.1528117537731,1.09721494247369,19.9170890710922
-1.21087509002771,10.6988999200223,12,7.57260051958842,-0.951542132095655,11.6081226560371
0.0981625721168998,15.5164731692298,19,16.0448430097685,-0.0840440693489351,14.7659252651203
0.26113251901247,16.253291196425,14,17.4303734189176,0.296553260753908,16.4407866480529
0.0661172027191654,15.3714024974157,18,15.7713700071744,-0.19814860660682,14.2780512992687
0.589913826030868,17.7322229756079,17,20.1942879217531,0.723567887444898,18.3387756125106
-1.41817623397543,10.0898892460923,8,6.59329160141999,-1.6078754733023,9.71934581110841
-1.26721727253169,10.5316426757502,11,7.3028670261267,-0.651825273853139,12.5593740819029
0.335709397986855,16.5891445245677,17,18.0594921148718,0.38600889970135,16.8365229689262
-0.790967807457535,11.9930287323638,12,9.68265931356825,-0.776622589442194,12.151243492378
-1.39941940978386,10.1442471376831,8,6.68034397957031,-1.43459377837621,10.1998429898092
-0.329239060187817,13.6485147739808,14,12.555632721737,-0.638511900458915,12.6042561036172
-1.96464413643262,8.59477013062286,8,4.25859725414226,-1.66360627662582,9.56802704213694
-1.17361578310832,10.8102048443021,13,7.75238826056197,-1.07287424111572,11.244342259347
2.23230249223807,22.7705839593336,22,28.2674089393761,2.83976741205667,23.4783529121416
0.300409722856219,16.4302699499583,16,17.7620678740428,0.107610328899063,15.6063452526787
-0.2744866998449,13.8732966912429,16,12.9669157559653,-0.34859138561647,13.6638708863394
0.0526179375089096,15.3103286772521,17,15.6562122971848,-0.104400852166521,14.6778742521331
0.401050095139034,16.8829379133106,20,18.6088045818022,0.533876122115499,17.4934993243254
-0.332120636910583,13.6368583343648,13,12.5344204525227,-0.777789874437595,12.1475212063824
-1.93207731278005,8.67854968105251,9,4.38533898144437,-2.64130936310713,7.26276575814422
-2.94050574316201,6.5814495364323,8,1.68021774500932,-1.94320532609544,8.83618863358045
0.66650813761744,18.076598227021,19,20.8368060004817,0.8410372334643,18.8552846851206
1.24065533415729,20.4784868808511,19,25.2278999430319,1.32638998886274,20.7406079926921
-0.624768246747585,12.545464702132,15,10.61004369303,-0.0385837159399237,14.9637302543168
-0.712639534525029,12.248886690514,13,10.1089232688518,-0.347032577693377,13.6700230345715
-0.364616686458389,13.5066470829998,13,12.2983020694427,-0.153960498867274,14.4652123422901
2.15770891547421,22.6614978621382,22,28.1938477524866,0.848521153703893,18.8877725324488
0.876838002161247,19.0105654459114,17,22.5741323300521,0.879160036192184,19.0200840971838
0.827555177241023,18.7945668834077,16,22.173676856761,0.747135345283422,18.4431879856923
0.256537543794533,16.232570689665,14,17.3915109257157,0.477009669984514,17.2403583037663
-1.24975074419617,10.5833585433731,12,7.38621219479099,-1.19393276723052,10.8887208344697
1.22812774067506,20.4330361693611,17,25.1488377644791,0.975338224161966,19.4266662886302
-1.97045449176683,8.57989354043289,8,4.23615020509955,-2.50530693301141,7.52985885188369
1.35458324613514,20.8710595051487,21,25.8960824371324,1.01911106466745,19.6063803992342
-1.4133941621052,10.1037327168222,8,6.61545332521248,-1.09687756834988,11.1733013792709
2.68161575247841,23.3517384598909,23,28.5416734062248,2.33699491429918,22.8614577441922
0.296673300261078,16.4134440017628,16,17.7305504589734,0.658159093695785,18.0478151154762
0.0211132923603947,15.1679564541612,16,15.3877520468451,-0.659081888116873,12.5350300209305
-0.402983072983445,13.355889431693,12,12.0269572668783,-0.744761489194474,12.2534663876249
0.913976498752656,19.1715295045544,18,22.8716504273259,0.724203081452111,18.3415934506562
0.26071727635693,16.2514188527503,14,17.426861977964,-0.24748247403713,14.0723854245724
0.564171831238155,17.6164060846821,15,19.9781584408088,0.80614957883971,18.7030621118766
0.987979169646343,19.4864668632859,22,23.4507408864129,1.0281395295636,19.6429736125458
0.682099019612029,18.1465878126709,20,20.9673422322398,0.800469258888445,18.6781672563826
-0.239674561926041,14.0193265776503,17,13.2361671582649,0.157834879709366,15.8280560732757
-0.645037764866872,12.4760215641687,15,10.4919473534049,-0.459118530870708,13.2401786549064
-0.0765162315199821,14.7297004062284,12,14.5623297772237,-0.0775318149607864,14.7941675815869
-1.24995753680659,10.5827455492835,12,7.38522399744731,-0.734309166186309,12.2872745782762
-0.0256868629992436,14.957149300256,14,14.990411250964,0.0366535940070636,15.2936337217516
0.626323555635188,17.8959993220392,17,20.4998839260556,0.415574266462193,16.9675586321442
-0.742074037948506,12.1519097604872,12,9.94677032643788,-0.979927223712198,11.5222487155571
-0.836940817110729,11.8458281169409,10,9.43945292947186,-0.578784347442182,12.8092956205626
0.282126152862611,16.3479157069002,15,17.6077714542067,-0.0700533156763612,14.8266416328727
1.36632484247453,20.9093244073703,22,25.9595578942415,1.30046835802801,20.654670861414
-0.230693367179961,14.057368850323,17,13.3065468545967,-0.256099340684037,14.0368591829833
1.96890278857576,22.3579859656939,20,27.9425074886642,2.75100433769187,23.3760653341642
0.180542584129009,15.889361649275,12,16.7469137820757,0.014865016880789,15.1978534752011
-0.0746155329408486,14.7381686390286,12,14.5782498980401,0.0755577830198851,15.4649744453874
-1.83354645086232,8.93614968925613,11,4.77843714489841,-1.79621355532821,9.21507382720037
0.624922740961844,17.8896999567959,18,20.4881306989062,0.811770261711676,18.7276669140899
0.331819253044803,16.5716430238324,18,18.0267425080032,0.0424105689797358,15.3189652969361
-0.224528406800589,14.0835661059617,17,13.3550731203731,-0.27871583687551,13.9442152941682
3.29756437306991,24.0461529461712,24,28.7342867923503,1.37792145974574,20.9057392013385
0.941131661437318,19.2880652176622,19,23.0864503365789,0.809538082165055,18.71789892313
-0.753703466443251,12.11388113295,12,9.88338716264126,-0.825874082442375,11.9954815421516
-0.396171947091593,13.3824161698864,12,12.074537165106,-0.127729448753301,14.5774462521031
-0.275625695024012,13.8685584155393,16,12.9582048536122,-0.220987687855257,14.1823741922997
-1.18863773255096,10.7652624340171,13,7.67976653544402,-0.797002628655579,12.0864748638872
-2.28955863935836,7.8000911062217,3,3.09167621197491,-1.7943668858213,9.21991751937596
-0.359769249821184,13.5259249996942,13,12.3331601788883,-0.0961302392488843,14.7136038288373
-1.13138549423825,10.9370431570908,14,7.95754792694246,-1.14372003926358,11.0354365436831
1.20479628990701,20.3472370307818,18,24.998784524857,0.813175427324953,18.7338135173901
1.81213217246078,22.0649625038423,19,27.6340910750219,1.48679557677626,21.2295789385097
-4.34820792534186,5.00112233898195,5,1.06457429461449,-3.06509411182761,6.57737281053939
1.35314035816652,20.8663284275925,22,25.8882111801174,0.812422587504081,18.7305206073783
0.612679734890356,17.8346368792288,18,20.3853913521389,0.240262837313325,16.1920926523713
-0.74853307102263,12.1307692378814,12,9.91152131164312,-1.1696603430374,10.9595080369091
-0.875518110087215,11.7237130780575,9,9.2386057131791,-1.13119184812832,11.0722121655029
0.114814427262803,15.5918769519398,19,16.186929763104,0.236847985278796,16.1770091079346
0.0163998989873797,15.146682197563,16,15.3476401376493,-0.313197123531586,13.8047256328164
3.24841931191645,23.9932129633704,24,28.72166384958,1.20350295873033,20.3165013444202
0.283103750740158,16.3523203326871,16,17.6160260898851,0.0631926521375444,15.4104799899523
-0.0294120898366869,14.9404180738319,14,14.9588931472355,0.154576024766389,15.8136662931758
-0.763558399966162,12.0817753042895,12,9.82996024566281,-0.240396116863712,14.1016933440593
4.88483845087025,25.5865605763966,26,29.0718179394564,2.21313434876928,22.6885818531095
0.351465739586663,16.6600164847726,18,18.1920772892118,0.269487882606824,16.3211938870197
-1.46853857847592,9.94474763839111,7,6.36130231207815,-1.37643584713469,10.3641530218984
1.54916142408049,21.4510201922765,25,26.8142288805706,1.90953194334019,22.1964693139939
0.630555578112703,17.9150292485251,18,20.5353889754526,0.636201974403381,17.9499103680764
-1.29963674587234,10.4359767510303,10,7.14883017113142,-1.50860093531807,9.99288404546253
0.53805172096497,17.4988948606911,15,19.7588530232749,1.13555270226926,20.0644411612681
0.835059695553413,18.8276129107774,14,22.2350195492503,1.11614242879765,19.9902840367993
-0.0448196348729973,14.8713122163957,13,14.8287531164436,0.120769693482606,15.6644197297934
-0.307093468772391,13.7386847595746,15,12.7201200647741,-0.165434733523627,14.4163705032764
-1.34710419642794,10.2966760234559,9,6.92487732033565,-1.73282805440384,9.38249812921582
-0.424397093503333,13.2731571885011,11,11.8790121563653,-1.03958342975202,11.3433430775515
0.0711367105397633,15.3941192459937,17,15.8142005540549,0.0107781512636211,15.1799064375588
-1.97655844268903,8.56428837360824,8,4.21262295916804,-1.94225036681516,8.83860738690855
-0.822658329317649,11.8913521858917,10,9.51453054828039,-1.10963335724347,11.135660052034
0.989633684261222,19.493407297813,21,23.4634481439205,0.690178088538067,18.1904158470053
-0.291918520451491,13.8010632557056,15,12.83430651069,-0.654985710377731,12.5487614023836
1.92568573127648,22.2815475107393,20,27.8681250116128,1.27714520920181,20.5757200071084
0.611817788236286,17.8307598403961,18,20.3781571499899,0.910200319540279,19.1528695683232
0.648092536917485,17.9938642756997,18,20.6824642159733,1.06784226028204,19.8018328939219
0.306581403074708,16.4580582116497,17,17.8141114195815,0.274174622020364,16.3419003289341
2.05365635339728,22.4997855542343,21,28.0686824501512,1.46243775178344,21.1600631406323
-1.18312582911517,10.7817422514449,13,7.70639167465844,-0.748373742556772,12.2418147122919
-0.363899937389947,13.5094943045035,12,12.3034481550206,-0.139788173566951,14.5257550755906
-0.109408984952516,14.5837046685772,12,14.2881511571791,0.0158038874372327,15.2019773078697
-0.323553077911016,13.6715674284159,14,12.597618814496,-0.64721714707725,12.5748766212001
-1.26059643178736,10.5512317163456,11,7.33443063794772,-0.861714275629404,11.8836624944384
0.618711574762183,17.8617666517121,18,20.4360121981418,0.622357250952786,17.8881504647316
0.353790902871848,16.6704732405997,18,18.2116350858035,0.148919244194612,15.7886891328004
0.945461201170726,19.3065465200991,19,23.1204631055852,0.756684612262531,18.4854057908538
-0.592328583085355,12.6580286228383,16,10.8025332711618,-0.720423804924135,12.3324068715591
-1.35494969441885,10.2737421267161,9,6.88804861450545,-0.97513507686135,11.5367106113378
0.581433725826774,17.6940703422225,17,20.123091724788,0.815568794904949,18.7442785109608
-0.882275361185141,11.7024420828976,9,9.2036948812998,-1.35438239179874,10.4268272127794
0.328424603331134,16.5563694310871,17,17.9981590678319,0.309998024393311,16.5002114896105
0.223389284744087,16.0829858501997,13,17.1107748909699,0.359315705008443,16.7183362575842
0.573072813191034,17.6564531329698,15,20.0528930870429,0.594678774076677,17.7646555365198
-0.166990407060328,14.3311375883201,19,13.8155102058454,-0.774883438599288,12.1567922717696
1.39380610296701,20.9972440926407,23,26.1040831972974,1.67921441472772,21.7220259126694
-0.241895837960904,14.0099404572244,16,13.2188168991999,-0.349473845227958,13.6603902063675
-0.785674693812255,12.0101061649443,11,9.71096243968144,0.269419126392979,16.3208901228414
0.311156793535068,16.478655848311,17,17.8526817148941,0.193390083211418,15.9850701293142
1.6849051611885,21.7899559822413,17,27.29204255379,1.93822375452298,22.2484431752396
-1.37836636613955,10.2054462927331,9,6.77845085468649,-0.471866122406122,13.1929212651744
-0.738679079105438,12.1630411341532,12,9.9653443543386,-1.20848568550555,10.8463970237544
0.335494650888339,16.5881784319415,17,18.0576844058677,0.661672524146656,18.0634740853938
-0.0527946418583776,14.8356074810083,13,14.7615433597024,0.0933037156514054,15.5432276990369
-0.918026067648079,11.5904423129335,8,9.02020009300919,-0.732424289377867,12.2933862038153
-1.71323034116724,9.25931032895587,13,5.27860785069582,-1.6351813427631,9.64499488104453
0.540956993842899,17.5119644309056,15,19.7832448410887,0.604656842416351,17.8091762534143
-0.743072192488718,12.1486396030853,12,9.94131551563746,-0.109378350033835,14.6564016579196
0.33483447543503,16.5852084413011,17,18.052127028612,0.175168302860553,15.9045984129736
0.30907050887358,16.4692640832481,16,17.8350957271877,0.243056373790702,16.2044320105407
-1.93160143865239,8.6797788783724,9,4.38720261798617,-1.52308809355323,9.9526649801316
0.23539454021449,16.1371825937633,13,17.2125265972314,0.232128290057193,16.1561624043484
-1.24016489212788,10.6117925110356,12,7.43205799176871,-1.37856874483069,10.358102082777
-1.28410168965575,10.4817661632169,11,7.22253535539021,-0.951935662627486,11.6069285270155
-1.3717233564887,10.2247970472107,9,6.80949211533668,-1.14030981985439,11.0454401434295
0.0177141593599721,15.1526134058993,15,15.3588230620559,-0.387843209047618,13.5105536481833
0.0717537258552851,15.3969118975795,18,15.8194657227116,-0.299739851182103,13.8589058207437
2.58779344658411,23.238037032415,23,28.5002207431567,2.75298444841038,23.3783700377092
-0.246047683474471,13.9924210490215,16,13.1864478367727,0.174869327436399,15.9032781138824
1.27119955528465,20.5874498348075,19,25.416140151504,0.756534896726812,18.4847443258824
-1.84712054793811,8.90028922651908,10,4.72341099570822,-1.53217343794883,9.9274933495202
-0.0221682822380756,14.9729600281973,14,15.0201984641808,-0.172306997530615,14.3871961845736
-2.57138297620362,7.2007159395812,11,2.30097132698611,-1.90616601718607,8.93041426626673
0.623373024431148,17.8827307765527,18,20.4751276354219,0.505425362376147,17.3667800460838
0.637252110417151,17.9451372251282,19,20.5915608855913,0.975339258798973,19.4266705795765
0.621533423002747,17.8744576841916,17,20.4596915917881,0.632985683924778,17.9355642279287
0.327329601615654,16.5514424105079,17,17.9889379377194,-0.228638074669457,14.1505008885091
-0.0129567712217071,15.0143851371247,15,15.0982560102798,0.200840210593222,16.0179730451584
-1.37372138806571,10.2189748763668,9,6.80015154822013,-2.20667275311651,8.1913093055131
0.912898744520334,19.1668831728205,18,22.863075136393,1.02790089701011,19.6420085840546
-1.85312710005339,8.88445923571908,11,4.69915158397396,-1.55401769683776,9.8671360130027
-0.299914628786536,13.7681351532684,15,12.7739910238237,-0.677740317937815,12.4728115943997
-0.994607662105497,11.3532337736602,6,8.63309077362529,-0.425226420772018,13.3674433306016
-1.98373074707573,8.54598222591618,8,4.18504871569632,-2.38313106717799,7.78928615182024
-1.18899811177865,10.764185377552,13,7.67802659416466,-1.7935227325522,9.22213236303373
-0.360899126817968,13.5214269643035,12,12.3250237229867,-0.319538552435687,13.7793123059716
0.638963952555132,17.9528329015259,19,20.6059181526336,0.109955769501898,15.6166949223072
-0.431723470326612,13.2450839832067,11,11.8289779663019,-0.390679150530924,13.4995969118328
-1.98205606869278,8.55025363517837,8,4.19148022683207,-1.7521787448748,9.33113212234297
1.30009831232408,20.6880705007607,21,25.5881899409514,1.53590855502888,21.3646909386779
-0.426639758701272,13.2645512118538,11,11.8636650539915,-0.102419480158837,14.6864282154629
-0.0399867187400549,14.8929716947388,13,14.8695346193814,0.139377106845496,15.7465594171961
-0.303087991775894,13.755103625122,14,12.7501448689636,-0.117289428855863,14.6223228703114
-0.660568666294243,12.4232509417411,14,10.4025263950001,-1.49185279019429,10.0395025911777
-1.30531405209579,10.4192672623856,10,7.12194435319351,-0.902501816443803,11.7577801029176
-1.86768466084692,8.84619055810089,10,4.64058349619471,-2.15257517502808,8.31985413623706
-0.331651690520355,13.6387540880425,14,12.537869507066,0.0493178462096782,15.3493701806878
-0.489004662512367,13.0296180918564,19,11.4477991207195,-0.495061517932093,13.1077800817198
-0.659437329970858,12.4270825279918,14,10.4090099459403,-0.436333604778604,13.3254757794015
0.52151454900356,17.424507141462,13,19.620018793346,0.42606707488665,17.0141004616844
-1.92587390602095,8.6945845551095,9,4.40965935691818,-1.24624561218208,10.7369852912667
1.14829073022171,20.1334637505021,15,24.6208350646281,1.28156270794957,20.5907913664345
-0.6153224460958,12.5780556858972,16,10.6656388293317,-0.175621470934026,14.3731471552395
1.35282539442126,20.8652948570926,22,25.8864909241034,1.39589330220495,20.9615349638153
0.390574466534238,16.8358507289508,19,18.5208145061589,0.112436035585209,15.627640106672
-3.09273080778531,6.37027972581467,7,1.53250582910847,-2.37836591823715,7.79974624346708
1.40387206725295,21.0288708302981,22,26.1555979507268,1.00583416298419,19.5522662487259
-0.356180915095215,13.5402286318413,13,12.3590465982695,0.0630798756687032,15.4099831093376
1.38550973521299,20.9709445508785,23,26.0610504761411,1.62483544579548,21.5926717215695
-0.275836488708983,13.8676817851158,15,12.9565934285051,-0.513055056964911,13.0424785278108
-0.301706921291157,13.760772484073,14,12.7605165112193,-0.305674791004249,13.8349696270619
-1.761689606325,9.12800043162554,12,5.07445615625767,-1.59616006522379,9.7513668480472
0.671040356370619,18.0969496738388,20,20.8747654792753,0.283604183965421,16.3835641290954
-0.321085904342975,13.681591448329,13,12.6158900971606,-0.323820071878841,13.7621972962752
2.5135816100606,23.1458288641529,23,28.4630622843796,1.22783207841271,20.4037846053643
0.0871831983452156,15.4667598003476,18,15.9511420191631,0.0212219155941049,15.2257813030862
0.653916801490782,18.0200368067767,19,20.7312872849746,1.26952260052551,20.5495848336456
-0.589483731112925,12.6679875099114,16,10.8196282671142,-0.40330837123374,13.4510027904924
1.04001283605194,19.7023439492111,23,23.8446416452258,0.644588678683679,17.9873137157928
-0.948143632124375,11.4967421854156,8,8.86706327812742,-0.652166198183085,12.5582285014121
0.7038566726553,18.2441535788107,21,21.1492651315358,0.941571976815353,19.2856154424494
-0.847473956760401,11.8123666881307,10,9.38434167536984,-0.84237412928672,11.9438533393451
-0.0224178352834172,14.9718384242409,13,15.0180852809588,-1.14970780062378,11.0178842483091
-1.88125985278082,8.81062769401325,10,4.58625642742959,-1.54577710091032,9.88987796950231
-0.717074410600194,12.2342060897069,13,10.0843264438398,-0.558886205513968,12.8790198926357
-1.27592015658392,10.5059201354593,11,7.2614318954795,-1.00890656852016,11.4350883742335
-0.345331860983286,13.5836450620941,13,12.4377377756801,-1.516951697646,9.96968863938103
0.592836462332512,17.7453717858172,17,20.2188243616269,0.831790261843348,18.8150585987481
-0.766240840036293,12.0730549132038,12,9.81546176461521,-0.383687950483718,13.5266371378298
-0.640746280465432,12.4906691880403,15,10.5168168583888,-0.130722886315844,14.5645998483246
0.119914564156526,15.614971299316,19,16.2304374883234,0.0153729825685479,15.2000845896785
0.853705713052272,18.9094891402222,16,22.386892153842,0.701123570820283,18.2390962503511
0.340536067904797,16.6108572901975,18,18.1001173666315,1.03589425345264,19.6742687136681
0.964976056040408,19.3894903417803,20,23.2729201843873,0.945886620953357,19.3037484758557
-1.49514513537767,9.86856979197829,6,6.23983737519677,-1.72912972161331,9.39234038824125
0.0512946244186245,15.3043435119125,17,15.6449265219421,-0.413913013332941,13.4104509128743
1.31270537309195,20.7311989752049,21,25.6613658212186,0.980677714291663,19.4487844853443
-1.33120766176932,10.3432235834009,10,6.99966391065282,-1.72126695334489,9.41329195185397
0.618434134765457,17.8605188529043,18,20.4336839929206,0.513196611987335,17.4013798412968
-0.338622440425248,13.6106228654164,14,12.4867215936266,-0.205484013686142,14.2472384149816
-0.741476400576445,12.1538683029954,12,9.95003768552549,-0.123169257226594,14.5970345342609
1.39362261337707,20.9966647030711,23,26.1031370569882,1.30592615640246,20.6729237944654
0.57161140818281,17.6498779956061,15,20.0406228645417,0.837771444150025,18.8410883883371
3.14225951752208,23.8776122855419,24,28.6933799991283,1.18554812556004,20.2510683084251
0.813252871979025,18.7314497759142,15,22.0564476110655,0.421527526383132,16.9939623916875
-0.746057268393343,12.1388668446269,12,9.92501892936242,-0.776852233160259,12.1505110716499
-0.0429627507172939,14.8796322144937,14,14.844417534429,0.226536164396485,16.1314627360305
1.44201786629687,21.1459092369621,23,26.3438694433588,1.50910900473091,21.2917955553735
-0.407472934339845,13.3384591739239,10,11.9957187983222,-0.160490463602886,14.4373967694077
0.968783019843953,19.4056005150117,20,23.3024938400867,1.62619643101495,21.5959997217729
-0.418226211897328,13.2968944138125,10,11.9213833876988,-0.906994260784776,11.7439970037224
0.589035565325354,17.7282716771961,16,20.1869145280875,0.725214586300517,18.3460802804292
-0.714931250691699,12.2412973584805,13,10.0962053372973,-0.464652478521877,13.2196226200779
0.380862061404503,16.7921909573428,20,18.4392139050311,0.550772624383895,17.5688134587695
1.72784425358771,21.8870265762946,18,27.4180225013821,2.49470212283436,23.066654380594
2.09600685597652,22.5670939171816,21,28.1231781613116,1.31132475562162,20.6908955009166
-1.31268281502046,10.3975989751049,10,7.08708845984742,-1.0545964971695,11.298626995596
0.537871739074321,17.4980852090566,15,19.7573419585234,0.787232166818603,18.6200463073981
0.676957950030485,18.1235151358585,20,20.9243124555123,0.524686683714567,17.4525554781036
0.899630187916175,19.1095553419292,18,22.7572055524808,0.670258748679152,18.1017314540521
-1.98075491291715,8.55357357894558,8,4.19648013372124,-2.04044480306442,8.59286328426407
2.04489381215174,22.485580771306,21,28.0567387846059,1.37210735835509,20.8874897602498
-1.22708776762928,10.6506414283246,12,7.49472095353475,-0.394292668749663,13.4856597250579
1.41059180649002,21.0498113867556,22,26.1895619030943,0.644454147609028,17.9867137959548
-1.24719000315566,10.5909507433745,12,7.39845206216598,-1.61705766704259,9.69429921847298
0.571692388115849,17.6502423395495,16,20.0413027911421,0.597737815203782,17.7783044036314
0.378575882148611,16.7819134171236,19,18.4200028102955,0.26177915643875,16.2871379912485
1.3040230882621,20.7015474084538,21,25.6110942304689,0.906752773313195,19.1381892601209
1.34324911394236,20.8337266849142,22,25.833835551862,1.35053293574414,20.8189222072913
-0.731928230090565,12.1852166760415,12,10.0023760655675,-0.874830839544359,11.8430297459267
2.07373118360923,22.5319626140746,21,28.0951657478606,2.34204250767183,22.8682587246448
-0.219506405104913,14.1049560799269,17,13.3947161128129,-0.102743891535187,14.6850274206938
-1.12426923187426,10.9584898197252,14,7.99226804055784,-1.60950810439711,9.71488916230577
-1.19778848907593,10.73792998174,13,7.63561868693305,-1.42640484891524,10.2228919682577
0.571071208844959,17.6474475376141,16,20.0360872456853,0.343299971410254,16.6474717221708
0.300995159012743,16.4329061242579,16,17.76700548241,0.184480951132625,15.9457246225929
-1.881337727049,8.81042402953055,10,4.58594558081429,-1.39578919407702,10.3093174261
0.0657243778070964,15.3696248416331,18,15.7680183044951,0.0868727659717032,15.5148640888734
-0.357180006220168,13.5362432842905,13,12.3518320599372,-0.43375523001338,13.3351953291827
-0.280909133672204,13.8466127415059,15,12.9178816804113,-0.652873781685649,12.5558514561051
0.612709422873304,17.8347704149965,18,20.3856405161071,0.871241070955112,18.9859984641971
-0.0316905984225017,14.9301887505677,14,14.9396250325475,-0.430748472044907,13.34654700431
-1.26551628204227,10.5366737161896,11,7.31097277810765,-1.67249200586307,9.54405858157195
-1.14723993674815,10.8893380905052,14,7.88034976724252,-0.9841377337061,11.5095537648005
0.625638664788242,17.8929194393388,18,20.4941375563246,0.46490034965364,17.1865302169776
1.26580800499899,20.5684093982221,20,25.3833852666776,0.835435744381782,18.8309280819626
0.537912063744077,17.4982666101817,15,19.757680509008,0.170005227453458,15.8817981239015
-1.09518490894545,11.0463675324233,15,8.13462902261046,-1.40369316939711,10.2869672611386
-0.744714215624206,12.1432625416434,12,9.93234807121815,-0.41597093726459,13.4026082034435
-1.940732397601,8.65621842428925,9,4.35150221428333,-1.44042080304506,10.1834595859839
0.958630893946002,19.3625871919194,21,23.2235055150296,1.3045914833613,20.668467955296
-0.00448022739731106,15.0525445447733,15,15.170174696351,0.232128290057193,16.1561624043484
0.267714218691552,16.2829645076243,14,17.4860169561517,0.0474462469840392,15.3411304425393
1.31556427762749,20.7409137534103,21,25.6777992646147,1.23217472811833,20.4191952635027
0.995335379758748,19.5172882903323,20,23.5071515455592,0.710317826495901,18.2799546958272
-0.370003254231556,13.4852854552218,13,12.2597177440344,-0.382599559967521,13.5308556943552
-1.31066285163617,10.4035366004578,10,7.09663881623488,-0.937849690433725,11.6497361872683
0.931577899873372,19.2471853062749,19,23.0111631490519,0.613840991340055,17.8501544479605
-0.836526213788792,11.8471471321435,10,9.44162659965895,-0.468967940558201,13.2036361422875
-0.663377778435185,12.4137454181475,14,10.3864479016052,-0.305257706476336,13.836649635085
0.985078905088179,19.4742892433797,21,23.4284385057854,1.38204031608296,20.9186087369303
0.568162112330975,17.6343589866215,16,20.0116618286002,0.492776560666843,17.310486916556
1.32913989602671,20.7867125215086,21,25.7550182835541,1.60919723398296,21.5540904447674
1.20439063910708,20.3457322185846,18,24.9961437983893,1.00149326691954,19.5344972581956
0.257694199869151,16.2377868285178,15,17.4012946589532,0.425363347370238,17.0109783783714
-0.746246710168698,12.1382469866826,12,9.92398553255407,-0.379293635053138,13.5436840459576
-0.435775236807613,13.2296090525936,11,11.8014332271523,-0.661299878713262,12.5276057717074
5.02179380541774,25.7045338986228,26,29.0970280366159,2.08009778492319,22.4871944092474
0.970857838534287,19.4143706916541,20,23.3185879439906,0.947573292232133,19.3108285173323
-1.93644880470012,8.66726471299484,9,4.36823489620475,-0.864068804235289,11.8763576021397
2.90799901938433,23.6158025399323,23,28.6240336925513,2.8699177189141,23.5126510381362
-1.45551169526392,9.98217397223769,7,6.42105611925367,-1.27762888532861,10.6464885762727
-0.782678175484333,12.0197865782376,11,9.72701484185201,-0.690265212883722,12.4313406817749
0.342130820173327,16.618030790549,17,18.1135380892744,0.444227983760688,17.094703512879
-1.35068940791029,10.286192547391,9,6.90804074355731,-1.48747627089407,10.0517060113629
0.0264012065736101,15.1918330048446,15,15.4327723031339,-0.841904881257799,11.9453180145814
2.13510928393772,22.6273929230286,21,28.1690841334873,2.64375928630349,23.2494757800196
2.67060561922559,23.3385444102575,23,28.5370830249829,1.65533106291274,21.6661182015786
0.334494169567287,16.583677459515,17,18.0492622568521,-0.0365510708840211,14.9726069368261
0.262160403996688,16.2579258426485,15,17.4390651382639,0.622499027903345,17.8887829859301
-0.823637150651958,11.8882265550498,10,9.50937202979836,-0.80601361261603,12.0579822532155
0.969597586516353,19.4090444987132,20,23.3088143357403,0.92677047585026,19.2231776452121
-0.828514981129763,11.8726630694352,10,9.48369455116354,-1.06327894308209,11.2728193276199
4.48348573174693,25.2271833190988,25,28.9948696446225,2.65967376291097,23.2684934315166
2.70034577368487,23.3740992519375,23,28.5493322693215,2.23645895111859,22.7220896865672
1.39564816763842,21.0030549228962,22,26.1135675025621,1.35063133853573,20.8192379847974
2.16922409265848,22.6786771514516,22,28.2059931093732,1.55208127997148,21.4077265497014
-0.295752888046245,13.785256925272,14,12.8053427171963,-0.245078992821194,14.082316603022
-1.2255811640868,10.655121551468,12,7.50194916053621,-1.4797126299798,10.0733755597961
1.30015924150102,20.6882800663834,19,25.5885463622951,1.16552596743489,20.1771000789433
0.0516475122461194,15.305939540522,16,15.6479360379209,0.000744701526513976,15.1358734860105
0.843491685266173,18.8646805048849,17,22.303797005275,0.711479332958038,18.285113966176
2.24990439300326,22.7956137598019,22,28.2831153743688,2.09961869244312,22.5179538080204
-0.301060780810932,13.7634260404481,14,12.7653723097606,-0.891483868049652,11.7916505169745
-0.809426687382917,11.9336896652967,11,9.58446083905158,-0.550540930544526,12.908482709189
2.18154029762258,22.696908765843,22,28.2186541682811,1.60775956123295,21.5505118375178
0.0253720632434656,15.1871853816358,16,15.4240088847764,0.0754515693274779,15.4645062305522
-0.00446632385581498,15.0526071644493,15,15.1702927239172,-0.154504346291641,14.4628937621107
-0.104727089191479,14.6044175953317,11,14.3270132698567,-0.247526925902449,14.0722018390216
-0.373048092562534,13.4732386471353,12,12.2379777023226,-0.357322323440074,13.6295012970721
-1.28906898415845,10.4671145476496,11,7.19894667740002,-1.7431106931986,9.35517553953589
-0.786953966427172,12.0059761931214,12,9.70411588757667,-0.621913124892468,12.660621661945
0.671876054065911,18.1007017997294,20,20.8817637336754,-0.172710791537887,14.3854838650547
-1.32912197685327,10.349338580192,10,7.00949234416377,-1.43324780645178,10.203629446621
0.912202472355052,19.1638806296187,18,22.8575332011774,1.57810689255963,21.4754944788635
-2.05542157406172,8.36483022155527,7,3.91370856346242,-1.44766914151566,10.1631005914019
2.04786179564807,22.4904031945131,21,28.0608109353989,2.71027691514474,23.3284108883438
-0.0213902829251295,14.9764569384174,14,15.0267869940927,-0.00847134255855724,15.0954655116004
0.173617333604662,15.858039857882,22,16.6880047579332,0.183899875389442,15.9431584519423
-1.35737576145636,10.2666555236442,9,6.87667103622252,-1.60861363305772,9.71733065695487
-0.0861428742506676,14.6868614471916,11,14.4818196357891,0.142451381322801,15.7601322649128
1.86346688465152,22.1658994761095,19,27.7473286134116,1.83453428473267,22.0537858992932
5.4496251996477,26.057833174746,26,29.1724206434409,1.25353019752795,20.49422504583
1.04405554372643,19.7188987319171,23,23.8747249146062,1.15686378591125,20.1447770444611
0.995857820017006,19.5194736094297,21,23.5111491890986,1.0084277366747,19.5628649664929
-0.362817725378595,13.5137954260938,12,12.3112234941247,-1.12488564049978,11.090749978484
-0.874782157770137,11.7260318149801,9,9.2424125798265,-0.377014612691529,13.552540474738
-0.866405046771633,11.7524541366402,9,9.28581029649385,-0.768312016017398,12.1777901404247
0.248938726952835,16.1982969055311,14,17.3272151898716,0.117962980412891,15.6520319842472
-1.14407091142468,10.8988651254183,14,7.89576330270594,-0.667789882628682,12.5059258085557
0.263194825568973,16.2625897850752,15,17.4478114981165,0.0631919169014436,15.410476750575
0.0253709198850785,15.1871802184072,15,15.4239991500855,0.205363266321844,16.0379491158567
0.822670568864555,18.7730304981531,15,22.1336861773407,0.722935904292733,18.3359718308897
-1.62509277973152,9.50206336797248,15,5.65908814344007,-1.46124792899696,10.1250228115232
4.46462656709716,25.2097962019045,25,28.9911390830103,2.65941778199536,23.2681882175965
0.257729740438699,16.2379471012543,14,17.4015952714241,-0.0443919479799039,14.9383791502772
-0.096472437830269,14.6409936215151,11,14.3956693405222,0.079367514697232,15.4817698998957
1.39595108858839,21.0040095001554,23,26.11512471372,0.815115497306288,18.7422968863722
0.995939744974407,19.519816249942,21,23.511775964981,1.20384565930767,20.3177418987533
-0.269145414689979,13.8955508175072,16,13.0078502820534,-0.14713981289838,14.4943206181162
-0.663307038200504,12.4139846451459,14,10.3868524444521,-1.3305652084411,10.4947361277258
2.26380863199705,22.8152092969589,22,28.2951170733015,2.00313400525836,22.3612154886283
-1.18246201110441,10.7837278018479,13,7.70959991060417,-1.26919003906067,10.6707839519826
0.692746132533895,18.1943490393155,20,21.0564060434327,0.521982322049519,17.4405085902057
0.615547916555913,17.8475376052214,17,20.409462719344,1.19317292053424,20.2789600550513
0.540957618236673,17.5119672398138,15,19.7832500809784,0.7112673143392,18.2841722463553
-1.27884321434576,10.4972874434389,11,7.24752884363493,-0.874681501912942,11.8434915366579
1.02965083031822,19.6597633733121,21,23.7671886966841,0.673138054902052,18.1145570284855
1.53671785180958,21.4173460018433,26,26.7639663525234,1.14994844125812,20.118834435649
-0.951675830098835,11.4857894104339,7,8.84918309291896,-1.19367755402348,10.8894638458466
-0.742122314476599,12.1517515698081,13,9.94650643757151,-0.848989614381167,11.9232260889231
1.26492071558581,20.5652679082648,20,25.377975216607,1.57052272066725,21.4559338382882
0.71932652584944,18.3134295703636,21,21.2783983405695,0.351299614350927,16.6828636036188
-0.635449104008558,12.5087897606098,15,10.5476127147989,-0.664281505969283,12.51763749707
2.46920162634614,23.0895717304536,23,28.4385826099673,1.95662917697686,22.2810772678532
0.871628877294608,18.9878554679451,17,22.5320885493301,0.805756217454387,18.7013390740762
0.892668795129203,19.079387967835,18,22.7014477680616,1.14861193292183,20.1138065535966
-0.735850722043615,12.1723252011651,13,9.98084338380774,-0.281419491284276,13.9332000811893
-0.247026525776949,13.9882953250638,16,13.1788280848626,0.214905523371327,16.0800933258312
-0.412674407089533,13.3183220010599,10,11.959682573426,-0.224226018287883,14.1688715035013
-0.865270117583567,11.7560379575842,9,9.29169917168229,-0.67575999188763,12.479389992442
-0.799022514481489,11.9670949620658,11,9.63971474128224,-1.04048429634835,11.3406565488977
5.39974422674975,26.0178266964419,26,29.1638905774231,2.55206826076441,23.138098789068
-2.10307940402421,8.24631581281763,6,3.73782461544265,-2.30449380979974,7.96487686771364
-1.22733915259119,10.6498939835446,12,7.49351506527744,-1.43460292407187,10.1998172640288
-0.430521132955735,13.2496830076201,11,11.8371689663385,-0.388461821919454,13.5081622248843
-0.264288347111442,13.9158359581768,16,13.0451946182934,-0.0918035804696052,14.7323196551815
0.931058369819812,19.244958463192,19,23.0070600289065,0.723288225610451,18.3375349209167
-0.904839658554836,11.6316504321468,9,9.0876527696592,-0.25330054927685,14.0483846661263
-1.37710524223546,10.2091184153117,9,6.78434070343862,-0.987835786716597,11.4984127973899
-0.869394257419795,11.7430197064189,9,9.27031076768022,-0.610858515463412,12.6984186030689
1.34993648434198,20.8558007488765,22,25.870677968963,1.06315075933686,19.7832411972482
0.236103307158494,16.1403814871211,14,17.2185310452603,0.482402164213376,17.2643379683753
-1.4255735241699,10.0684957166375,8,6.55905443997231,-1.20767121726091,10.8487634081391
2.08469955927541,22.5493345994111,21,28.1091349090241,1.12534711833912,20.0255663399834
0.307340168761145,16.4614742355628,16,17.8205084902298,0.0493157800835238,15.3493610840585
1.2078390973764,20.3585105752999,18,25.0185583572475,0.734573059969397,18.3875688025742
0.912722373496318,19.1661226671897,18,22.8616714677331,0.826987843277,18.7941315523415
-0.75164693093885,12.1205947563874,12,9.89456890720199,-0.351391551859652,13.6528315101628
-0.580112022165858,12.7008977383267,16,10.8761968011243,-0.8877927370852,11.8030190782387
-0.111142748641515,14.5760405293129,11,14.2737748809872,-0.248201871345654,14.0694147244574
0.701023301214504,18.2314563108135,21,21.1255930312816,0.829996556770546,18.8072451316732
-2.04550365268917,8.38968999784593,7,3.95077410278631,-2.30096319789307,7.97290253656751
5.30132587970383,25.9379762186584,26,29.1468598365633,2.12882854122744,22.5631557102433
0.838504241021639,18.8427635208564,16,22.2631348920038,0.474873756438917,17.2308617342072
-1.36546054338744,10.2430577125849,9,6.8387934313731,-1.29876067840411,10.5857754215503
-1.23390160929886,10.6303906867029,12,7.46205316954732,-0.610858515463412,12.6984186030689
1.20908100807097,20.3631046522481,18,25.0266114995012,1.10603198607712,19.9512925794357
-1.28428391761963,10.4812284853989,11,7.2216696288864,-0.107273448227776,14.6654792069279
-1.22798630068793,10.6479699291087,12,7.49041094902888,-0.784654099811159,12.125663653849
3.29971781958382,24.0484646238668,24,28.7348339145532,1.18649705127393,20.2545478796254
-0.714350874845868,12.2432187134763,13,10.0994246140428,-0.644394205352031,12.5843903441183
-0.784817453805172,12.0128745881347,12,9.7155524915229,-0.756208951090021,12.2165971860016
0.879521113976584,19.0222507798704,18,22.5957597033431,0.89256740189904,19.0776039805097
0.349927836803603,16.6530999676498,18,18.1791403758488,0.439481369515039,17.0736306941331
0.928335014851338,19.2332791176379,19,22.9855366417162,1.15581234428544,20.1408404729701
0.334541151085671,16.5838888225666,17,18.0496577585448,0.221618923836897,16.1097443666763
-2.64154506174893,7.06888715506029,10,2.14776477798174,-2.45850620224742,7.62717259329157
-0.301307993573049,13.7624106903705,14,12.7635142322869,-0.104809595866527,14.6761100806608
0.911703938092667,19.1617303960648,18,22.8535642066013,0.548264381536099,17.5576309204869
-0.840034187338393,11.8359915100847,11,9.42324570385589,-0.941416551404311,11.6388835887273
0.895760595424489,19.0927938386696,18,22.7262294178237,0.942811929786398,19.2908297374647
0.33542070252537,16.5878457559771,17,18.0570619143165,0.214625608211661,16.0788570394287
0.911429290765961,19.1605456700819,18,22.8513773134733,1.0197806245529,19.6090999481761
0.644122068136359,17.9760191596461,19,20.6491739551827,0.240803432270133,16.1944805060167
3.26842444781215,24.0148056374516,24,28.7268345800282,1.48034275964127,21.2113261151075
0.0257984019242422,15.1891106904564,16,15.4276391833333,-0.023752224147101,15.0285547080032
-0.573496466111957,12.7242256682972,17,10.9163659048286,-0.632589810120097,12.6243135182083
1.07690363797745,19.8521595037577,24,24.1161552746843,0.763244791479091,18.5143753860952
0.684977327167614,18.1595024759467,21,20.9914264175178,0.518993851447694,17.4271974707806
-0.202397958487576,14.1781505896076,18,13.5305855393979,-0.344257615796339,13.6809868130941
-1.30272492834645,10.4268859706918,10,7.13420225075709,-1.17648952285817,10.9395666044427
0.934019177793363,19.2576440539999,19,23.0304314025174,0.762104669090245,18.5093426604368
1.4162290303776,21.0672719338281,24,26.2177912631017,1.29340255007174,20.630914715946
-0.716730215772345,12.2353445629132,13,10.0862332628832,-0.588692142121395,12.7748492769541
0.299592054070591,16.4265879706273,17,17.7551713095731,0.451390193074709,17.1265086917329
0.943458244625132,19.2980000936552,19,23.1047362325156,0.955469567284872,19.3439099009058
-0.594450347162703,12.6506104099035,16,10.7898064183333,-0.366561022759122,13.5932980310089
-0.279919894227949,13.8507174869755,15,12.9254210081711,0.3489711708054,16.672561344743
-1.17312676757949,10.8116694093357,13,7.75475545481528,-0.899301798233042,11.76760748183
-2.17623186913531,8.06766498017965,5,3.47561778303927,-1.63271311983724,9.6516991116491
-0.00316604695636903,15.0584638438242,14,15.1813318483672,0.0865376007893339,15.5133860063349
1.31240303102653,20.7301701747809,21,25.6596244290929,1.55154554600881,21.4063123676232
0.662553222267158,18.0588356272417,19,20.8036737815964,0.718034858018391,18.3142222178048
2.42356902469479,23.0307436005846,22,28.4113575626692,1.86892661999239,22.1204943763662
-0.349669507547125,13.5662557160637,13,12.4061990541398,0.0383723572815925,15.3011955659453
-0.365499966631584,13.5031398794037,13,12.2919641945904,-0.267459626233089,13.990213584498
-0.787529548025685,12.0041185408158,11,9.70103669864804,-0.716868832466713,12.3440031578594
-0.760842287886602,12.090613196064,12,9.8446597079521,-0.938924963024668,11.646463616033
-1.25972143882389,10.5538218606384,11,7.33860466295927,-0.951734787715959,11.6075380489337
-0.46298362623352,13.1266201897272,10,11.6187753690796,-0.128057223858189,14.5760391345864
0.844628045419961,18.8696708009897,17,22.3130537533629,0.489421042122069,17.2955581897483
0.0618287802242825,15.3519973150947,17,15.7347816811334,0.578194807810046,17.6911129630638
-0.0108700639729567,15.0237756266772,15,15.1159529702846,0.274919992268458,16.3451935329387
0.280804809554706,16.3419620822371,15,17.5966134507128,0.226832446430883,16.1327713607261
1.34389151752474,20.835853025363,22,25.8373891234235,2.07653892206958,22.4815372649578
0.628127196690316,17.9041098883182,18,20.5150163142126,0.571923536137653,17.6631379846607
0.234064458892761,16.1311792746484,13,17.2012577393803,-0.0385844343398842,14.9637271174569
0.249916582689349,16.2027079858245,14,17.3354910642268,0.408436643479128,16.9359104308374
0.28228995295364,16.3486537282317,15,17.6091545836375,0.207559558909755,16.0476491314584
-0.736002311639022,12.1718273663052,12,9.98001211377671,0.181442772974048,15.9323073553381
0.912407446688616,19.1647646103609,18,22.8591648417547,1.2882450380815,20.6134853449066
-0.822487622048238,11.8918973863603,10,9.51543040000816,-0.327588967390965,13.7471604829694
-0.700046043618395,12.2907141836056,13,10.1791049978561,-0.138905704995229,14.529532479124
-1.15861235406436,10.8551833854624,13,7.8251058967618,-1.88161375405368,8.99333792031975
-3.74117260159451,5.61387082566557,6,1.21593487491421,-3.08271195015989,6.55295340302382
-1.18196783255424,10.7852060582261,13,7.71198851161752,-1.11092214708542,11.1318611274184
0.351508773198262,16.6602100200475,18,18.1924392788932,-0.0517947970383474,14.9060988467352
2.26759944110773,22.8205255367075,22,28.2983290844755,1.85593576855342,22.0955589545066
0.277012918795748,16.3248753189079,15,17.5645875883066,-0.262072918853185,14.0123040751223
0.667261875058273,18.0799831064846,19,20.8431195973372,0.765802471356103,18.5256623116536
-0.690923931104308,12.3211445603491,14,10.2302601071731,-1.05580641224746,11.2950283556205
1.4336819169018,21.1207131783111,23,26.3036661272836,1.10148155129914,19.9336634226278
1.31512638377305,20.7394273308229,20,25.6752860444917,1.50004446362793,21.2666888404026
1.38833279803736,20.9799172725852,23,26.0757517068748,1.44827800453425,21.1188790364658
-0.807667217289247,11.9393316705224,11,9.5937881040065,-0.822955571100825,12.0046410707863
-1.91948029698627,8.71113667152473,9,4.43478521266087,-1.65235742136678,9.59843297166063
-0.326044994306931,13.6614559922745,14,12.5791970156754,0.00529345696368214,15.1558311559774
5.12625568846904,25.7929247339687,26,29.1159042157238,2.2503498779959,22.7418212010363
4.43685777325064,25.1841132643625,25,28.98562689126,1.82929460153533,22.0434241919904
1.54344059655817,21.4355952222858,25,26.791261129556,1.53749400585718,21.3689414060404
-1.83899635766018,8.92173751740269,11,4.75631068977527,-2.07618151609148,8.50494213788468
2.06982418457434,22.5257394244199,21,28.0901055385529,1.28246181273337,20.5938521562214
-0.31140809006654,13.7210360351993,15,12.6878711229251,0.0267510711106039,15.2500839935826
2.67316999059071,23.3416207779911,23,28.5381581611802,1.81695431782873,22.0188072476822
-2.17667754123542,8.06658966107329,5,3.47405175990345,-1.64398726526984,9.62110309086376
0.413255409547369,16.9377970945064,20,18.7112982927849,0.0108157601713123,15.1800715641361
-2.0110954091678,8.47644098918411,7,4.08055178258764,-2.37525103317966,7.80659684659077
0.83152482848364,18.8120535667328,16,22.2061401394738,0.422006557836351,16.9960872624278
-1.26732723616336,10.5313174747175,11,7.30234309643633,-1.36224854459592,10.404449389235
2.03284230714029,22.4658808035092,21,28.0399182175903,1.92403928648917,22.2229198116005
-1.77312687712557,9.09723571660551,12,5.02680417027865,-1.18505457885734,10.9145841746065
2.21672048706917,22.7482104541531,22,28.2530057776912,1.70982677515568,21.7916763695532
-1.33004718015444,10.3466257650535,10,7.00513202247493,-1.20848568550555,10.8463970237544
0.249461482548888,16.2006550618988,15,17.3316394947268,0.0812799605459134,15.4902019447702
0.589796345626142,17.7316944318685,18,20.1933016229101,0.8308150097513,18.8108107687799
-1.98333940569911,8.54698021498005,8,4.18655126623483,-2.33586505993623,7.89408645880776
-1.31483440306959,10.3912762721132,10,7.07691955047197,-1.70808449106292,9.44849949115717
-0.30313848962751,13.754896422127,14,12.7497658239749,-0.0395130985004082,14.9596724082555
0.278963244850529,16.3336640268928,15,17.5810608292641,0.451211609158637,17.125715534697
0.464495901498716,17.1681154713383,22,19.1414211272559,0.66167165043441,18.0634701916476
-3.08018704465711,6.38695871277347,7,1.54297432712591,-2.63924514771508,7.26663978638591
1.33674270607926,20.812120605546,21,25.7976719735103,1.49407436295741,21.2500276157851
0.0225924946542933,15.1746345589463,16,15.4003437280712,0.105158721613155,15.595527694303
0.911661894909688,19.1615490439939,18,22.8532294494483,1.06862940248991,19.8049473705998
0.945925931797944,19.3085286156368,19,23.1241100380434,1.24727445661938,20.47237657883
-0.682750440546627,12.3485079157762,14,10.2763305414828,-0.69145792560577,12.4274035411815
0.64080485844025,17.9611083716898,18,20.6213568983319,0.310372612641234,16.5018673378705
-0.199745158617471,14.1895439136445,18,13.5517633432227,-0.362882871187757,13.6076910016502
0.589469902791472,17.7302257654758,17,20.1905609952536,0.835283505055477,18.8302656370779
0.0474243773178559,15.2868410309803,17,15.6119231455729,0.756156234284481,18.4830712768039
0.284691005079261,16.3594714915437,15,17.6294274062807,-0.0420752013613332,14.948488534813
1.30621955153864,20.7090697971562,21,25.6238637463311,0.970046559788813,19.4046946444879
0.0189449974159377,15.1581687025518,16,15.3692973513369,-0.167474255956281,14.4077060137933
-1.3262864060827,10.3576550375875,10,7.02286044105161,-1.73024843518994,9.38936234365053
-0.791420364413592,11.9915699314183,11,9.6802424729821,-0.551063224428879,12.9066348910815
-1.14278553905802,10.9027305263093,14,7.90201752187264,-1.36938202917346,10.384177741568
-0.638541125995429,12.4982071318067,15,10.5296235524549,-0.661128387325233,12.5281795282311
1.17706382752144,20.2433527574879,16,24.8158005533048,0.891170538230057,19.0716226289249
-1.25798568745768,10.5589609154535,11,7.3468866474606,-0.648409378487001,12.5708624845144
0.301319408962411,16.4343661767236,16,17.7697401502851,0.519133996807839,17.4278216679012
-0.387661264953461,13.415706028256,11,12.1343488126257,-0.138908452050801,14.5295207190144
-1.13073934288031,10.9389896173976,14,7.96069869213873,-0.70788462085276,12.3733865492013
1.23624859988693,20.4625488583519,18,25.2002104232953,1.19825295593049,20.2974574063546
-0.631159200531641,12.5234977058035,15,10.5726332510742,-0.558323426506486,12.8810026361964
0.0704236457686841,15.3908919284054,18,15.8081158389476,0.337062848292962,16.6198827374737
0.984368640153051,19.4713047734199,21,23.4229714525584,0.105273712737982,15.5960350713014
-1.42143508579526,10.080461293062,8,6.57820185822177,-1.4626765959635,10.1210212700702
1.61183977761474,21.6138412591122,16,27.0505404710212,1.45371705876247,21.1347661814956
0.852829349257583,18.9056486766257,16,22.3797722534416,0.61387469956348,17.8503048454886
-2.04831748046682,8.38263029198908,7,3.94024241413064,-1.44770536758919,10.162998897937
0.378363010703626,16.7809564391153,19,18.418213952524,0.263949448405418,16.2967257573556
-1.98247548679853,8.54918370568785,8,4.18986908213296,-1.7224848981703,9.41004418417752
1.3512771924302,20.8602099868218,21,25.8780242918222,1.32576554246526,20.738560299836
0.122692209697838,15.6275486657403,20,16.2541299961102,0.00496850912647875,15.1544051627955
-0.363955933064399,13.5092718261885,12,12.3030460159243,-0.38833125596588,13.5086668997481
-2.04103292941151,8.40091760569254,7,3.96753281731938,-1.24599148961527,10.7377196947526
-0.254703535843708,13.9559998262114,16,13.1192218742356,-0.0421149443476629,14.9483150837668
0.617851419205593,17.8578980438386,18,20.4287939410921,0.245826407401582,16.2166677354861
0.950256422653134,19.326982531214,20,23.1580556168369,0.865315120742958,18.9604391000066
-0.282019504734304,13.8420077039501,15,12.9094249834731,-0.485223442270647,13.1437587544755
0.0238757024897621,15.1804284167716,15,15.4112682591478,-0.191238025427849,14.3071495954962
0.0560525813379862,15.3258647283426,18,15.6855071606827,-0.0417951174014847,14.9497109379757
-0.698309437227702,12.296498605853,14,10.1888225939813,-1.14364116537426,11.0356678561453
-0.0852366449399141,14.6908904954371,12,14.4893897601273,0.0362263194031192,15.2917540235244
0.0902045647951999,15.4804395770881,18,15.9769276712344,-0.610807297568609,12.6985942115552
1.26140147784414,20.5527856803506,20,25.3564631495963,0.863888588444494,18.9542797559898
-0.332069776778912,13.6370639178024,13,12.5347944653973,-0.835564691034067,11.9651281931127
4.42759567823043,25.1755252744109,25,28.9837832306491,1.3828839792364,20.9212387765406
0.354441735797939,16.6734000988357,18,18.2171091413155,0.0917189721474467,15.5362376888883
-1.35687486234851,10.2681184584845,9,6.87901968643015,-1.45548274215836,10.1411796728348
0.277316426705215,16.3262430485292,16,17.5671512832535,0.38550476706536,16.8342898808855
2.57869159529391,23.2268438169067,23,28.495891681019,1.31074959286415,20.6889847532763
-1.45840836228463,9.97384465109315,7,6.40775352595749,-1.21228165952086,10.8353716644371
-2.94898081440325,6.56914532719584,8,1.67068641877197,-1.83104808384793,9.12409199180566
-0.740681647299296,12.1564734747736,12,9.95438425578476,-0.351605331092281,13.6519893435109
0.633172064080016,17.9267937247692,19,20.5573380495463,0.829708525502157,18.8059901415961
3.91271612584243,24.6811384662595,25,28.8770184590043,1.79414281744975,21.9724957092178
2.09858064984988,22.5711155396909,21,28.1263250454891,1.43920562901889,21.0921914998164
-0.730389693930174,12.1902782507315,14,10.0108340757329,-0.0359028370861529,14.9754383273244
-0.715972417186013,12.2378516222054,13,10.0904327040158,-0.416716705729063,13.3997682414744
-1.67155489021229,9.37347282042502,14,5.45706803144422,-0.919080819932404,11.7069906371579
-1.33016230182907,10.3462882382116,10,7.00458952520759,-1.75045900593039,9.33568816755373
-0.0259961901908045,14.9557596898404,14,14.9877933820019,-0.115130851872621,14.6316153416307
2.35907772354732,22.945688169683,22,28.3687626146821,1.46959423831427,21.180661382066
-0.0133285775140655,15.0127121929611,15,15.0951033334975,0.109279249127492,15.6137096018275
-0.909837348420823,11.6160187720197,8,9.06205766502808,-0.524952849489783,12.9996523752441
-0.695905355089401,12.304513032714,13,10.2022913969957,-1.24718491831872,10.7342709622238
0.321695425817503,16.5260890112476,16,17.9414835432406,0.41838237129697,16.9800122689474
1.82065553132826,22.0820903805828,19,27.6538016351495,1.55978470633723,21.4279754032257
0.713315248395539,18.2865206804537,22,21.2282435662894,1.10978606156581,19.9657991589556
0.0702745295112935,15.3902170393302,18,15.806843411879,0.00854635882544315,15.1701084598556
4.22157887302428,24.9817098652903,25,28.9421004944964,2.83976741205667,23.4783529121416
-0.823040070657174,11.8901330846874,10,9.51251848339013,-1.19368669192838,10.8894372418684
0.603242367284236,17.7921851518151,17,20.3061788326691,0.500156204014944,17.3433262958446
-0.838400726674641,11.8411847395231,10,9.43180164002453,-0.781034682593218,12.1371822053096
-0.703763170945988,12.2783464771748,13,10.1583376105121,-0.518494705681859,13.0228638734889
-2.94547218509393,6.57423061514293,8,1.67461159379696,-1.6460358154616,9.61555114339399
-0.333914632552424,13.6296103088171,13,12.5212366326279,-0.0932644363083074,14.7259985993033
-0.358222143903393,13.5320885457112,13,12.3443124726639,-0.0867792896865365,14.7540735259003
-0.317492739016589,13.6962133590527,14,12.6425576728162,0.236677677328851,16.1762568569719
1.36334663321152,20.8996582551202,21,25.9435550741729,1.27779772527269,20.5779496750777
0.284361692435118,16.3579878496417,15,17.6266471086728,0.371473061376445,16.7721512463601
-1.34147380593594,10.3131506563621,10,6.95134094942401,-0.907246269467812,11.7432242841373
-0.0273206293797495,14.9498104768367,14,14.9765860191388,-0.497432396315779,13.0991387267775
0.591379752262225,17.7388181409634,17,20.2065949087014,0.93517296342927,19.258665776818
3.33342260067424,24.0845592089063,24,28.7433358349687,1.9135597845607,22.2038487092274
2.25049886674861,22.796454700505,22,28.2836357046008,0.874566846144706,19.0003234771489
-1.1835732124358,10.7804041807259,13,7.70422967258473,-0.582351636364135,12.7968727385082
-0.86157354395179,11.767717742615,9,9.31089554918507,-0.197962040248303,14.2788359886256
0.0407089848431181,15.2564800209821,16,15.5546726826852,0.247297827477398,16.223167333985
5.49157796925734,26.091239833746,26,29.1795421887186,2.03392840424994,22.4125644849901
0.33600353296478,16.5904677556,17,18.061968065977,0.354313178922282,16.6961982039986
0.276421488918395,16.3222100546365,15,17.5595917064501,0.863901087556333,18.9543337343378
-0.720163346765776,12.223995734235,13,10.0672300370839,-0.52725114554554,12.9914117071617
-1.11169554686037,10.9964363211273,15,8.05372196406018,-0.237703401874494,14.1128513083506
-0.714282298953182,12.2434457650098,13,10.0998050647517,-0.638755384197526,12.603432688313
0.53922905177669,17.5041911306906,15,19.7687375069947,0.744526469852118,18.4316445313078
-0.0233098142932605,14.9678297634604,14,15.0105327869974,-0.240432337819066,14.1015433328376
0.743601750743812,18.4219416542139,23,21.4805842055368,0.245997750843812,16.2174245957667
1.41802362246871,21.0728100308856,22,26.2267275803872,1.97705953043163,22.3166821630959
-1.75723415792248,9.14000845268713,12,5.09307425556068,-1.39568029498681,10.3096255440248
0.324784609583903,16.5399905672612,18,17.9675042474811,0.348936120271941,16.6724062678457
1.91139580164368,22.2555940898133,20,27.8418716140319,1.80407778449446,21.9927958266398
0.885110946016863,19.0465683120949,17,22.6407532737909,1.24228733970348,20.4548813341536
0.025393876421816,15.1872838866378,16,15.424194621607,0.0841139894662595,15.5026983425817
1.04168114654734,19.7091796154543,23,23.8570656952086,1.05138984307206,19.7364192848142
-0.350686169765159,13.5621858878897,13,12.3988217170586,-0.888587410751497,11.8005705800763
0.273225780860521,16.3078077178472,14,17.5325936859573,0.319461871626279,16.5420495525582
-0.753037297144625,12.1160553370466,12,9.88700799582716,-0.329001435960316,13.7415321696532
0.573864396867188,17.6600146180257,15,20.0595393477356,0.791307130114671,18.6379540138548
0.00969972397085255,15.1164547464062,15,15.2906506235544,0.295986164900419,16.4382804091071
-0.78033222322175,12.0273717370405,11,9.73959725428541,-0.838445030687309,11.956123730484
0.0484077629155577,15.2912879033634,17,15.6203083807311,0.170540420260764,15.8841615240655
0.0177352113357706,15.1527084178301,16,15.3590022004728,-0.028294373248601,15.0086890912311
2.33487049489556,22.9131191475123,22,28.3513624688036,1.38931938201783,20.9412331714997
0.59335444867451,17.7477021583043,17,20.223172947607,0.600338071619236,17.7899063840487
-0.361397540228397,13.5194436697232,13,12.3214367697529,0.0785052410393878,15.4779682971903
-0.85845093491572,11.7775923577905,9,9.32713028678647,-0.197814954694817,14.2794546583863
-0.717003907566634,12.2344392761865,13,10.0847169940352,-0.931443768367201,11.6692492276198
-1.314688838899,10.3917039705514,10,7.07760739810664,-1.58547682122723,9.7806290394206
0.794884197781448,18.6501438044479,25,21.9053194439317,0.693392136574113,18.2047145892414
-1.63308340285913,9.47985135934825,15,5.62411998921846,-0.707978332256596,12.3730794850044
-0.669979200700555,12.3914536447158,14,10.3487755169594,-0.508308387619491,13.0596422822721
-0.885450310574613,11.6924593158066,9,9.18731784207255,-0.661980335773263,12.5253296272846
1.44159237709642,21.1446283079041,24,26.3418300799733,0.856369629288906,18.9217741728555
0.281629474418341,16.3456778362712,15,17.603577397371,0.250689597532697,16.2381497743826
-0.797616634524132,11.9716168883841,11,9.64719962135059,-1.13954631413631,11.0476805253283
-0.782739079409739,12.0195897333034,11,9.72668836528838,-0.325015488332049,13.7574249766476
-0.0219587728070543,14.9739016858533,14,15.0219726306499,-0.158458330419396,14.4460474671982
2.69432549000809,23.3669233723532,23,28.546890681983,1.20682544058406,20.3285152477093
0.268631271859402,16.2870984392487,14,17.4937679550471,0.00265394463848356,15.1442492412499
-0.718034678364393,12.2310306656723,13,10.079008518343,-0.117470784274024,14.6215423635661
-0.334107631046586,13.6288309753579,13,12.5198193403224,0.0860089437416524,15.5110546555525
-0.315191935571161,13.7055904739012,14,12.6596693407577,0.136176261965806,15.7324282730613
-0.795854065287217,11.9772888111544,11,9.65658987742759,-0.74443345643258,12.2545253009839
1.19820869544159,20.3227449099717,18,24.9557673424675,1.54602062164806,21.3916826831906
0.128293147098841,15.6529091346933,10,16.3018977739626,0.582263053505486,17.7092620516916
-0.284733303742681,13.8307631805931,15,12.8887823451323,-0.207142428763554,14.2402829154656
0.338364064445495,16.601086816764,17,18.0818371421194,-0.49740351404816,13.0992439286716
6.21838668014101,26.6354333643014,27,29.295384952095,2.19246099265816,22.6584709671014
-2.73383304941805,6.90620996076667,9,1.97313078544493,-2.10128937882345,8.44367134874721
-0.297010595557634,13.7800788544449,14,12.7958586613045,-0.252553522710771,14.0514631553695
0.908505562101306,19.1479275915541,18,22.8280823074619,0.86418395092271,18.9555552495482
-0.273859933757394,13.8759051629572,15,12.9717119159855,-0.548980442357555,12.9140066362597
0.219759435060003,16.0665943121839,14,17.0799922787188,0.28599578457165,16.3941319690391
-0.296188445688596,13.7834633366357,15,12.8020573705939,-0.378747746059553,13.5458044492313
0.381380724216666,16.7945225777459,19,18.4435721174864,0.838038540344991,18.8422498837852
-0.635977126578522,12.5069814864611,16,10.54453807181,-0.487805292214163,13.1342978057703
-1.32352247333795,10.36576457339,10,7.03589739729977,-1.08737600256323,11.201389396122
-1.19485065990036,10.7467013323338,13,7.64978482488859,-0.632231004154609,12.6255306137309
1.44117075244673,21.1433584671833,23,26.3398078881461,1.35063289480984,20.8192429787044
-1.8386139502358,8.92274815364583,11,4.75786176944607,-1.75379610480957,9.32684890803902
0.262745985295678,16.2605661007649,14,17.4440164887612,0.00339148868511787,15.1474852202785
-1.3561649197058,10.2701921116104,9,6.88234889524964,-0.94582846336951,11.6254719125135
-1.31911209887867,10.3787113593255,10,7.0567137346733,-1.16108738534496,10.9845694422254
-1.36155454970654,10.2544550290512,9,6.85708592577444,-1.42679811682057,10.2217843971758
0.886007075611173,19.0504633199967,17,22.6479582780674,0.464294828136562,17.1838393103956
-1.32537343361916,10.36033340318,10,7.02716604380572,-0.871351527848679,11.8537935981507
0.953640915293118,19.3413851111567,20,23.1845380970551,0.756303484195086,18.4837218837469
0.38319778797335,16.8026909961887,19,18.4588399953421,0.441690274172576,17.083436693376
-0.0275032085290659,14.948990437597,14,14.9750412320253,0.197856732138282,16.0047966559483
-1.27567648246113,10.5066399348466,11,7.262591207696,-1.31056047670191,10.551951565236
-0.673970909378928,12.3780054696143,14,10.3260713140804,-0.942940498044771,11.6342494721983
5.33634805721087,25.9665303823336,26,29.1529507636781,1.97471720863131,22.3126324049486
0.0587901168736349,15.3382491134228,17,15.7088588602904,0.647299364782309,17.9994010707075
0.223451994765527,16.0832690139117,13,17.1113066264737,0.468643241189835,17.2031650122838
0.877338432489076,19.0127455210409,17,22.5781675600121,-0.0610045726221063,14.8659903451124
-0.30079038809175,13.7645367394674,15,12.7674049727103,-0.135557812700417,14.5438709785977
-0.918891540652059,11.5877416910042,8,9.01578184039217,-1.30635305353107,10.5640056480103
1.1557710425605,20.1622337812575,16,24.6720100659722,1.0593108638337,19.7679876687626
0.0518820177994699,15.30700016815,17,15.6499359842846,0.567045683103817,17.641380902451
-0.417239079669851,13.3006993520128,10,11.9281807465242,-0.624749555867111,12.6509571496623
4.19173885853478,24.9531943597728,25,28.9359533021741,1.13395705135791,20.0583801066242
-0.796024632545512,11.9767397950715,11,9.65568085248684,-0.693760923680228,12.4198071919444
0.264316510885841,16.2676469776911,14,17.4572949792948,-0.326565973052627,13.7512392413258
0.353245196394223,16.6680191205857,18,18.2070451177983,0.144197269657575,15.7678405195044
0.319234151701052,16.515012303296,17,17.9207487256231,0.611113194473557,17.8379836114355
1.24407191261958,20.4908063482012,19,25.2492765195522,1.12508856721651,20.0245781288341
-1.09252249377066,11.0544302874464,15,8.14769846601022,-0.919684460465476,11.705145275748
0.343397688351766,16.6237292378163,18,18.1241987845721,0.181976368933144,15.9346638222402
-0.798403184381608,11.9690867619902,11,9.64301149260938,-0.539843907115327,12.946442211841
0.231265190181161,16.1185437840885,13,17.1775379116949,0.396891536651547,16.8847383174614
0.381939449308373,16.7970342826504,20,18.4482668918754,0.12375787411763,15.6776090697357
2.62943155806079,23.2888621888647,23,28.5192966617714,2.20753653032287,22.6804676335772
0.877109787865,19.0117494890939,17,22.5763239633052,0.826329352862426,18.7912602625891
0.0194452971827137,15.1604269240289,15,15.3735551737023,-0.141671247489846,14.5176975022366
-0.333590356748991,13.6309199236392,13,12.5236184166,-0.331750889488672,13.7305873583185
-1.83659436117732,8.92808715922786,11,4.76605711948259,-1.49320236929437,10.0357412196694
-0.062628608489373,14.7916466079721,12,14.6788241182576,0.191570887026133,15.9770358997305
-0.762626669701206,12.0848061241852,12,9.83500056096475,-0.597354643627922,12.7448771925308
0.87983656828794,19.0236240808121,17,22.598301147664,0.45879100088235,17.1593838468033
-0.862609997699314,11.7644418626733,9,9.30551078179832,-1.23199054735929,10.7782221456965
-0.0549162533363849,14.8261168359485,13,14.7436821474343,-0.428835837074381,13.3537776203513
-1.82403869274181,8.96133927612379,11,4.81714733198809,-1.9739983185031,8.75849691313595
-0.0322807098477334,14.927539987991,13,14.9346360072855,0.203193079376637,16.0283644558147
0.322800437246598,16.5310617702681,17,17.9507917311418,0.678206967358025,18.1371310620699
-1.32674618348561,10.3563063294664,10,7.02069238776216,-2.16076857919639,8.3002453034094
-0.355591646657416,13.5425802282369,12,12.3633043093613,-0.299543792457296,13.8596976561656
-2.08861062991309,8.28212811852645,6,3.79082416565129,-1.93755119818512,8.85051778659391
-0.907361838083662,11.6237595100234,9,9.07473102418203,-1.09154062136331,11.1890729013941
0.173064178281801,15.8555377397706,21,16.683298293045,-0.0776978100725345,14.7934472717453
0.0143656439055617,15.1375029456386,16,15.3303335220584,-0.186196397568805,14.3284201514368
1.32858219836734,20.7848419121798,22,25.7518726964826,1.38480048587908,20.9272056967146
0.664921863530138,18.0694742158326,20,20.8235178853033,0.719921996354843,18.3225981501485
0.326305126180019,16.5468326075908,17,17.9803102430278,0.329603940131752,16.5868949392932
-0.661764362418841,12.4192034772156,14,10.3956790869562,-0.399566258341551,13.4653675378442
-1.4126327190649,10.1059379562056,8,6.61898416980442,-1.10102706264349,11.1610482312582
-0.311357678552731,13.7212420162651,15,12.6882473531857,-0.278868105220434,13.943594578703
-0.308983281925617,13.7309498005901,14,12.7059830336221,-0.542732508580143,12.9361700936167
0.0189703800942607,15.1582832711306,16,15.3695133698217,0.191479334918337,15.9766315736412
-0.0278663867611501,14.9473593126849,14,14.9719685482889,-0.0235858111259985,15.0292827454895
2.10836554842134,22.5863355997606,21,28.138124604739,1.67970804749085,21.723166782148
0.974405095039432,19.4293483527175,20,23.3460643943458,1.00505141176238,19.5490648894748
0.934161579453719,19.2582538545403,19,23.0315547021658,0.509329173524252,17.3841596089623
0.00469947634710536,15.0939081698677,14,15.2481454390901,-0.186566133305622,14.3268590590276
1.20963817414515,20.3651643664341,18,25.0302211309521,1.37688657861958,20.9024980032964
-0.328114635266414,13.6530680633719,14,12.5639220048712,-0.242692933215878,14.0921851501116
0.648829518064337,17.9971763492467,19,20.6886428047773,0.474047813130058,17.2271897100271
0.628866289727236,17.907433328445,18,20.5212170142977,0.173078670028773,15.8953704669719
-0.338669693497964,13.6104325267588,13,12.4863757663247,-0.57794406058581,12.812225251087
-1.32118031070442,10.3726390684513,10,7.04695002056558,-1.07164387408468,11.2479912113203
0.35027468165409,16.6546598740918,19,18.1820581254805,0.425593116807774,17.0119977391164
-1.1776356205915,10.7981694106882,13,7.73293673194584,-1.0201510234843,11.401399517206
-0.816747232575713,11.9102461974885,10,9.54572524244174,-0.963024074278851,11.5733238295833
0.25447387889032,16.2232636801026,15,17.3740531308057,-0.236336739051933,14.1185188886515
0.0788835185205579,15.429185009431,18,15.8803097373932,0.299630077109664,16.4543847926638
0.874955006290198,19.0023597913592,17,22.5589427005233,1.22783073480337,20.4037798293579
-0.39034592460563,13.4051876134606,11,12.1154383888605,-0.997125472035766,11.4704622774627
-1.92335914635206,8.70109179758216,9,4.41953471179882,-1.73271602093537,9.38279616249994
0.33166364366833,16.5709429152124,17,18.0254323609675,0.0175598468238664,15.209690931185
0.846030397714906,18.8758274519651,17,22.3244731732262,0.758464021183464,18.4932663825073
0.020163693628892,15.1636697318624,16,15.3796694396714,0.461904479656184,17.1732174189437
0.0458260266634166,15.2796137492968,17,15.5982950082371,0.0908591551591566,15.5324453350273
0.305140605057495,16.4515714138682,16,17.8019634197224,0.681309398032422,18.1509442237796
0.0174313287095407,15.1513369481978,16,15.3564163667596,0.237300309770461,16.1790070300777
0.963986457043788,19.3852987440384,20,23.2652235207821,0.604656248923379,17.8091736053135
0.300961809481622,16.4327559551341,16,17.7667242142014,0.578537484099528,17.6926416569825
-3.46127435034168,5.92097478398358,6,1.31504565111042,-1.28732294352176,10.6186146576398
0.258976709978553,16.2435702655459,14,17.4121420067693,0.714022092506042,18.2964066521396
-1.3719616669784,10.2241025311929,9,6.80837785224846,-1.95495574569234,8.80647280801914
0.38426070040737,16.8074691422009,19,18.4677707416677,0.324588769631337,16.5647180259098
0.48966892479667,17.2812916948024,13,19.352702461928,0.410614654381789,16.9455667642133
-0.930835125892258,11.550522164252,7,8.95491838360238,-0.630114303612669,12.6327149686417
-1.3233501245687,10.3662703584931,10,7.03671054946979,-1.32497554044054,10.5107069107971
-0.428371524786348,13.2579133228931,10,11.8518330155505,-0.461666718415392,13.2307055418222
0.330824169048662,16.5671659561198,17,18.0183642688357,0.459030467404768,17.1604477594361
-0.818702883038492,11.903991724564,11,9.53539655200957,-0.205319140097268,14.2479301245845
-0.0130560516239534,15.0139384173632,16,15.0974141602857,-0.29590520393912,13.874405893565
1.40601524434472,21.0355645662665,22,26.1664673742369,1.21242763067447,20.3487052712995
-1.8401321358357,8.9187364160053,11,4.75170518517272,-1.84541886330372,9.08677285479401
0.430126356793901,17.0136254169554,21,18.8529379919287,0.233731826202688,16.1632451108848
-0.354042521539188,13.5487659388192,14,12.3745064055576,-0.607012243202991,12.7116188028872
-0.794829024493083,11.980588780047,11,9.66205415478723,-0.500073609465096,13.0895253418383
1.24749675263222,20.5031226813943,19,25.2706243903996,1.23007134654366,20.4117374795358
-0.0342673621629769,14.9186243722533,14,14.9178438788847,-0.0234214838246059,15.0300016726188
-1.68547569172051,9.33521348752848,14,5.3971636733371,-1.09661481625352,11.1740775386889
0.0916626901139476,15.487041694989,19,15.9893718725605,0.272393696841408,16.3340319255808
-0.732764210092044,12.1824676233104,12,9.99778319802392,-0.370640517044059,13.5773663005433
1.30773122287706,20.7142386462738,21,25.6326317892148,1.79172649297915,21.9675276385845
-0.258345996411853,13.9407158321793,16,13.0910380629942,-0.314851684184132,13.7980876323642
-0.282012765570052,13.8420356458146,16,12.9094762876795,-0.149536706855498,14.4840852986294
1.39710793130629,21.0076524105121,23,26.1210652685552,1.33272697472112,20.7613252711033
-1.36269039557885,10.2511400683994,9,6.85176514316922,-0.818627137706037,12.0182411850746
-0.422802885756539,13.2792815133236,10,11.8899384740266,-0.427766104718396,13.357824969034
-0.787735988939374,12.0034523477598,11,9.69993249248685,-0.383298742928458,13.5281454141528
0.0480219743719855,15.2895433409315,16,15.6170187513712,-0.175498782223102,14.3736669401784
-0.752159085656469,12.1189223618629,12,9.89178316744913,-0.971210906648246,11.5485637501834
1.41833336870751,21.0737649077292,24,26.2282675239114,1.00877227269408,19.5642719159264
-1.99092675458509,8.52764859321261,8,4.15746051602519,-2.00493333409381,8.6810393046602
0.584565182291387,17.7081591534256,17,20.1493828931629,0.175370361365669,15.9054907202928
-0.222013208851601,14.0942734490386,17,13.3749138433032,-0.838899175539259,11.9547047119613
-1.27711505956114,10.5023908046181,11,7.25574768967137,-1.56171922863239,9.84591214128575
2.6476969178611,23.3109697978921,23,28.5273116138723,1.47739874373198,21.2029595093618
0.0720854862655898,15.3984134864604,18,15.8222967500854,0.658823775656107,18.0507777061629
1.90868984268628,22.250639939634,20,27.8368033238038,1.67425615152782,21.7105338244707
-0.622595182158269,12.5529492816651,15,10.6228014839396,-1.52298676363501,9.9529459452028
0.859928211356789,18.9367349521644,16,22.437392303191,0.973960029559472,19.4209487672417
1.20308213799035,20.3408751563128,18,24.9876183133791,1.01976901794056,19.6090528134521
-2.7892508705469,6.8140784093103,9,1.88212374583608,-2.35248654992001,7.8569711273431
-0.358127063764387,13.5324675078408,12,12.3449982817048,-0.100476993807608,14.6948178115449
-1.14528964901611,10.8952007439043,14,7.88983459219836,-0.674885963556494,12.4822952864318
-1.32916695824248,10.3492066807995,10,7.0092803359097,-1.72070749173587,9.41478410043613
-0.342333001961078,13.5956911141596,14,12.4596017195045,-0.383169268712562,13.5286472271491
4.50509684884523,25.2470524316469,25,28.9991316630281,2.10198754804348,22.5216558338264
2.63658029688085,23.2975279091811,23,28.522458032118,0.849111724326836,18.8903335196899
0.0734869621096833,15.4047568881698,18,15.8342562141426,-0.17495037196306,14.3759905839249
-0.0369384022444624,14.9066414211814,14,14.8952763295676,0.0257819293781829,15.2458235195868
-0.308388173993151,13.7333847599959,15,12.7104328271134,-0.596909118353843,12.7464154397505
0.326993399910016,16.5499296260441,17,17.986106639362,0.619389893789255,17.8749117070503
1.1669903389098,20.205120207142,17,24.7481243321147,1.38255794655687,20.9202226433693
-1.8675291122101,8.84659873692699,10,4.64120760243175,-2.4961997047838,7.54858642139691
0.974457939017793,19.4295713191528,20,23.3464733379861,2.10459157835981,22.5257178761178
0.309571952963877,16.4715214702094,16,17.8393227625036,0.533278019598617,17.4908340739889
-0.761833912736586,12.0873856300492,11,9.83929085756259,-0.691317771483935,12.4278660822353
-0.217327208135872,14.1142515098608,18,13.4119528275462,-0.157591092566168,14.4497407918849
0.712428556942613,18.2825503431318,21,21.2208428625349,0.658823775656107,18.0507777061629
-0.794724401661497,11.9809256561378,11,9.66261201489056,-1.14868331141955,11.0208862882424
0.0565647590897051,15.3281816741786,17,15.6898759643901,0.0628644660740303,15.4090340458737
-0.336229364882848,13.6202686223654,14,12.5042514459981,0.0218773308209089,15.228661556313
0.446765116438872,17.0884126775842,21,18.9926031487875,0.958665343319376,19.3572680404781
-0.557418702639324,12.7812590083269,17,11.0148248656927,-0.529302288136668,12.9840659393987
-3.40711216071591,5.98309778162683,6,1.33887687489683,-2.70706582978791,7.14227950862097
0.545259156593297,17.5313184997943,15,19.8193651074272,0.748492762269054,18.4491925581604
-0.716753730645895,12.2352667793251,13,10.0861029815362,-0.638502075435236,12.6042893320022
-0.272075759916336,13.883334771207,16,12.9853753984905,-0.591870418509465,12.7638369306132
-0.602478235757412,12.6226147887054,16,10.7418295586771,-0.793948606596348,12.0961514155719
0.377012543693033,16.7748852721258,19,18.4068650734178,0.358984684844408,16.7168712677937
-0.0270281465403318,14.9511241815985,14,14.9790607908087,0.196997018170778,16.0009997915124
-0.688293345052831,12.3299411113168,14,10.2450630381263,-0.494965081490149,13.1081318114006
-0.656562081727269,12.4368290702875,14,10.4255088002497,-0.816649083551701,12.0244625963153
0.70771444788204,18.2614372128618,21,21.1814859629122,1.13103905256821,20.0472797456795
-0.398025526207889,13.375187036633,11,12.0615634520127,-0.283682524582379,13.9239900484539
-0.742545157947881,12.1503661296456,12,9.94419535765504,-1.1221480127181,11.0988031022633
-0.170409685470414,14.3162801956809,19,13.787788909881,-0.0445115326697493,14.9378574199015
-0.737821272887141,12.1658558689528,12,9.97004261709239,-0.638554682621765,12.6041114155126
0.11380868182209,15.5873226888101,19,16.1783493410283,0.53708685986268,17.5078078204243
-0.210486073911885,14.1434856457765,18,13.4661973106008,0.00769366651835684,15.166365500794
0.85355472485417,18.9088275251038,17,22.3856656026575,0.856598710705092,18.9227655288638
-0.00581767977150134,15.046521275021,15,15.1588218590737,0.0337078744988747,15.2806757849941
-0.746032938120092,12.138946456873,12,9.92515165672771,-0.793944960176324,12.0961629751715
-0.253642642587581,13.9604561487256,17,13.1274424337294,0.294194304288408,16.4303615499831
-0.837052392455287,11.8454731772052,11,9.43886802322516,-0.693522821008589,12.4205922086535
1.26809863258543,20.5765090314955,19,25.3973263240254,1.61530449865155,21.5692327681691
-1.69395443657008,9.31197248938635,14,5.360821419924,-1.67588617362,9.53491481958509
0.262509548286231,16.2595000647876,14,17.4420173336348,0.359315705008443,16.7183362575842
-0.779917790057443,12.0287123133939,11,9.74182143570324,-0.461801413185255,13.2302051719463
0.296088675645546,16.4108111285963,16,17.7256183823878,0.175370361365669,15.9054907202928
2.25381417961691,22.8011393525567,22,28.2865256263302,1.49947416747215,21.2651015796236
-1.35206707734517,10.2821655574822,9,6.90157404268864,-1.16588391423618,10.9705438387774
-0.277133938388497,13.8622880043882,15,12.9466798374907,-0.346518688331242,13.6720522510765
-0.270002158787985,13.891977473614,15,13.0012749689854,0.023628112865881,15.2363561710187
-1.09891295397878,11.035082884079,15,8.11633926514842,-1.11010302769593,11.1342755309917
0.321469905340849,16.5250741093551,17,17.9395837786462,0.52920733845796,17.472695805474
0.32655742378307,16.5479678746899,17,17.9824350278698,0.0791888201680619,15.4809820592502
1.34843498871879,20.8508562755428,22,25.8624347590897,1.22828984595173,20.4054115033766
-0.682329814629083,12.3499186310031,14,10.2787075493445,-0.753320630302042,12.2258844110698
-1.22094835895748,10.6689035954899,12,7.52418737342761,-0.425991724978616,13.3645435525983
-0.105703002470069,14.6000981419762,11,14.3189079201307,-0.286239978927728,13.9135928171049
-1.40808343011319,10.1191187742959,8,6.64009114015118,-0.726014982395787,12.3142028885262
0.848349181064838,18.8860031873568,16,22.3433451430423,1.02741447327592,19.6400411223091
-0.736014122103342,12.1717885807588,12,9.9799473527669,-0.421924023619709,13.3799701018117
-0.330945274133558,13.6416107215571,13,12.5430673473908,0.202899743352156,16.0270689377789
-0.297083028156305,13.779780743096,14,12.7953127113947,-0.334193195923831,13.7208774747861
-0.714934100511609,12.2412879251168,13,10.0961895326666,-0.886973459904968,11.8055439197314
1.41749478779112,21.0711790757287,24,26.2240967353693,1.12208268115632,20.0130772357337
0.25670268309241,16.2333154273857,14,17.3929078270956,-0.0888028151254116,14.7453096028919
0.248343221585527,16.1956105173355,14,17.3221749683558,0.226543341467272,16.1314944358502
0.639638629404525,17.955865844433,19,20.6115764450798,1.16029782072086,20.1576142603455
-0.694477410452572,12.3092770524227,14,10.2103003685081,-0.45434020134837,13.2579783790699
0.402065636936812,16.8875025560958,20,18.617333507628,0.572742744232377,17.6667921553491
0.0652443005010087,15.3674523724125,17,15.7639221801244,0.131253809200993,15.7106976531183
-0.417207091645204,13.3008226869937,11,11.9284011039659,-0.563786915845344,12.8617791861283
-2.11070051063641,8.22751323923204,6,3.71005259241753,-1.83024226078571,9.12618833920389
0.959944864477068,19.3681636341411,20,23.2337509671316,0.910039483901543,19.15218509116
0.104394896847444,15.5446944228276,19,16.098027103913,0.15123680810553,15.7989220472061
4.10198341622269,24.8667481438767,25,28.9172884865412,1.43153315938703,21.069438473737
-1.46689085977695,9.94947694133551,7,6.36885024694907,-1.80699820594149,9.186827557363
1.42265124747301,21.087045358923,24,26.2496588665392,1.25850988498822,20.5115392488555
0.0371375506262753,15.2403377654459,17,15.5242339211544,-0.209641956454428,14.2298073487979
1.35935948798498,20.8866753276996,21,25.9220271477923,1.04707354124883,19.719159272641
-0.743332872681904,12.1477857543146,12,9.93989138201342,-0.610321429468402,12.7002603114636
1.1680258356991,20.2090623192436,17,24.7551102442826,1.22783649644692,20.4038003097155
-0.406358154537973,13.3427827470518,11,12.0034614586856,-0.117582785702753,14.6210603548592
0.629569433055086,17.9105950632703,19,20.5271159851731,0.772417781408161,18.5548344242582
-0.0237597394388611,14.9658079218068,14,15.0067236198786,0.0386257133355015,15.3023102988106
0.651014504894024,18.0069954206973,19,20.7069597929089,0.895206458375486,19.0888969682578
0.335111709198355,16.5864556630958,16,18.0544608139492,0.410931648955162,16.9469722474
1.44590728524378,21.1575926337363,23,26.3624479676009,1.29239575656029,20.627518247368
0.276110817691375,16.32081000029,15,17.5569673454568,0.329823026941311,16.5878637908835
0.904901935910927,19.1323597800453,19,22.7993336024712,0.768963602315599,18.5396060532891
0.0778870952100618,15.424674355721,18,15.8718061692217,-0.207850975359331,14.237312451601
0.0661015059554111,15.3713314642084,17,15.7712360758774,0.373741095500702,16.7821931052693
-0.273917721919836,13.8756646280238,15,12.9712696271821,0.264137093976842,16.2975547331763
-0.320407044239943,13.6843518893168,13,12.6209232086309,-0.221035271831969,14.1821756675134
-0.30636275094368,13.741677563163,14,12.7255912805779,-0.0447989586472527,14.9366034594685
0.131075285123847,15.665505788382,20,16.3256217784367,0.144898617943909,15.7709370743936
-0.38943008434551,13.4087740599541,12,12.1218849994203,-1.10518056453116,11.1487913013546
0.871582305310725,18.9876522920622,18,22.5317123328499,0.33273829072858,16.6007562178875
-0.291787122948903,13.801605444281,15,12.8353003776968,-0.186859967283682,14.3256185706032
-0.394412948239418,13.3892834490216,12,12.0868663937642,-0.300003747365843,13.8578401175229
-0.202610403465424,14.1772386758219,18,13.5288908070858,0.17016370636596,15.8824979627703
0.83298681390908,18.8184901481886,16,22.2180876355666,0.849111724326836,18.8903335196899
0.844379426846535,18.8685791067037,16,22.3110287684243,0.755822716948353,18.4815976177897
0.342950370162093,16.6217171911914,18,18.1204346732028,0.229601971584693,16.1450039279708
-0.42418222978308,13.2739822849558,11,11.8804839684491,-0.491847220324167,13.1195135730326
0.0938119193906802,15.4967732044921,19,16.007714069587,0.838035164450164,18.8422352038389
-0.876026847722588,11.7221104547461,9,9.23597469586937,-0.741737940801817,12.263231769637
-0.214453018029412,14.1265239938311,17,13.4347182381093,-0.621958976791171,12.6604653235088
0.27811669165166,16.3298492973952,14,17.5739107645019,0.16074645036456,15.8409126707459
-3.14935131733006,6.29638887502825,7,1.48846968415065,-2.10358448904072,8.43809161841943
-0.718233496331479,12.230373358763,13,10.0779078265216,-0.697566977753194,12.4072698342351
0.321103149739226,16.5234235993322,17,17.9364942134385,-0.0965444553488871,14.7118129194693
1.43773793842768,21.1329993616123,24,26.3232934639396,1.13034053838341,20.0446193910007
0.0566984538382382,15.3287864790399,17,15.6910163751876,0.315263158024781,16.5234868055771
0.879071027852689,19.0202911717692,17,22.5921331275267,0.956385245604984,19.3477391924903
8.68978455478305,28.036508478689,28,29.5919756083018,2.33774724629156,22.8624725139913
3.15218817374304,23.8884984594526,24,28.6960915140413,1.88306785679231,22.1472860949899
0.355358406753497,16.6775224007046,18,18.2248188707225,0.435789988457461,17.0572456116788
0.0208255072703956,15.166657288227,16,15.3853024649862,0.633534203845737,17.9380109492207
0.393124638293876,16.847313847636,19,18.542236726625,0.0033932317265277,15.1474928681516
0.273098581662107,16.3072344261073,16,17.5315189570942,-0.242397508022249,14.0934076500844
-0.746075349481247,12.1388076810831,12,9.92492029394882,-0.551292369851611,12.905824363526
-0.683750057098044,12.345156357292,14,10.2706840034681,-0.572783794682591,12.8302447265075
-0.693589168143346,12.3122418795984,13,10.2152856729891,-0.697305630986563,12.4081300606673
0.993868655416041,19.5111505322903,21,23.495922187433,1.18028657594084,20.2317319768697
0.614644809602931,17.8434756041699,18,20.4018834961123,0.413428476519803,16.9580432489768
-0.27838876650566,13.8570745911745,15,12.9370998356724,-0.0284693561313867,15.0079240083746
-0.450559564956519,13.1734478291171,10,11.7016846790679,-0.829070138328586,11.9854606057815
1.16209440200567,20.1864444470795,17,24.7150043563005,0.996065026920455,19.512225387857
-0.680974399813861,12.3544661911853,14,10.2863712907606,-0.64752938333034,12.573825128787
-0.72052508197239,12.2228008229838,13,10.0652298247816,-0.386274427818667,13.5166217056498
-0.00197311429700824,15.0638377282603,14,15.1914612003197,0.0284188061095599,15.2574162886347
-1.32335577439149,10.3662537779886,10,7.03668389285451,-1.28263854888746,10.6320792860899
-0.282694596662914,13.8392091048771,15,12.904286418488,-0.477046119449703,13.1738129077331
-0.691814906414731,12.3181673518067,13,10.2252516072195,-0.825670945686267,11.9961187984026
0.607795911409011,17.8126688088271,17,20.3444005715288,1.16572595102046,20.1778440379104
0.597673795699787,17.7671341614512,17,20.2594337109753,1.2289703221326,20.407828846885
-0.385643962114776,13.4236202251213,12,12.148584573844,-0.521584449945453,13.0117486607899
0.0950119516936444,15.5022069330603,20,16.0179554163299,0.329603940131752,16.5868949392932
1.01837283160969,19.6131811731818,22,23.6823071980267,0.572440335417566,17.665443220423
3.17689618448697,23.9155213091942,24,28.7027763877854,1.71853006780312,21.8110765488315
-2.2391722240157,7.91753535897513,4,3.25865934118325,-1.67192713348197,9.54558095620658
0.660404701898657,18.0491847529469,19,20.7856576081115,0.611057237755283,17.8377339428748
-1.26261742415895,10.5452503644018,11,7.32479216442978,-0.825620189312298,11.9962780315722
1.28556917303727,20.6377866022936,20,25.5024352680479,0.831269646596972,18.8127911188625
3.16029231456369,23.897372498681,24,28.6982938661426,1.86792393093823,22.1185808727566
1.5245356700245,21.3839370379649,26,26.7136631850657,1.3120943953307,20.6934508476541
-2.7719165355422,6.84246805982643,9,1.90952520249568,-2.07622562253538,8.50483413852805
-0.741191934980071,12.1548006850048,12,9.95159324550961,-0.178876745190379,14.3593630204592
0.357152639741523,16.6855909455748,18,18.2399085734799,0.341043502555187,16.6374900601704
2.2977129354157,22.86237252502,22,28.3229688983008,1.909284482262,22.1960150400107
-0.266211597394158,13.9077981702048,16,13.0303937254025,0.0335437173941129,15.2799537495933
-0.759626121335234,12.0945730913773,12,9.85124778432938,-0.599769106108412,12.7365469881355
2.67334653802455,23.3418324994428,23,28.5382320453441,1.38427031628238,20.9255561047009
-0.0910771288806676,14.6649379699637,11,14.4406352784926,-0.191107277496329,14.3077007771146
0.204303147804566,15.996772421077,12,16.9488267149509,0.451394620960425,17.126528357685
-0.666175405177628,12.4042904744791,14,10.3704635646404,-0.963703067086039,11.5712686678441
0.00524364429206166,15.0963613628715,16,15.2527700944011,0.352086055346496,16.6863433842939
-0.293862547736523,13.793045681915,14,12.8196124875359,-0.436822157899033,13.3236356501996
-0.676383948619276,12.3698870967935,14,10.3123734955641,-0.435700067996235,13.3278627189151
-0.786419710838714,12.0077007686037,12,9.70697470374246,-0.458710603634267,13.2416963952387
1.25147028429021,20.5173707526801,19,25.2952911354143,2.21931773509839,22.6975118458765
-0.678199345463414,12.363784948578,14,10.30208162342,-0.735643406741233,12.2829511524979
-0.816692116398205,11.9104225181017,10,9.54601645215334,-0.497844370957647,13.0976383165728
-0.415872916051918,13.3059688256668,10,11.9375969357605,-0.534544666259624,12.9653286193086
-0.425720331818787,13.2680780711939,10,11.8699535795881,-0.635446162610645,12.6146321715347
0.0573394424830689,15.331686212593,18,15.6964840544724,0.116681510933146,15.6463762856627
1.2289402566256,20.4359972339708,19,25.153997832334,1.4454707162473,21.1106461351193
1.35369370458295,20.8681435368823,22,25.8912316336807,1.10596123116981,19.9510188418949
-0.794822890584969,11.9806085303807,11,9.66208686111787,-0.658268576853025,12.5377543369794
-0.710225041225241,12.2568899591825,13,10.122340164987,-0.133082599256308,14.5544798431688
-0.46853596802995,13.1058005703764,9,11.5819909652575,-0.197563557933127,14.2805121519179
0.613344191092493,17.8376255716057,18,20.3909679591253,0.718078365019451,18.3144153384305
-1.24102659817483,10.6092349852569,12,7.42793371569546,-1.54496478434528,9.89212156619631
0.435028291094996,17.0356579917663,20,18.8940866592569,0.248344951794415,16.2277927553719
-0.361479253710098,13.5191185659635,13,12.3208488270193,-0.175447166090311,14.3738856237796
-0.0525412634950027,14.8367411520038,13,14.7636770162738,-0.264027686031128,14.0042819593468
-0.0182141430836709,14.9907364532255,15,15.0536924465332,-0.288657119275084,13.9037768344783
-1.30664392640711,10.4153550555005,10,7.11565039325689,-0.806264441745454,12.057190366
0.0838186649452039,15.45152701086,19,15.9224276495172,-0.0836475917304759,14.7676437216258
0.618683929172559,17.8616423147091,17,20.4357802073648,0.586360011699275,17.7275401590944
-0.0238060338237009,14.9655998941153,14,15.0063316965033,0.302024649958975,16.4649681829781
-0.053251687787468,14.8335626790273,13,14.7576949444924,-0.146472410584287,14.4971717750528
1.84640904954791,22.1329412032072,19,27.7111345238914,1.55856932858322,21.4247913818147
-0.240813569845662,14.0145125052562,16,13.2272676150809,-0.084012699202849,14.7660612283058
1.26989762138948,20.5828596674656,20,25.4082493363569,1.24576720724597,20.4670962544078
-1.73787417116017,9.19233892965751,13,5.17433238952557,-1.84519466336121,9.08735410761998
1.72259963245654,21.8754132648291,18,27.4032374646814,1.53710156765389,21.3678899518774
0.0379467667551073,15.2439949854954,17,15.5311301752935,0.142454119476248,15.760144353997
-0.357302596506335,13.5357544249204,13,12.3509471974988,-0.591483112026466,12.7651779321809
0.618176540261388,17.859360304643,17,20.4315223133023,0.823483519805476,18.7788462091734
1.33684842445142,20.8124726863026,22,25.7982620744471,1.04571118140817,19.7137030735695
-0.417244646275588,13.3006778892984,11,11.9281423995017,-0.403490792741127,13.4503032666716
-1.42477521767214,10.0708032656265,8,6.56274665963517,-1.9571699451437,8.80088282622615
0.691399834665628,18.1883115141127,22,21.0451481704478,0.825974038695755,18.7897107631306
-1.26668762590092,10.5332090942578,11,7.30539070623135,-2.21457323134129,8.17272411369461
-0.816094313237309,11.9123351119284,10,9.54917541017426,-1.25682838968912,10.7064246104802
0.821658101727981,18.7685638951809,15,22.1253909375539,0.775213933099274,18.5671554935115
0.911300119725153,19.1599884397165,17,22.8503487003594,0.927593699708292,19.2266595303808
1.47564116125191,21.2453855640935,24,26.5007059309523,1.25818064381479,20.5103966162731
0.358236619910749,16.6904654153651,18,18.2490244460298,0.0156931360162651,15.2014908338307
1.28328755305458,20.6298340975357,20,25.4888312272323,0.711056379809902,18.2832353234606
-0.752857368834183,12.1166426628151,12,9.88798616523114,-0.117341067568682,14.6221006273183
0.956766667035379,19.3546707952968,20,23.2089583926931,0.291284836706517,16.4175040316188
3.01701329735726,23.7388765172729,23,28.6577438947732,2.62740455169799,23.2298403925635
-0.571350867710565,12.7318088649614,17,10.9294364625605,-0.395835589656203,13.4797168585428
-0.754111600506369,12.1125493374101,12,9.88116941932911,-0.963242981793413,11.5726612122716
-1.92448725093686,8.69817219430758,9,4.41510353235669,-1.78068886158815,9.25585805969138
1.28388718952332,20.6319255768888,20,25.4924101237238,0.926710687388004,19.2229247238522
2.05176977575347,22.4967355957342,21,28.0661310363781,1.15141571477448,20.1243490275601
-4.04222130450399,5.30257049960089,5,1.13480626360992,-1.83471659652731,9.11455335799367
0.238393851167666,16.1507188569559,13,17.2379336822715,-0.117458895680901,14.6215935279842
0.305028734098833,16.451067734011,16,17.8010201412069,0.374130197309056,16.7839159530318
-0.301904350483453,13.7599618579311,15,12.7590332445929,-0.451567804239371,13.268327281604
0.69409700908058,18.2004065632899,20,21.0677009781343,0.356244934345087,16.7047465596614
-1.32383531554521,10.3648465189406,10,7.03442145363384,-1.68069119910112,9.52198137486771
-0.858552455577477,11.7772711982944,9,9.32660219578313,-1.00475492799115,11.4475449450588
-1.22664794532875,10.6519492158037,12,7.49683089334911,-0.852032958176229,11.9137504073108
-1.93218338825654,8.67827570447965,9,4.38492361090906,-1.69623562030816,9.48023107124603
2.33421426560876,22.9122310015988,22,28.3508791225307,2.15653901197371,22.605172905643
-0.314920916960867,13.7066957659089,15,12.6616868047652,-0.332553017449537,13.7273970622284
0.3247362136237,16.5397727902324,18,17.9670966330416,0.175001390605987,15.9038613150537
2.03795472397423,22.4742612048029,21,28.0471101550882,0.913831562105166,19.1683129586188
-0.292389285403649,13.7991210159573,15,12.8307464484433,-0.163001537316126,14.4267142525404
-0.674700947272398,12.3755484590336,14,10.3219250467517,-0.944934746808544,11.6281876299234
-0.637832077968774,12.5006325380958,15,10.5337454468843,-0.81262242951845,12.0371396128384
-0.911873106354935,11.6096561831793,8,9.05164245127957,-0.41385946307997,13.4106551079983
-1.09803787556698,11.0377311670713,15,8.12063127161911,-0.62684061356794,12.6438410187803
-0.714062939913637,12.2441720930132,13,10.1010221380762,-0.351265424825657,13.6533284201985
0.87717500476441,19.0120335959966,17,22.5768498337868,0.558984635454783,17.6054303115675
-0.779114882593039,12.0313100034686,11,9.74613167753819,-0.388945146318349,13.5062943393026
-0.320382494115042,13.6844517354716,13,12.6211052719148,-0.488249827406702,13.1326702075748
-0.784746715721965,12.0131030674663,11,9.71593133331336,-1.05399436968516,11.3004181767499
0.652878939804591,18.0153733648978,19,20.7225881424338,0.500808449133299,17.3462292596169
-0.0193790176037968,14.9854986680273,15,15.0438231543491,0.00318239869607084,15.1465678136608
-0.0322684910235954,14.9275948309268,14,14.9347393063133,-0.613751078167915,12.6885083582628
-1.3299459308754,10.3469226237488,10,7.00560915644951,-0.830276450280237,11.9816809276807
0.840551596180205,18.8517633699451,16,22.2798335314934,0.403452513123045,16.9138161384916
-1.22666437485432,10.6519003621252,12,7.49675207327207,-1.15545766750838,11.0010439819912
0.647172651950028,17.9897300964323,19,20.674751961549,0.752882733177865,18.4686041741948
0.29133170703096,16.389386168472,15,17.6854803452018,0.156668159867613,15.8229042722518
0.362094165119853,16.707811441187,18,18.2814618403773,0.118148993879187,15.6528529562004
1.00143844786451,19.5427864449938,21,23.5537788519072,0.871534370571325,18.9872623529954
-0.296000009011833,13.7842392548443,15,12.8034786020739,-0.153809645311775,14.4658555375743
-1.42481669087464,10.0706833777857,8,6.56255482764838,-1.37228955507409,10.3759212376994
0.328070042848572,16.5547740809778,17,17.9951733322735,0.104334163934922,15.5918895274506
-0.786330428549183,12.007988999798,11,9.70745251906338,-0.657706807141648,12.5396366809147
-1.27885218154179,10.4972609658056,11,7.24748620223309,-1.23224848045797,10.777475269678
0.40054367039717,16.8806616346138,20,18.604551402518,0.17223545697391,15.8916468121779
-0.444488287602571,13.1964530455383,10,11.7425033296876,-0.406137397066012,13.4401621164451
0.592634819726501,17.7444646123032,17,20.2171315307297,0.725693161214972,18.3482029719698
1.27363775127158,20.5960329288079,20,25.4308855132964,1.73299502550296,21.8429349516447
1.11275576353871,19.9949236441315,15,24.373206701757,1.41003217708327,21.0047782087465
0.961147403996371,19.3732647618196,20,23.243121834136,0.727786805021306,18.3574879135055
-1.39686869294811,10.1516514092806,8,6.69220818390662,-0.975205467132211,11.5364980821914
2.13886854197616,22.6331025870352,22,28.1732898599995,2.65454344424656,23.2623721778166
2.0712772308654,22.5280560629568,21,28.0919927048986,1.61638615214238,21.5719045703068
-0.40413755703542,13.3514033136528,12,12.0189178311574,-0.308121881100345,13.8251193293765
0.0915612601698005,15.4865824354634,19,15.9885062361119,0.00785990332688683,15.1670951875421
0.590208435268104,17.7335484195667,17,20.1967612873632,0.371513578200383,16.7723306304759
-0.0516700792923609,14.8406393925484,13,14.7710139760113,0.524252130843732,17.4506196346012
1.23072749800962,20.4425040764983,18,25.1653324389474,1.23764752031701,20.4385428970617
-0.777992351740517,12.0349429127477,11,9.75216039165659,-0.468320092148989,13.2060336479229
-0.910664241359862,11.6134340546063,8,9.05782642649322,-1.24594111593692,10.7378652756488
0.328326143819364,16.5559264124361,17,17.9973299518044,0.205244131647187,16.0374229544342
-0.00712640524088017,15.0406282205797,14,15.1477147461847,0.489595886161418,17.2963360204263
-0.38979759992288,13.4073346401022,12,12.1192974984286,-0.0565592918318103,14.8853422460608
0.362727244085858,16.7106580764406,18,18.2867848285233,0.128119987185074,15.6968638711347
0.108239925723607,15.5621057995099,18,16.1308363455684,0.603965295044737,17.8060906441169
0.907789773924637,19.144836709986,18,22.822375148866,0.563545926336758,17.6257719453309
-0.73990547406285,12.1590184624791,12,9.95863092526624,-0.93759806610895,11.6505021169219
-0.0562656823917599,14.8200822071029,13,14.7323259534683,-0.0105303942783645,15.0864428235706
0.352227061229421,16.6634403582925,18,18.198481253425,-0.371258090272883,13.5749573946126
0.964852858558091,19.3889686061866,21,23.2719622141079,0.821936072367124,18.7720925466786
0.64554736272854,17.9824253559326,19,20.6611249136469,0.477123674660395,17.2408652090605
-1.27990020918777,10.4941666538947,11,7.24250313960535,-0.468867626091383,13.2040073220028
0.0909206207272002,15.4836817292828,18,15.9830387764646,0.288760332750567,16.4063481665845
-0.745312040152004,12.1413056537049,12,9.92908508108679,-0.160990138053493,14.4352704531762
-0.365878911358371,13.5016357434561,12,12.2892464284332,-0.421446772839773,13.3817822813215
0.640637022519124,17.9603539130898,19,20.6199493849716,1.04589522301056,19.714440387752
-0.756189549778661,12.1057716295875,12,9.86988504373648,-0.959445303785431,11.584160908924
0.236448068316212,16.1419374738641,14,17.221451638546,-0.396304811109099,13.47791052258
0.690849337186725,18.1858426355581,21,21.0405445108525,0.951487413050106,19.327240027482
0.967669666598058,19.4008915074815,19,23.2938507810232,0.963604403110698,19.3778778216033
-0.872493451951753,11.7332453540161,9,9.25425727609489,-0.701217648394065,12.3952637839219
-0.709414776907196,12.2595774229942,13,10.1268467303433,-0.445409880822765,13.2913702461789
0.0159636524263667,15.1447135738943,16,15.3439284507899,0.197882285398305,16.0049095102142
-0.349595280683655,13.5665529435685,13,12.4067378965095,-0.376954776219829,13.552773144623
-0.306948889661285,13.7392768246097,14,12.7212023750159,-0.56650020206399,12.8522531594894
-0.283115759753649,13.8374636327961,16,12.9010818262706,-0.337251811938454,13.708733652902
0.0191476963420665,15.1590836214033,17,15.3710224070164,0.34379284455116,16.6496520623939
1.29879978206017,20.6836016142323,21,25.5805874510362,0.768365684436708,18.5369691702559
1.21801361639729,20.396024900158,17,25.0842345843629,0.895532947017166,19.0902933925436
-0.0819624522957063,14.7054538873248,12,14.5167561362617,-0.408516773537356,13.4310571733704
1.16299913997494,20.1899002032522,16,24.7211358613463,0.524686683714567,17.4525554781036
0.0498643449956579,15.2978749610324,17,15.6327292078618,-0.0705946912996258,14.8242893651049
0.607832296162865,17.8128324774605,18,20.3447059670167,0.245119768113495,16.21354636782
1.23839107436104,20.4703044143028,19,25.2136891106787,1.21389391772224,20.3539757353271
-0.271582729247621,13.8853889416305,15,12.9891538601125,-0.667482848643081,12.5069499940802
-1.33963803508453,10.318525019676,10,6.95997528446793,-1.65506832500951,9.59109891413881
-0.391584380416523,13.400340743741,11,12.1067282358874,-0.264056315855195,14.0041645148145
0.304719289992129,16.4496745061324,17,17.7984109285632,0.26413885061496,16.2975624936136
-1.37137752598121,10.2258049558064,9,6.81110920013817,-0.967844776259999,11.5587390326277
0.656310043068528,18.0307897022436,19,20.7513453102886,0.541975901061377,17.5295983694406
1.32572452990374,20.7752422226725,21,25.735718681013,1.62361956388918,21.5896945355973
-1.27831929767819,10.4988344794139,11,7.25002025475696,-1.60788246212112,9.71932673049309
1.38358565704889,20.9648151909328,23,26.0509963809397,1.39785544675577,20.9675704441394
0.855816902228515,18.918737701478,16,22.4040366092222,0.527179034293193,17.4636589566526
-0.678453288289836,12.3629317398719,14,10.3006428787795,-1.0200742913385,11.4016291706113
1.34370593191318,20.8352388692012,22,25.836362839154,1.28245745848597,20.5938373386982
2.51207531104573,23.1439338932041,23,28.4622612420592,1.21354654008986,20.3527276358531
2.40625661764532,23.0081419541825,22,28.4004251149798,1.52543786837223,21.3364465132298
-0.0248448911995899,14.9609320332831,13,14.9975376018504,0.277287381564392,16.355653334019
-1.23024959956823,10.6412421626415,12,7.47955743808776,-0.648372985517593,12.5709849826052
-0.216453454595677,14.1179808392759,17,13.4188697273439,-0.226868353396288,14.1578658953391
0.568378077565986,17.6353306517535,15,20.0134751219942,0.425943448191177,17.0135519858538
-0.290352402455978,13.8075278502962,14,12.8461580439584,-0.340736584668163,13.6949200386434
1.15116579834258,20.14453808282,16,24.6405442982199,0.811973746638217,18.728557131012
-0.896516383670181,11.6577216233203,8,9.13036383218142,-1.07229751817364,11.246052578348
-0.299709972979806,13.7689762928848,14,12.7755306820444,-0.966677384293719,11.5622695550553
-0.787023401321541,12.005752078719,11,9.70374439157668,-1.22913002419642,10.7865069414054
1.24051000015377,20.4779621111262,18,25.2269888574311,0.864899144644949,18.9586432976763
-1.82024283107575,8.97141247199121,11,4.83264070490493,-1.40849259159785,10.2734086848514
0.271657817522287,16.3007406653766,15,17.5193450458055,0.27685944376923,16.3537625630365
-1.32355784455612,10.3656607723868,10,7.035730518121,-1.15011569730403,11.0166891239933
-0.0546787732797061,14.8271789889794,13,14.7456810182643,-0.472033620096945,13.1923025324254
-1.78032958964872,9.07790586929487,12,4.996899248884,-1.43950400263242,10.1860363079717
0.722430675299494,18.3273194811475,22,21.3042849940227,0.700932879753607,18.2382484998111
-0.591526503817694,12.6608349756009,16,10.8073494532791,-0.391422829981283,13.4967263965135
-0.365340954375473,13.5037711365507,12,12.2931048544359,0.158536155822797,15.8311526685549
-0.111898817215693,14.5726993605906,11,14.2675081512275,0.542776090019232,17.5331651359238
0.331553307983082,16.5704464978021,17,18.0245033902399,0.141792167311078,15.7572218124172
0.394727646747742,16.8545193299049,19,18.5557017875735,0.557982931027786,17.6009633741419
0.518586068215068,17.4113353588816,14,19.5954347312048,-0.197112088602,14.2824114699484
0.911276926545031,19.1598883844099,19,22.8501640026602,0.245028778814527,16.2131444507119
1.36913342708572,20.9184153322788,21,25.9745884607694,1.15019301171649,20.1197540076433
1.39777250854231,21.0097433211589,22,26.124473402785,1.17952980474513,20.2289448427381
-0.716019878251144,12.2376945830786,13,10.0901696413362,-0.512553553688588,13.0442898297996
-0.336992851154286,13.6171899044588,13,12.498655385811,-0.777734340322831,12.1476982604591
5.86392586631743,26.3781411619765,26,29.2406542862105,2.46536560917577,23.0295225549472
-0.211495679413981,14.13916628691,17,13.4581793636212,-0.191941549786247,14.3041842216588
-0.719636802113616,12.2257353518322,13,10.0701422677118,-0.644549337635372,12.5838671915363
-0.558289265505842,12.7781583312553,17,11.0094628190699,-0.305259473414375,13.8366425172116
1.31592104961348,20.7421243879809,21,25.6798458649485,1.25795743928005,20.5096218126992
-0.374029961836787,13.4693582561552,12,12.2309780315711,-1.89418867377725e-05,15.1325238532171
0.304172890416133,16.4472143887748,16,17.7938036052006,0.170165637739861,15.8825064916721
1.42897620255755,21.1063959328109,23,26.2807390149092,0.780094562630097,18.5886478712511
0.0206639288590889,15.1659278775059,15,15.3839271590943,-0.101771016787899,14.6892285434927
-0.641336429290151,12.4886531758762,15,10.513392692445,-0.708627665923039,12.3709521488119
-0.341734539231294,13.5980973922723,13,12.4639707704697,-0.00272927597665624,15.1206373215886
-0.36216019969869,13.5164099346615,13,12.3159507270426,-0.675396273053235,12.4805988636258
0.374629356322662,16.7641711795676,19,18.3868363698429,0.243056373790702,16.2044320105407
2.27833148604956,22.8355166145334,22,28.3072864492104,1.41480562008717,21.0192479634622
0.357165879134413,16.6856504813376,18,18.2400199153235,0.600040279723926,17.7885776741091
-1.83296003266507,8.93770161716865,11,4.78082069362987,-1.17030513344749,10.957624382038
0.456194522078629,17.1307982418757,21,19.0717469355857,0.128819104945357,15.6999499660719
0.334662067490241,16.5844328069406,17,18.0506756681382,0.371294944819511,16.7713626562519
-0.872198371141291,11.7341756767077,9,9.25578505142955,-0.747730123397739,12.2438895724683
0.938523938777233,19.2769202471769,19,23.0659320687193,0.445952373573271,17.1023600952318
-0.0854199019571825,14.6900756808856,12,14.4878587817021,0.0392270404336483,15.3049561306911
-0.70901073572436,12.2609178564487,13,10.1290947139527,-0.503041032411691,13.0787412982217
1.06497135027656,19.8040143294233,23,24.0290852881073,0.922750110283373,19.2061579012202
0.346995218942074,16.6399103538327,17,18.154468670672,0.281042872425524,16.3722467252195
2.29150075276273,22.8537944656617,22,28.3180100707074,1.6256000439022,21.5945419663246
-0.752162526654929,12.1189111266066,12,9.89176445311122,-0.554359158166412,12.8949861864809
0.290074622889057,16.3837238254523,15,17.6748713751772,0.349238179872319,16.6737426993898
0.0502465596928548,15.2996035147344,17,15.6359886326721,-0.312632061112937,13.806993812437
0.182761929236919,15.8993979481091,11,16.7657869476834,0.378943180861596,16.8052285352112
0.0440019351446277,15.2713664551381,16,15.5827434402959,-0.378903749489195,13.5451984216722
-0.33548318601529,13.6232787592556,13,12.5097236689338,-0.396935049775008,13.4754850350863
-1.20082817396278,10.7288581720139,13,7.62096878775705,-0.658917578476167,12.5355803186786
-0.30899827137994,13.7308884788774,14,12.705870977644,-0.422201796288419,13.378915580679
2.01523113307001,22.4367422096803,21,28.0144917387669,1.49471553356206,21.2518217650414
0.267285268449987,16.2810308203353,14,17.4823912664722,0.346172061203107,16.6601774878082
0.669734924422199,18.0910882218222,20,20.863832898812,0.533459686445436,17.4916436079887
1.40967723296402,21.0469694475267,22,26.1849593767034,0.902452640720977,19.119854028633
-1.18538032672768,10.7750001380357,13,7.69549836976336,-0.230991212171884,14.140715485912
0.330423272784715,16.5653622198236,17,18.0149887506596,0.383209320871,16.8241225602131
-0.0764215276875206,14.7301222660197,12,14.5631228265382,-0.579910796153249,12.8053703206423
-0.0439411254646188,14.8752481836729,13,14.8361633901727,0.248489738342464,16.2284323176216
0.00210978369186191,15.0822351977391,15,15.2261405812093,-0.5036914464253,13.0763799523989
1.67042293152767,21.7561697820981,17,27.2469569784965,1.79414281744975,21.9724957092178
0.620835375889257,17.8713183359095,18,20.4538341133121,0.62640053116653,17.9061886108207
-0.00797033543677495,15.0368285385577,14,15.1405533368347,-0.310418570023139,13.815884624669
-0.053055230218617,14.8344416015463,12,14.7593491105318,-0.242836865766273,14.0915895937804
0.666352712281612,18.0759002292602,20,20.8355040648917,0.673351605490594,18.1155081892804
1.96460421728622,22.3505161466951,20,27.9354337034857,1.1005155250201,19.9299145181905
-0.0687915593122201,14.7641361675049,12,14.6270784682751,-0.512737483219583,13.0436254653374
0.0871018032306192,15.4663912776012,18,15.9504473570676,0.567077693022581,17.6415236722371
-3.22818946631028,6.19693295672516,7,1.43490708271301,-3.64235703299853,5.87557350713721
0.119636139359591,15.6137105588918,19,16.2280624915106,0.302364944204305,16.4664722284445
0.320050555161142,16.5186865210996,17,17.9276267624308,0.505558047339686,17.3673707087821
0.692580514470831,18.193606347174,20,21.0550211924458,0.349511746011364,16.6749530742005
-0.703353472699947,12.2797087304443,13,10.1606243986056,-0.0547808386413924,14.8930883129544
0.559150535737397,17.5938147452996,16,19.9359984259957,0.213124350930089,16.0722265338607
0.0786810176089473,15.4282683112617,18,15.8785815705702,-0.509048420009834,13.0569634114556
-0.715389800995977,12.2397796169805,13,10.0936625469052,-1.0913322344862,11.1896889910622
-0.00371938016205945,15.0559714339495,15,15.1766339281469,-0.410852996084203,13.4221286606042
-2.00194366455475,8.49964454036836,8,4.11537400906387,-1.36967912831868,10.3833339096239
0.456249572837435,17.1310457045879,22,19.072208983356,0.69616215951663,18.2170352305763
0.622992345944925,17.8810188061867,18,20.4719334322294,-0.0526524943578982,14.9023611479791
-1.26944564580469,10.5250535368678,11,7.29225168691084,-0.903322282500548,11.755261701228
4.17776257860107,24.9397999469001,25,28.9330642670709,1.56136431534674,21.4321076736489
0.27880798074868,16.3329643857331,16,17.579749483072,0.154067018898313,15.811418762103
-2.10223599748479,8.24839923799946,6,3.74090424079171,-2.37586035412988,7.80525595158552
0.310088745756937,16.473847919569,15,17.8436790522523,0.263987266348725,16.2968928283951
0.567675241798679,17.632168472582,16,20.0075739467648,0.756303484195086,18.4837218837469
-1.32003691941691,10.3759958602133,10,7.05234734985801,-1.0365844822404,11.352289513929
-1.93472393590034,8.67171599732682,9,4.3749803070316,-1.56940991906742,9.82474773940155
-1.94030991462105,8.65730738195006,9,4.35315131968621,-1.75366615287879,9.3271929991309
-1.3640631379247,10.2471344604198,9,6.84533617252712,-0.86449176734556,11.8750458799481
-0.0398437024581349,14.8936128901668,14,14.8707420039757,-0.622061404606939,12.660116094469
8.72579623131079,28.0523693500333,28,29.5953165736545,2.70559497599913,23.3229010522138
0.0986839845928963,15.5188341956574,18,16.0492926935214,-0.585498291387717,12.7859338889749
-0.0304809881611401,14.9356188699267,13,14.949853119425,0.203016406755458,16.0275841813661
-0.0139720815054613,15.0098169163025,15,15.0896472206746,-0.0085046794037946,15.0953194149993
-0.675949819785916,12.3713470494135,15,10.3148363636035,-0.188574263629374,14.3183836212923
-1.9446568518674,8.64610848455318,9,4.33619628321394,-1.77147272850138,9.28013788377389
2.19814870489327,22.7212679069249,22,28.235197691668,1.50271497476039,21.2741093717644
0.0413220104890474,15.2592511209418,16,15.5598980385448,-0.135557812700417,14.5438709785977
0.939507576992193,19.2811253367648,18,23.0736744108535,0.184454060861426,15.9456058685509
-0.703923114009282,12.2778147244291,13,10.1574450089856,-0.459712002272504,13.2379711847264
-0.460532979614831,13.1358305032596,10,11.6350634775591,-0.114332615590063,14.635052842641
0.637332540937398,17.9454988129762,19,20.5922354816656,0.459591802524412,17.1629417279834
0.414865263843227,16.9450327749298,20,18.7248152911165,0.746978004666514,18.4424919149595
-1.95317064417691,8.62420937359061,9,4.30306975580155,-1.97674636729147,8.75159202050333
2.31143948115553,22.881229490117,22,28.3337061606861,1.38509737152443,20.9281290861284
0.014752596573007,15.1392488878541,16,15.3336253050777,-0.207854038107989,14.2372996131338
0.31915048587926,16.5146357614107,16,17.9200438431074,0.428799956830413,17.02622575268
0.609301381364487,17.8194407629462,18,20.3570366252789,0.693204087854246,18.2038780849009
-0.40414883510085,13.3513595036333,11,12.0188393288268,-0.405624988915878,13.4421244207524
0.646974669605108,17.9888403005772,19,20.673092048594,1.07563315055132,19.8325972415938
-0.364091300719684,13.5087340207232,12,12.3020739367188,-0.793376753652572,12.0979644368701
0.665494839182404,18.0720475281964,19,20.82831780117,0.352214688442603,16.6869125570156
1.306558815586,20.7102304287865,20,25.6258329989605,1.47900312810371,21.2075220451667
-0.337305628502745,13.6159290082194,13,12.4963637509358,0.0056823611547792,15.1575378702184
-1.42854362311027,10.0599130753948,8,6.5453231267192,-1.92641763426938,8.87879091454984
-2.11105087669421,8.22664984754055,6,3.70877825467796,-1.86517170641348,9.03568279491651
-0.00930936396661051,15.0308004726375,15,15.1291922629932,0.537254050686323,17.508552938393
-1.33830341248732,10.3224331132097,10,6.96625435688004,-1.24219712905683,10.7486883356454
0.860540511046735,18.9394137716224,16,22.4423564070535,0.477604954419379,17.2430051773078
-0.725997191077022,12.2047449534913,13,10.0350197158207,-1.03234730223428,11.3649379981173
0.612553558173243,17.8340693390132,18,20.3843323742088,0.313404376586975,16.5152695180648
0.739679276430455,18.4044260083303,23,21.4479560346311,1.09081829675928,19.8921596600592
-1.08241431270819,11.0850700029919,15,8.19737677760932,-1.02313029781932,11.392485291267
0.534621768677998,17.4834653554348,15,19.7300565915765,1.02814608860606,19.6430001355948
2.54514485627216,23.1853156856848,23,28.479401616597,1.32672618123317,20.7417099777791
-0.755848310163519,12.10688432707,12,9.87173736374343,-0.793436626294713,12.0977745979603
-1.23773505756749,10.6190058015834,12,7.44369083561743,-1.5763236810167,9.80574687368346
-0.754211646136165,12.1122229040218,12,9.88062585394637,-0.385224424413879,13.5206859209435
-0.201304361335759,14.182846001141,18,13.5393124247466,0.102665175960822,15.5845257336965
0.257272454637929,16.2358849221092,15,17.3977273640569,0.266830013450157,16.3094515922929
-1.17700687065039,10.8000514617493,13,7.73597830322289,-1.1439875579273,11.0346520153622
-0.564118301052564,12.7574341640463,17,10.9736514937145,-0.330071028869235,13.7372726828924
-1.29239637500969,10.4573055696991,11,7.18315692612326,-1.34226210517363,10.4613565684225
1.24352548498436,20.4888382452618,19,25.2458630488896,1.28798940737035,20.6126195088991
-1.98699403918102,8.53766406849225,8,4.17252824801154,-0.856080621945813,11.9011607312163
-0.0338119405813328,14.920667970436,14,14.9216928002983,-0.318497722160447,13.7834782133568
1.02513123141524,19.6411251531356,22,23.7332431275915,1.15996587404929,20.1563746876679
-0.294248584399374,13.791454503967,15,12.8166969027128,0.0605327171015592,15.3987613204288
-0.0716748155107904,14.7512768111658,11,14.6028962425941,-0.330071028869235,13.7372726828924
0.892927056594132,19.0805082277671,18,22.7035188785802,0.575151354644998,17.6775363304945
-0.264834049551879,13.9135545890563,15,13.0409931993233,-0.154250780592997,14.4639747426516
0.615391890965227,17.8468358363765,17,20.408153300543,0.585539629896997,17.7238800533844
2.09830914285313,22.5706916626895,21,28.1259939425098,2.74051211832872,23.3638346565557
0.106687951611376,15.5550780108548,19,16.1175937893966,0.141432015220475,15.7556317373057
-0.841863200231791,11.8301792364615,10,9.41367161142087,-0.855766296180501,11.9021378673092
-2.14820216409097,8.13562366195343,5,3.57490399626951,-0.886484261409864,11.8070517878336
-1.75956048616019,9.13373704973766,12,5.08334931900363,-1.65459914690566,9.59236793404053
-1.27191708950427,10.517747976453,11,7.2804831550317,-1.29330351350642,10.601437123977
0.956846586057147,19.3550102819927,20,23.2095822937894,0.566743951171618,17.6400351302247
0.664426830729248,18.0672509022585,19,20.8193707879925,0.629147021936613,17.9184408088664
0.34179249161758,16.6165089438875,17,18.1106909524033,-0.100154660433071,14.6962103024079
-0.230657579929648,14.0575207283804,17,13.3068422894698,-0.1337701701028,14.551532217665
-1.87039830026542,8.83907214748999,10,4.62970144608293,-1.68067967311674,9.52201238315441
0.26794708067529,16.2840142258224,15,17.4879851673,0.337937076730769,16.6237494940145
0.258404524755591,16.2409900491703,15,17.4073026424285,0.428413264020182,17.0245099835636
1.36520073751854,20.9056791484207,21,25.9535255325867,1.48508768449083,21.2247593011453
-0.299756242525346,13.7687861165427,15,12.7751825714333,-0.158458330419396,14.4460474671982
-1.30528095794886,10.4193646274676,10,7.12210099846156,-1.18117494400249,10.9258964155656
2.17278653980038,22.6839656052968,22,28.209690476727,1.74052952346577,21.8593414886095
0.69804088271498,18.2180883121045,21,21.1006692622478,0.346209596343243,16.6603435450269
2.55236733266189,23.1942937615092,23,28.4830253119189,2.16500912102856,22.6178560102263
-1.32774984393767,10.3533625007527,10,7.01596031017725,-1.04676208741784,11.3219469993331
-0.713233208998093,12.2469200067264,13,10.1056271000336,-1.01918613538702,11.404287590283
0.0288013826518482,15.2026735404049,16,15.4532130911923,0.687380321991001,18.1779664273616
0.314497096305934,16.4936916378425,17,17.8808338417877,0.267333198351054,16.3116746088191
0.924339966754004,19.2161269503489,20,22.9539175773215,1.4387097993762,21.0907261824563
1.1956519763582,20.3132080027556,18,24.9389958830821,1.31990569254675,20.7192903523253
0.738978745757437,18.4012970387639,22,21.4421270391525,1.00171160435708,19.5353918848922
-0.0308070170029846,14.9341551878102,15,14.947096110594,-0.390652324385811,13.4997004786554
-1.55555083814607,9.69700423869084,5,5.96716452025527,-0.898506145227183,11.7700522037153
-0.000476520860781834,15.0705804705475,15,15.2041710420154,0.00109715835307586,15.1374195806809
1.26387995851289,20.5615801840327,20,25.3716224012133,1.0764139485311,19.8356728126538
1.37270364952166,20.9299369276209,21,25.9936097504513,1.3969814778071,20.9648835166272
-0.301580829255476,13.7612902485341,15,12.7614639354128,-0.430435612673665,13.3477292378804
-0.763561711372896,12.0817645343326,12,9.82994233782309,-0.439401010952591,13.3139305679246
-0.443745128475229,13.199274535832,10,11.7475135048295,-0.867594952200954,11.8654268373158
-0.332066817116841,13.6370758813219,13,12.5348162302299,-0.941861920059722,11.6375291178173
-0.758265334524838,12.0990058244337,12,9.85862389007866,-0.639148616096964,12.6021030585159
5.03587993329308,25.7165332873196,26,29.09959114184,2.64392669081558,23.2496762793917
0.384662128631281,16.8092736839594,19,18.4711435314959,0.489421042122069,17.2955581897483
0.994838703753838,19.5152102915954,21,23.5033499700075,1.3307576644742,20.7548993741929
-0.59461632621159,12.650030442854,16,10.7888116614189,-0.815223430601567,12.0289490497403
-0.875235512049501,11.7246034009392,9,9.2400674009004,-0.914513991862627,11.7209603983372
0.33464243737423,16.5843444941577,17,18.0505104146313,0.399359044044517,16.895673291928
0.552100611072776,17.5620971180139,16,19.8768060535565,0.480282121289207,17.2549097735875
-1.27598114808833,10.5057399737709,11,7.26114172839332,-1.43950223167582,10.1860412857037
3.24119585165105,23.9854016804032,24,28.719785376228,1.32507000712713,20.7362781798165
1.32490200926522,20.7724746257443,20,25.7310579656172,1.46207978779014,21.1590290121328
0.662865398040895,18.0602378063682,20,20.8062892863017,0.253044943153631,16.2485542134633
-0.817891150348746,11.9065873484547,10,9.53968270693841,-0.806398722879931,12.056766457078
-0.788186042371726,12.00200015655,11,9.69752560451357,-0.366251904386759,13.5945065987015
0.848391232163482,18.886187674818,16,22.3436872675809,0.993807638567873,19.5029465748189
3.12093662544255,23.8541792461078,24,28.6875053795358,2.58390130747457,23.1771341631487
-0.637618968250922,12.5013616692377,16,10.5349846941794,-0.310189460652903,13.8168054016153
-0.425126729454382,13.2703560776789,11,11.8740160559488,-0.283530122154935,13.9246100045662
0.66986264434342,18.0916617067752,19,20.8649025488878,0.482633016455522,17.2653646594977
-0.802365699090744,11.9563495109177,11,9.6219336433494,-0.967135187144741,11.5608849266323
0.0430403743483719,15.2670192537201,16,15.5745460979312,-0.359937488687737,13.6192360792028
0.299394907640871,16.4257002023382,16,17.7535084419841,0.312725077838907,16.5122665518798
-0.706223583346981,12.2701702458123,13,10.1446157131775,-0.934899784448821,11.6587183022024
-0.564717016795275,12.7553091658558,17,10.9699821809127,-0.919297946551112,11.7063268386147
-0.957576041977639,11.4675102155993,7,8.81935158955131,-0.723234736156916,12.3232497024526
0.0653429761075938,15.3678989012748,18,15.7647640962354,0.356539422144224,16.706049762075
1.2626684564032,20.5572835517391,20,25.3642177987581,1.1924419583984,20.2762928422125
1.21933630226974,20.4008810483491,18,25.0927220367047,0.772798453731191,18.5565121662711
-0.743475093757165,12.1473199477816,12,9.93911449022981,-0.551057312950756,12.906655802337
-0.00768700997540631,15.0381041338669,15,15.1429574886756,0.079154778975464,15.4808319767065
-3.41498604984016,5.97400067766923,6,1.33528643730356,-2.82802430011688,6.93512049381909
3.55555896443413,24.3185162718184,24,28.7969548804901,1.20350295873033,20.3165013444202
-0.0850431198750105,14.691750999562,12,14.4910066043483,-0.32686253079828,13.7500566353803
-0.0253905688466999,14.9584804151075,14,14.9929189384114,-0.0466672657826208,14.9284538219062
-0.0075206200939887,15.038853277342,15,15.1443694257753,-0.223853930127586,14.1704221585228
0.223993160733006,16.0857125915468,13,17.1158952197844,0.0940230160781067,15.5464005081896
-1.994170928181,8.5193940866792,8,4.14504828147124,-1.57833212432907,9.80023168414908
-1.2802243891748,10.4932095984388,11,7.24096193730137,-1.74181890488188,9.35860460059713
-0.0156610080147653,15.002219086873,14,15.0753296071844,0.516401673410926,17.4156526828074
0.568328221887413,17.6351063423637,16,20.0130565205451,0.0441898036186117,15.3267960497674
-0.735097668569473,12.1747987106878,12,9.98497386978066,-1.14468848930441,11.0325966045273
-0.827878650927826,11.8746921888966,10,9.48704151716508,-0.899067555345525,11.7683271645572
1.31148181677345,20.7270338230116,20,25.6543144281181,1.05139763741208,19.7364504160655
-0.010408806511481,15.025851657029,15,15.119865488485,0.0282567508988551,15.2567037641374
0.69441250219696,18.2018212015661,20,21.0703386981925,0.34155668316498,16.6397601023768
-0.760317922798959,12.0923203523814,12,9.84749976399687,-0.755991762632151,12.2172951879138
0.595905642739572,17.7591796208814,17,20.2445903420197,0.738387496715948,18.4044662911524
1.36428298324631,20.9027001997305,22,25.9485935159956,1.25353717537718,20.4942493557503
-1.35610857992775,10.2703566821501,9,6.88261311410446,-1.46904935089018,10.1031829529445
-0.353500895481343,13.5509299037525,12,12.3784261115396,-1.25714719551795,10.7055046701869
-0.312759116086273,13.7155177351143,14,12.6777930470353,0.135359799055938,15.728823826728
-0.282732465007533,13.8390521484116,15,12.903998245451,-0.0267154082408288,15.0155936083367
-1.1892019910084,10.7635760719315,13,7.67704229440636,-1.32463827321423,10.5116709521181
0.0215581337017297,15.1699646852884,15,15.3915385883948,-0.236601851790164,14.1174192265464
1.91852633647685,22.2685882319312,20,27.8550786261616,1.42740121765773,21.0571152598525
-1.33549737191687,10.3306522848569,10,6.97946111008476,-2.28212252945038,8.01592498471958
-0.00246548735260234,15.0616196211782,14,15.1872802122181,-0.551820218282127,12.9039576506016
0.220661075135303,16.0706661147792,13,17.0876393137658,0.57248420395303,17.6656389014479
1.46228029654135,21.2062690641705,25,26.4394042490684,1.46630993673817,21.1712263278926
-0.114702301249706,14.5603160003365,10,14.2442796065478,0.165303763167801,15.8610368457837
0.462229781785543,17.1579283471257,12,19.1224014735084,0.545432164562204,17.5450049406042
2.27324140197501,22.82841741361,22,28.3030629305971,2.34543524045835,22.8728203073542
-0.789417294082024,11.9980283090536,11,9.69094331192341,-1.39752550298772,10.3044054018155
-1.1824832057152,10.7836644037556,13,7.7094974705229,-0.829070138328586,11.9854606057815
-0.675370506955054,12.3732956715709,14,10.3181239036484,0.0607841690397866,15.3998690586636
-0.66419142369638,12.4109943964436,14,10.381796196492,-0.799853840635093,12.0774500010824
-1.91829610541928,8.71420522406568,9,4.43944556182127,-1.77942058181477,9.25919630830639
0.280758613884925,16.3417539318563,15,17.5962233354529,0.179495864599933,15.9237094582008
1.39143085086036,20.9897360060513,22,26.091815892217,0.882758070354048,19.035544048179
-1.27707598361188,10.5025062124398,11,7.25593355633304,-1.31770390222563,10.5315022281655
0.668389209545078,18.0850455116499,20,20.8525620817946,0.50279902031277,17.355089216823
-2.17294602568614,8.07559821199742,5,3.48718042216742,-1.96158673379925,8.78974122332892
0.312997308614119,16.4869407789285,17,17.8681942705477,0.324633355350536,16.5649151716026
-0.826292776481661,11.8797507515884,10,9.49538647037292,-1.13009854137394,11.0754247906709
-1.00753130700602,11.3135266006148,17,8.56846049254995,-0.930188337104539,11.6730767788395
-0.335099492016476,13.6248270727198,14,12.5125387100724,-0.396072216535226,13.4788058728962
0.305934092406413,16.4551439070605,16,17.8086537891034,0.283869238125147,16.3847353166629
1.21000581044512,20.3665229728756,17,25.0326017623657,0.505422334730818,17.3667665682012
0.322737999891674,16.5307807941967,17,17.9502657963811,0.609922070657301,17.8326690231155
-1.23209400639028,10.6357610818868,12,7.4707157576935,-0.360139978124334,13.6184418228438
0.361747116893834,16.7062509296683,18,18.2785437722856,-0.224561685601219,14.1674728136109
-0.701016677853516,12.2874828864984,13,10.1736778318422,-1.08295767378345,11.2144652888387
-0.64692060436267,12.4696042285191,15,10.4810583989494,-1.1652440550844,10.9724142920257
-0.757396770994109,12.1018362304427,12,9.86333446547782,-0.667927762073891,12.5054659257327
0.930994943583605,19.24468657501,20,23.0065590397521,1.23206403008639,20.4188030724903
-0.00192044473088481,15.0640750077675,14,15.1919084563543,0.125437700823094,15.6850238360461
2.62759449262894,23.2866325154724,23,28.518479082458,1.15553486080467,20.1398011102709
1.24267851008576,20.4857859850006,19,25.2405680456945,1.3104719410208,20.6880620295181
-0.820866933217482,11.8970748036991,10,9.52397658309437,-0.10209538547877,14.6878277395204
-1.42395597507344,10.0731716379519,8,6.56653636980483,-1.5758332708606,9.80709385290671
0.686697118387956,18.1672179502436,20,21.0058143443408,0.758422739106811,18.4930840407227
1.27076630703417,20.5859228935891,20,25.4135156281208,0.933954437457928,19.2535263325445
-1.27557353803876,10.5069440339084,11,7.26308099328863,-0.882010668671798,11.8208499326319
-0.766626490320491,12.0718018402411,12,9.81337886278227,-0.75836320624778,12.2096769333367
-0.843986470158608,11.823435384059,10,9.40256527899822,-0.579847680912498,12.8055901950621
1.49528593608535,21.3019166495496,24,26.5884056842194,2.56070619985861,23.1487320830537
-1.14688613055173,10.8904015309274,14,7.88207019351724,-0.809804937609813,12.0460197635355
-0.405694810544136,13.3453567695148,11,12.0080852750415,-0.259493711059113,14.0228987937238
-0.653979968251313,12.4455926617813,15,10.4403516148836,-0.697502005450043,12.4074836823287
5.40742146156738,26.0240044311694,26,29.1652078900574,1.75180592161057,21.8836592389535
-0.629322101178795,12.5298053383355,16,10.5833702778556,-0.99736219810981,11.4697506904915
-0.342923564011732,13.5933173610413,12,12.4552922401565,-0.418476609575128,13.3930708797183
-0.631198569479741,12.5233625937029,15,10.5724033028643,-0.441468657255464,13.3061592059943
0.685847172542201,18.163404950137,20,20.9987038508515,0.533687353931757,17.4926581343604
0.616366132830638,17.851217733162,19,20.416329384364,1.15658158052222,20.143720752067
0.335357648317814,16.5875620897734,17,18.0565311280135,-0.0447580823854428,14.9367817881804
1.2737181215646,20.5963155615098,20,25.431370849418,0.818720163480735,18.7580494979261
-0.802837355668865,11.9548344093697,11,9.61942710714863,-0.639352143510793,12.6014149733941
1.34316646284378,20.8334530214584,22,25.8333781299658,1.59641242799805,21.5220779974995
-0.344370892466846,13.5875030384102,13,12.4447386750886,-0.48493882052591,13.1448025494475
2.66435821997852,23.3310410843319,23,28.5344482688052,1.75030764013007,21.8804443995786
0.36262483107899,16.710197578887,18,18.2859237399741,0.285692285035442,16.392790868611
0.320197922993919,16.5193497405577,17,17.9288682762832,0.368946449098019,16.7609653957484
-0.0691049619851807,14.7627380415552,11,14.6244490970193,0.0500027820154246,15.3523858376259
0.673336154893672,18.1072570034517,20,20.8939899754115,0.523937906744225,17.4492198495253
0.152207157350818,15.761166070866,12,16.5057271060111,-0.0102047883290586,15.0878694841073
0.0380148217308102,15.2443025652421,16,15.5317101618965,-0.253567791966736,14.0472835880665
-0.593211690741987,12.6549400883555,16,10.797233793716,-0.641121551080988,12.5954358162
0.252281454426264,16.2133751845279,15,17.3555032602572,0.305637780966124,16.4809380716309
1.47836465361951,21.2532925942724,24,26.5130370561449,1.27605631265537,20.5719965507486
-0.757784576595319,12.1005723761322,12,9.86123099048067,-0.725637985791127,12.3154290180353
-1.15898645832122,10.8540607450907,14,7.82329044442473,-1.34839446035051,10.4438787151067
-0.744840555180896,12.1428489535453,12,9.93165841505635,-0.356626480812724,13.6322349570922
-0.304296499680741,13.7501463195615,14,12.7410772215481,-0.224557663531676,14.1674895721149
-0.00377130416787854,15.0557375571848,15,15.1761930992152,-0.323986696618821,13.7615319359103
0.118847469229309,15.6101393546299,20,16.221334943628,-0.175494670938095,14.3736843584541
0.895753786109323,19.0927643269174,18,22.7261748712641,1.13033412221776,20.0445949488445
0.895913800552295,19.0934578184466,17,22.7274566706658,0.561076398345091,17.6147585237825
-1.25209938808875,10.5763974739387,12,7.37499077257116,-1.00397413818473,11.4498887292164
0.325583818330441,16.5435868894,18,17.9742354143515,0.476799361598713,17.2394232044977
0.0203874813544202,15.1646799363101,16,15.3815741734437,-0.229041806825241,14.1488213715566
1.40053780428162,21.0184290677832,23,26.1386188210842,1.33027501682849,20.7533227932102
-0.0829317262768684,14.7011415670043,12,14.5086522112112,0.0834310007733625,15.4996866516506
-1.39734714419671,10.1502623308473,8,6.68998228176449,-0.845740909959495,11.9333505594997
0.309992272678092,16.4734136287153,16,17.8428658457085,1.39527033346103,20.959616421308
-1.33611928343146,10.3288303621908,10,6.97653347226076,-1.44653063098389,10.1662968993073
-1.0049497136535,11.3214514740627,6,8.58135614346416,-0.665090083095618,12.5149366134386
3.36296547450589,24.1160641294801,24,28.7506975437661,1.40175339250836,20.9795275443245
-1.31512879972121,10.3904112986843,10,7.07552846602295,-0.658057572547095,12.538461299276
0.90336796096795,19.1257278207383,18,22.7870838715764,1.21244425281041,20.3487650508931
-1.51315573306682,9.81720996949281,6,6.15807313132112,-1.95604375749699,8.80372562814832
-0.033666739447925,14.9213195547884,14,14.9229200109219,-0.181069933605913,14.3500840762263
2.65450311391266,23.319179733947,23,28.5302465857814,1.55153753066449,21.4062912035285
-0.625535580502416,12.5428236779465,15,10.605543333227,-0.77754463207615,12.1483031156465
0.0985141576942033,15.518065195497,19,16.0478434113509,0.0211840347102804,15.2256148382792
-2.77056797864911,6.84469280397601,9,1.91169695656221,-2.08181083721311,8.49116849250638
1.42940148359429,21.1076926452356,24,26.2828179455461,0.980680780711235,19.4487971724587
2.52407126207819,23.1589981505635,23,28.4685858016061,2.98546998210927,23.64225601618
-0.798909340163936,11.9674589090903,11,9.6403171127162,-1.16701673378862,10.9672327790547
-0.753643024651124,12.1140783785601,12,9.88371563339496,-0.878630644941133,11.8312860806817
-0.744638714664381,12.143509712222,12,9.93276023444627,-0.616657075896004,12.6785665847911
0.0515207742882256,15.3053663315999,18,15.6468551821259,0.19434877503592,15.9893040777559
-0.0977427057129868,14.6353604824912,12,14.3850929804862,-0.278424528648566,13.9454029142337
-1.73754401180379,9.19323351024503,13,5.17572318441489,-1.8191113100696,9.15518589224462
-0.628628065101907,12.5321897264727,15,10.5874301066598,-0.567171123010385,12.8498997504307
-2.05944244340212,8.35477058247067,7,3.89872609342807,-2.35424257359025,7.85306627506225
1.40315647203486,21.0266326987822,22,26.1519609842607,0.855597557832576,18.9184325546771
1.0185731787902,19.6140107998329,23,23.683820141709,0.704433122355979,18.2538073149196
1.31015798712141,20.7225223271635,21,25.646672883176,0.670059648613963,18.1008445118289
0.635442596188625,17.9370020650236,19,20.5763835176366,0.349539846105494,16.6750774016795
-0.673574859232877,12.3793387365493,14,10.3283214742835,-0.451572769940779,13.2683087313574
0.586395433127737,17.7163936092637,17,20.164749125239,0.204823587881744,16.0355656132491
-0.121020474384625,14.5324407964497,10,14.1920273295514,-0.300225916474888,13.856943022088
2.63907602077651,23.3005492133037,23,28.5235542401822,1.46161444101602,21.1576841198485
0.0189839033693399,15.1583443105834,16,15.3696284557792,0.207374568220105,16.0468321102285
1.82593541215253,22.0926250782564,19,27.6658256694832,2.24896755013247,22.7398649499495
-0.704574507330005,12.2756494282092,13,10.1538106006411,-0.307566873505279,13.8273524274831
0.818453123855071,18.7544190118957,15,22.0991187066531,0.701815919662488,18.2421740973948
0.747245513040832,18.4382059294469,23,21.5108783026072,0.0128939957206074,15.1891971570671
1.3373397482244,20.8141085329688,22,25.8010034704271,0.816531034414113,18.7484843617694
0.313712289813294,16.4901590942472,16,17.8742199606155,0.15674947937786,15.8232633475562
0.862763659294825,18.9491367206207,16,22.460372282669,1.02407585017227,19.6265239690064
0.544984297281466,17.5300819780268,15,19.8170574163832,0.465063214248833,17.1872539910244
2.0437962612952,22.4837945573174,21,28.0552259372679,1.49209011217549,21.2444679020063
0.885371242421424,19.047699783556,18,22.6428463235824,0.567220064873463,17.6421586764735
1.05177895168557,19.750433878117,24,23.9319769000686,1.16580228067044,20.178127964607
-0.00319011163251053,15.0583554449357,15,15.1811275268331,-0.219038055103491,14.1905112137261
-1.37056524233985,10.228172525023,10,6.81490782114404,-1.03069472995755,11.3698737313035
-1.31072271072724,10.4033606224571,10,7.09635575415604,-0.922374891497479,11.6969237318664
-0.71653495555864,12.2359904809519,13,10.0873151555564,-0.593898093399949,12.7568207296234
-1.41998425527821,10.0846579858202,8,6.58491847080923,-1.3890487629178,10.3283980528094
2.03501424972237,22.4694453499592,21,28.0429838546158,1.03650954841344,19.6767463797435
4.58325816340605,25.3184214110178,25,29.0144318650976,2.19119248317205,22.6566103383437
1.23769287534092,20.4677784070122,19,25.2093000437019,0.521490743649895,17.4383189233243
0.0493438232484061,15.2955209683516,16,15.6282904285703,-0.111819413596707,14.6458797018645
1.30503743832527,20.7050230981365,21,25.6169956716595,1.33753350710891,20.7769624761677
-2.0923837392858,8.27277471158214,6,3.77696895907937,-1.49443612437295,10.0323033916345
-1.35994816724827,10.2591441857955,9,6.86461286959947,-1.07208422736494,11.2466851511451
0.932884992472482,19.2527861305064,19,23.0214821704868,0.52388428588504,17.4489809843679
0.595750061585606,17.758479689351,17,20.2432842480338,0.520839388799086,17.435417614587
-0.768673125539777,12.0651545122863,11,9.80233131666636,-0.416391528684986,13.4010064081476
-0.70286840260311,12.2813218849284,13,10.1633325801509,-0.321228373324225,13.7725532135167
-1.18646623890757,10.7717534315295,13,7.69025292751643,-0.7937767291467,12.096696303971
0.537673421706927,17.4971930762474,15,19.7556769593732,0.24316946474116,16.2049315495115
0.115219062167059,15.5937092336584,19,16.1903818008414,-0.0105577330416256,15.0863230395437
-0.242453671444973,14.0075847296575,17,13.2144632425068,-0.15683080897642,14.452979378528
0.156943567836752,15.7826013434178,10,16.5460698712461,0.315652912543644,16.5252098669885
-0.296913439314752,13.7804787379715,15,12.7965910041003,-0.532079530035744,12.9741328591806
0.997663666995412,19.5270235588754,21,23.5249583690702,0.822560695859803,18.7748189335296
-0.806507571001362,11.9430518459048,11,9.59993930624227,-0.442373754250744,13.3027601155957
-0.67388484425035,12.3782951807205,14,10.3265602463183,-0.582734699498878,12.7955401199545
1.0442515581825,19.7197005698679,23,23.8761815253413,0.919578471097393,19.1927133654507
1.39283179415213,20.9941664227856,23,26.099056394312,1.46831020006539,21.1769762691226
0.902416605327525,19.1216132222462,19,22.779483110848,0.461845115306323,17.1729536381794
0.411596275725546,16.930339901108,20,18.6973671391218,0.302592284675329,16.4674770411927
0.845251968045809,18.8724102041266,16,22.3181349420458,0.717342677715052,18.3111496279228
1.31833287389243,20.7502985031784,21,25.6936567598105,1.56775624563019,21.4487604234444
0.89898426223567,19.1067587668467,18,22.7520380086575,1.20350906284548,20.316523443681
0.881353464177601,19.0302261258087,17,22.6105181540712,0.984876288468611,19.4661393760825
0.979276352167686,19.4498821656803,20,23.3837148667916,0.574963166207371,17.6766968561642
-1.81201291598696,8.99328495212453,11,4.86630850785132,-1.14370583212663,11.0354782085735
-1.93749444339324,8.6645672040872,9,4.36414788436554,-1.26267701148196,10.68955443107
-4.68167335066764,4.68743416760731,5,0.99507468973794,-2.44706429710589,7.65136350644287
0.0419650433702802,15.2621579660561,16,15.5653793615485,-0.266586334376978,13.9937914997286
1.32332258786847,20.7671545618143,21,25.7220944405889,1.45526468715684,21.1392713175285
-1.51592395725777,9.80933115608346,6,6.14553983701051,-1.89636897010098,8.95547826650832
0.568301357171929,17.6349854733314,16,20.0128309592854,1.06863116446661,19.8049543406257
3.21716458537726,23.9593584797176,24,28.7134905485858,1.67853657154062,21.720458342577
-0.0269009017568239,14.9516957255773,14,14.9801374794994,0.533834555551011,17.4933140946945
1.73125484957053,21.8945432694145,18,27.4275493465219,1.38205196035966,20.9186450507869
-0.721767179384197,12.2186990870473,13,10.0583646545242,-0.269717487573,13.9809691433574
0.255218235467849,16.2266207680309,14,17.3803503907351,0.0171637624262423,15.2079509039602
0.280961140635267,16.3426664829128,15,17.5979336294693,0.20066919048605,16.0172177400451
0.675461836772133,18.1167994993044,20,20.9117875101918,0.800973797097747,18.6803796240172
0.673437265918024,18.1077109291426,19,20.8948365926359,0.305027504244311,16.4782406057329
0.0160862037437607,15.1452665967227,16,15.3449711316649,-0.117904617575758,14.6196753909572
-1.198565721147,10.7356100130264,13,7.63187206835426,-1.37747128657124,10.3612152903534
-1.23699821339486,10.6211936869445,12,7.44721941946435,-1.20235453506186,10.8642173941925
0.973980693037128,19.4275574899473,21,23.3427796649271,0.933685209693507,19.2523904714567
-0.387832546924433,13.4150344756549,12,12.1331411370982,-0.264028256866682,14.004279617666
0.622472229886232,17.878679742499,18,20.4675691827829,0.469374737099684,17.2064163676882
1.28773254554423,20.6453129505806,19,25.515299942974,1.65477836997972,21.6648078184797
-0.669652732684185,12.3925545545006,14,10.3506349116751,-0.696684696187953,12.4101742680591
2.07787294914635,22.5385394579052,21,28.1004813840395,1.60816738147779,21.5515275152205
-2.91452215610306,6.6196221277012,8,1.71052023917056,-2.24943410518742,8.09132041757504
0.697086411351996,18.2138095242606,21,21.0926914865501,0.512594892062846,17.3987004435506
1.19834139514476,20.3232394221784,18,24.9566366637096,1.19409289742389,20.2823149494693
0.639456615282919,17.9550476237754,19,20.6100499697347,0.610573100832585,17.8355738104975
-0.76364228102625,12.0815024948118,12,9.82950658963555,-1.41974035340768,10.2416714347226
1.67070300706426,21.7568283161968,17,27.2478416372531,1.51513406824751,21.3083570266879
-0.029719319529976,14.9390385828019,15,14.9562946353431,0.144099635019788,15.7674094500942
-4.42520837489551,4.92736001260154,5,1.04801540387319,-2.83637950836561,6.92147625096472
-1.35626585400055,10.2698972822254,9,6.88187554907007,-0.584964170201902,12.7877894130381
-0.557531995872533,12.7808554109371,17,11.0141268565583,-0.783270137293247,12.1300662782921
-0.822027019051731,11.8933685786659,10,9.51785868624697,-0.428523858849992,13.3549577515533
0.900343398625425,19.112642616661,18,22.762909937933,0.963309740539548,19.376649456583
-1.27268675094308,10.5154733642331,11,7.27681919524134,-1.04669755955763,11.3221392054785
-2.00698351425532,8.48685969497101,8,4.09618180606128,-1.72249666398221,9.41001281372452
0.911292705482615,19.1599564547752,18,22.8502896562536,0.768810664701868,18.5389316055172
1.23177148037576,20.4463008270147,19,25.1719433416357,1.53278613917486,21.3562998343099
-0.606575039286404,12.6083713780721,16,10.717452253805,-0.259280973472142,14.0237731696283
1.1880326879508,20.2846841630523,18,24.8887650456403,1.69723773412123,21.7633020923982
-0.10242508807136,14.6146104462247,11,14.3461421194282,0.590750902893062,17.7471304608849
1.35484530778586,20.8719181015901,22,25.8975103756885,1.28899083920245,20.6160103625041
-1.26395424895915,10.5412947777325,11,7.31841842872302,-1.4522599068844,10.150218026892
-0.837064518570259,11.8454346026553,10,9.43880445704267,-1.13466444721527,11.0620116415208
-2.12480174352583,8.19283603981933,6,3.65893533955608,-1.53514210388856,9.91927704788914
-0.746087554136115,12.1387677461657,12,9.92485371487881,-0.851565656178874,11.915204838322
0.3858488790464,16.814608449838,19,18.4811143521647,0.0723996925189196,15.4510536890789
-0.372331362100737,13.4760725358356,13,12.2430905595941,-0.269568098565384,13.9815805189198
-0.335252583497133,13.6242092675386,14,12.5114154336737,-0.732181334249262,12.2941743110945
-0.835887621510586,11.8491790310101,10,9.44497525106834,-0.863999989321553,11.8765710304666
-0.659259551867072,12.4276847987275,14,10.4100291982454,-0.819025615797549,12.0169883636948
-0.199437530446356,14.1908658716717,18,13.5542210676713,-0.605097252738874,12.7182005490645
-1.32718074214698,10.3550316778706,10,7.01864341604079,-0.0107451723830024,15.0855017888449
-0.589509663032384,12.6678966655145,16,10.8194722813902,-0.383480339287365,13.5274416447337
-1.08875748592479,11.0658374168217,15,8.1661913355552,-1.25868220422927,10.701075848847
-0.72985435594907,12.1920401174669,12,10.013778681896,-0.755505089998821,12.2188594691443
2.77951485640331,23.4675167713071,23,28.5798185083603,1.43841344047673,21.0898500223888
3.9631933855924,24.7310811354444,25,28.8878855687963,1.33232315879121,20.7600085162637
5.44484865734668,26.0540156910998,26,29.1716067653931,1.94181125123963,22.2548465063749
-0.364974618637404,13.5052256507105,13,12.2957332543296,-0.462387275707136,13.2280292167795
-0.808133879651758,11.9378349637492,11,9.59131358370945,-0.418299783005103,13.3937435103789
-1.26994497560035,10.5235773267307,11,7.28987357480308,-1.10005821596319,11.1639084418307
1.72712115370166,21.8854293341895,18,27.415993779348,1.71123085065819,21.7948180205881
-0.301948559572914,13.7597803505038,14,12.758701132133,-0.262414643371369,14.0109012097857
0.519694438327937,17.4163205663082,14,19.6047392457765,0.307905684801915,16.490962615106
-0.393446338924988,13.3930600822217,11,12.0936488430032,-1.22990886774892,10.7842508851607
0.173523672899996,15.857616200139,11,16.6872078691206,0.207702055854061,16.0482784770914
0.302047184986596,16.4376431985529,17,17.7758778926093,-0.0208216339919412,15.0413778307776
-1.22544183744752,10.6555359068797,12,7.50261769868005,-2.11871021222465,8.40140840646852
-0.753945332969081,12.113091867664,12,9.88207283843336,-0.59685295405321,12.7466093809622
1.36289549345033,20.8981916755949,22,25.9411251768197,1.8186944533183,22.0222968527395
1.46755888395099,21.2217879924243,25,26.4637837323357,1.18126205003808,20.2353223624287
-1.89464888644906,8.77566858606183,10,4.53294586845156,-1.67985269768373,9.52423738651362
-0.296717047678098,13.7812871216957,14,12.7980715068149,-0.71063244510154,12.3643878179322
-1.88889136663149,8.7906875225373,10,4.55583738683336,-1.33263944773358,10.4888128198903
-1.40947501473265,10.1150858918045,8,6.63363258933631,-1.07880969614076,11.2267496554215
-0.0236336999341723,14.9663742972327,14,15.0077906712859,-0.081854079043584,14.7754189713593
0.487072862236766,17.2696187482085,13,19.3309126417879,0.815568794904949,18.7442785109608
0.073973525292986,15.4069592395205,18,15.8384083531156,-0.245626254382198,14.0800544859472
-1.77569895042034,9.09032912499586,12,5.01611593683726,-1.05982081826398,11.2830936748821
-0.862705455633144,11.7641401946696,9,9.30501493734506,-1.23578252806693,10.7672447301872
-0.463647807010879,13.1241262169264,9,11.6143664685134,-0.694404935438122,12.4176843162148
-2.78675990202927,6.81813454607426,9,1.88600309000003,-2.05710428384675,8.55177399458232
-0.282905226579854,13.8383361238799,15,12.9026836443605,-0.245249594365498,14.0816113653485
-0.305675704348474,13.7444925148697,14,12.730738039612,-0.00801570729128523,15.0974623558217
0.326943898332421,16.5497068860351,17,17.985689763909,0.3350150626445,16.6108256044569
-0.635474356685898,12.508703269699,15,10.5474656455858,-0.513288668681878,13.0416349519966
-3.45128455435507,5.93235499026009,6,1.31929222844466,-3.02622893490273,6.63219485632364
0.316946241019386,16.5047151539466,16,17.9014718863801,0.485630581050236,17.2786969298097
0.694103627322989,18.2004362391048,21,21.0677563112396,0.645499171584737,17.9913738507286
-0.63752331739813,12.5016889515874,15,10.5355409696262,-0.892018448703328,11.7900049352511
0.524115161853963,17.4362045358353,13,19.6418508217144,0.337789225418102,16.6230955342791
-4.44525385437022,4.90829020824585,5,1.04376182076706,-2.08040311231517,8.49461091032988
-1.30749479882212,10.4128523468212,10,7.11162420450686,-0.506436450582198,13.0664234428017
-0.724068805331476,12.2111036223004,12,10.0456556341094,-0.823588709149636,12.0026532963452
-0.452298537384432,13.1668733136113,9,11.6900299257689,-0.573198410202763,12.8287950938651
-1.72153728141708,9.23669084486477,13,5.24335389332803,-0.95524005808024,11.5969057291786
-1.27302440046014,10.5144755694236,11,7.27521197290869,-0.966743754831099,11.5620688085399
4.11611756796052,24.8804283577746,25,28.9202454109095,2.55304465518734,23.1393022943399
-2.10928434988026,8.23100394018821,6,3.71520557971394,-2.01812960921167,8.64817953454482
-1.2284195066019,10.6466820454841,12,7.48833321582695,-1.40338170352081,10.2878475008382
-0.0553774093568011,14.8240543940439,12,14.7398008896219,-0.0918086934729925,14.7322975282218
-1.35624489792382,10.2699584946352,9,6.88197382322389,-1.33144022985372,10.4922371585808
1.49613356967186,21.304329629777,24,26.5921247928698,1.18101626539004,20.2344179487263
0.274012053184012,16.3113514205636,14,17.5392368243259,0.0865867206419044,15.5136026244638
-1.15565646640887,10.8640556583591,13,7.83945433204941,-0.966677384293719,11.5622695550553
-1.31418453341112,10.3931857940255,10,7.07999057685795,-0.929683704085972,11.6746156165336
0.999587906001553,19.5350620738365,22,23.5396575823308,1.12642967660187,20.0297022099398
3.17122713091422,23.9093296438307,24,28.7012503363951,2.37710791489369,22.9150403149224
-0.356326181632274,13.5396490322908,13,12.3579972746326,-0.088757015138313,14.7455079250935
0.607594860517943,17.8117644252505,18,20.3427130409966,0.533878515834409,17.493509991264
-0.335613315875878,13.6227537203574,13,12.5087691246288,-0.0606050735828575,14.8677289417228
-0.0710311061606644,14.7541471395763,12,14.6082936274256,0.100403677354615,15.5745481962193
-0.186060675617417,14.2484972332335,8,13.6614610116615,0.0128984700329897,15.1892168056744
-2.09556212956042,8.26490345261697,6,3.76531624970312,-1.91105128913191,8.91793817582992
-1.23445628463424,10.6287430049843,12,7.45939552249249,-0.415808146112405,13.4032282806022
-0.0347646923565371,14.9163928722,14,14.9136411305678,0.0918404027132581,15.5367732848873
-0.865946405135065,11.7539022917287,9,9.28818980604755,-1.06416931326755,11.2701749439459
0.320971711895982,16.5228320858597,17,17.9353869598524,0.386010362623948,16.8365294490948
0.304957599970274,16.4507474638942,16,17.8004203480152,0.247416265163018,16.2236905027106
-0.741653213706751,12.1532888174422,12,9.94907092168627,-0.740979068808247,12.2656845754454
-0.320723209139497,13.6830661503348,14,12.6185788401648,-0.456379985416308,13.2503742676598
-0.0770112357073192,14.727495533505,12,14.5581849310658,0.154722586657268,15.8143134433701
0.309369269185599,16.4706090379686,17,17.8376142092601,0.0682796522971209,15.4328954196735
0.518123148572609,17.4092532627622,14,19.5915486455361,0.585005262568039,17.7214960087627
-1.19701891465997,10.7402273319723,13,7.63932887907264,-1.13595182672867,11.0582314115419
-0.698564658644916,12.2956482399712,13,10.187393826667,-1.37635074594827,10.3643944892256
-0.710918165771239,12.2545917000052,13,10.1184867421266,-0.215127604991657,14.2068493209407
-1.27006591425896,10.5232198007173,11,7.28929762297097,-0.879462112984389,11.8287179619996
2.4193731271431,23.02528063287,23,28.4087398702799,1.45947854078596,21.1515032958843
0.0246839823107736,15.1840781925115,16,15.4181500919925,-0.175450098730141,14.3738731988842
0.289944817876835,16.3831391254275,15,17.6737758552465,0.497188362338801,17.3301182190808
-0.670198427846814,12.3907144584636,14,10.3475271272641,-0.984532281827059,11.5083647317379
-1.16094228560361,10.8481924851714,14,7.81380110012006,-0.79115747755155,12.10500388993
-0.299228567573216,13.77095521923,14,12.7791532240468,-0.732372799182023,12.2935532232822
-0.835798747846565,11.8494618404961,10,9.44544134787414,-0.732421147408141,12.2933963953673
-0.360823301031428,13.521728739081,12,12.3255695402394,-0.926155162811278,11.6853807027712
0.604369669002312,17.7972563040641,17,20.315641477941,1.02722066584817,19.6392570827565
1.58921110701361,21.5563480815181,26,26.9684260596238,1.79395108861957,21.9721019485724
0.276708285041669,16.323502501221,15,17.5620143315297,0.611055002704624,17.8377239704895
-0.00626619573533172,15.0445015598739,15,15.1550151080727,-0.100111575116939,14.6963964395609
0.286052133877996,16.3656035682832,16,17.6409184141167,-0.0570832018134642,14.8830607646948
-1.14051636707595,10.9095561090595,14,7.91306201556903,-0.748586099402076,12.2411302426361
2.56264010235238,23.2070279735195,23,28.4881089216704,2.0996571317673,22.5180139327962
-1.21268212298676,10.6935159291741,12,7.56390970102444,-1.65291499697806,9.59692417909212
0.301152911861465,16.4336164652183,17,17.76833594819,-0.0211444498784468,15.0399650937804
-0.744616111244099,12.1435837112567,12,9.93288362989135,-0.790022638576714,12.1086056426437
0.964818782845255,19.3888242928013,20,23.2716972348732,0.93412885812464,19.2542621437324
-2.99838779715254,6.49877890292587,8,1.61840240347645,-2.84187006220328,6.91255507292979
-0.3318553712642,13.637930634363,14,12.5363713089375,-0.0940857464845927,14.7224456450394
0.248695874101249,16.1972013777351,15,17.3251597647767,-0.300117927008904,13.8573790607941
0.121335509000955,15.6214054669385,20,16.2425579882172,0.22624135892391,16.1301606344581
0.0244939147244494,15.1832199256468,16,15.4165317855261,0.607481893015571,17.8217813001139
-0.299979159698565,13.7678699477751,14,12.7735055906155,-0.262072918853185,14.0123040751223
-0.273368819376359,13.8779496221299,16,12.9754713872921,-1.09734364617863,11.1719246834645
-1.20082994417857,10.7288528899604,13,7.62096025789002,-0.664886294042503,12.5156172329863
0.27561775235426,16.318587947136,16,17.552802119943,0.207811154224522,16.0487603162481
0.346598064942807,16.6381240748306,18,18.1511272281966,0.296455061018351,16.4403526599236
-0.7202796206626,12.2236116314499,13,10.0665870580523,-0.882007161807738,11.8208607555008
0.424333030570175,16.9875866108795,21,18.8043038405795,0.313452268238625,16.5154812334584
-0.0591934468097665,14.8069941706811,12,14.7076987458232,-0.299735149146993,13.8589248103368
0.360266105578795,16.6995914299539,18,18.266090624282,0.36912500444873,16.7617558682094
-2.80833427825001,6.78326177548493,9,1.85304197845661,-2.21839249567921,8.16375741526913
-0.390321060027878,13.4052849591307,12,12.1156133505484,-0.47441617269327,13.1835076247153
0.634468287238609,17.9326216334843,18,20.5682110821618,1.37240266588899,20.8884190219107
0.00745136416089988,15.1063153949043,14,15.2715353810974,0.158088514346731,15.8291760352469
2.18923638387904,22.7082282094103,22,28.226394521445,1.54388889906477,21.3860157901279
0.102332599646782,15.5353558246484,19,16.0804288285068,-0.0134554069641319,15.0736289861616
0.312109710081943,16.4829453790098,16,17.8607134593025,0.439078365801092,17.0718417388462
0.324041442267995,16.5366463587481,17,17.9612448169959,0.349237509215601,16.6737397321259
1.36063363589314,20.8908294462735,22,25.9289196051662,1.09116732071286,19.8935223784351
0.969714429857354,19.4095384225447,20,23.3097207507861,1.54517760869423,21.3894431291036
-0.0792814852425566,14.7173861224254,12,14.5391821472798,-0.170256014932904,14.3958967723122
-1.1770154947117,10.8000256460722,13,7.73593658460609,-1.19804079466546,10.8767647080956
0.90499316179642,19.1327540884206,18,22.8000618686969,0.876157409560611,19.0071694355801
1.32098059332871,20.7592521694808,20,25.708769501994,1.53656620307297,21.3664548766923
-0.752967677897632,12.1162825852946,12,9.88738646327623,-0.274989210329618,13.959419497274
0.68563239312995,18.1624413826669,20,20.9969069731031,0.624789313625435,17.8990006641277
0.105417232305821,15.5493238353289,18,16.1067508120326,-0.327399315977035,13.7479164860471
-0.820837551005615,11.897168689283,10,9.52413156989697,-0.910964913879585,11.7318276365039
1.73798101689051,21.9092858884522,18,27.4461361117274,1.43921379469056,21.0922156258156
1.00620314194241,19.5626462792282,22,23.5900695223053,1.48593886876809,21.227162351701
2.53184323876644,23.1687254802114,23,28.4726175907321,1.31133113102068,20.6909166753491
-1.45075127521995,9.99587131510594,7,6.44293703933584,-0.777731142965682,12.1477084543928
-0.905147847997664,11.630685995478,8,9.08607332402102,-0.656055015226258,12.545174282522
0.629819065615042,17.9117175417337,19,20.529210230223,0.984465113560618,19.4644412346662
1.35049810188126,20.8576484231584,21,25.8737569429263,1.82928329606085,22.0434017768781
0.269249567617196,16.2898855423255,14,17.4989935543981,0.370898927165585,16.7696093511393
-0.296162110389642,13.7835717720748,15,12.802255987244,-0.361173548949579,13.6143889587426
0.199755019463146,15.9762192592615,13,16.9102028985211,0.175824063689298,15.907494310748
2.06863065748707,22.5238346058991,21,28.0885507751622,1.40320146702958,20.9839584450864
-0.215329781533642,14.1227788016571,17,13.4277699291117,0.000193250098166618,15.1334545835897
1.20251502304704,20.3387686381932,18,24.983919823401,1.01947615596209,19.6078634028833
-0.711394025708665,12.253014207261,13,10.1158420675118,-0.537170393153654,12.9559637869615
-0.325009619948159,13.6656556229523,13,12.5868471501235,0.610459881929454,17.8350686473245
0.614105697853463,17.8410507557634,18,20.3973589952637,0.431598191302127,17.038642449968
0.589396336204759,17.7298947890328,17,20.1899433685789,0.396117624701775,16.8813088697907
-1.35511424403469,10.2732613944189,9,6.88727675823273,-0.9675761805177,11.5595512649689
-1.38031782600461,10.1997654206161,9,6.76933979024407,-1.43414978416726,10.2010919374617
0.917208382328179,19.1854531575671,18,22.8973430904202,1.01911865624779,19.6064112390659
-0.0233342927137386,14.9677197610291,13,15.0103255389386,-0.0122854128455701,15.0787539802653
2.61110812655145,23.2665710486434,23,28.5110447545785,2.05947617383593,22.4541967509673
-1.83551602925524,8.93093893889899,11,4.77043547036715,-1.55359847254819,9.86829215648164
-0.34047808712397,13.6031518060966,14,12.4731497184128,-0.892455733043438,11.7886590276846
-1.35877172476048,10.2625790096016,9,6.87012671959091,-1.39568029498681,10.3096255440248
0.30348671264537,16.4441248751682,16,17.7880174341442,0.421409033972453,16.9934367937605
-0.785323020451992,12.0112417898171,11,9.71284524380694,-1.06710164518928,11.261468772049
2.75561332405059,23.4394924658762,23,28.5709124935736,1.30009732813146,20.6534269299608
3.40868910673889,24.1645841810493,24,28.7619375885589,1.59473684579667,21.5178507580023
-0.0308663698062775,14.9338887349981,14,14.9465942223517,-0.771542996504024,12.1674597978958
-0.0224108998279305,14.9718695948199,14,15.0181440106453,0.319926793667008,16.5441050954891
0.542104013739709,17.5171244546084,15,19.7928749704594,0.465375923300323,17.1886436917361
0.0611002967625986,15.3487012052106,17,15.7285667736564,0.0654518947190606,15.4204345105541
0.912899617093966,19.1668869352237,19,22.8630820803189,0.768211384556984,18.5362886504715
0.85344819732617,18.9083607181159,16,22.3848001915915,0.494698288911399,17.3190376386254
-1.22127698533928,10.6679256891651,12,7.52260934351423,-1.1706336129907,10.956664848068
-0.787426911438086,12.0044497692026,11,9.70158571514739,-0.524394495623437,13.0016559453235
-0.180251216853469,14.2736139254003,18,13.7082393983875,-1.00404798751205,11.449667032388
-4.54457817101178,4.81459880000373,5,1.02299137173887,-2.18573624389409,8.24079615945862
-0.688526258632732,12.3291618723565,14,10.2437514418814,-0.732005091614352,12.2947460619958
1.02022781761872,19.6208596596418,22,23.6963083829538,0.830867868730253,18.8110410279815
1.41154436997107,21.0527686540063,23,26.1943488882978,1.39513934969164,20.9592128916468
0.359237536557001,16.6949662870556,18,18.2574414379996,0.593851885803874,17.7609661527331
0.614505615235937,17.8428495295508,17,20.4007153116092,0.363302593571719,16.7359821121183
0.049918376070174,15.2981193129453,17,15.6331899672385,0.125685927414895,15.6861195267487
-0.750547181744262,12.124186898434,12,9.90055312632565,-0.755869016684558,12.2176896952237
-0.346025430607854,13.580861847318,13,12.4326880426229,0.0125688589561189,15.1877693635938
-0.684861781867158,12.341430571805,14,10.2644081964324,-0.521541206814586,13.0119040963582
-2.16383494534194,8.09764259041589,5,3.51934210079675,-1.85997534088827,9.04909991341051
0.645751521502731,17.9833429535732,18,20.6628367112695,0.512636747866975,17.3988868212086
-0.341259918411716,13.6000062808443,13,12.46743708986,-0.604315982037884,12.720887585957
-0.291518302434452,13.8027147941273,15,12.8373339600241,-0.436284478950665,13.3256608383836
0.68702467775548,18.1686873843021,22,21.0085545295252,0.364033229812241,16.7392161215611
-3.16303701765699,6.27885209768939,7,1.47856317556981,-2.16374456674181,8.2931351246362
-1.24320912166536,10.6027586227809,12,7.41749045958708,-0.959050568691182,11.585356738455
-1.1807687420077,10.7887933571032,13,7.7177851221257,-1.55931762424444,9.85252731051307
0.276973038086714,16.324695599198,16,17.5642507178038,0.841806811107708,18.858628318071
0.143267651541454,15.7207030131796,20,16.429557636634,-0.0341618663924632,14.9830438505995
-3.45819417634703,5.92448003353223,6,1.31634928587187,-2.31479383108199,7.9415302303891
-0.948961638343263,11.4942050204542,7,8.86292104494272,-0.970351508221791,11.5511608948288
-0.744804490396589,12.1429670141597,12,9.93185527851793,-0.599996486156217,12.7357630287358
0.585180404493467,17.7109270974518,15,20.1545481349632,0.766050343889599,18.526755925748
-0.35940592220864,13.5273719980943,13,12.3357780478504,-0.443867695258674,13.2971533065037
0.918526726825965,19.1911287935254,17,22.9078139454261,0.35165031565993,16.6844153489206
0.894043273491368,19.0853490911559,17,22.7124680524592,0.639105915467428,17.9628623879725
-0.741624264122557,12.1533836939922,12,9.94922920458054,-1.38224149340592,10.3476870549028
1.26957345522249,20.581716011344,20,25.4062827624574,0.88194418147856,19.0320484527061
1.38758645298498,20.9775474820972,23,26.0718709149413,1.60816738147779,21.5515275152205
-0.774496133271367,12.0462663715774,11,9.77095722195453,-0.895479939518894,11.7793550652738
-0.00809181341401746,15.0362816294741,15,15.1395225666773,0.132868882605652,15.7178273873953
-0.711372792681576,12.2530845892418,13,10.1159600580618,-0.887585461900037,11.8036578056256
-1.3276808703383,10.3535647934016,10,7.01628548028587,-1.59539389146755,9.75346348522683
0.0325303021068249,15.2195189369837,16,15.4849770454043,-0.487517975655426,13.1353499841841
-0.30975871115771,13.7277781423632,15,12.7001876923808,-0.115268982798571,14.6310205625313
-0.609492670886199,12.5982452719918,16,10.7001346835432,-0.402094082654133,13.4556609063201
0.959449157696807,19.3660601947544,20,23.2298865457137,1.07533745843805,19.8314321438095
1.44654931854827,21.1595167885819,24,26.3655037680123,1.31548276056782,20.7046807945646
0.287875566100133,16.3738179504174,15,17.6563107065919,0.269526360889216,16.3213638837241
-0.80098752083712,11.9607778560349,11,9.62926058636991,-1.1002928286638,11.1632157824599
0.0383062582455028,15.2456197491359,17,15.5341939205534,0.0079811831630779,15.1676275452162
-1.33090859847105,10.3441002934594,10,7.00107296654407,-1.58636100645065,9.77820495342522
-0.301863000996791,13.7601316284608,15,12.7593438827226,0.00991972885041174,15.176137576148
-1.83175336760494,8.94089570638412,11,4.78572695114198,-1.3199991531273,10.5249360099011
-1.97718605576969,8.56268518316624,8,4.2102070122725,-1.95495142103335,8.80648372904349
-0.873310240704645,11.7306705478431,9,9.2500291403971,-1.41470577493184,10.255870619319
0.225576719234388,16.0928626934098,13,17.1293213160402,-0.0448007899139944,14.9365954703223
1.34916223299337,20.8532519647439,22,25.8664294220692,1.34849789691409,20.8123854769985
-0.734328958755189,12.1773243496463,12,9.98919190710549,-0.740819935965654,12.2661990133304
-0.163614795554251,14.345821919742,19,13.8429185899319,0.109746727060251,15.6157724639535
-1.20975837480851,10.7022277860195,12,7.57797261866312,-0.979927223712198,11.5222487155571
-0.369869177062417,13.4858163954422,12,12.2606762228944,-0.0912683725520808,14.7346359382188
1.42633593564801,21.0983331849024,24,26.2678018114474,2.08226486161014,22.4906316261239
0.276488621119173,16.3225125870261,15,17.5601587881483,0.377092948716685,16.7970350300631
-2.04591853101984,8.38864876330443,7,3.94922050026873,-1.44002525517753,10.184571251954
-0.262078691021482,13.9250795618209,15,13.062221659735,-0.294108766323281,13.8816765656412
-0.852556801832911,11.7962524767429,10,9.35782254302795,-0.405073583008628,13.4442366708295
0.982080985664849,19.4616863718495,22,23.4053488983361,0.585002993441456,17.7214858852336
1.3301898329667,20.7902316549709,20,25.7609340452945,1.26274972703038,20.5262266682716
0.350919290415222,16.657558923112,18,18.1874806281573,0.197732946113491,16.0042499633571
0.610985191504356,17.8270147717854,17,20.371169164814,0.542187163500798,17.5305400434626
-0.704075711654278,12.2773074241936,13,10.1565934785501,-1.22285383362041,10.8046960244391
-1.92136624561459,8.70625152357118,9,4.42736742243412,-1.21775950468956,10.8194717456604
0.0760185416604379,15.4162159776888,17,15.8558600155764,0.141797295061496,15.7572444515318
-0.710940613164642,12.2545172794833,13,10.118361969316,-0.98405850535161,11.5097925433627
0.611438227380812,17.8290525590649,18,20.3749715110438,0.371471086332624,16.7721425020607
-0.0338126014901327,14.9206650046649,14,14.921687215023,-0.629488801397818,12.6348394325169
1.92975069087536,22.2888670105313,20,27.8754382600226,1.66229867417673,21.6825729422582
0.000759865784264705,15.0761516533107,16,15.2146727844018,0.0158372249979989,15.2021237435103
0.585054451007431,17.7103604210807,17,20.1534906629737,0.313065417901098,16.5137710834614
0.0498079415656742,15.297619880966,16,15.6322482195429,0.247904662378669,16.2258478786007
0.69831649906297,18.2193238164041,20,21.1029728293284,0.690329443577217,18.1910892731234
-0.303285477635144,13.754293330366,14,12.7486625805737,-0.0175229340948927,15.0558169789255
-0.317425359460004,13.6964878115486,14,12.6430583958587,-0.696424368950213,12.4110314674157
-0.955200812391157,11.474866360768,8,8.83135543196931,-0.585730004870946,12.7851290823905
0.595971512911796,17.7594759586451,16,20.2451433159466,0.196865830202375,16.0004204101912
-0.00609073051961137,15.0452916867365,14,15.1565043300621,-0.231829775410667,14.1372304682568
-0.731117000249765,12.1878851522577,14,10.0068348984051,-0.781259800772629,12.1364653504981
3.70448034956824,24.4717007435447,24,28.8310875450011,2.04068109613233,22.4236517351649
-2.96185757232229,6.55058475076865,8,1.65652837361489,-2.30445953699376,7.96495471947626
-0.786421083130911,12.0076963384778,11,9.7069673587179,-0.738868642408034,12.2725096996037
-2.14896629560922,8.13376260119037,5,3.57217720679859,-1.92723747772035,8.87670636184656
-0.742679427404206,12.1499262417826,12,9.94346160463476,-0.707883683639212,12.3733896202311
-0.739210345750577,12.1612983186112,12,9.96243561747031,-1.02346904071111,11.3914720549118
0.807709146103098,18.7069390682368,15,22.0109012265285,0.941255328859615,19.2842834539757
1.19089071441887,20.2954015691156,18,24.90765059424,1.15686512992968,20.1447820746232
-3.06422463402801,6.40835537461999,7,1.55669655841951,-1.71948564101412,9.41804355165449
-0.29512042221504,13.7878620564089,15,12.8101150366684,-0.468194855126612,13.2064972138989
-0.751449880824314,12.1212382852159,12,9.89564090534642,-0.553731842007682,12.8972017014776
-0.669931072326042,12.3916159325597,14,10.3490496084909,-0.945183794923411,11.62743079819
1.00877992335289,19.5733693469807,23,23.6096545157089,1.18159609181403,20.2365512816597
0.979941349855699,19.4526822308481,22,23.3888473174683,1.2886268595663,20.6147782529176
2.99386974653109,23.7129387445547,24,28.6508251622959,2.44789741902339,23.007205905867
0.350076544986473,16.6537687717996,18,18.1803913520181,0.711479332958038,18.285113966176
-0.0750539457695023,14.7362150801096,12,14.5745770949141,-0.179565702961962,14.3564474889858
0.301223901533956,16.4339361215451,16,17.7689346621927,0.641789251661189,17.9748296429719
0.34090353216592,16.6125102357424,17,18.1032098686585,0.00543183773816751,15.1564384358722
1.06991960137991,19.8240169355113,23,24.0652818769391,0.728677377293652,18.3614367979364
0.664579421180002,18.0679362285918,20,20.8206491149648,0.448222658369605,17.1124414179286
1.99474035720303,22.4022953178386,20,27.9835917098023,1.83081792016531,22.0464421520626
0.0450441673740632,15.2760786206153,16,15.5916289718483,0.708074774689329,18.269989793294
-1.23496689518696,10.6272263274563,12,7.45694922683911,-1.67482965134836,9.53776035570713
0.257151524693295,16.2353395697466,15,17.396704468116,0.723079783001245,18.3366101625033
0.587649614584376,17.7220362435618,17,20.1752787450626,0.805159890709657,18.6987267229079
-0.299714795437069,13.7689564714927,15,12.7754943995569,-0.482720586726322,13.1529431116105
2.61276120920787,23.2685868518024,23,28.5117982022794,1.59228782684187,21.5116589865511
0.251534460931076,16.2100058325593,14,17.3491823630949,0.0728829167159615,15.4531836100588
1.3491178038812,20.8531056521094,21,25.8661854925741,1.26950589606164,20.5495273813072
-1.76423352691977,9.12115013132842,12,5.06383964465964,-1.16107275567716,10.984612236133
0.995407355141161,19.5175893854586,21,23.5077023598528,1.06863540955901,19.8049711333298
-0.670565248882064,12.3894777752349,14,10.3454386403635,-0.497432396315779,13.0991387267775
0.58477809989669,17.7091170909722,16,20.1511704919762,0.532531332832275,17.4875067795069
-0.653477554753348,12.4472990186967,14,10.4432425310554,-1.03965334064248,11.343134576733
0.308705309343793,16.4676200177325,16,17.8320171210339,0.390450590031813,16.8561994768294
-1.40015007357182,10.1421266864887,8,6.67694656439555,-1.28927245503694,10.6130136518402
0.361910762400958,16.7069867670382,18,18.2799197501906,-0.401621527643729,13.4574744839886
-1.82400887859201,8.96141835803119,11,4.81726893649351,-2.07442220109769,8.50925105141023
-0.923127337096903,11.5745313205744,8,8.99417352935682,-0.783272962070398,12.1300572899937
-1.9445574151141,8.64636452676361,9,4.33658381904478,-2.00492802511556,8.6810525464471
0.72312611728923,18.3304307931812,22,21.3100833223319,0.728159866166037,18.3591421504269
1.31390055227337,20.7352632388053,20,25.668243152849,1.53349899851444,21.3582179123076
0.0538137915688934,15.3157376668001,17,15.6664115684531,0.104731203189327,15.5936413608052
-1.27170805608309,10.5183657824448,11,7.28147834050694,-0.794714215678862,12.0937246614222
-0.688885408226852,12.327960444192,14,10.2417293364536,-0.250732611019469,14.0589710125897
0.357538108879078,16.6873243429564,18,18.243150271419,0.665248456138599,18.0794091435645
-1.92570145829117,8.69503065591463,9,4.41033625275623,-1.25868220422927,10.701075848847
-2.86687443971649,6.69146929821281,8,1.77059570033192,-1.54222295081766,9.89969682286748
-0.705002893672101,12.2742257358526,13,10.1514211812044,-0.112391628284599,14.6434140624692
1.96489811744735,22.3510277807679,20,27.9359195666875,1.56966704100502,21.4537172687953
0.28101493736435,16.3429088807506,15,17.598387926589,-0.126140927049326,14.5842672760038
-0.763577703091702,12.0817125233365,12,9.82985584563617,-0.526970647224153,12.9924168959326
0.885606072479485,19.0487204870847,17,22.6447344365099,0.283453833600639,16.3828997817415
-0.0300006794767338,14.9377753008068,15,14.9539150472413,0.107234186388258,15.6046855083393
0.330588799230372,16.5661069683114,17,18.0163824803828,0.382991126850907,16.8231561468269
-0.561794325921771,12.7656889611343,17,10.9879100844141,-0.566196617013156,12.8533183289215
0.612459595261113,17.8336466951263,19,20.3835437569895,-0.0653496524006197,14.8470881786315
0.248920478663902,16.198214586453,15,17.3270607415121,0.368943449908754,16.7609521182433
1.26143389412667,20.55290081783,18,25.3566616932199,1.18620490132466,20.2534768616557
0.616469707749264,17.8516835831741,18,20.4171985968227,0.826332748960905,18.791275072111
-0.8306785975809,11.8657664185988,11,9.47232049898917,-0.752605947410585,12.2281840114909
-0.630899851177295,12.5243878417598,15,10.574148217314,-0.430621361382718,13.3470273060277
-0.671872806431016,12.3850711383573,14,10.3379979755877,-0.66509307841076,12.5149266100926
-0.329468486444604,13.6475860579193,13,12.5539422142349,-0.622546148122253,12.6584635958611
0.34233217470714,16.6189365048892,17,18.1152325298976,0.299591897830229,16.4542160534354
-3.20374240053373,6.22737953337418,7,1.45064065443005,-1.65349019919602,9.59536786916047
0.9817251474988,19.4601894528396,21,23.4026058413726,0.465182925542775,17.1877859940771
-1.02588761869505,11.2572745318799,17,8.47697258139791,-1.25219758594737,10.7197917820821
-0.69820550029148,12.2968449359397,13,10.1894045087425,-0.148838307879073,14.4870669410074
1.31000510883968,20.7220009968176,21,25.6457896047252,2.03396762213529,22.4126290524526
0.0721774419711643,15.3988296918231,18,15.8230814454236,0.0445764606208424,15.328497913052
-0.35573156406811,13.5420217906217,12,12.3622931788662,0.371821676065233,16.773694710229
1.25637883844682,20.5349098545765,20,25.3256114653275,1.54508140354912,21.3891874267323
-0.277330184486646,13.8614724575512,15,12.9451810820715,-0.252896397087325,14.0500500576661
0.595010013395678,17.7551503348531,17,20.2370715570491,0.160323049193281,15.8390430460456
