"Est.Theta","Est.ExpScore","SimSum.Score","Scaled.Weighted.Score","True.Theta","True.ExpScore"
0.194923905952505,11.0260116176506,10,12.4570820615167,0.381324804151514,11.8838583312323
0.416797613047076,12.0392707181956,9,14.7507557761553,0.271291043817294,11.3948940938186
-1.61144166328089,5.56539507773198,6,1.45549219151677,-0.177633660823476,9.06363929213367
1.69744688835767,14.4755285862934,14,18.5803982310801,0.672819570627091,12.8836622534826
-1.0454946695274,6.27015930766707,9,2.13492085825785,-1.4113830142685,5.86340574467318
0.449121125843517,12.1663142500024,10,15.0278247098863,0.216044105800132,11.128529418839
5.41158885638789,17.2515555297318,17,19.3439886703373,0.716075470881254,12.9979155991479
1.27446960729693,14.0111125266614,13,18.2415340047904,0.554741795154955,12.5294489384415
2.07125366759093,14.8232153157544,15,18.7255673173977,1.66843935749107,14.3991348154161
-2.34476143757001,4.89616035613488,5,1.18804483160491,-1.20585659024231,6.10966968771338
-3.69215610934939,3.83740486763797,4,0.918305332623743,-0.611315266681247,7.29275116037309
0.535598760487255,12.4793810618113,13,15.6947778693447,0.983805933410876,13.5584995570932
0.20609081960231,11.0822763032602,10,12.5871531016089,0.0739663209774089,10.3962080581475
-1.6543856939943,5.52216624532811,6,1.43079515050917,-1.28648700614095,6.00779306626555
-3.59010652421921,3.91202616323937,4,0.936467393127215,-0.774761313133551,6.85898519215783
2.41839627483437,15.1237829025991,15,18.8176914217008,1.90606943105987,14.6173032855952
-0.0330060772985434,9.81126429086541,9,9.6174979720887,0.00141523031005086,10.0076068533371
-0.193150133630812,8.96190207705363,11,7.63319591160507,-0.217597826281847,8.86381069975215
0.0524657957505162,10.2759249437971,13,10.7078183255541,-0.20200743281845,8.9410836448286
0.48386440693221,12.2967507481799,11,15.3086828593824,0.651003023757267,12.8230198976756
-0.531879560095067,7.50026214558821,7,4.3642865237524,-0.705715448668452,7.02874430455351
1.65372741729389,14.4322045226214,14,18.5573125925029,2.00916368444762,14.7075313573512
-1.73899652807727,5.43916974062685,6,1.38744030726012,-1.40553096691298,5.86986676379673
-0.457075053062799,7.77292090113531,9,4.94726861135785,-0.605547809061653,7.3101780235819
0.02949786403633,10.1513612203435,12,10.4156816400182,-0.0535455643807629,9.71271009416899
3.29252505870981,15.8273733733826,16,18.9982629337066,0.631209660833755,12.7661776946198
0.193537806967218,11.0189955763749,9,12.4408475056485,0.140560629568062,10.7462917419707
-3.57927021283634,3.92000387788294,4,0.93841084308775,-0.81803006172971,6.76154772046203
0.221975410193698,11.1614893946044,10,12.7698906611781,-0.0873233476482059,9.53287204416074
1.73226369344227,14.5095233530189,14,18.5975543266038,2.17316073130372,14.8472509491468
2.149678703138,14.8925288754605,15,18.7485879744526,2.9185053244431,15.445180365262
0.0425681859130204,10.222306903627,12,10.582097599393,-0.130087964364047,9.30810571539718
0.0137867887596141,10.0659298201151,11,10.215213609353,0.36704169403254,11.823761440601
-0.467604501652634,7.73277323272226,10,4.86031058457862,-0.68307965989584,7.08852939445847
-0.50529354147002,7.59383497807599,9,4.56225511639922,-1.08119150829093,6.28502634592425
1.72169746466537,14.499251528259,14,18.5924541822759,2.12971919523018,14.8106339120684
0.0386840288056013,10.2012387052881,12,10.5326854468045,-0.143616799874138,9.23788849172857
-2.34509607077914,4.89587637901821,5,1.18796269819607,-1.76717692472018,5.50814477485978
-2.25180515409057,4.97555935900012,5,1.21154906907325,-1.38686705522982,5.8906551929914
-3.50585266165342,3.97432544832413,4,0.951654560148669,-0.789393802364976,6.82530203405111
0.166444249482125,10.8805026063534,9,12.1197535888331,0.460952369694154,12.1995844011584
-2.22673458340135,4.99715733695478,5,1.21814940705868,-1.28378795262974,6.01108089909866
2.26569354691529,14.9934530894066,15,18.7799651878246,1.41334195315355,14.1387510889147
0.489182639170132,12.3161607472994,11,15.3501335996713,0.377360484459421,11.8672826649829
0.459742952373993,12.2068627138093,10,15.1155486784159,0.218199419426132,11.1391526834077
-0.629473348394658,7.18702434841257,5,3.72130346935323,-0.522388932213874,7.57928221669899
0.527492176090115,12.451667430021,12,15.6367805992026,0.679182734318537,12.9009614468096
-2.46485852542081,4.79503623588607,5,1.15951736776746,-0.637793334376169,7.21471980018164
1.60366298187053,14.3816239174195,14,18.5285004167947,0.48053701986253,12.2721889832844
0.50983975733162,12.3901642906517,12,15.5072903427758,0.032105855829372,10.1724572346372
3.60230298983696,16.0608756313072,16,19.0553827080739,1.60371396592206,14.3363129188274
-0.280865905421212,8.5302052122298,7,6.63922998492276,-0.657250715834969,7.15940091823295
1.3911528309769,14.1518225242636,13,18.3678053765404,1.59005922346417,14.3228203505431
1.17736517790944,13.8826961505739,12,18.1062083135359,1.08926947833038,13.7271109047828
-1.03836984264748,6.28173224609769,9,2.15074889701013,-0.964969255268775,6.47415833815395
-0.609568624503754,7.24717582011541,6,3.84211123224049,-1.02985266673442,6.36506410743406
-0.200279339030579,8.92568256314765,10,7.54926952883615,0.159774327824014,10.8453119186331
-1.17918693411714,6.07013299994467,8,1.88455998154346,-0.279241174136057,8.56784987278548
0.33581229849738,11.6970063725262,16,13.9901190877709,0.414407472052091,12.0190290999074
-0.503357512031154,7.60079151818536,9,4.57706585774164,-0.33948663338537,8.29509238822723
0.20116687186486,11.0575242617083,10,12.5299589477229,0.0301908739321239,10.162183022673
-2.25748842525028,4.97067454458494,5,1.21006947991168,-0.935436699888786,6.52710779825132
-5.17879215366464,2.85769917650717,3,0.681138313976321,-1.73529535827594,5.53771612417388
6.36984092730508,17.7600275337305,18,19.4666953178848,1.79072175532143,14.5134907636267
0.505044889823951,12.3731829575033,11,15.4713547506256,0.628872377753666,12.7593487171954
2.09431708655492,14.8436988035963,15,18.7325139759593,0.085484250007387,10.4573804727839
-1.34272959756489,5.8598893830064,7,1.67131365775168,-0.131544425121773,9.30052360032291
1.73867245925179,14.5157351039344,14,18.6006040810747,1.78644251989938,14.5095708489447
1.82527473057781,14.5984153022016,14,18.6388657626989,1.60031332630175,14.3329609316508
1.40274023769329,14.1651336274803,13,18.3785930825824,0.618430389813954,12.728534164291
1.37891518196007,14.1376462907686,13,18.3561015444635,1.06093854877275,13.6840117300119
2.11871271212618,14.865273632459,15,18.7396970971326,0.00196434093838976,10.010558306928
1.3184623353507,14.0656973068393,13,18.2932137180991,1.0648168308635,13.690000728343
0.216388618122543,11.133741970091,10,12.7059331415512,0.34008401217138,11.7075245288262
5.12726486290188,17.084508383844,17,19.3036122151893,1.02642777730715,13.6294087085927
0.0407264462633077,10.2123187809796,12,10.5586728409505,0.112875686469206,10.6019015566557
-1.66874436009378,5.50788785533688,6,1.42296842342071,-0.335964629362043,8.31055697976863
1.30074877597781,14.0439601434594,13,18.2730482334981,2.04382119390265,14.7374133826038
-3.32452186615904,4.1105060516573,4,0.984956270956222,-0.847084027439453,6.69965743653226
0.231082627516825,11.2064521613634,12,12.8734015877789,0.0193249030292134,10.1038469719669
-1.60705420204332,5.56985828314607,6,1.45813123276631,-0.680574275651918,7.0952784688096
-0.559402770732099,7.40718451147295,7,4.16984158548168,-0.389791479786968,8.081010555204
2.27558842282106,15.0019802650059,15,18.7825190454661,0.271121086310546,11.3940945547705
1.4755904426877,14.2465285733135,14,18.4404213289879,0.847752562819749,13.3017348164217
0.51126126631858,12.3951759640972,12,15.5178811452904,0.335922724669435,11.6892586543708
0.499165843009811,12.3522003990777,12,15.4268463819811,0.275343362297618,11.4139195071684
-1.15319934027261,6.10670291533722,8,1.92695143821364,-1.59680626823167,5.67050165905025
-0.506975779986471,7.58780613635895,9,4.54942957956517,-0.397370862370747,8.04987405174037
-1.16861538339328,6.08488842328189,8,1.90147785579047,-0.458284449745439,7.81046025432174
1.03887432363927,13.675384418394,11,17.8478763960421,0.991544994904253,13.571676185126
2.12545082097627,14.8712164876029,15,18.7416527041088,0.611362666143063,12.7073914169806
-0.933056619107148,6.46595189848094,10,2.42067397774331,-0.447715334547664,7.85061661333757
-1.12916196490575,6.14145161519769,8,1.96866304530146,-1.36697753620983,5.91312660785806
-1.31393217440746,5.89474856218163,7,1.70308123026439,-1.09932560225108,6.25794329030059
0.23044125299156,11.203296744922,12,12.8661426402821,0.292399166652785,11.4931822292468
-0.510076770354545,7.57673114180646,8,4.52589368194759,-0.659569464192938,7.15292036200687
-0.260211865759615,8.62895433539337,8,6.86523269238364,-0.729693702501868,6.9676945913204
0.57105376810567,12.5967273542822,14,15.9377472592138,0.562493158467872,12.5547264361537
0.239210900205205,11.2462935125052,12,12.9649846937408,0.169619631138943,10.8956285474697
-3.63793132248367,3.87694095075026,4,0.927924483230501,-0.918258729345614,6.55893856198434
-0.249850514366965,8.67920088891674,8,6.98057231709651,-0.630982567551896,7.23448472555794
2.03196108909774,14.7881137605797,15,18.7133568980798,1.71522913071579,14.4434990687899
0.434500546968417,12.1095307736383,9,14.9043881997355,0.645740497574937,12.8080784886637
-1.63917137245015,5.53738924079602,6,1.4393190617471,-0.340220883476612,8.29187613250853
-1.05309895696738,6.25792037826141,9,2.11833535841276,-0.335796174132641,8.31129817588387
-0.609346354953472,7.24785801108151,6,3.84348928621241,-1.09839667096062,6.25931640425127
2.52470461826387,15.213041096685,15,18.8422283443043,1.81000786993851,14.5310918856643
1.17584166654402,13.8805829962543,12,18.1038202510947,0.530930812823848,12.4499353055551
-0.44061238800182,7.83686269694868,11,5.0864713139599,-0.129614208537412,9.31057316625186
-1.25935450057066,5.96316955273504,7,1.76956502588669,-1.70645494572274,5.56475885475096
-0.509802924221548,7.57770716363624,9,4.52796657466623,-0.437099203024122,7.89153705332648
-0.542783462690862,7.4629300935792,7,4.28598706957403,-0.47523278869606,7.74727863394648
0.0613274571012474,10.3238355149125,13,10.8201297882809,-0.220659275591583,8.84874484404599
0.554067608880649,12.5412863687536,13,15.8234969813106,1.04804979440425,13.6638984717896
-0.255432580855625,8.65207352396401,8,6.918274705006,0.251700945663154,11.3019030674615
-0.540589175844674,7.47039426855984,8,4.30160975764535,-0.284538969616999,8.54318140977221
-1.04832795507008,6.26558569509094,9,2.12870443491756,-0.778866045415242,6.84945894568317
-1.78147975610485,5.39844400901184,6,1.36792860634564,-2.08895246022567,5.22397404219572
0.251513341223766,11.3060632723752,13,13.1021218642144,0.28260587458415,11.447832164419
1.29532733721023,14.0372434217796,13,18.2667063763361,1.38659121096883,14.1090354353095
1.5914902648882,14.3691549075391,14,18.5210699118678,1.6661234964621,14.39691734081
0.185604492791223,10.978706286387,9,12.3475591688931,0.311778554710495,11.5816073297811
-0.495205529058542,7.63029681002816,8,4.64002049834897,-0.420752816044614,7.95569251798834
3.71133525772592,16.1410720796999,16,19.0749185635802,1.39982341805153,14.1238057647776
0.557966634101301,12.5541381360316,13,15.850070089718,0.463851158806713,12.2104563374301
-0.604508408051021,7.26276469673574,6,3.87364466638716,-0.935503656820762,6.5269852454448
-0.22797671461357,8.7867612703815,10,7.22818283742447,0.263542608612587,11.3583131272027
5.23878671035995,17.1509252644894,17,19.3196691443169,0.603908411486829,12.6848399366672
-1.15322093234351,6.10667210925607,8,1.92691507453916,-1.0737982025504,6.296239725153
1.27363113438734,14.0100522227899,13,18.2404957657596,0.525518951170747,12.4314667996501
0.467507749152119,12.2361300936753,11,15.178639286399,0.84661720081785,13.2993695443717
-0.0367467771271099,9.79093468230877,9,9.56979382724981,0.235882343560607,11.2256234465355
-0.840476416817017,6.65181681879216,11,2.72355677554614,-1.18191952170802,6.14150725328603
-2.92011907091812,4.42442843092185,4,1.06273876487717,-1.55485137405417,5.7123936006414
-0.534301271229589,7.4919186655202,7,4.34675207921474,-0.301343463363374,8.46578684025596
-1.3651734181792,5.83326308931736,7,1.64799227132022,-1.12725500425013,6.21734977320302
0.288434414940476,11.4814128106536,14,13.502500320242,0.484349694364669,12.2860923986709
-0.44919225549319,7.80335964744375,10,5.01342859951732,-0.705979857655197,7.02805846838737
0.253199532600635,11.3142045563701,12,13.1207768011517,0.0271891455529499,10.1460737748155
-3.58831217156692,3.91334645598508,4,0.936789003959414,-1.17249641994611,6.15426100199408
0.0135395459925239,10.064584467469,11,10.2120562258347,-0.335791450948668,8.31131895971618
1.67292131459435,14.4513164462623,14,18.567670028367,1.03854869460192,13.648860606528
-0.248666484897984,8.68497207815978,9,6.99383392408139,-0.549600386379482,7.48748105730259
-1.16735939971284,6.08665237354572,8,1.90351727706097,-0.778275018469829,6.85082685394247
0.291326078698944,11.4948815768763,14,13.5331229922891,0.103532431304843,10.5527721028404
1.31460107243456,14.0609857194858,13,18.2888891842061,1.932204792297,14.6403818290392
-1.63730249619873,5.53926601030511,6,1.44038299976795,-1.49904033637951,5.76958810473513
-0.96260865252162,6.41160248602058,10,2.33766163751472,-1.36728394023173,5.91277785616093
1.01117607941035,13.6296793983194,11,17.7846633431303,0.832748037929506,13.2701459261969
-0.493325306645657,7.63715117510031,9,4.65467667694276,-0.849819187315667,6.69397021662666
1.44230340653833,14.2098061882002,13,18.4133927936901,1.02905554542975,13.6336516619394
-0.500672196622702,7.61047259393447,8,4.59769785356151,-0.621409116479081,7.26262442542991
0.4138229405787,12.0273029853112,9,14.7244920620228,0.143661618514247,10.762343315469
0.840471611369473,13.3070482777685,9,17.2830172058483,0.915616886476488,13.4360962216694
-1.62267977274676,5.55400345702664,6,1.4488333380692,-2.06644751447377,5.24318752469846
-1.31637560554389,5.89175913111445,7,1.70030159927054,-0.332932978392394,8.32391749203018
-0.274521626114803,8.56033409884214,7,6.70808599835098,-0.493590963433261,7.68051935192094
3.93273692328098,16.3006771174139,16,19.1137241327679,0.634829160452548,12.7767039660819
0.470770541367965,12.2483341378417,11,15.2048891655222,0.37502213972703,11.8574678674244
-1.54247735459863,5.63665062363082,6,1.49973850890098,-0.814766567720595,6.76867241809291
1.38043469710412,14.1394132455287,13,18.3575725008962,0.928173385404935,13.4595285013562
-1.63870916184206,5.53785326268583,6,1.4395818455623,-1.44298078426737,5.82896856066673
-3.25241601901054,4.16544916149196,4,0.998445764045945,-1.54137457610968,5.7260435694839
1.51236509805945,14.2862651519086,14,18.4681262604865,1.29533261141826,14.0029272619776
-0.233757235989478,8.75814547392919,9,7.16221761642067,-0.460268726265519,7.80298597402621
-1.59232715580097,5.58490619456001,6,1.46715591378793,-1.11992977806314,6.22786947103383
0.180086738913664,10.9505534426117,9,12.2823113248409,0.230369271972858,11.1987973389302
-0.223976217517692,8.80664359785639,10,7.27405224070768,-0.091968439248225,9.5082787196277
0.173226726590652,10.9154064954872,9,12.2007862047403,-0.211426788038464,8.89428829642928
-1.57335815773318,5.6044447532041,6,1.47917204371933,-0.748865667738622,6.92051018264966
-0.493322589000197,7.63716109563477,9,4.65469789651536,-0.657051157232523,7.15995975795062
0.242428283305571,11.2619871799427,12,13.0010228631677,0.041464870200671,10.2226331135995
-0.252091207711035,8.66829566575562,8,6.95552098540736,-0.372000561982279,8.1552560068604
-0.219661016005528,8.82816076063589,10,7.32372620795119,-0.298986068071371,8.4765648552034
-9.63538643676635,1.05347093213627,1,0.247991550995212,-1.6386673220644,5.62953850554166
-1.37001580284914,5.82757754944301,7,1.64311722829046,-1.11985403482653,6.22797870895096
-1.64262075909863,5.53392924746024,6,1.43736516782398,-1.96698298008795,5.32912987440113
0.223913573454697,11.1710863699789,11,12.7919977638278,-0.0899866001601511,9.51876682938135
0.548768015198073,12.523697131426,13,15.7870437868443,0.688756536640265,12.9266650080259
0.512712374599102,12.4002813050433,12,15.5286628849244,0.313683419424705,11.5902029501253
-1.13689758484335,6.13016857461475,8,1.9549675438465,-0.615707943003907,7.27958244214084
1.41109975799392,14.1746709903285,13,18.3862032392835,0.584359026159879,12.6244496510198
-1.34785055258711,5.85377356856732,7,1.66588508639587,-0.929295443501764,6.53839799932868
0.491524810878381,12.3246624072785,12,15.3682596528405,0.0800229633472781,10.4284015140704
-0.532082966060464,7.49956020508454,7,4.36281057925208,-1.12856385653835,6.21547941985568
0.00439022247327947,10.014786235119,11,10.095178883285,0.307043306281347,11.5601647231836
-3.9813158522592,3.63099961656154,4,0.868184790761289,-2.360301679434,4.99768752514968
0.499016969453054,12.3516667484664,12,15.4257128996059,0.827457941012505,13.2588360760861
1.15331532229496,13.8489451535062,12,18.0674496604762,2.54784489749695,15.1540536454885
0.22325385774178,11.1678214296563,11,12.7844776213189,0.679232161748659,12.9010951457797
3.84461346429259,16.237674156244,16,19.0984157158223,0.956546396593021,13.5109622781534
-1.03669880198158,6.28446153887437,9,2.15450210099613,-0.954121982032288,6.49335294937719
-0.60000352087662,7.27674529875893,5,3.90200101412078,-0.565562468562266,7.43534604122833
-0.0431470917017241,9.7561734169597,8,9.48823464591676,-0.195370995312239,8.97424762785589
3.30880527237749,15.8398509378781,16,19.0013276680518,0.969015933853573,13.5329288866604
-0.575638305716059,7.35405587546717,6,4.0600578786591,-1.31472718447219,5.97385418183922
-0.0568159615047928,9.68205294585395,7,9.31437780384192,0.00661956239311777,10.0355791676272
-0.58202595112397,7.33350901452924,7,4.01784965620558,-0.423101897520709,7.9463874062544
-0.0226035640857097,9.86783972284692,9,9.75027081254856,-0.287816318368918,8.52798490573893
1.03012378743669,13.6611169738044,11,17.8283746696296,1.29157368173737,13.9983818767103
0.568589419107979,12.5887718936513,13,15.9214150343773,0.412855744712205,12.0128155488178
-0.297538202977194,8.45191259522544,6,6.46073212800306,0.0187892226062569,10.1009696611675
1.14952492836933,13.8435474763789,12,18.0611290228869,0.779307187877231,13.1515612421746
-0.244231556767692,8.70664150555909,8,7.04365309441567,-0.0586446951342,9.68546428902164
3.99313523935339,16.3434553213434,16,19.1241123550937,0.519481519254766,12.410688791257
-1.35811688022757,5.84158544324785,7,1.65519453831454,-0.409622700138851,8.00017061219685
-0.477897961197209,7.69408911195497,9,4.77686314838104,-0.106423582018698,9.43200575587791
-1.64501717771365,5.53152846598853,6,1.43601516302752,-1.64774776918734,5.62075438227512
1.65072499075184,14.4292014385057,14,18.5556593116186,0.876523837870967,13.3603480542695
3.32146202158832,15.8495357042272,16,19.0037052253909,0.998803778282657,13.5839109210905
3.6669221112278,16.1085311894266,16,19.0669952326835,1.08509681688668,13.7208562259286
-3.57927021283634,3.92000387788294,4,0.93841084308775,-1.73464368416568,5.5383240310794
-0.191052229377456,8.97259467228602,11,7.65798796356038,-0.367004761483162,8.17639530161031
-1.56899677149634,5.60896279210778,6,1.48199953327974,-1.5489931630225,5.7183150457417
-1.6520492149576,5.52449770064137,6,1.43208848995396,-0.953471743989111,6.49451279492452
1.14809306276301,13.841502750408,12,18.0587259258665,1.46302738563904,14.1925063428961
1.11901624468294,13.7992854317344,12,18.0080434124475,2.1375154171938,14.8172246984518
-6.74267776530392,2.04538284067143,2,0.485456090931429,-1.06151032302578,6.31510349700592
0.22702419663898,11.1864571662947,12,12.8273900467802,-0.323249651148786,8.36689364763573
3.36606929459969,15.8835590023901,16,19.0120498830368,1.30806601395769,14.018214804721
1.3313153114067,14.0812761493496,13,18.3073307621063,1.44944972707758,14.1779918822144
-0.18747838028418,8.99084515781563,11,7.70031987982311,-0.370016416730363,8.16363655069681
0.0429463998473713,10.2243576364167,12,10.5869069151561,0.36521827046869,11.8160145444722
-1.68286767643679,5.49392430965399,6,1.41546758530795,-1.57219580202388,5.69496764993874
1.69148905656958,14.4696677614612,14,18.5773549729582,1.17200576702194,13.8450714084015
-0.499805121948868,7.61360656415133,9,4.60438197546195,-0.703899933889906,7.03346118892229
1.5970011080557,14.374808567667,14,18.5244555832978,1.05660029899863,13.6772780475688
4.75515657908871,16.8545158315803,17,19.2479738401826,1.33972469801689,14.0555181716025
-0.42283646853594,7.90751117287916,11,5.24122824565758,-0.680574275651918,7.0952784688096
0.244142172543949,11.2703292039509,11,13.0201704218319,0.358555996313496,11.7875664813285
-6.67680033518013,2.0752678807329,2,0.492639212104717,-1.22698588435337,6.08220395674122
0.6021311825471,12.6945330862114,14,16.1367430090515,1.23504444879835,13.928120962418
-0.217885892777939,8.83703325478368,10,7.34421880107038,0.140561270698582,10.7462950633275
0.967291565476761,13.5538389883018,10,17.6751535832028,0.458023630350901,12.1885557809852
-0.222699576380444,8.81300178844999,9,7.28872706807227,0.0531001086167441,10.2849083680678
-10.2999848575231,0.899526658982018,1,0.211351087320355,-2.32649790984394,5.02540387264717
0.459316951547409,12.2052478696688,10,15.1120619937078,1.10276592557999,13.7471289282993
10.3404607168156,19.1024126956735,19,19.7886489126796,2.60992262255405,15.2035842094578
-3.65347461835242,3.86558152290884,4,0.925159954113486,-0.807141293509116,6.78545926750751
0.163776386773386,10.8667323317465,9,12.0877657588896,-0.161855386060903,9.14402759141929
1.55228555847955,14.3285010355223,14,18.4958936543586,0.637216401462603,12.7836140740225
-1.62358228864451,5.55309110490365,6,1.44830476735177,-2.01186589797219,5.29013120757086
-0.245182490065995,8.70198818580506,8,7.03295155658232,0.101760909903042,10.5434364741973
1.1472085457987,13.8402380793502,12,18.0572372039611,0.528449575115371,12.4414861786896
-1.62472161866363,5.55193988087488,6,1.44764421287345,-0.78292544865971,6.84009748769614
-0.214602577724482,8.8534761054218,9,7.38221129092948,-0.42087732000379,7.95519861643076
-4.95597538028003,2.99152718192574,3,0.713454243758157,-0.510024711616133,7.62222904854427
1.34358902974142,14.0960064927798,13,18.3204230072039,0.663263276624699,12.8573546839411
-0.240650891813391,8.72419715492991,8,7.08404298316555,-0.0580654992312546,9.68855757143933
-0.00722706657414776,9.9515365869703,9,9.94671966716282,0.0275632991500132,10.1480820105368
-0.0286561345406042,9.8349154508624,9,9.67300054992058,0.555545059126904,12.5320821697396
-0.263468257401457,8.61325906390936,8,6.82925058639204,-0.764690751469817,6.8826164993646
0.491860677304451,12.3258792092352,11,15.3708524635893,0.213387893044138,11.1154128955049
4.63544236043387,16.7777800679968,17,19.2293979206588,1.48193017206753,14.2125067156485
-3.36620166427298,4.07895168683227,4,0.977224714734184,-0.972305691379754,6.4613385606071
-0.5289761161648,7.5103047459224,8,4.38541807657632,-1.30852541488032,5.98123677209326
-0.498859391547274,7.61702928523825,9,4.6116847783618,-0.551920731868716,7.47982424850325
1.04347631846536,13.6828257689312,11,17.8579634187356,0.936842543181245,13.4754629082781
2.71387929025957,15.3691919811988,15,18.8834525099722,2.29165987246542,14.9459037172373
5.21305680235683,17.1357044804493,17,19.3159897772173,0.908733390804236,13.4230697617914
-0.5693113107868,7.37460511091831,6,4.10241168909308,-0.0986680401420316,9.47287743332319
0.216535777434184,11.1344744395421,10,12.7076222292495,0.0769615813035583,10.4121360857978
0.586075303803748,12.6445818066649,14,16.035535300342,0.807264365419233,13.2148132370405
0.502463278865835,12.3639910265289,12,15.4518709721869,0.417423273202009,12.0310694432395
0.267119565877621,11.3809344307092,13,13.2734484505431,0.465947249657986,12.2182905510467
2.70767555286064,15.3641230743873,15,18.8821402499847,1.20601682140907,13.8905407969421
0.654604759447434,12.8494260724404,15,16.4444094773685,0.41019893232714,12.0021479094936
-2.22059231837116,5.00246136309049,5,1.21978536226306,-1.09479899294574,6.26464870629305
0.0468897337447079,10.2457305717801,13,10.6370261208181,-0.311142079822229,8.42126860199621
1.43101654703883,14.197179808016,13,18.4037736430833,1.61068693467064,14.3431692874836
1.23199164026422,13.9563836108463,13,18.1862233291543,0.406798461638199,11.9884409124732
0.479751925508023,12.2816405141379,11,15.2763504343337,0.501359775511509,12.347209014145
-1.3153349524884,5.89303158929782,7,1.70148348067946,-1.20661388392632,6.10867518470756
-0.464843240959224,7.74324515197819,10,4.88295815876755,-0.730170111887996,6.96650480448458
-1.6206084279287,5.55609876688567,6,1.45004989983251,-1.47245197099787,5.79749238116776
0.232172689754508,11.2118111290904,12,12.8857278796576,0.145983824597942,10.7743464693344
-0.0254116712698474,9.85256237637566,8,9.71441546793365,0.381025232448056,11.8826085683029
-1.6983064834912,5.47874857431153,6,1.40748268771543,-0.932394379155343,6.53268853443711
-1.14417381845382,6.11964316684559,8,1.94232284624867,-1.04203386690232,6.34560210568187
-2.27220290994563,4.95804628335587,5,1.20626612809376,-1.58863776427711,5.67858935668139
0.573895187642717,12.6058632885945,14,15.956476707291,0.81812729944398,13.2386640180888
0.00975238811359914,10.0439743646554,10,10.1636854175466,0.216294147992082,11.1297627569261
-0.00546674033070703,9.96112078714083,9,9.96921593956835,-0.159404951593238,9.1565816223471
-0.256564039771073,8.64659127631736,7,6.90569257961984,-0.41488986792261,7.97904179941852
3.22541518397341,15.7756994708535,16,18.9855504393203,1.17741756120472,13.8524154684937
0.444730223455585,12.1493789646777,10,14.991081119536,0.890729900697712,13.388377134413
0.541264262843621,12.4985527215975,13,15.7347662596405,0.30143222567066,11.5346184714945
-0.55879086615088,7.40921246308011,7,4.17405001954105,-1.60313506758505,5.66425731454775
0.287742887839539,11.4781859943451,14,13.4951608743392,0.152793492840636,10.8094575146033
5.04005200171174,17.0317618765357,17,19.2908569686087,2.25760124429563,14.9177220086124
-2.08533517985142,5.12061589034703,5,1.25801236353288,-1.04912134636577,6.33441688209487
-1.30680967343871,5.90349720744032,7,1.71127581700027,-1.0931730478981,6.26706611935833
-0.637802579787085,7.16239910158075,5,3.67225891133055,-0.810175452410727,6.77875607895132
-0.539696089551301,7.47343920717981,7,4.30798759426738,0.0110293506585611,10.0592782259918
0.0739234532827571,10.391752363163,14,10.979240357099,0.391833116296568,11.9274057355784
-1.2042598816507,6.03577175600519,8,1.84614971521882,-1.08171062281837,6.28424279676971
2.30443127029824,15.0267687515706,15,18.7898682162754,1.11093070314506,13.7590846011339
2.28888339096389,15.0134187890419,15,18.7859238491881,0.544362650346252,12.4951368437359
1.37265796435823,14.1303496996701,13,18.3499904054109,2.11715484470755,14.799993874561
-1.33578780077396,5.86821906151811,7,1.678776619729,-0.660411573298668,7.15057262621356
-0.191307525358602,8.97129265652516,11,7.65496871416879,0.138585176360282,10.7360527436991
-0.207147287122185,8.89096447539518,10,7.46890139187298,-0.0587982069800835,9.6846445020664
0.504793427697218,12.3722891251984,11,15.4694611091477,0.384303851604848,11.8962613822322
2.39578450517704,15.1046477195823,15,18.8123097914301,0.461157987885799,12.2003570130215
-0.488239274957396,7.65578475676798,9,4.69457780985313,-0.322985870937824,8.36807074057127
2.31503345571725,15.0358557949212,15,18.7925355753914,0.836250420359675,13.27758386017
0.621778763472839,12.7540060055662,15,16.2560225454815,0.306743108967271,11.5588017476983
0.244467280718074,11.2719101914387,11,13.0237986000018,0.490755736486848,12.3092839103841
0.605279796032339,12.7041853349574,14,16.1561937961297,0.565974631830687,12.5659835648846
1.03499050467561,13.6690712028264,11,17.8392731849171,0.722651114822843,13.0146128885812
-5.27812353095541,2.79952240748218,3,0.66709649194512,-1.04464473419929,6.34147001075305
3.58631673928026,16.0490295220653,16,19.0524942740312,1.26667011997368,13.9678801602456
0.0160667695621372,10.0783350664201,11,10.2443267034967,0.217307220996374,11.1347573119772
-0.533337437037858,7.49523576871603,7,4.35372083338944,-0.865769637771498,6.66126609380838
-0.262085896516625,8.61991613111232,7,6.84450948064013,-0.915880095390572,6.56340824204484
-1.00840567032198,6.33156425612075,9,2.22048418952561,-0.549434886959305,7.4880282020969
0.59326167225203,12.6670910689514,15,16.081254137764,0.367523665258867,11.8258062978687
-1.66359344880166,5.51300028828321,6,1.42575237452334,-1.60272022884887,5.66466604036148
-0.00919470897784951,9.94082389785287,10,9.9215746034057,-0.301514148834302,8.46500747892919
-0.546310246775326,7.45098423159725,7,4.26101852505477,-0.935756348528281,6.52652284284388
-3.42049643123565,4.03807264809402,4,0.967223018795946,-1.61995022574568,5.64775674355138
-2.58494230966959,4.69541168854436,5,1.13255918470806,-1.76369162977103,5.51136176927581
1.35825651343229,14.1134286027505,13,18.3355888233263,0.746852634116593,13.0746019148336
-4.85057326930086,3.05644060746774,3,0.72913642955974,-0.69927836130095,7.04552951392616
2.04796543505618,14.8024429941612,15,18.7183920942709,2.8936131486466,15.4259653698361
-0.63695621619683,7.16488684476162,5,3.67720237337696,-1.30825171237474,5.98156348647801
-2.18662296684838,5.03188671938178,5,1.22897528807407,-0.778314889648364,6.85073453415341
-0.038946017384684,9.77898681063842,8,9.54175952183684,-0.0453326304698266,9.75665137271276
-1.25603742858243,5.96743518178061,7,1.77389249479887,-1.06922409311983,6.30322826162586
0.568761571322354,12.5893286035652,14,15.9225586255882,0.519429741061532,12.4105097962338
0.601382697758183,12.6922316894947,15,16.1321001835598,0.836425422907839,13.27795447258
1.3580997950972,14.1132434698799,13,18.3354294726215,1.16793069230822,13.8395132032979
-1.68485124688789,5.49196943649391,6,1.4144293462771,-1.16850433674455,6.15970290035122
-0.271987081454508,8.57242155996913,7,6.73573528625545,-0.199537628429821,8.95340741921303
0.591989375317566,12.6631239509711,14,16.0732096853735,1.4240074519753,14.1504424794906
-6.75381319716291,2.04036734346579,2,0.484250709190398,-1.66958889469946,5.59976527241081
6.76665687582562,17.9467433289169,18,19.5116720002622,1.91422170928854,14.6245180380888
1.63842100213515,14.4168555497229,14,18.5487873645796,1.13649920275763,13.7958008173894
0.490492172956862,12.3209176257141,11,15.3602777891593,0.299370273974355,11.5251935122584
-1.01907959433704,6.31359324785108,9,2.19504284917129,-0.480778457615568,7.72692835424896
3.53934938856846,16.0140966335681,16,19.0439719236715,1.57488421101845,14.30771956685
0.62001710799033,12.748746718899,15,16.2455299900333,0.764170679480047,13.1161530073693
-0.0230460819095011,9.86543201604062,8,9.74461993343011,-0.152427465428279,9.1924263811464
-0.233470596460982,8.75956126574658,8,7.16547981544068,-0.0581118261636936,9.68831014108442
-1.1552774140419,6.10374134207252,8,1.92346059366114,-1.82603893357129,5.45435680675178
-0.277175886829936,8.5477068002083,7,6.67921695538536,-0.280182976966576,8.56345519633348
0.0389457162089095,10.2026585623833,11,10.5360157021592,0.148110960512077,10.785328189466
1.63440153151097,14.4128085096659,14,18.5465080703158,1.55498210338954,14.2877383310715
0.434414949631726,12.1091950190372,9,14.9036563536549,0.770912863966257,13.1320278979155
2.55957051034099,15.242071788279,15,18.8500354126984,0.824002308201816,13.2513987922836
1.64190726802247,14.4203601507562,14,18.5507504732345,2.10658939300668,14.7910287322056
-1.36321978481924,5.8355627341365,7,1.64997452579619,-0.595407999107912,7.34119560044264
-0.583187143380296,7.32979527473211,6,4.01023599343584,-0.084585935089708,9.54738281854466
1.37297442965529,14.13071952732,13,18.3503015795451,0.908360620799169,13.4223606152553
0.286860029278609,11.4740631233452,14,13.485781703174,0.26781342559621,11.3785086970622
1.59870292431615,14.3765515735613,14,18.5254938223286,1.82339353141049,14.5432467998141
0.593577272578861,12.6680739397047,14,16.0832463092396,0.169518807350256,10.8951147910889
-2.4179274508674,4.83436805677123,5,1.1704522685332,-1.05610871011384,6.32348728648318
0.207012324273375,11.0868983888025,10,12.5978284928489,-0.268071995145704,8.62027116873036
-0.22180125954112,8.81747961055745,9,7.29906375112203,-0.171001040271994,9.09733560265545
-1.0229008992234,6.30721940013445,9,2.18609822780696,-0.840584019404181,6.71326751953312
-2.20107295521397,5.01935043435958,5,1.22503587927272,-1.98137359123513,5.31658465933088
-0.621616257171569,7.21054719478797,5,3.76837931295005,-0.420570376254,7.95641639394811
0.486020849343102,12.3046388528139,11,15.3255394234254,0.443460952986858,12.1330551230452
1.31069439715884,14.0562036722653,13,18.2844737575901,0.733174858621995,13.0409787763097
0.517100941699712,12.415655711217,12,15.5610883077612,-0.0763058994001987,9.5913495046982
2.52241940279375,15.2111342386156,15,18.8417128416686,1.39916891043687,14.1230785101444
1.18538132188684,13.8937607911894,12,18.1186276546735,2.09060991214991,14.7774378764071
2.36704532204426,15.0802478717518,15,18.8053760499823,0.642983070989411,12.8002002675619
1.72177323682635,14.4993253258467,14,18.5924910812373,0.985904344542133,13.5620859766102
-1.31902649674706,5.88852266176664,7,1.69730400622181,-0.924052153798435,6.54811587717052
-1.11348540205585,6.16461922506937,8,1.9972372295021,-1.2114123692816,6.10239135455486
0.480749597308469,12.2853142896736,11,15.2842165684663,0.0618509586959012,10.3316519944498
-3.16044490964622,4.23617860136094,4,1.01587198304676,-0.365303305992785,8.18362380350083
0.64439410409517,12.8202641956981,15,16.3872445724198,1.48973927899126,14.2207015159282
-3.62301749550431,3.8878603966817,4,0.930582555121089,-0.893066613221291,6.60706832913031
0.427116929703012,12.080426835482,9,14.8408661908051,1.51285663642965,14.244738457605
1.33157142551392,14.0815849697039,13,18.3076077864864,1.81210692446292,14.533001204948
-0.0466442785263877,9.73719320992257,8,9.44370774096372,0.131785791802411,10.7007324005335
-0.210059044615641,8.87629799520156,11,7.43497438335605,-0.270485589651588,8.6088961776825
3.73557224935274,16.1587566994498,16,19.0792226907209,1.65699151859478,14.3881524106303
-0.0143037890785549,9.91301023912156,10,9.85629040571051,-0.0166715757571273,9.91040593632249
-0.0303202801549342,9.82586605737922,9,9.65176368455178,-0.295243366547761,8.49372989836226
-0.516153545973307,7.55517240356662,8,4.48017114577989,-0.795224350344997,6.81209192198687
-0.305800005857831,8.41359925035471,6,6.37362066573264,-0.0648046884387815,9.65259111077774
0.921071646987276,13.4689765966573,10,17.5461745729658,2.26035420006563,14.9200048958467
3.75988320760201,16.176443032551,16,19.0835260050413,1.16815442950785,13.8398190021645
-3.01724036475188,4.3477543690969,4,1.04354573977573,-1.12385022570856,6.22222834438186
-1.04662347690675,6.26833520558254,9,2.13243890710048,-1.04742694051503,6.33708180119385
1.28855597625925,14.0288111355336,13,18.2586704096375,1.17821914220422,13.8534996588319
1.67240770609799,14.4508069373423,14,18.5673975387409,1.36488330533695,14.0844875226009
-0.21637533917847,8.8445929632004,9,7.36168371930884,0.0405944171175054,10.2179692481268
1.35007873979605,14.1037389269604,13,18.3271965309034,0.933123216606232,13.4686506193998
-0.543666026849517,7.45993479484299,7,4.27972247676718,-0.260389483178526,8.65664830612849
-0.468659571445184,7.72878253469874,9,4.85168635485837,-0.469576867298297,7.76819757250569
-0.0537502313816246,9.69866128379952,7,9.35332757827801,-0.0300090395689476,9.8387926690103
-1.18794866605346,6.05802565930274,8,1.87086807514327,-0.745905539368683,6.92770309093242
0.474272135957989,12.2613694693523,10,15.232888713094,0.870220692565291,13.3477217493884
1.35330010246232,14.1075629894355,13,18.3305212749681,1.80117488950406,14.5230437908831
-1.04574412880424,6.26975597190951,9,2.13437176283707,-1.18773874665396,6.13369438577052
-1.35990107331075,5.8394770007018,7,1.65336239986956,-1.17379597862378,6.15249449511147
-0.492489040397582,7.64020571174148,8,4.66121170089828,-0.333620318702164,8.32088441323201
2.42106829555741,15.126040523184,15,18.818323266968,1.76214754990706,14.4872118065856
-0.500450660047739,7.6112729480748,9,4.59940461009145,-0.520457128390105,7.5859411113508
-0.220280992795016,8.82506485111065,10,7.31657699362954,-0.0461258661057703,9.7524044969269
1.1914730394942,13.9021092988869,12,18.1279039748755,0.81459699902681,13.2309564130962
-2.99222220994189,4.36742764471779,4,1.04845457815981,-0.972371094245884,6.4612248555068
-1.33566278504883,5.86836949071298,7,1.67891213532602,-0.486625588250697,7.70564404088708
0.572944588701081,12.602811235402,13,15.9502228718337,0.889332874316044,13.385646689125
2.31198537429462,15.0332446578025,15,18.791770537973,1.06567466864148,13.6913215458526
0.240348034368896,11.2518452003826,13,12.977735732911,0.246425029133746,11.2765776348584
-0.480246201663228,7.68534204559448,9,4.75804216467354,-0.606185159426452,7.30824455844135
-2.27566295420157,4.95508073599751,5,1.20537741346256,-1.85191184630863,5.43101654698675
-3.62482037236943,3.88653934302646,4,0.93026094428889,-0.076709044074964,9.58920631877355
-1.63336240678158,5.54322772246572,6,1.44263842521031,-1.82601602682536,5.45437754923146
2.61125557895793,15.284894399266,15,18.8614213694058,1.24433458844768,13.9399242217237
-4.02068210038955,3.60348108527651,4,0.861512120075635,-1.7876717167222,5.48930261738213
2.37789508612639,15.0894699949225,15,18.8080064771096,1.61321045109266,14.3456450894716
1.35542952474649,14.1100857100922,13,18.332705526302,1.61319158969078,14.3456265954862
-0.551609551933937,7.43315236505991,7,4.22382726133438,-0.230577152126765,8.80018891779193
-1.33584529057409,5.86814989007131,7,1.67871431591606,-1.0337585160825,6.35879051068192
1.13571175581924,13.8236899355084,12,18.0375887126529,1.62117877737,14.3534437930215
2.44037800241173,15.1423333450158,15,18.822864572796,1.37981132788522,14.1014115591105
-3.50404770784091,3.97566687672684,4,0.951981850420285,-1.18364642788833,6.13918372935436
-2.2163623865987,5.00611694948388,5,1.22091644158042,-2.28728322875589,5.05771033403927
0.564377799677596,12.5751070231207,13,15.8933125343535,0.552679770869314,12.5226746800669
0.307301825083969,11.5685766219579,14,13.7003158695563,0.366770829461476,11.8226117271065
0.494723622326756,12.3362275731847,11,15.3928880010095,0.377304519556046,11.8670480882788
0.219375139593956,11.1485902973737,11,12.7401657068472,0.438253463991735,12.1129405457201
-0.282939433046616,8.52039787878227,7,6.61683588526112,-0.206731519660886,8.91757339436998
1.14225476269817,13.8331329619569,12,18.0488392610366,1.88779669891226,14.6010775853373
-1.69429637751185,5.48268165617689,6,1.40953515742631,-0.957462884649131,6.4874102522911
-1.16894552919827,6.08442514145837,8,1.90094282449502,-1.54840171602499,5.71891389971427
0.225189499734442,11.1773959590866,12,12.8065282751955,-0.0168144672903923,9.90963830028397
0.495905461511715,12.3404870578738,12,15.4019501157768,1.36855440065331,14.0886673198568
-0.00968225564926374,9.93816954388033,9,9.91534425615303,-0.0162725062687558,9.91254983741195
2.29880640221742,15.0219423558406,15,18.7884457939083,2.77692937740988,15.3352632437319
-0.0516427774532086,9.71008385698624,8,9.38011812188697,0.387363565120484,11.9089528641608
-0.312392129876387,8.38326304049686,6,6.30476330479456,-0.0719957650126981,9.61427810545031
-0.236629558279389,8.74397678574013,9,7.12957946490375,0.559424939353144,12.5447562297347
-0.234295763555557,8.75548644168137,8,7.15609122336091,-0.328728173683805,8.34252281531547
0.671615813121721,12.8969934422383,16,16.5368391127732,1.02930208160944,13.6340489941766
1.12725132106637,13.8113791984376,12,18.0227690781875,1.42254278413165,14.1488420370794
-1.1813254330421,6.06716784012484,8,1.88119090800554,-0.911548963053992,6.57158632511738
-0.0254686590056896,9.85225237258253,9,9.71368791325119,0.116439921329714,10.6205934195352
-0.251526468947083,8.6710421692683,9,6.96182925557713,-0.30670392406861,8.44137619367159
-0.172155662917687,9.06958221510474,12,7.88317119956774,-0.454740244179248,7.82386135234098
1.36487991841777,14.1212331670425,13,18.3422712947206,0.504805701292702,12.3594090697153
-0.0161170175642673,9.90314029038213,10,9.83312406297312,-0.380063846857422,8.1214052760218
-0.611416459576814,7.24151347716209,6,3.83067980901845,-0.631827903807415,7.23202010938371
0.213446203153037,11.1190785690646,10,12.6721106176834,0.282437364919266,11.4470480037008
3.56438363681402,16.0327403159593,16,19.0485211977328,1.04451827228857,13.6583301600154
2.23888985824437,14.9702931448376,15,18.7729583669538,1.68472141333646,14.4146659785026
0.921066903237534,13.4689676055967,10,17.5461605641632,0.820610993510871,13.2440616808586
3.39113622848023,15.9026032531178,16,19.0167157490847,1.96839172668339,14.6720999911793
0.685770477012852,12.9356246222584,16,16.6111283903472,0.957905559521069,13.513375092297
-0.146226740433791,9.20450068507653,12,8.19724725200611,-0.220783432294543,8.84813461457773
-1.03355873542113,6.28960574583514,9,2.16159726446566,-1.25055874713256,6.0522263494515
0.469377505455751,12.2431304834215,10,15.1937007584935,0.771203122276424,13.1327075897193
2.34495303372539,15.0614295046892,15,18.799969974211,1.35087995402494,14.0684340935867
-2.19150249467431,5.02765018952828,5,1.22763988371158,-1.45869001456954,5.81211652208561
1.74964302876568,14.5263368049177,14,18.6057502726703,1.38659121096883,14.1090354353095
-2.24139177764686,4.98452045626743,5,1.21427585338134,-1.61148129467935,5.65605105810675
0.26235448457752,11.3581885562431,12,13.2214555758438,0.00662646305488525,10.0356162556155
3.68252960891939,16.1199864114187,16,19.069784977435,1.04777887062396,13.663472175797
-2.07724940989134,5.12776800544014,5,1.26045083227354,-1.38515010105843,5.89258186019064
-0.560987307777872,7.40194177032707,7,4.15896777993827,-0.743335701253353,6.93397473944796
-0.543397862927021,7.46084448916251,7,4.28162479846482,-0.450407293526912,7.84033358913253
-2.35095917378085,4.89090289798112,5,1.1865262670264,-1.20938256098485,6.10504575927768
-0.506305870718122,7.59020521437148,8,4.55453216389154,-0.804711243817036,6.79085044244536
2.18176018711866,14.9206191997444,15,18.7575522864935,2.20323015041886,14.8724483395554
0.915886321810938,13.4591127818051,10,17.5307641895139,0.91575266218012,13.436351866379
-0.810935530790005,6.71667717831353,12,2.83547327226228,-1.42311475337711,5.85053278029171
-0.00856713555227055,9.94424063837246,9,9.92960497813062,0.243574824133447,11.2628475357684
-0.315375489403313,8.36960291145435,6,6.27379210871164,-0.792870177036663,6.81741136707962
1.73733907761518,14.5144438457132,14,18.5999722358075,2.32167719328074,14.9706336831719
2.13445098224302,14.8791437543436,15,18.744246371194,1.79771056587464,14.5198812619182
-0.216345644823132,8.84474165951559,10,7.3620272894026,-0.44968515367198,7.84308839119173
0.385840271442491,11.9124516899923,8,14.4711319113741,0.924327287968557,13.4523958676024
-6.71608908880992,2.05740072390415,2,0.48834452497414,-1.22698687487622,6.08220268264106
0.244476595189909,11.2719554806723,11,13.0239025293545,0.253632135136123,11.311143720257
-0.562150015246748,7.39810268439449,7,4.15101076488372,-0.24368366750462,8.73662751932647
1.29445458401151,14.0361592973646,13,18.2656778431162,0.713138661864313,12.9904022784392
0.48864011526808,12.3141874231506,11,15.345923764968,0.810270101309006,13.2214525208684
0.266874229112368,11.3797658181504,13,13.2707784426938,-0.0985598169752828,9.47344861604884
-0.222748868286293,8.81275617574374,9,7.28816013407624,-0.116513703005485,9.37901994987435
-1.34155896165805,5.86129087858324,7,1.67256372742973,-1.02124149172883,6.37900797754742
-0.243118286362197,8.71209402703934,8,7.05619488281585,-0.314592864767017,8.40569934467016
-0.531022934189712,7.50322061974484,7,4.3705087505523,-0.386573170066626,8.09432103299055
-0.926142621681441,6.47899334619709,10,2.44098898674399,-0.936783872539104,6.5246442736971
-0.504702338676153,7.59595722604789,9,4.56677214385394,-0.574772000212882,7.40583449301801
2.14111329237036,14.8850040972253,15,18.7461529958833,2.00833140409592,14.7068111648425
1.01839168535321,13.6417405640459,11,17.8015527733228,0.605491261144722,12.6896503406449
0.238477788072318,11.2427114403628,12,12.956756047896,0.199103044513536,11.0444218270937
-0.465390316944289,7.74116721100184,10,4.87846226932898,-0.659780736917324,7.15233105805464
-0.577921110086812,7.34668994235439,7,4.04491012768999,-0.188354619288237,9.00947970834086
-1.32013071467718,5.88717659407482,7,1.69606087967186,-1.71401992568329,5.55763736742366
-1.63737454101149,5.53919363312778,6,1.44034191552761,-1.43472516146289,5.83789484810121
-0.0534635645919812,9.70021477830817,8,9.35697103677406,-0.449892509678128,7.84229709656551
1.57958208570207,14.3568880655396,14,18.5136283098711,1.31377841583644,14.0250189184202
-0.313632717234282,8.37757743203279,6,6.29186985127965,-0.857535881920437,6.67805053105225
-0.271321620682676,8.5755999877533,6,6.74300806040771,-0.24617048267896,8.72464719605856
0.519814893826409,12.4251142077355,12,15.5810042859526,0.774439148572464,13.1402645517391
3.59163321507002,16.0529716120037,16,19.0534555586812,0.804814960850371,13.2093800707436
-0.0272723336749402,9.84244145029812,9,9.69066279294024,0.0578674872227612,10.3103848259066
-1.56599304491126,5.61208012117209,6,1.48396128016942,-0.475227775572517,7.74729710203195
-0.253801501289983,8.65998630618602,8,6.93643971128248,-0.969353765268379,6.46648123146099
0.64061601893426,12.8093561490787,15,16.3657675043627,0.0453688874338303,10.2435427547574
0.487084301115157,12.3085199787676,12,15.3338275998327,0.332971675421007,11.6762533309659
-0.483372962658512,7.67373989101594,9,4.73310564089898,-0.733412919667848,6.9584298209177
-1.04322474608917,6.27383518206557,9,2.13993304488202,-0.0662830232991304,9.64470904133087
0.215180485193807,11.1277253987258,10,12.6920572943267,0.00210860454897044,10.0113337177665
0.22892889301853,11.1958495863168,11,12.849007457819,-0.316641629205768,8.39648273223541
-0.0882655788315312,9.51236941866012,6,8.91670561858647,-0.434720199386764,7.90078755135298
-1.25912348993516,5.96346620638033,7,1.76986528581978,-1.66814633536423,5.60114564058358
0.547470450507981,12.519369230302,13,15.7780595337591,0.549808519350581,12.5132068419867
-0.268886205957181,8.58724912421653,7,6.7696714171924,-0.34241730580238,8.28227103528134
-6.35340238875841,2.22733624241933,2,0.529210866331458,-1.4374677618554,5.83492398855515
-1.02684957121317,6.30066576384133,9,2.17694465682818,-1.52076149509067,5.74711588245379
1.51916734189981,14.2935256469579,14,18.4730204493372,1.35087995402494,14.0684340935867
2.70767555286064,15.3641230743873,15,18.8821402499847,0.680415454021089,12.9042927953604
-1.59289281958577,5.58432628046709,6,1.46680445619328,-0.976586352368296,6.4539179351773
-0.520924428707176,7.53837995491442,8,4.44464352904936,-0.740104112245249,6.94189733996295
-1.75972613449766,5.41922516264613,6,1.3777471737137,0.0717028052224217,10.3841624511412
-0.509323052877726,7.57941842022277,8,4.53160157384642,-0.59015485855413,7.35745655704316
-0.0458802875763822,9.74133871343884,9,9.45343257460318,0.504918538874017,12.3598075352638
0.525402551212869,12.4444697742796,12,15.6216813898849,0.602358828742544,12.6801192171708
0.602575985823974,12.6958994886105,14,16.1394986450456,1.50531122778938,14.2369286679426
4.80494632191029,16.8860377737133,17,19.2556027113879,1.64100314142715,14.3727244172024
-0.530984460657836,7.50335358114034,7,4.3707884509484,-0.473362506791933,7.75417769139574
-2.50945193558808,4.75787369898501,5,1.14934748172401,-1.87217395958732,5.4128565174509
1.72026809530698,14.4978590339049,14,18.5917572423193,1.70520431251955,14.4340618598456
-0.01367653675801,9.9164247331007,10,9.86430482417242,-0.0142461564223476,9.92343667876111
3.41638158903158,15.9217283605557,16,19.0213981097229,0.624348274475953,12.7460594684351
1.36403973611662,14.1202452774336,13,18.3414292302657,1.31361086844973,14.0248198200877
0.240322305532323,11.251719648085,12,12.9774473957466,0.403669906914089,11.9757770574759
0.520353188948021,12.4269857745676,12,15.5849421338757,0.198769287734955,11.04275424596
-0.00232206575796616,9.97824232641228,10,10.0094039438357,0.265220147351934,11.3662553042183
2.43288396570151,15.136014757788,15,18.8211072180707,0.999014496956935,13.5842643153421
1.6076366993783,14.3856793264502,14,18.5308884792359,1.69335067408852,14.4228562258679
-0.548865768746189,7.44236740491937,7,4.24303469797018,-0.55196297088686,7.47968511310071
-1.26507327929543,5.95584550934738,7,1.7621849272593,-1.2844179054604,6.01031281927516
-0.175933599323948,9.05009701021983,11,7.83788831773337,0.0562586529138027,10.3017902001336
-0.593240693486848,7.2979156804162,6,3.94507469710246,-0.119488037674455,9.36344421086063
3.59197792480234,16.0532271239114,16,19.0535178624942,1.98812675047261,14.6892888606123
1.40163795760632,14.1638719673866,13,18.3775789341295,0.876750549779422,13.3608000007575
-1.14030678002886,6.1252265458443,8,1.9490146321093,-1.16764720139075,6.16087437146014
-3.38062279723351,4.06806894689989,4,0.974560546951628,-1.64701867210465,5.62145840671294
-3.65662837575871,3.86327928334214,4,0.924599739165827,-1.73690416784017,5.53621597158871
1.36448822547261,14.1207726893045,13,18.3418789268767,0.743280355526266,13.0658899120312
1.40381505464868,14.1663629343765,13,18.3795795508846,0.813418972548646,13.2283751650538
1.13265268181365,13.8192518718871,12,18.0322660347234,0.479092568653038,12.2669019759924
-0.0142610600357547,9.91324283517258,9,9.85683634846482,0.0485532602203922,10.2605877661299
-1.16406855290576,6.09128527287868,8,1.90889089578175,-0.73336044817579,6.95856015414009
0.754405421620696,13.1113454542485,17,16.9393492033096,0.763839313130831,13.1153684715674
-0.952484052278146,6.42997359592531,10,2.36541904895574,-1.52966571779582,5.73798380715481
-1.35488283403537,5.84541453465159,7,1.6585348225124,-1.66699461642586,5.60224829802551
0.222647930309718,11.1648211445016,10,12.7775663254024,-0.0946341597074769,9.49418272509122
0.0255114061123067,10.1296971974144,12,10.3648525260444,-0.0644125872900196,9.65468216326463
0.136328086077652,10.7237953354563,7,11.755148382346,-0.51212662770735,7.6148732200376
-1.29962683966767,5.9123728810982,7,1.71968084515091,-1.82549948551594,5.45484532430323
-0.404564050804136,7.98186851638089,11,5.40511755236496,-0.535770069482139,7.53367515606137
-0.00493471712339701,9.96401744356803,11,9.97601504173345,0.192802857782762,11.0128766674132
1.72316537529943,14.5006808322156,14,18.593168160952,2.36419904933992,15.0055003591131
0.487778590483534,12.3110506557306,11,15.3392298747098,0.168964579403116,10.8922901017517
0.345291065017248,11.7388081435993,16,14.0839796961948,0.69856154969248,12.9525907940767
1.56760437072362,14.3444787958981,14,18.5059650231107,0.623472745316625,12.7434768259746
1.83919738494422,14.6115059981754,14,18.644555841858,0.649665102519717,12.8192329335613
-0.226166122069387,8.79575197611556,9,7.24892112482282,-0.137209012190017,9.2710862003474
-0.283948407910849,8.51563278815213,6,6.60595875337401,-0.17219114092662,9.09127899732389
-0.253143677898413,8.66318081595927,8,6.94377474604035,-1.08486820746677,6.27948736274076
0.565399580289158,12.5784302505878,13,15.9001525958628,0.176522915993324,10.930727630919
0.539634604631776,12.4930546048034,13,15.7233095184692,1.29611612506316,14.0038728212826
0.555068579756112,12.5445929035534,13,15.830338800975,0.466422558336703,12.2200638605643
-0.132096471114226,9.27882936410029,13,8.37063219023337,-0.653469437448087,7.17001974507911
1.64229362170031,14.4207482195807,14,18.5509672451695,1.81486125209197,14.5355047132369
-1.39956206417993,5.79331999151171,7,1.61451426021015,-1.20556102672687,6.11005803909816
-1.59768146923856,5.57942320785199,6,1.46384474720915,-1.34730101308406,5.93569720636167
0.497802991733151,12.3473108631866,12,15.4164581596553,1.19458561846141,13.875437574233
-0.0103473493327103,9.93454861555491,9,9.90684516257868,-0.169553244676531,9.1047097269116
-1.17578489429921,6.07486370485861,8,1.88995635150381,-1.5918432267183,5.67541177864064
-0.174399105952593,9.05800579852332,11,7.85626555296752,-0.18755143255191,9.01352373042669
-0.595627263620903,7.29041966594889,6,3.92980480713902,-1.04861120332404,6.33521862154317
1.11985440623119,13.8005213990992,12,18.0095559340222,1.24538651174281,13.9412540902062
0.187514498232899,10.9884267450289,9,12.3700760750864,-0.33813661754173,8.30101286157298
1.03584509440347,13.6704629729547,11,17.8411733651108,1.21677658843792,13.9045974780692
-0.4819543055506,7.67899761123086,10,4.74440212692567,-0.301181697350764,8.46652560112994
0.501809140276988,12.3616564858881,12,15.446918994591,0.384913547477814,11.8987941948139
-0.543769523344612,7.4595838001481,8,4.27898855536879,-0.914821364420825,6.56540262958642
0.574536016063765,12.6079182905999,14,15.9606857447445,0.352791551257363,11.7627715584754
1.19762410247133,13.9104875959743,12,18.1371316677132,0.804415824709749,13.2084927808272
0.677858362464346,12.9141357373773,17,16.5698923719368,0.726204402121352,13.0235640060459
-0.0116742057151925,9.92732507534439,9,9.88989001716013,-0.0294344300521798,9.84187605542239
-0.175004561976501,9.05488436120562,11,7.84901202326329,-0.549894050251946,7.48651053256213
-0.366995646379346,8.14023528567498,4,5.75728456544745,-0.311349105872525,8.42033293602284
0.506847881038156,12.3795822324135,12,15.4849058287649,0.94925491766847,13.4979399099427
1.12533803116323,13.8085792491067,12,18.0193745013902,0.8175689076927,13.2374476709345
-3.27432891611674,4.14870459475721,4,0.994330728689602,-1.74794092862551,5.52594767759684
0.21980157597859,11.1507075589144,11,12.745045647313,0.194791732464194,11.022850190042
-2.47599529995082,4.78573634632767,5,1.15695837310751,-1.33393040826167,5.95123651920719
-2.17492223779135,5.04205917271699,5,1.23219930976935,-1.96328091536892,5.33236371095975
1.15793067895986,13.8554883353741,12,18.0750654966167,1.8733901487393,14.5882303020805
0.49600632982487,12.3408502641703,11,15.4027226280177,1.08523760093586,13.7210677701666
1.70682934044565,14.4847318677644,14,18.5851209571119,1.12399570150556,13.7779804916012
0.481689636782147,12.288771098117,11,15.2916151583327,0.385042696043992,11.8993304618176
-6.60378200605681,2.10882078596962,2,0.500705561765824,-3.1036622597173,4.41335429371931
-0.163715839505454,9.11327544894078,12,7.9847858750071,-0.286922266629159,8.53212559225743
-1.63736458075379,5.53920363920082,6,1.44034759496703,-2.42098071829421,4.9482276826373
-0.536292194367705,7.48508172792303,7,4.3323986499971,-0.679133283930839,7.09917232466675
0.549537014633624,12.526258092672,13,15.7923573278189,0.347173947878057,11.7384478895469
-0.0117265517391363,9.92704010377512,9,9.88922113207451,0.00391591046433844,10.0210478158131
-0.219026476952641,8.83133093621168,9,7.33104763964248,-0.298603398583623,8.47831687806657
-0.00628100887678797,9.95668743480802,10,9.95880986483454,0.14366402179946,10.762355745383
0.490468615598666,12.3208321322542,12,15.3600955205705,0.562112788202639,12.5534929310119
0.439523021596429,12.1291638760087,9,14.9471426010738,0.730712576842014,13.0348488657906
0.537507225647207,12.485857205768,13,15.7082981533436,0.0713352001778081,10.3822054925671
-5.25304404665549,2.81412488598392,3,0.670620652771094,-2.08523079017826,5.22714593050144
-1.74071998182955,5.4375061124518,6,1.38662166894458,-1.98545598707194,5.31303299163203
-2.31151807652884,4.92443611741241,5,1.19628821002094,-1.19060754333448,6.12986023351027
-1.72520688060854,5.45251724360899,6,1.39407659246749,-1.43549954722061,5.83705545851886
-0.251093835832874,8.67314712386265,7,6.96666443144117,-0.463886618639583,7.78941094043139
-0.17721262774897,9.04351075302417,11,7.82258680009069,-0.603175814991548,7.31739046975525
-2.193090052862,5.0262725437896,5,1.22720654513079,-1.11955922549075,6.22840397789585
-0.566288241731126,7.38449337693574,6,4.12284151991829,-0.544154508529844,7.50555672268733
0.300061283899338,11.5353278123824,15,13.6249607460094,0.692917739222457,12.9377167024591
3.76822798737392,16.1825018140431,16,19.0849999147634,0.685593133616962,12.9182147794653
0.186728279000476,10.9844270543,10,12.3608117372555,-0.235087998295314,8.77823419619032
2.05584473708943,14.8094813239288,15,18.7208402712571,1.289833618493,13.9962726594508
0.155012551641433,10.8213395050913,8,11.9822473465437,-0.155934239605492,9.17439347086605
0.268329989381225,11.3866960667846,13,13.2866104855998,0.268030928708955,11.3795350672591
-0.0177044589576739,9.8945000456533,9,9.81284427070567,-0.0580706366676141,9.68853013246702
-0.558910436516487,7.40881604058846,7,4.17322725691158,-0.979760178554431,6.44844399598006
-0.943380412188484,6.44671212615302,10,2.39098017263012,-1.15807085932345,6.17403680307025
0.56607665121433,12.5806295246197,13,15.9046772714883,0.736656297716837,13.0496055488007
-1.30629460768171,5.9041318824709,7,1.71187377675685,-0.115946491266795,9.38199256867739
-0.573141764013135,7.36214076728185,6,4.07670494416547,-0.998475812617754,6.41663930495778
0.581825423457272,12.6311536126014,13,16.0081754827494,0.355369260406911,11.7738798533002
-0.601197704073971,7.27302979861132,6,3.8944580387433,-0.100811076062226,9.46157158733982
0.255897089081593,11.3272030771217,13,13.1505490233161,0.918190668295265,13.4409337573619
-3.38062279723351,4.06806894689989,4,0.974560546951628,-0.406762300043774,8.01170517383198
1.14889940451533,13.8426546040343,12,18.0600802507717,0.977243650038117,13.54721766208
0.448033791285504,12.1621299478131,10,15.0187519219409,0.343187574428801,11.7210917291248
3.5518302567642,16.0233983070098,16,19.046241903469,1.16751144345506,13.8389399850732
2.28008933328356,15.0058550864837,15,18.7836750889632,1.01239496295752,13.6065029821838
0.272014705243802,11.404194550672,14,13.326564351053,0.100780577671614,10.5382675781543
1.15544716648124,13.8519714398825,12,18.0709787660592,1.25559034910203,13.9540854449373
1.28459663919571,14.0238581186106,13,18.2539115668184,2.1172025742742,14.8000343374169
1.13975071980511,13.8295269837671,12,18.0445550618912,0.949936035285112,13.4991619954521
-0.229381859771762,8.77979288572753,8,7.21211351301275,-0.589806849143256,7.35853845746105
-1.66415884682029,5.51243858900391,6,1.42544550338077,-1.23841279078861,6.06758730586816
0.00103416289690137,9.99651531874244,11,10.0522942395876,-0.0585934086485681,9.68573817629778
-0.256769791920527,8.64559494271611,8,6.90340621379759,-0.417860394661946,7.96718930537143
-2.02120884151667,5.17764487227086,5,1.27791936731042,-1.36916536270823,5.91063819760918
3.14235476291843,15.7112120860029,16,18.9696321953193,1.27870485851167,13.9827055931931
-2.34222151134427,4.89831621217629,5,1.18866877882568,-0.807495463522641,6.78467520730971
-0.210720702889304,8.87296966590209,10,7.42727721024255,-0.618259533256633,7.27197421225602
-2.33944310572739,4.90067533538755,5,1.18935239725617,-1.12716555939953,6.21747769219462
-0.608825585035525,7.24945727677849,6,3.84672055065992,-0.968226994308707,6.46844973649197
3.62639678184214,16.0786872792539,16,19.0597243113325,1.00620689934715,13.5962673122282
-3.39882631816437,4.05435761171633,4,0.971205535104433,-1.27466349251391,6.02225484002119
-1.58377755392396,5.59369029119033,6,1.47251589827,-1.9896288691115,5.30940584680802
1.19543058929625,13.9075057251997,12,18.1338568866127,1.23268753179764,13.9251095854382
1.02213177073507,13.6479488046911,11,17.8101885195827,0.870692034679753,13.3486700275626
-0.228978469564523,8.78179256569157,10,7.21672446314652,-0.0529019235646926,9.71615125581424
2.03806164570794,14.7935810778918,15,18.715286263645,1.74686545700677,14.473053486785
-0.229356992127351,8.77991614036206,10,7.21239771064643,0.0647345966280875,10.3470351083068
0.52214506003307,12.4332051878817,12,15.5980209364174,0.55019756760173,12.5144921070754
0.255643661463787,11.3259832619505,12,13.1477557828235,0.0460636679367875,10.2472625235297
1.32583778106841,14.074656418945,13,18.3013662688551,0.702543762697316,12.963006537552
1.61826844342719,14.3964940761404,14,18.5371837860108,1.1328670202743,13.7906501995589
1.36013737598339,14.1156487931204,13,18.3374967955255,1.01244771814068,13.6065898855355
0.243801434956466,11.2686717268919,13,13.0163664759872,0.13463744879081,10.715560322702
-0.272568355117695,8.56964686068241,7,6.72938710060124,-0.0847293232392292,9.54662241541052
0.512007809832883,12.3978038281331,12,15.5234316975565,0.387057424072326,11.9076851776208
0.225213680723846,11.1775154730423,10,12.8068034760486,-0.325792721799078,8.35556279041234
-1.35327703140783,5.84731931524811,7,1.66020269063805,-0.713189686767455,7.00946688647123
-0.265994283549087,8.60111618467884,8,6.80142793124036,0.16156851956128,10.854503676118
-0.456555799960371,7.77491587071766,10,4.95159875744396,-0.320272249922869,8.38019958681923
-0.58235954547285,7.33244143586001,6,4.01566049338749,-0.789005561677964,6.82618590136089
0.943005899338129,13.5099210261254,10,17.6092233555583,-0.113098517574186,9.3969290247483
-0.343701855737625,8.24208188178769,4,5.98576839758582,-0.666083250413039,7.13484105510544
-2.11693144835723,5.09276939285939,5,1.2486655505627,-1.43563054191303,5.83691351097728
0.536342438103426,12.4819068225724,13,15.7000523988027,0.143401205234852,10.7609963509624
-1.56137535967882,5.61688163417549,6,1.48700033168599,-1.2792692419846,6.01660311217893
0.509164349725683,12.3877794390056,12,15.5022482282369,1.10214341975701,13.7462126703094
0.21304922892874,11.1170976715849,11,12.667540263261,0.285001431328957,11.4589659224401
-0.415189571704328,7.9384155084031,11,5.30922249149151,-0.551963808917583,7.47968235271539
0.587386515547851,12.6487072570887,14,16.0439280983189,0.656851520582139,12.8394810086079
3.71816811340957,16.1460629600903,16,19.0761333853313,0.680116003633251,12.9034841434382
0.254157157791141,11.3188226450255,13,13.1313559982146,0.549558829752899,12.5123815683407
-0.24997137521328,8.67861212512657,9,6.97921955781667,-0.47523278869606,7.74727863394648
-0.455705305646398,7.77818653933712,11,4.95869969416713,-0.216248718646078,8.87046130646761
3.95571059168703,16.3169873590326,16,19.1176854295038,1.16309254191708,13.8328824267133
3.55165088768661,16.023264723998,16,19.0462093074992,0.722395335127521,13.013966619918
-10.1118622098389,0.940810225659576,1,0.221169654688413,-2.68844002932966,4.73422841444086
-0.308307525129452,8.40203529674402,6,6.34736033213971,-0.0620537702834194,9.66726574016628
-4.40234495325994,3.34401060273569,3,0.798669725217311,-1.30777808927303,5.98212902353112
0.546856215301149,12.5173175786369,13,15.7737985006047,0.700433670110765,12.9574955853492
5.01333635677789,17.0154623910986,17,19.2869148176939,1.61080107977373,14.3432813372656
-6.78261378943584,2.02744347865993,2,0.481144878564528,-1.96445489827101,5.33133791866353
0.0410486234181389,10.214066240532,12,10.5627711975007,-0.192366753251178,8.98931210322891
-0.60234678109633,7.2694610705354,5,3.88721776513371,-1.02197251333832,6.37781817906736
0.222748979477941,11.165321597942,12,12.7787191920762,0.189623194252988,10.9969030073517
-0.0205993761938226,9.87874528203364,9,9.77586647530858,0.229940550965038,11.1967061030707
-0.224218475776216,8.80543777858563,9,7.27126952384265,0.058680513560655,10.3147269917218
0.000775336307617587,9.99510616808324,10,10.0489867105984,-0.0673095553855192,9.63923756000694
-0.55524445956552,7.42100264602574,7,4.19854265861981,-0.177886226496147,9.06235898433367
-0.0173716953380596,9.89631117960466,9,9.81709522012854,0.0437501128529739,10.2348743355014
0.616300075251762,12.7376027614291,14,16.2232610422526,0.669251062957694,12.8738846964963
1.18201269991346,13.889122093478,12,18.1134383508372,0.581066619787348,12.6140993849885
0.479786368174186,12.281767430488,11,15.2766222366833,1.41237600260591,14.1376879277502
-4.69672111967755,3.15304647060485,3,0.752484057402216,-0.556325524535609,7.46536238842746
-2.31524592741855,4.92125887640832,5,1.19535531790603,-0.46553824058014,7.78323634304923
-2.48392667646466,4.77912088077951,5,1.15514385158762,-0.778470711218253,6.85037379170896
2.12748091745683,14.8730056400768,15,18.7422395665563,0.538673485119946,12.476101678052
-0.29509886917906,8.46328660862288,6,6.48662360181088,-0.605403996262432,7.3106145575597
-0.556622545602335,7.41641367368326,7,4.18900448564314,-0.395453853762166,8.05772123184284
-0.936239444860944,6.45999069942322,10,2.41143827335568,-0.338239397348605,8.30056180538927
-0.277060070928645,8.54825711299014,7,6.68047477809956,-0.163976648911934,9.13317468437326
0.178921241791929,10.9445933430455,9,12.268491779541,-0.0870359803528467,9.53439474941355
1.56704557964451,14.3438981015872,14,18.5056030444503,1.30177893201528,14.0106876584551
1.16655777824498,13.8676339901646,12,18.0890735779927,0.975936083529192,13.5449576070664
-2.24793328043011,4.97888962339364,5,1.21256053463584,-2.36362073830639,4.99497257650549
0.226956650975506,11.1861238140876,11,12.8266226804909,0.9490920062048,13.4976474354884
0.233919455503826,11.2203883378702,11,12.9054516158303,0.161654565751103,10.8549442516218
4.71874193531777,16.8313155008251,17,19.2423582658746,1.33363685400046,14.0484204225156
1.35533069784739,14.1099687196393,13,18.3326043922214,1.7380324447511,14.4648355885447
1.11610354384367,13.7949812937676,12,18.0027627704979,0.478916514999703,12.2662568432582
4.77940784926295,16.869898185886,17,19.2516967763861,1.13186011193518,13.7892185992067
-1.33011861302385,5.87505576479464,7,1.68496184899473,-0.90499862151746,6.58405250603664
-0.00972596879490003,9.93793155742489,10,9.91478565207746,0.187588977019597,10.9866653542126
0.198337754469247,11.0432615626628,10,12.4969830476962,0.251700945663154,11.3019030674615
-1.55501273591544,5.62351600423462,6,1.49123450055031,-1.87622043393492,5.40924185417281
1.58210031378163,14.3594879191775,14,18.5152165156176,1.60493861501777,14.3375187218894
0.226937573607875,11.1860296598594,10,12.8264059383595,0.0579847015352138,10.3110108852052
-0.194399932006931,8.95553946352485,11,7.61844677047401,-0.217452126131344,8.86452861214146
-1.1733841849781,6.07821210661658,8,1.89379168646406,-1.44921167330742,5.82226373551831
0.498026858808786,12.3481146954419,12,15.4181663931746,0.18019853944704,10.9493528384254
0.219359422873187,11.1485122498501,11,12.7399858148483,0.023255983168096,10.1249584228416
0.50863897011577,12.3859227138243,12,15.4983216298237,0.431699313555778,12.0874235877907
1.0956993842013,13.7644289065286,12,17.9646825261946,1.47510090481578,14.2053080320349
0.533025495746985,12.4706199336544,13,15.6764674463829,0.656642766887954,12.8388960485578
-1.17147389932497,6.08088249573126,8,1.896859772281,-1.189126939934,6.13183763005639
-0.220789295161454,8.82252771532793,9,7.31071864368864,-0.301349911954172,8.46575739306783
2.35271887425593,15.0680507121787,15,18.8018781202035,0.849872092818716,13.3061395588232
-0.14121866404266,9.23078357800233,13,8.25853020252805,-0.593084908814061,7.34837045788426
-1.02487229965738,6.30394332452634,9,2.18151697060329,-0.601635155126989,7.32208928995601
3.74779385809188,16.1676545238595,16,19.0813877962337,1.56513773258256,14.2979599062604
-0.529695016262089,7.50781416465579,8,4.38017475717477,-1.36467993698191,5.91574437119927
-2.54147387757136,4.73131038467833,5,1.14216436055072,-2.69301711474882,4.73061872828243
0.588666184351096,12.6527255097805,14,16.0520970005179,0.487152535104337,12.2962654435767
-1.27136227641939,5.94783457459037,7,1.75418517647368,-0.680368587107597,7.09583374141818
-0.223736447856659,8.80783725835803,9,7.27680700621839,-0.507644623017061,7.63058557919167
-1.04931757667726,6.26399199583055,9,2.12654347487041,0.00716986187258355,10.0385367619837
0.303489760283771,11.5511029588863,14,13.6607296026569,1.35805112529134,14.0766770242281
-1.15901785064547,6.0984272658638,8,1.91722223190154,-1.15387409619674,6.17984859626692
0.206455432239173,11.0841055151021,10,12.5913781205892,0.217199045910141,11.1342241850592
6.78491509786763,17.9550105119692,18,19.5136622796636,1.00646419484606,13.5966945760693
0.270967682280186,11.3992285720355,13,13.3152287492232,0.0455569846078881,10.2445498475822
-0.5453461738599,7.45424348699111,7,4.26782660406403,-1.38002421976875,5.89834846106685
1.145797366193,13.8382179066866,12,18.0548553265133,1.99498931767548,14.6952487826613
5.16708420271718,17.108355642182,17,19.3093780510139,0.859260075180509,13.325481367197
1.3266712496266,14.0756655389369,13,18.3022787542177,0.248900265169513,11.2884738539515
2.43257031425131,15.1357501760024,15,18.8210335260398,1.82775932769949,14.547200639749
-0.0207074521536648,9.87815716222598,9,9.7744861260249,-0.159553972202723,9.15581764566261
1.34101634447063,14.0929304893992,13,18.317709544422,0.716237760202409,12.9983297768789
0.0450195166130439,10.235595910108,12,10.6132614096619,-0.268111854750435,8.62008310603491
1.38532018867906,14.1450812974805,13,18.3622676279082,0.4705426811308,12.235386320531
-0.529354115711646,7.50899486274202,8,4.38266021337366,-1.21117260704897,6.10270461157
2.55688431167883,15.2398393004364,15,18.8494376965248,0.526097150406216,12.4334470132703
0.508223410689134,12.3844530960422,12,15.4952130327517,0.419901301047137,12.040927400027
0.00947056534972084,10.0424404801559,10,10.1600853809527,-0.490843612533983,7.69039942675068
3.39317654438846,15.9041509739239,16,19.0170947954025,0.340430999767032,11.7090437542441
1.32241460297386,14.070504785175,13,18.2975998837509,1.29572188998666,14.0033971317514
1.59495401389033,14.3727101104656,14,18.5232021503272,1.19991290925192,13.8824981681674
-0.0210869682864279,9.87609197154899,8,9.76963902659222,-0.0484668941004965,9.73987439843109
-0.237855912735138,8.73793767896433,9,7.11567296568349,0.195038563893135,11.02408699261
-1.47643545679288,5.70735659413693,6,1.54839537119828,-1.21512000984204,6.09755680432393
0.467743078678364,12.2370121765723,11,15.1805377265806,0.183065906067422,10.9638513270468
0.0132150370310373,10.0628186432768,11,10.2079120284193,0.089736120485952,10.4799071037306
-1.04227359900426,6.27537855360918,9,2.14204171828277,-0.603428280294689,7.31662154826059
2.4950756343395,15.1882780604997,15,18.8355063928303,1.39332067552464,14.1165649500484
1.26527906939375,13.9994478143031,13,18.2300396712502,0.618216546271467,12.7278978605089
-0.342443237332735,8.24766322341567,3,5.99833107139956,-0.454610465148165,7.82435330375784
-0.571461066172084,7.36760087244556,6,4.08795971272759,-1.51365701800239,5.75443510739039
-3.31322618150509,4.11908349441271,4,0.987059807338567,-2.20410813720532,5.12681768076359
0.583679957981047,12.637024017451,14,16.020144165908,0.642718338406035,12.799442111559
-0.567594628234374,7.38021472244017,7,4.11399764036609,-0.142752474086202,9.242359959194
-0.445656395383217,7.8171195679843,10,5.04339991575863,-0.454613589857275,7.82434145794058
0.633352180888322,12.7882036272091,15,16.3239766471293,0.563117153718187,12.5567484564217
-0.537880730236312,7.47964105803762,7,4.32098619744305,-0.623606029557996,7.25612978395045
1.29951531747968,14.0424346607788,13,18.2716124896049,1.35775902750667,14.0763421753946
-0.480174170003664,7.68560992976942,10,4.75861830105158,-0.71304859066408,7.00982870254078
-1.62732931471216,5.54930715068881,6,1.4461248190096,-1.34115245184768,5.94282228261392
-1.61832203240418,5.55841387407569,6,1.45139837573302,-1.1631606279927,6.16702401892226
1.35586920082829,14.1106060895878,13,18.3331551922669,1.11366954442191,13.7630695432262
2.22947412953369,14.9621357890307,15,18.770464879817,2.22506617889722,14.8906741294756
-2.03399597241133,5.1662153992796,5,1.27384040228516,-0.979001572061172,6.44975022028185
-0.5748593288146,7.35657525483881,6,4.06524303702972,-0.64045526275691,7.20705184525014
0.229115869596004,11.1967708040336,11,12.8511273336258,0.309199137983144,11.5699402019524
0.23528952622897,11.2271069813741,12,12.9208972314371,0.387236741395089,11.9084277636025
-0.0573847560484628,9.67897265380299,7,9.30715439073428,-0.137038081781356,9.27197326207632
0.591484155809477,12.6615464954194,14,16.070009365405,0.273058666706094,11.4032019911246
-2.32037700039976,4.91688835915491,5,1.19407485459696,-1.28405587078558,6.01075418296046
-0.542111096089634,7.46521465419435,8,4.29076696004907,-0.672728885642623,7.11658554059247
-1.29381747633548,5.91959095303722,7,1.72658423394585,-1.08875724618035,6.27365522205467
3.57439251847602,16.0401788950113,16,19.0503357192527,1.32940186568338,14.0434620812548
-1.76367070778214,5.41544584622079,6,1.37593973742003,-1.91739597801431,5.37267669926175
2.23026272709658,14.962819431789,15,18.7706743783537,2.25763197993317,14.9177475010181
-0.559269356189189,7.40762650986621,7,4.17075871729359,-0.796396693097698,6.80945013077587
-2.14265297208423,5.07021541872056,5,1.2412578071721,0.00199643660591443,10.0107308198647
2.29911759791346,15.0222094739294,15,18.7885246229576,1.10243979776155,13.7466489891874
-2.41274006671654,4.83872975968044,5,1.17167672834299,-1.57347325577834,5.69369030737293
-1.11997965256021,6.15497191555746,8,1.98526480169183,-1.88413888604393,5.40217969141981
-0.277157430334637,8.54779449432169,7,6.67941739081306,-0.358668395984184,8.21195171023154
0.660839210282108,12.8670055624106,16,16.4786884835671,0.953989777264153,13.5064113189806
-1.7399470622662,5.43825207797978,6,1.38698851422418,-0.134461234620459,9.28535534239855
-0.577457002346065,7.34818541132369,6,4.04798402947558,-0.29928581620507,8.47519296023778
0.0346189050220376,10.1791747723667,12,10.4809312471359,0.367039389580049,11.8237516606778
-2.27566295420157,4.95508073599751,5,1.20537741346256,-0.5655227429687,7.43547423677718
-4.57594229284073,3.23042541645506,3,0.771192953871607,-2.28945123791909,5.05591981327177
2.46304482048541,15.1614096836995,15,18.8281418343361,0.821587076560927,13.2461773362003
1.66865583710453,14.4470818754242,14,18.565399361293,0.220860844790506,11.152245837119
2.20480678061053,14.9407103801854,15,18.7638488335049,1.32802071425653,14.0418412918725
-0.055304086394228,9.69024216418538,7,9.33358258019225,-0.203818478717223,8.93206099651485
-1.2832529923622,5.93280979003866,7,1.73938540225029,-0.742801148834002,6.93528248396936
-0.522791926417073,7.53183863398481,8,4.43082492344867,-0.525392959123287,7.56896492139291
0.0398742806581024,10.2076962546285,13,10.5478313066496,-0.260597753465946,8.65565874102184
3.48332112026779,15.9721731569983,16,19.0337339628624,1.09496883011716,13.7356035325197
0.588634603603143,12.6526264384233,14,16.0518956635748,0.615265350059579,12.7190947804417
-1.15938390629496,6.09790834866683,8,1.91661480991709,-0.950064535587552,6.50060757544477
0.0661863721867075,10.3500617054826,13,10.8815828009353,0.358404421182387,11.7869166438896
0.518600729049725,12.4208873234005,13,15.5721071623692,1.49182607577772,14.2228848429008
0.21237454180703,11.1137295813723,10,12.6597686933087,0.336347486044387,11.6911270535916
-1.15266125040316,6.10747085656097,8,1.92785827307464,-0.745902357377441,6.9277108409187
1.69017078897874,14.4683691745568,14,18.5766778932435,0.700439389349044,12.957510547109
-0.667456177766423,7.07727556079999,4,3.50469083646362,-0.859942053827626,6.67312416070667
-0.0497790362951972,9.72018912423774,8,9.40382059500651,-0.265315901111575,8.63329172860332
1.69766162168648,14.4757395783072,14,18.5805074083564,0.643151629219427,12.8006828304097
-0.492555511474858,7.63996278680065,9,4.6606918924929,-0.134571988364325,9.28477982120564
-0.236485550963579,8.74468634618158,8,7.13121358982671,-0.223265251709136,8.83594906480225
1.68085222128917,14.4591710404352,14,18.5718459775596,0.843786355116253,13.2934544244381
-3.19286031134561,4.2111669215787,4,1.00970086985708,-1.42199088113154,5.85176144595657
2.42099836925583,15.1259814512143,15,18.8183067417317,0.983148396135863,13.5573736506827
0.219855514600439,11.1509753132167,11,12.7456627528906,-0.0712587173787916,9.61820169056909
-1.55212192429945,5.62653743223688,6,1.49317638963264,-0.911771583833439,6.57116472226151
-6.78261378943584,2.02744347865993,2,0.481144878564528,-1.77685386038442,5.49923236559721
-3.77057636435834,3.7806887821433,4,0.904518383293583,-2.06402742349898,5.24525844639998
0.0011564184834959,9.99718092241203,10,10.0538565309196,-0.16420356644343,9.13201453333828
0.266493555527145,11.3779520190112,12,13.2666340692673,0.0975232824408344,10.5210795896533
0.496342401365189,12.3420600096923,12,15.4052954193784,0.220160549573057,11.1488033183717
0.463250518770883,12.2201226948738,10,15.1441567914437,0.571845796748695,12.5848333897442
1.71500939894231,14.4927298635836,14,18.5891785594173,3.13212682634163,15.6081659692905
-1.27847861411443,5.93882367137287,7,1.74527729654478,-1.52143182687075,5.74642680927863
1.11438355317499,13.7924330312417,12,17.9996265489804,2.02846787766271,14.7242012809971
0.607355615551208,12.7105233731398,14,16.1689468265378,0.83660260135221,13.2783295927451
1.29728595679551,14.0396735073394,13,18.2690068901726,0.978469778005087,13.5493332920799
-0.533248509230655,7.49554205835176,8,4.3543644620979,-0.565055536975441,7.43698250265107
-0.595987846831617,7.28928948744504,6,3.92750429330256,-0.314746708252727,8.40500656135366
-1.17307035437673,6.07865044415843,8,1.89429473461718,-1.21570970681972,6.09678952914862
-1.26617841778547,5.95443451031039,7,1.76077040293874,-2.35820273515985,4.99940501976089
0.314401951988626,11.600934177078,15,13.7735253449448,0.586649673945377,12.6316199745637
0.589900966893755,12.6565953777289,14,16.0599587963993,0.932240554993473,13.4670286542128
-1.13531649883951,6.13246685823287,8,1.95774545194526,-0.865976446283612,6.66084717062048
-0.223215759280712,8.81043021560009,9,7.28279146888554,0.140524639918601,10.7461052969359
-0.0248632302372942,9.8555458774572,10,9.72141752620149,0.15551268793067,10.8234406801863
1.27381125933515,14.0102800680123,13,18.2407189821901,2.81077866876071,15.361683220371
-1.60706727892702,5.56984496713715,6,1.45812333471983,-1.24301841151055,6.06174160517289
0.691713541003203,12.9515924141021,16,16.6416239743142,1.18765765065894,13.8661970623087
-1.78687166489972,5.39331580899105,6,1.36554672889784,-1.03284334448424,6.36025763298405
-1.11251327780434,6.16606947543624,8,1.99904607158257,-0.659782856266379,7.15232514753516
0.0254153607821411,10.1291751239639,11,10.3636275530791,-0.0593796768520674,9.68153957805621
0.474657470540842,12.2628000359718,10,15.2359590979408,0.449414005327123,12.1558765374886
-1.04590154485879,6.26950151981731,9,2.13402544226083,-1.5630683951867,5.70411850136067
-2.4881757627188,4.77557939612088,5,1.15417442200488,-1.57500351971637,5.69216126186899
-1.78849693686,5.39177175325885,6,1.36483275022174,-1.05266357900112,6.32886413184662
-0.013258857183622,9.91869844684152,9,9.86964164633643,-0.142636120646185,9.2429620529767
1.02350761541627,13.6502252048816,11,17.8133451402599,0.446539939015178,12.1448816556353
-0.496956849383233,7.62392892597926,8,4.62641498633973,-0.384492391515261,8.1029551771456
0.0347028386822919,10.1796304694518,11,10.4820002171451,0.0745161889796975,10.3991331227553
-0.55648551487318,7.41686955546363,7,4.18995174239503,-0.239289804850376,8.75785778958321
-1.65487801096761,5.5216752772309,6,1.43052334815955,-1.372530790936,5.90681849767062
-0.917962566044865,6.49458792748545,10,2.46547678814145,-1.08619765382826,6.27749059875158
-0.473543195091832,7.71038694699647,9,4.81197838676722,-0.640260171042756,7.20761274339444
-0.687467956431063,7.0220168982384,4,3.39765040665946,-0.0220410253595382,9.88156566011659
-0.472278224954002,7.71513979653742,10,4.82223034027534,-0.659779842094654,7.15233355357529
1.69901294723675,14.4770669708857,14,18.5811936593901,0.750555311181273,13.0835806058486
0.194083690987123,11.0217595218893,10,12.4472434448412,0.273464895566498,11.4051093163873
0.468233045514027,12.2388477835824,10,15.1844877929688,0.481791630665758,12.2767723780587
0.187066755688243,10.9861492367069,9,12.36480089001,0.429951366047384,12.0805806061351
3.49372279856045,15.979976893088,16,19.0356405875517,1.04896214991172,13.6653329806677
0.430748771466912,12.0947782851215,10,14.8722106787279,0.267810965633859,11.3784970876125
1.12853582238825,13.8132556481985,12,18.025039057985,1.26593894657765,13.9669741757404
1.62631290606213,14.4046432552574,14,18.5418687672337,1.42365920717998,14.1500620984784
6.34173191896859,17.7462838062664,18,19.4633827960647,0.294425358375188,11.5025098018346
1.60320549805907,14.3811565584648,14,18.5282243114534,1.5198386638486,14.2519350587447
-1.6064401390975,5.57048366529237,6,1.45850238103761,-2.29669593664401,5.04994035909756
-1.58570268603073,5.59170921068188,6,1.47130107651885,-1.27494071458624,6.02191399398104
-1.70503186276815,5.47216582144062,6,1.40406829469774,-0.267767012357084,8.62171034825021
-0.641072613092057,7.15281808933778,5,3.65324408341782,-0.187690363428272,9.01282405908617
0.571175704698593,12.5971202220756,14,15.938553250903,0.553013994034499,12.5237741140025
0.0122841296003637,10.0577528809641,11,10.1960231271245,-0.216253916424663,8.87043566995363
-1.1588684653149,6.09863909147123,8,1.9174702760271,-1.63756994750426,5.63060243602453
-1.0341608086763,6.2886178204235,9,2.16023253201987,-2.59189530315342,4.81076572624019
-0.544571053201459,7.4568673495511,7,4.27330975822914,-0.654533293553838,7.16702578507347
0.598971353108478,12.6847994261201,14,16.1170929191704,0.45778945000958,12.1876720131144
0.635500968924596,12.7944857920713,15,16.3364078100544,0.979359162819336,13.5508656739472
1.17266225555508,13.8761623899447,12,18.0988077957795,1.13218149985912,13.7896757192477
-0.251188567823322,8.67268614174536,8,6.96560550211697,-0.483886922280411,7.71559115551026
0.196369170216719,11.0333196660879,9,12.4739888114381,0.721760168911917,13.0123606451772
1.1589621384995,13.8569462735129,12,18.0767559901018,1.0164954978613,13.6132398251862
-1.39048266192082,5.80376965796624,7,1.62309974057857,-1.61953349595007,5.64816412392886
3.57610512442163,16.0414508231128,16,19.0506459536878,1.18671745008475,13.8649378742219
1.59442716250396,14.3721697178504,14,18.5228787539483,0.593420361163627,12.6526671713521
-0.0183048565682445,9.89123233944744,10,9.80517460182269,-0.265597442084748,8.631960120024
-1.32470830187582,5.88160929936794,7,1.69094172993083,-0.801761675631967,6.79742135882219
-2.5576158997785,4.71795809896516,5,1.13857863059425,-1.29049602047248,6.00292402862379
-5.50375512331084,2.67075839639931,3,0.63603125302032,-0.803001854933554,6.79465490349064
-0.566229220365805,7.38468688223407,6,4.12324163131886,-0.611841678616952,7.29116830365975
1.02172605995942,13.6472767800451,11,17.8092556274678,0.486220056445141,12.2928854679158
-1.60663241675053,5.57028782428848,6,1.45838611853504,-1.16807610502213,6.16028804156058
-0.191703830851029,8.96927193999439,10,7.65028306530056,-0.115569900275569,9.38396659211123
1.02646702074057,13.6551082964739,11,17.8200984250641,0.77910794411417,13.1511005568545
-2.20366273805666,5.01710666629563,5,1.22433463632441,-1.56418052222924,5.7030012240936
1.51121887433314,14.2850390402249,14,18.4672947126498,1.2107326654501,13.8967203937745
-0.0536752781444755,9.69906745962148,6,9.35428019087312,-0.174093229796157,9.08160839047891
0.224600673631928,11.1744849699206,11,12.7998248747621,0.113999715229487,10.6077993442548
0.224810764040995,11.1755237582285,12,12.8022170628286,-0.0190005890698298,9.89789500876931
0.207987300119892,11.0917851463962,11,12.6091135226857,0.440759354577552,12.1226374904372
0.0185885865371536,10.0920536178346,10,10.2765206463047,-0.301129943626802,8.46676197851269
-1.66460418133058,5.51199625923971,6,1.42520402170177,-0.325230584709864,8.35806472963461
0.0441726494623847,10.2310055927723,13,10.6024970543256,0.0850951398794342,10.455317393729
0.27215623964906,11.404865458651,14,13.328095608546,0.208507620054032,11.0912444219513
2.44121968707426,15.1430426474061,15,18.8230615502501,0.976719686430802,13.546312505298
1.13011919666365,13.8155650512154,12,18.0278273120793,1.29704497208773,14.0049929339688
-0.0528521651699385,9.70352833130766,8,9.36474253619268,-0.0369900125941012,9.80134951834767
0.607606161446361,12.7112869899176,14,16.1704823029558,0.977834502020987,13.5482375931792
-7.4387947951511,1.75135591194057,2,0.414861598331907,-1.33303115770286,5.95228767623364
0.489990637324901,12.3190968500496,11,15.3563956005838,0.973865329495269,13.5413701470745
2.41939617403504,15.1246278166014,15,18.817927964105,0.487152535104337,12.2962654435767
-0.458531070017913,7.7673344664583,10,4.93514761852744,-0.406377874195723,8.01325860368822
-1.57463999832004,5.60311872601267,6,1.47834570586146,-2.33033829191329,5.0222490061293
1.68661585044333,14.4648640581487,14,18.5748452514938,0.350349073440288,11.7522152714995
-1.28332007458094,5.93272547093816,7,1.7393030950481,-1.40010551292125,5.8758808918643
0.589817147358518,12.6563329141971,14,16.0594257606186,0.190782490570911,11.002731032352
-1.67644805093695,5.50026155854349,6,1.41885325673786,-1.71195305132725,5.55958105347239
-0.25499069362455,8.6542160985237,8,6.92319277237135,-0.540693726359245,7.51712035489487
0.0156239152753988,10.0759256818198,11,10.2386723507474,0.127157039550336,10.6766202596505
0.0648802454555173,10.3430150547631,14,10.8650725905046,0.549554368564772,12.5123668204154
0.0222275459447634,10.1118440650664,12,10.3229611472482,1.04273340962458,13.6555063738696
1.56984413723539,14.3468047586575,14,18.5074118865308,0.612708084106782,12.7114340605218
0.307503500399601,11.5694991008693,14,13.7024047303332,0.133983260970081,10.7121605501937
0.0245991870228653,10.1247384259496,11,10.3532173505305,0.241904412484832,11.2547850811545
3.34291613754027,15.8659207196014,16,19.0077253491437,1.99023325106524,14.691119222591
5.1455406339878,17.0954718202171,17,19.306263049069,1.60389955858612,14.3364957003947
-2.34717027870833,4.89411644646774,5,1.18745395707454,-0.440260405054705,7.87929066700239
0.00604838305915168,10.0238128558141,10,10.1163653520231,-0.276091958306799,8.58257390609923
-0.0347066327315358,9.8020211634802,9,9.59580819060294,-0.12906594248492,9.31342938721736
-0.0618878220616329,9.65459925049615,8,9.25000325730126,0.294751260884423,11.5040083150758
2.58117939731231,15.2600059317762,15,18.8548217715849,0.646809442908729,12.8111234258887
-2.01082920208415,5.18694453701327,5,1.28127297337081,-0.83367362461927,6.72788457599301
0.557798934740153,12.5535869227362,14,15.8489314486096,0.620731459753974,12.7353677619331
0.839842809537585,13.3057085932434,9,17.2807544368208,0.298535711141389,11.5213731488472
1.11237498251826,13.7894509750564,12,17.9959471818807,0.799719016013258,13.1980105525388
3.79950047927385,16.2051523773832,16,19.090508910162,0.782091868202504,13.157984991195
1.01766564714858,13.640531978033,11,17.7998670353881,0.543393778151664,12.4919065477903
0.240590165144484,11.2530266198028,12,12.9804488592262,0.648636935189542,12.8163173216455
-4.85157023632989,3.05582177270829,3,0.728986905160091,-0.757083613506803,6.90071502227376
0.501701850811609,12.3612733722867,11,15.4461062068723,0.54918426532146,12.5111429783029
1.40950461513868,14.172855276713,13,18.3847620553028,0.669806360253933,12.8754097938814
3.57601388964026,16.0413830708009,16,19.0506294284515,0.811632213583671,13.2244511683389
-0.482195654371858,7.67810239836255,9,4.74247825362145,-1.20039425834824,6.11686577296627
2.77682962753402,15.420434097389,15,18.896641208637,0.612719185906824,12.7114673835686
1.95909240835141,14.7222767674254,15,18.6892696841276,1.49585502267162,14.2270924545949
-0.0165442171370559,9.90081503062697,10,9.82766634855896,0.338932342718083,11.702477869529
-0.212138680273618,8.8658423998591,10,7.41079708762214,-0.850455120662312,6.69265127592643
0.00115455078252283,9.99717075398355,11,10.0538326617787,0.113567754054206,10.6055331716287
-0.47417858435661,7.70800278153907,9,4.80683765677485,-0.614721776360091,7.28253104232238
1.65205432746699,14.4305315241038,14,18.5563924361158,0.96829024441882,13.5316608444017
-0.286749509485415,8.5024286090412,6,6.57583001468657,-0.45532972714043,7.82162791112544
-0.451513312191809,7.79436304117656,10,4.99385380023999,-0.836381827937996,6.72213784165171
0.58293732784484,12.6346752624435,14,16.0153569309851,0.55030999333892,12.5148633784174
-1.630523326342,5.54608660312764,6,1.44427408157673,-1.08169954570834,6.28425951135353
0.510018081684455,12.3907935598839,12,15.5086205044691,0.446899166125411,12.1462582484114
-0.2038999321441,8.90735854770281,10,7.50684179460341,-0.581781175783352,7.38364984653459
-0.054343894061843,9.69544439614552,7,9.34578302500811,0.110990695595873,10.592004758763
-0.208126190364359,8.88603021711431,9,7.45748567142134,-0.620623994523701,7.26495083866835
0.421193887004062,12.0568726793166,8,14.7893348072443,0.380569238019824,11.8807053534958
0.206070132655795,11.0821725045047,10,12.5869133444094,0.484064892119798,12.2850564255441
2.60475436864095,15.279521702749,15,18.8600007449621,1.20577907174802,13.8902284692744
-0.244448398335855,8.70558007373196,8,7.04121189359298,-0.799132613209598,6.80330350732405
-4.86938063506813,3.04478211860872,3,0.726319546044047,-1.78851837624563,5.48852692986743
-4.72401040545204,3.13575068846643,3,0.748303223613929,-1.11405082377753,6.23637671311687
-0.0076792214791124,9.94907483259361,10,9.94094137822843,0.16165187349769,10.8549304670298
-0.20969332839018,8.87813835860316,9,7.43923077455466,-0.412346013954707,7.98922828350665
-0.594295454038594,7.29459938579369,6,3.93831671353616,-0.475390052903061,7.74669934690912
1.12527266213327,13.808483481936,12,18.0192582388877,0.880588874004232,13.3684286498406
1.36361933772893,14.1197507408872,13,18.3410072799028,0.810729345610203,13.2224642339403
-0.575317240119753,7.35509390985112,6,4.06219401101119,-0.0980496086966488,9.47614171096631
1.38494622303151,14.1446481269773,13,18.3619100698541,1.72629447923235,14.4538748437483
0.541434662858971,12.4991268449045,12,15.7359620692485,0.493792212898589,12.3202028582644
-0.416532383583121,7.93296634699887,12,5.29722077175163,-0.470665370523149,7.76415875623883
4.56995908580639,16.7352421243776,17,19.2190976560367,2.05226221249586,14.7446602834029
-3.1783499256161,4.22235196011926,4,1.01245928127833,-0.954322920021682,6.49299474418908
2.39464664455326,15.1036833656781,15,18.8120373018039,0.897084339771524,13.4007263443773
-0.632359093214929,7.17845660569988,5,3.70421174594047,-0.943283137767901,6.51282504935463
7.46632593070137,18.2439156673672,18,19.5831481222667,0.742541556409716,13.064082046034
-0.598691292755192,7.28083594311986,6,3.91031137147303,-0.858316760445058,6.6764498208117
-0.205298540523667,8.90029297946779,11,7.49048793188636,-0.062057177047527,9.66724756105538
0.998725253165259,13.608602726964,11,17.7547974505499,0.568365279084723,12.5736792229415
-2.17114035536344,5.04535123023797,5,1.23324808188452,-1.87053161844088,5.41432472429728
-0.286443045368364,8.50387149146246,7,6.57912145614559,-0.53884014843045,7.52333838892193
-3.70133809271256,3.83073592252074,4,0.916683493495408,-1.2331129382682,6.07434637260479
-0.573969949076965,7.3594553461159,6,4.07117316588151,-1.08515990973804,6.27904896534915
1.68799853041095,14.4662279251208,14,18.5755592301699,0.865714603332608,13.3386224034896
0.150706018255434,10.7989471707087,8,11.9301554151765,0.106657388321227,10.5692244968859
2.20207565778231,14.9383332438273,15,18.7631086237815,1.22524634251592,13.9155565713449
0.580920471595215,12.6282830226375,14,16.002318493837,0.308486628564005,11.566711817758
-3.69056843343372,3.83855876677867,4,0.918585972719058,-0.499395851182026,7.65977134210392
-3.43220189543588,4.02929303117179,4,0.965076911941888,-2.02534239569171,5.27849326161578
-0.501503780050847,7.60747057392743,9,4.59129749104621,-0.423889799222058,7.94327282123544
-0.652646537252504,7.11929622767626,5,3.58701861621117,-0.311007873070257,8.42187526631519
1.75077933088811,14.5274326528407,14,18.6062780305675,1.03382854599743,13.6413216839508
-0.184437474901149,9.00640866430411,10,7.73643500696009,0.113572277310433,10.6055569038678
-0.85232494286026,6.62659997485223,11,2.68086659820258,-0.700700704346321,7.04180598594356
0.0365092752744138,10.1894366923706,12,10.5050029048683,-0.217597826281847,8.86381069975215
0.495446652094891,12.3388343141523,11,15.3984344298614,0.0847708510758869,10.4535978048224
-1.26244730045313,5.959203899334,7,1.76556115867909,-0.238623189675817,8.76108568666527
2.49519855226565,15.1883809702589,15,18.8355344540461,1.1149212623161,13.7648865314647
0.0266471602650901,10.135870384534,12,10.379336840088,-0.171035812008541,9.09715857993906
0.484465754371068,12.2989528637893,12,15.3133902309488,0.583542474536499,12.6218875394457
0.940289787715065,13.5049180926809,10,17.6016001637924,0.66919707556822,12.8737363516912
1.63644454371047,14.4148663993932,14,18.5476687321521,1.28629833894406,13.9919773667035
-0.254200249947453,8.65805081625829,7,6.93199599254544,0.0875608772571622,10.4683864726866
1.13329559287606,13.8201858313784,12,18.0333880186226,0.729964845413951,13.0329826713519
-0.242113116561909,8.71702154991831,8,7.06753118233661,-0.372867768594859,8.15159943441179
0.944709148962436,13.5130488040827,10,17.6139777258204,0.991352669434112,13.5713503943455
-1.24025431112134,5.98791107251811,7,1.79496449982645,-1.01759074174018,6.38496690699286
1.35414394739267,14.1085631745027,13,18.331388129296,0.972197939884962,13.5384740875119
0.182284154194177,10.9617778329364,9,12.3083311732076,0.161609005626879,10.8547109765164
-0.227327607833012,8.78998298219634,9,7.23561345642361,-0.169045447794072,9.10729768245204
1.58773303763183,14.3652919648902,14,18.5187406764436,0.859417479684546,13.3258033456781
0.283131627854739,11.456611619298,13,13.446060856498,0.110500595123486,10.5894303088165
0.479056455689375,12.2790764833574,11,15.2708585082925,0.290191934922002,11.482999614216
-0.0207143720314756,9.87811950628183,10,9.77439774654988,0.019966571414217,10.1072934298708
0.225119053390167,11.1770477662367,12,12.8057264963417,0.419769191100124,12.0404026528432
1.2214754271972,13.942500447861,12,18.1716339225805,0.70306306129934,12.9643599901099
0.237578587069919,11.2383147518797,12,12.9466545976594,-0.217241723944822,8.86556547640863
-3.58413772908369,3.91641912517563,4,0.937537516141495,-1.30119661886889,5.99001157558867
3.51936482329353,15.9991743845459,16,19.0403291638294,0.925674433678042,13.4548986287576
-3.65539582961174,3.86417893606941,4,0.924818652604631,-1.20158354770238,6.11529558012966
-7.02513627934797,1.92134435121813,2,0.455657446921005,-1.36843090724181,5.91147309490838
0.682391703135659,12.9264804362215,17,16.5936084376178,0.543770553228233,12.4931633016672
5.1712281518168,17.1108289176422,17,19.3099760107705,2.13539923950937,14.8154365733882
1.84013949221908,14.6123899465778,14,18.6449366959402,0.320316428572849,11.6199981602832
-0.208130779183345,8.88600709513619,10,7.45743217997723,-0.452968125868362,7.83058646634563
-1.39485376039227,5.79873047763172,7,1.61894435566433,-1.02213900964359,6.37754735098738
0.0488964240279064,10.2566007168218,13,10.6625135524616,-0.119019540663418,9.36589624456117
-1.73856448365115,5.43958694499206,6,1.38764589917281,-2.00861099763568,5.29294688215721
-0.36226383524087,8.16070001466842,4,5.80307692522808,-0.501646544562829,7.65177338009466
-0.203596507687319,8.90889235475757,10,7.51039235659495,-0.531666194982994,7.54756652347926
3.58145928077609,16.0454256253661,16,19.0516153832705,1.88439572010885,14.598049121137
0.537049895548565,12.4843069827399,12,15.7050628799596,0.487115429622325,12.2961310322275
0.198334275323022,11.0432440046219,10,12.4969424420395,0.389401477917907,11.9173792887879
-0.616288714877885,7.22666055715582,6,3.80075161262517,-0.289404439954785,8.520638775203
0.552824114210393,12.5371717739255,13,15.8149783078533,0.347333007285883,11.7391387710822
-0.24278352053443,8.71373464073611,8,7.05996906959874,-0.0320713359256007,9.82772795002782
-1.63148031453762,5.5451225439121,6,1.44372175263525,-1.69180652485687,5.57860731648688
-2.06515204665232,5.13848883352876,5,1.26413241798026,-2.07129766928792,5.23903997320261
3.18617875186153,15.7453098427203,16,18.9780570837119,1.21047667075838,13.8963856965508
5.16788970610953,17.1088365241285,17,19.3094943135165,0.801714099659671,13.202472408564
-1.69007147185797,5.48683197246491,6,1.41171117714034,-0.617649915634856,7.27378920449891
0.51769533310442,12.4177304626702,13,15.5654590724914,0.874351640939928,13.356010103826
0.583469899562606,12.6363599243295,13,16.0187908074693,0.289659276141162,11.4805389332967
-4.33836995090553,3.38657148851839,3,0.808969989839379,-1.42232421412523,5.85139693270683
-0.542900087966853,7.46253405801817,8,4.28515861872883,-0.510441931671993,7.6207671603576
0.586026230154253,12.6444272464935,14,16.0352207457982,0.688422644870019,12.9257750862097
1.72021436305149,14.4978066739893,14,18.591731011272,2.32334486394737,14.9720047267615
1.02764371268984,13.6570448122992,11,17.8227698184808,1.18232235394507,13.859035129011
2.41192721172371,15.1183140045104,15,18.8161581614552,1.27328667274547,13.9760510818666
-1.35346898748159,5.84709149622102,7,1.66000298806864,-1.14671290568359,6.18982785593131
2.18221518183673,14.9210165502339,15,18.7576777203152,0.746670451517052,13.0741587909727
0.499168533863333,12.3522100436302,12,15.4268668666475,0.414879919092298,12.0209184274226
0.518237709554761,12.4196220791959,13,15.5694429945867,0.187797837901549,10.9877171488981
-3.72976378155776,3.81013755730805,4,0.911675341171899,-1.08938651055074,6.2727141206339
-0.245802159372514,8.69895792651434,9,7.02598364620989,0.249377158915071,11.2907628911628
-0.257528696252714,8.64192161370952,8,6.89497748392015,-0.671554332931118,7.11979816681665
-1.57371164758996,5.60407899432384,6,1.47894395652685,-1.17784610239513,6.14700478698094
-0.538983138211004,7.4758728850715,7,4.31308705602943,-0.308745740296257,8.43211386614211
-0.231662285609982,8.76850070029614,9,7.18608123473892,-0.345696775494965,8.26797430059129
1.79037114984547,14.5653619818956,14,18.6240673478062,1.01286993542308,13.6072851844939
-2.26884944129984,4.96092190808972,5,1.20712949225026,-1.58349667034993,5.68369616610275
-0.503324019862848,7.60091203331732,8,4.57732254822754,-0.437099203024122,7.89153705332648
3.73349886265984,16.1572458776005,16,19.078855032621,1.89104909118255,14.6039712188105
-1.72880326074461,5.44902985583199,6,1.39233088039571,-1.17727133147254,6.14778241624332
0.254049975877493,11.3183059661769,12,13.1301724784577,0.121878641921151,10.6490598309007
-0.209598292416197,8.8786166825023,9,7.44033707906505,-0.0878909971848307,9.52986459647889
-0.609577822433013,7.24714759481543,6,3.84205421901575,-0.320567816295491,8.37887678821087
-0.615549136408183,7.22890795096705,6,3.80527465320466,-0.420699103282695,7.95590561896514
-0.784006434202308,6.77839357784618,2,2.94462531975228,-0.0763084681669579,9.59133584791184
-0.0812277154460509,9.55021636312509,6,9.00535005835934,-0.0440338257874126,9.76360623308015
1.60366298187053,14.3816239174195,14,18.5285004167947,0.99410541759228,13.5760054066479
-1.56947344973285,5.60846851561648,6,1.48168929884468,-1.422451635254,5.85125761461645
-3.31984538111815,4.11405583065246,4,0.985826720338935,-2.05145711207983,5.25603041265841
0.28449945615835,11.4630215394539,14,13.4606540605299,0.411992847112289,12.0093548568471
2.25482215685931,14.9840704373469,15,18.7771392007421,2.01329736848144,14.7111064964892
2.40091351489352,15.1089929094648,15,18.8135360367865,1.51119370099056,14.2430201769563
-0.570562619478433,7.37052537817326,7,4.09399194729733,-0.663619061770785,7.14165877557208
-0.632340092125577,7.17851289429765,5,3.7043239400837,-0.695539731365903,7.05535667408801
3.52200434435476,16.0011472776958,16,19.0408108610834,0.257485726165759,11.3295353906215
1.70578983596153,14.4837137864525,14,18.5846012241402,0.216457552298367,11.1305686228134
0.557167256778866,12.5515094033206,13,15.8446390473324,0.821756139155063,13.2465434578848
-1.65002460791294,5.52651980270946,6,1.43321374698936,-1.54123387147406,5.72618660258307
0.509725976045725,12.3897626950718,11,15.5064413877636,0.742909876349707,13.0649835989941
0.474198562332402,12.261096236819,11,15.2323022272682,0.972014640202295,13.5381553132917
-0.468758673213819,7.72840799277813,10,4.85087712115046,-0.254383709667542,8.68526432315747
-1.36312633330802,5.83567282174375,7,1.65006956872616,-1.15807085932345,6.17403680307025
-0.542371090410018,7.46433097693599,7,4.28891789555375,0.0561164354783819,10.3010303121021
2.578899406191,15.2581157516857,15,18.8543185638495,0.628929435794272,12.7595157236604
-0.540948767949744,7.46916939589353,8,4.29904494462673,-0.435168292637843,7.89904293632282
-1.63024357162607,5.5463685013297,6,1.44443573131135,-1.82395666523733,5.45624291553764
-0.225313486248397,8.7999903535828,9,7.25869962613434,0.0531001086167441,10.2849083680678
2.39170137847699,15.1011865623075,15,18.8113312211743,1.71369853602044,14.4420604972073
1.70271524784556,14.4807002790233,14,18.5830585049699,0.968376159408013,13.5318110351352
3.49799742794709,15.983181160515,16,19.0364233361009,2.13609633294958,14.8160256724925
0.232154153077385,11.2117200400192,12,12.8855183811209,0.646652077291051,12.8106754830434
2.49115684033711,15.1849963689203,15,18.8346109768333,1.48302056094462,14.2136532962418
-1.32870710348756,5.87676278301606,7,1.68651464994038,-1.14301242100839,6.19501571080665
1.72628214712784,14.5037131660952,14,18.5946782723317,1.33372459044451,14.0485229631515
-4.94675434624195,2.99716487001439,3,0.714816041184792,-2.14030125758112,5.18042228974767
1.30595928794603,14.0503870496274,13,18.2790674131278,1.74926126141414,14.4752780584499
0.233949593323686,11.2205362136858,11,12.9057916101251,0.439721327830232,12.118624647542
1.19588584781428,13.9081251403826,12,18.134538000628,1.37515677524767,14.0961551756413
0.438330914328087,12.1245158826139,10,14.9370279472848,0.190614164399402,11.0018851107426
-0.247326161033996,8.6915122555383,8,7.00886599445392,0.0460931509101559,10.2474203618556
-0.558733737052261,7.40940189354575,7,4.17444319373256,-0.308938162087243,8.43124200104211
-1.59887547985307,5.57820238830388,6,1.46311108029101,-0.961634441872713,6.48002867286649
0.528974249052683,12.4567589650401,12,15.6474525963294,1.69379147748702,14.4232738561055
1.71818569187969,14.4958290794754,14,18.5907388635304,0.979174506133479,13.550547669128
-2.06303571852412,5.14036688667291,5,1.2647819048824,-1.56492579356003,5.70225285987592
0.245111028365811,11.2750393762935,12,13.0309790640326,0.361483870489445,11.8000962055417
-0.633439986686263,7.17525731248987,5,3.69783709685399,-1.03848489786888,6.35124098453564
-3.25668369007007,4.16218481199903,4,0.997643250509658,-0.977097028794087,6.45303556355329
-0.528801640358304,7.51090960375622,8,4.38669172534446,-0.458343395959409,7.81023792342127
0.222607716664944,11.164621972054,11,12.7771074971934,0.235543290897113,11.2239771911613
-0.0671021067500292,9.62640650608635,6,9.18390943833366,-0.303408979606305,8.45636476375868
1.14793049839859,13.841270407857,12,18.0584525602041,0.940971884371114,13.4829842519221
-0.0689420850782341,9.61646630029171,6,9.16059644904593,-0.219786310155301,8.85303715054449
5.39726338460199,17.2433184064416,17,19.3419983909359,0.202089711761097,11.0593265285982
-0.234011648246369,8.75688914150715,8,7.15932296639213,0.3450821379794,11.7293502830089
-0.259126182475607,8.63419746994098,7,6.87725776782243,-0.0714515362920855,9.61717516710869
1.70689431700718,14.4847954923106,14,18.5851534141624,2.26599425249993,14.9246791489413
-1.31842367097264,5.88925803350228,7,1.69798402959753,-1.5039116263601,5.76452373714636
-1.62798189183238,5.54864878360257,6,1.44574577269182,-2.25631773132343,5.08334264707072
-0.298924219854232,8.4454624486478,6,6.44605541146924,0.22238005588802,11.159707442917
-1.01778950620271,6.31575215507099,9,2.19808190068786,-0.203642305738355,8.93293816668623
0.924976185382385,13.476356847061,10,17.5576492158294,1.21013967550827,13.895944964296
1.66411895435423,14.4425699762286,14,18.562964926853,0.621565253653289,12.7378378896402
-0.458607687403701,7.76704081091895,10,4.93451065327394,-0.208583127083256,8.90838096737047
2.50366544749728,15.1954660552386,15,18.8374638196112,2.77668946090876,15.3350756671228
-0.526513240895009,7.51885723616719,8,4.40343657589431,-0.306280600455096,8.44329899986646
-0.56102255404518,7.40182529354914,7,4.15872629825927,-0.00680555507398654,9.96342120668035
-0.469303827674282,7.72634857769946,9,4.84642812362291,-0.493221094013723,7.68184722035954
-1.5519841446765,5.6266815496433,6,1.49326922748454,-0.603035452099847,7.31781809608627
0.565324814096725,12.578187255741,14,15.899652573248,0.979400888262351,13.5509375199531
0.520629647327198,12.4279464024321,12,15.5869629473161,0.672271526096181,12.8821641990531
-0.199241559479047,8.93094361061336,10,7.56145505880935,-0.177780660956954,9.06289409248263
1.68661585044333,14.4648640581487,14,18.5748452514938,3.22056559255483,15.674642772535
0.092927637064899,10.4937346856617,14,11.2179389137959,0.2251517699215,11.1732974957246
-1.35007032399788,5.85113010573421,7,1.66355197658967,-1.66815589850022,5.60113648702231
0.624068297336039,12.7608198765497,15,16.2696001652742,1.36750421062853,14.0874728069022
-0.260209709987902,8.62896474124949,7,6.86525655695515,0.198586788252255,11.0418422371923
-4.77483656508844,3.1037218103556,3,0.740561953651813,-1.77891584055559,5.49733696919823
-1.2885383056617,5.92618144974852,7,1.73294081875711,-1.96551948073389,5.33040795193434
0.234401398638369,11.2227526130141,12,12.9108873210217,0.344913036928159,11.7286138838639
-1.10323639827407,6.17999069863437,8,2.01652945737793,-1.07425725386507,6.29554053081575
-1.14025632833829,6.12529954646212,8,1.94910236210017,0.0368675365699503,10.19799386298
-0.25540262485036,8.6522187447324,8,6.91860803210638,-0.525230193285846,7.56952276930872
-0.480641048444905,7.68387410208054,9,4.75488535935671,-0.203497700351143,8.93365824570119
-1.59299876360033,5.58421768480316,6,1.46673867422742,-1.80170658693224,5.4764711337545
-0.566179273279645,7.38485065041371,6,4.123580266283,-0.566074208106191,7.43369533458903
0.465984571796325,12.2304137752888,11,15.1663321444596,1.1550561978379,13.8217911184729
-0.285526356217063,8.50819000437621,7,6.58897393796217,-0.198952410431823,8.95633075096397
-0.471194520207207,7.71921826746076,9,4.83103174897358,-0.584866600022389,7.37395933845089
-0.681861610135038,7.03732382975497,3,3.42715762732455,-0.338975889100084,8.29733118916876
-0.204083332922265,8.90643162297995,9,7.50469615969698,0.352477092476424,11.7614141576498
3.37489869427793,15.8902731828274,16,19.0136952555779,0.718938988468365,13.0052080595819
-0.53876931946357,7.47660326328781,7,4.31461780796131,-0.20167376275731,8.94274729435821
0.526988079999192,12.4499331127919,13,15.6331437151007,-0.0951721461114314,9.49133951927424
1.06959602234631,13.7242763505932,11,17.9130680860065,1.69499310016676,14.4244119434261
-0.601890638117586,7.27087697501779,6,3.89008981315166,-0.314592864767017,8.40569934467016
-1.394461577859,5.79918196221336,7,1.61931550393563,-1.01255985371964,6.39322541413777
0.640106285562049,12.8078795502902,15,16.3628563071724,0.794943223713455,13.1872738672371
3.88750262964291,16.2684242482503,16,19.105888759575,1.21647970478119,13.9042116608061
-0.533710182160246,7.4939523793243,7,4.35102424199325,0.0870679417240667,10.465774614932
0.571482086694753,12.5981070346957,13,15.9405775254398,0.427064400265298,12.0692436911093
-0.296841375843716,8.45515886743889,6,6.46812042918864,-0.66622070444582,7.13446153507569
1.69616812184847,14.4742717482042,14,18.5797473383911,0.901506575183608,13.4092530474658
3.86524873938,16.2524894964592,16,19.1020165652283,1.31455355333433,14.0259396553707
-1.4464971115883,5.74032678285259,7,1.57282025697973,-0.716190336140022,7.00179124288572
-0.0915605708565509,9.494678893756,5,8.87528331792594,-0.0876841906388097,9.53096020749242
0.496494955830497,12.3426089621399,11,15.4064627644466,0.153479361077451,10.8129865462526
-1.35393649338533,5.84653678699612,7,1.65951698782292,-0.844347914969385,6.70537017052711
0.215209606446005,11.1278704916837,11,12.6923919490258,-0.152607756964997,9.19149839557315
-4.98124989964432,2.97611499717476,3,0.709731576245713,-2.07029749615998,5.23989495183247
0.559078167412077,12.5577881359979,13,15.8576074234862,0.0717023286695482,10.38415991432
0.00669771970845204,10.0273475363749,10,10.1246615528212,-0.113206319595702,9.39636331860596
2.58622172456949,15.2641844337405,15,18.8559331602256,0.837183740023586,13.2795592652368
-0.53381671261806,7.49358571695259,8,4.35025391856312,-0.370475898600317,8.16169402899591
-0.433581005801853,7.86460884117706,11,5.14713407667391,-0.309621969499419,8.42814508819527
-0.537868098963471,7.4796842690924,8,4.32107680370347,-0.547054834857638,7.49591175381944
0.497719399695444,12.3470106455533,12,15.4158201222845,0.18974265180815,10.9975037605996
0.00995529293369453,10.0450787064105,10,10.1662773065934,-0.0990651549112945,9.47078172701582
0.140984245888736,10.7481968519505,7,11.8120017482063,0.0489507240968255,10.2627145906617
-0.58299856551162,7.33039793986214,6,4.01147121822122,-0.617649915634856,7.27378920449891
0.527031745110371,12.450083391401,13,15.6334588841351,0.268367947172477,11.3811250034958
-2.36145444063267,4.88200986089499,5,1.18396727236645,-0.78231249696423,6.84150724541668
-0.0188172052516955,9.88844393036202,10,9.7986299283944,-0.342075428601192,8.28376451382489
1.32643498767189,14.0753795531871,13,18.3020202733942,0.649662985641559,12.8192269354773
-0.0235468024677132,9.86270772593386,8,9.73822606940615,-0.173510763247575,9.08456853347186
0.499626089610747,12.3538494704196,12,15.430348572742,0.49947308958439,12.3405035592621
0.00105505979933145,9.99662908915357,9,10.0525612788471,-0.475230739998552,7.74728618122544
1.50754422364852,14.2811030352809,14,18.4646154211866,0.614238959546664,12.7160237071958
-0.189152315862239,8.98229140640657,11,7.68047700227771,-0.546204391498355,7.49873554416074
-0.555810741340526,7.41911580045409,7,4.1946200599511,-0.771445586819248,6.86672487170939
-1.30122315492808,5.91039570406273,7,1.71780052519908,-0.983672054258558,6.44172960381772
1.7543749509951,14.5308975176536,14,18.6079416092304,1.68476027659728,14.4147029274734
2.55806494902164,15.2408206076071,15,18.8497004803401,2.01128071220554,14.7093627131733
-1.2827488824633,5.9334435896186,7,1.74000433799641,-0.630727620950554,7.2352286722556
-1.55532142990807,5.62319362781942,6,1.49102780935613,-1.04341777311017,6.34341015413833
1.04741548819419,13.6891618480236,11,17.8665063286323,0.827224500928094,13.2583348952899
2.75763007124943,15.4048425442495,15,18.8926424357832,1.34688829500749,14.0638256227744
-0.537536750407599,7.48081808786992,8,4.32345442944677,-0.564889359435357,7.43751922585524
-0.261572069544686,8.62239271980431,8,6.85018718309601,-0.217082091161479,8.86635226176368
-0.544045567370181,7.45864789793125,7,4.27703178303963,-0.609723474932403,7.29754535040122
-0.180223891779583,9.02802572831482,11,7.78662075683033,-0.576373003510696,7.40074623487039
3.57610512442163,16.0414508231128,16,19.0506459536878,1.15428172227146,13.8207170699514
-0.271164394406961,8.57635123479394,8,6.74472717769606,-0.150947245096942,9.20004881744102
-1.1384580870203,6.12790414107034,8,1.9522364565467,-0.932559395475123,6.53238521466365
2.49373185920992,15.1871529228588,15,18.8351995216877,0.432053370866221,12.0888077375898
1.13413924504859,13.8214104117007,12,18.0348576253531,0.465947249657986,12.2182905510467
-0.21663684707602,8.84328359276297,10,7.35865843810676,-0.470297194708603,7.7655241594292
0.210871094651663,11.1062178979169,11,12.6424331391893,0.764794451497507,13.1176287360737
-1.02786380079234,6.29898776025632,9,2.17460805685054,-1.1288733383047,6.21503757773439
0.243999113161764,11.2696333691259,12,13.0185734942875,-0.136542584263326,9.27454513328283
0.540496362776598,12.4959636527904,13,15.7293724061139,0.434437815638369,12.0981124731405
1.50641620952452,14.2798931809527,14,18.4637888170723,0.715864619274282,12.9973773278536
-0.0439124841049595,9.75201854382053,8,9.47848708943964,-0.265857962142185,8.63072824404025
-0.636615900098945,7.16588806945994,5,3.67919265277836,-1.07330385218098,6.29699312476451
1.05741462017322,13.7051086014701,11,17.8878192295406,1.07467127675283,13.7050897421452
-0.189488308985578,8.98057566013069,11,7.67649736651324,-0.116513703005485,9.37901994987435
0.515075781878839,12.4085732397473,12,15.5461590787709,0.481061530217806,12.2741061355351
-0.452347051079662,7.79113833883601,10,4.98684162644683,-0.176284377645632,9.07048262826805
0.478682084261395,12.2776952215642,11,15.2678993148938,0.259968538624859,11.3413510650697
0.224445467900383,11.1737174433382,11,12.7980573088512,0.499026414960622,12.3389133637346
2.29793258838729,15.0211922471458,15,18.7882243630245,1.00761503567399,13.5986038756126
-1.30582406960304,5.904711928694,7,1.71242068047505,-0.833864536777296,6.72747869056974
1.56289435704871,14.3395791496761,14,18.5029012574026,0.640354812124966,12.7926593756852
-0.554302678037388,7.42414420706808,7,4.20507615202583,-0.65619655626667,7.16235494521013
-3.49451276575267,3.98275790019917,4,0.953712174807111,-1.44920306900537,5.82227297540279
-2.44189397694272,4.81425344443317,5,1.16483669422524,-0.601584581037664,7.32224372427153
-1.5829691163632,5.59452277330873,6,1.47302743026793,-0.657606784321748,7.15840422620665
0.0462322560541741,10.2421681250794,13,10.6286727516679,-0.22990483287304,8.80346815748099
-1.76560706455448,5.41359243123039,6,1.37505670222824,-1.43519122091819,5.83738961416243
-1.16037126274309,6.09650969163014,8,1.91497915355066,0.0159466285863974,10.0856994271807
-0.248450775213992,8.68602413027694,8,6.99625173645192,-0.323735467780793,8.36472662325698
1.05172502136369,13.6960586309971,11,17.875757038966,1.0991828020807,13.741845725935
-0.259037650022016,8.63462525009219,7,6.87823898592021,-0.399987119709572,8.03919516083207
-0.214067231374878,8.8561610409939,10,7.38841685403404,-0.0207558974839099,9.88846725862494
-3.74210150481308,3.80121950238456,4,0.909507615074347,-1.16397193618452,6.16590976411602
-0.455160653970415,7.78028305993865,10,4.96325264269328,-0.502482437918365,7.64880960009206
0.262331163177508,11.3580769827718,13,13.2212004166885,0.475755597310405,12.2546466510724
-2.1180241593312,5.09180918539591,5,1.24834729120222,-2.16964836515747,5.1557000604526
-0.509180004833961,7.57992877052379,8,4.53268579460762,-0.440582068910997,7.87804746979939
-0.53273495155978,7.49731166753904,7,4.35808359864877,-0.138513324396967,9.26431986919739
-2.22041458403803,5.00261491642756,5,1.21983281531752,-0.890671014473714,6.61173784384839
-2.37159691553387,4.8734275500255,5,1.18150894338383,-1.48279327984022,5.78658563451962
-0.251871077127458,8.66936606819375,9,6.95797944870649,-0.630903984865887,7.23471400214351
-4.66059279370755,3.17605076980153,3,0.758045339447168,-1.4562155637678,5.81475960093362
1.51594055394752,14.2900848445684,14,18.4707074144182,1.82851601730627,14.5478854085239
0.5476015529145,12.519806891109,12,15.7789683324664,1.04327652406389,13.6563663001731
1.11735818380105,13.7968370134618,12,18.0050420647618,0.624307712094808,12.7459398949865
1.39558053043086,14.1569215299926,13,18.3719607614546,1.3011203091259,14.0098967665555
1.76716592543623,14.5431899910698,14,18.6137762545032,1.07991079100198,13.7130384297741
0.54704664422835,12.5179538455892,13,15.7751200881004,0.257328423109655,11.3287858920795
-5.03580014161165,2.94305302569424,3,0.701746676218579,-1.05334903758481,6.32779247565254
-0.497634385574279,7.62146965610089,9,4.62116326103177,-0.372480708943102,8.15323099607822
-1.28933089761099,5.92519006946373,7,1.73198136367635,-1.01779725940364,6.38462905916177
0.00186360195618762,10.0010310532245,10,10.0628934465023,0.232868357868607,11.2109728425927
0.526119113078745,12.4469404489815,12,15.6268660347724,1.12741064053295,13.7828727778919
0.00734942016326729,10.0308949912096,11,10.1329876830744,-0.33601069335763,8.31035432443194
-0.261097247963507,8.62468233612944,7,6.85543673517395,-0.490890298065567,7.69023121080313
-0.569156073672089,7.37511178089641,6,4.10345773168705,-1.66813092172539,5.60116039415563
0.18494054279584,10.9753242807112,10,12.3397235412199,1.00755122193346,13.5984980817848
3.66899665720877,16.110055052304,16,19.0673663809548,1.99614725169697,14.69625355026
0.598441907849845,12.6831638820149,14,16.1137876717832,0.289657430955154,11.4805304069671
3.14857729071216,15.7160635468766,16,18.9708320840848,1.27846910191063,13.9824167187247
-3.56997885267547,3.92685241509786,4,0.940079511656947,-1.08093754505468,6.28540985692018
-3.83917501432802,3.73152541835896,4,0.892577359000435,-0.897523020696895,6.59842535438074
-3.46016458552027,4.00836802609465,4,0.959964545369339,-0.722701401114232,6.98526008556765
0.00765843443600875,10.0325770398203,11,10.1369355509279,-0.241437174215396,8.74747217030829
-2.26204759488367,4.96675886464863,5,1.20888684697561,-0.596050789687995,7.3392148731408
-0.478986349235878,7.69003133162894,10,4.76812983769479,-0.163976648911934,9.13317468437326
2.60633141831496,15.2808253606297,15,18.8603456518224,2.52150268677836,15.1329353742671
-0.609753892619579,7.24660737277314,6,3.84096307894358,-0.791941924127541,6.81951416001648
-1.58853428036994,5.58879865841352,6,1.46952262533005,-1.88973460955189,5.39719797208483
-1.34662515889487,5.85523480415091,7,1.66717821119544,-2.04911191834439,5.25804296633405
-1.37899950509238,5.81708353500264,7,1.63421529649203,-0.633788931305259,7.2263151516295
0.199029664650389,11.0467525021148,10,12.5050555191466,0.14336906408918,10.7608300908806
2.42368881833035,15.1282539048213,15,18.8189421125578,0.952699565457258,13.5041084828007
-0.630397511920072,7.18427634033653,5,3.71581827362389,-0.968240030161031,6.46842694497357
-0.566429672988136,7.38402975579168,7,4.12188294155749,-0.378328843238481,8.12866099807964
-2.37845937792813,4.86762721913894,5,1.17985359634075,-1.38129671029594,5.89691485751082
1.71010961701395,14.4879419982464,14,18.5867549414351,0.894148692426972,13.3950354943
-1.35070498289383,5.85037514178481,7,1.66288711911964,-1.31479735472248,5.97377087302082
-2.08697340098058,5.11916814282735,5,1.2575206917769,-0.917222743300308,6.56088339720492
1.57342601824283,14.3505192024148,14,18.5097124003672,1.45851030166644,14.1876916593651
-0.518479223514212,7.54697190817488,8,4.46281188715231,-0.0254866555811146,9.86306514338312
-0.167184145263575,9.09529294221675,11,7.94295304150798,-0.0711306928671605,9.618883292804
3.52139849185361,16.0006944907144,16,19.0407003121007,1.85291045216854,14.5698808502471
-2.36891159736085,4.87569867829945,5,1.18215843028598,-1.46495933191865,5.80543865004339
-1.36497992901397,5.83349069708957,7,1.64818819791008,-0.415201178265757,7.97779751124302
-1.01620289936879,6.31841219376267,9,2.2018328981071,-0.510146382338152,7.62180263745002
0.492702640178136,12.3289269650147,12,15.3773450957115,0.397152609565081,11.949233498302
0.558882728591663,12.557146805643,13,15.8562833708685,0.592930786324563,12.6511526271388
1.5928729852711,14.370574823822,14,18.5219228196851,1.17915545229697,13.8547649123612
-1.00629734988649,6.33514340597432,9,2.2255900053638,-1.19052461199641,6.12997091054819
-1.27776886764873,5.93971983132361,7,1.74615892594977,-1.45744615676175,5.81344462068688
0.559006469062165,12.557552880556,14,15.8571217441746,1.29190829632455,13.9987871091368
0.191774104234418,11.0100581295059,10,12.4201622672674,0.884555398447426,13.3762667466848
-0.0214589939190191,9.87406759110965,9,9.76488772927443,0.11381881069147,10.6068503257834
-0.183297100093421,9.01225326697568,10,7.75000106953565,-0.442795226854362,7.86950845400342
7.04079663343454,18.0679384263642,18,19.5408387990054,1.82798588599395,14.547405680474
2.35090212194725,15.0665023435748,15,18.8014324957152,0.849869143373651,13.3061334391484
-0.0643121422270649,9.6414871759985,7,9.21926208836405,0.232320733394539,11.2083069713969
1.6628495946339,14.4413061383068,14,18.562280209141,0.51423088342126,12.3924682445233
-0.270998478650468,8.57714412144539,7,6.74654164187619,0.339877314848807,11.7066192567735
-4.87892528481677,3.03887806880533,3,0.724893089376349,-2.40915226952831,4.95784055650508
0.639004589828122,12.8046841596791,15,16.3565532643776,0.0462334569682063,10.2481714851105
2.21931409198577,14.953320731537,15,18.7677547685067,1.70175058123585,14.4308022287998
-6.93049649081616,1.96217058712929,2,0.465462692762945,-0.778284269057033,6.85080543414455
-0.579048530849946,7.34306150971379,6,4.03745509154975,-0.568448240782634,7.42605421888604
-0.0129466791747711,9.92039786596656,9,9.87363050059638,-0.317028398853089,8.39474506680636
1.56551717248949,14.3423089688043,14,18.5046108967087,1.15798150394828,13.8258397333274
-0.463865286616512,7.74696360970926,9,4.8910058953512,0.00142031087143406,10.007634161251
1.68069514659317,14.4590157127009,14,18.5717638441508,1.54731222300558,14.2799824687163
2.42618421257406,15.1303609303048,15,18.8195306574123,0.972723880738846,13.5393882998765
-1.55885326074907,5.61950887721305,6,1.48867220396539,-0.595240257118907,7.34171281183779
0.000254165231454949,9.99226869459446,10,10.0423266372715,-0.394711963746676,8.06076321263061
-0.193564283835038,8.95979306414462,11,7.6283067436913,-0.166678529075185,9.11937122070038
-0.708179962182544,6.96661667364194,4,3.29181384485829,-0.493831512474067,7.67965613435282
-0.241192291347607,8.72153929730312,8,7.07792648988865,-0.204484809326461,8.92874434492678
-2.13884557755791,5.07354762048272,5,1.24234349925742,-1.42870530989979,5.84443499795668
0.497552225592009,12.3464101377658,12,15.4145438215592,0.501967628304733,12.3493654919277
0.0198776084638161,10.099064707458,11,10.2929733251381,-0.750982087631326,6.91538783871702
-1.03295373218115,6.29059923651057,9,2.16297070454588,-0.958033144849419,6.48639864972882
-0.256432414325908,8.6472287551685,7,6.90715550109558,-0.460713103469928,7.8013149200715
-0.0761544884283876,9.57754693013103,6,9.06938377945674,0.0971511951378036,10.5191148616367
-0.191669308230555,8.96944794505955,10,7.6506911794602,-0.12017809427462,9.3598335006589
-3.59010652421921,3.91202616323937,4,0.936467393127215,-2.19767947280062,5.13219418706757
1.14776852201772,13.8410388654243,12,18.0581800705779,1.04378286819782,13.6571674720993
-0.235900941434813,8.74756773825447,8,7.13784987503408,-0.169224022735839,9.10638749356806
-1.33428944141407,5.87002299368232,7,1.68040340361431,-1.83700692044788,5.44444113525755
2.15736328718176,14.899270775581,15,18.7507572928008,0.507552804649616,12.3690914654765
0.486478248847643,12.3063088778552,11,15.3291062328392,0.677015879634649,12.8950899703188
-0.452492396528058,7.79057655277566,10,4.9856202349083,-0.352398353386104,8.23892580715506
1.694289673226,14.4724244164817,14,18.5787889313046,0.893961168772086,13.3946711418831
-1.78821640687771,5.39203820809165,6,1.36495585436747,-0.847462522115594,6.69886903305153
-0.994965707328672,6.35455033577001,9,2.25349705926405,-0.740103386534064,6.94189912363925
5.12437823823247,17.0827738850486,17,19.3031928217482,0.340262838634383,11.7083075641755
0.47094209337207,12.2489742647054,11,15.2062650689934,0.350228734040328,11.7516943973511
0.224015715482932,11.1715917151467,10,12.7931616512167,0.279759085145662,11.4345673195105
1.7261001568136,14.503536197995,14,18.594590314628,0.828209135779992,13.2604476330087
-1.66281435600504,5.51377449750138,6,1.42617575031436,-0.320569646767256,8.37886859730475
1.37997711796912,14.1388813564804,13,18.3571300776835,1.4556831923602,14.1846711976785
-2.15263884583592,5.06148609967991,5,1.23842758975357,-0.956430379036849,6.48924389012657
1.75006843208321,14.5267471121519,14,18.6059479665365,1.00646312285611,13.5966927962295
0.392575608466175,11.9404703430038,8,14.533153005541,0.0462354495981522,10.2481821524488
2.64818079613748,15.3153359443777,15,18.8694310946933,1.04125669246655,13.6531652421719
-1.01310597608352,6.32362007686348,9,2.20919745660131,-1.07445024697175,6.29524669486997
-0.543198169099754,7.46152214797561,7,4.2830420548674,-0.549650317333762,7.48731601114267
2.12541146260901,14.8711817943884,15,18.7416413158909,0.962030633965208,13.5206701708732
1.20575791021984,13.9214884315236,12,18.1491232386406,0.706497072255203,12.9732822813679
-4.6958718972084,3.1535858123319,3,0.752614435980831,-0.659247325917087,7.15381928009006
2.21803433294916,14.9522094302852,15,18.7674119381019,0.390141128471755,11.9204323336774
1.01771962475239,13.6406218692577,11,17.7999924692097,0.246796817611057,11.2783661256994
2.32912052823575,15.0479094780528,15,18.7960526509912,2.26035420006563,14.9200048958467
1.71818569187969,14.4958290794754,14,18.5907388635304,2.02716777225031,14.7230806388205
0.574328356591292,12.6072525891781,14,15.9593224180855,0.523141174040649,12.4233056344609
1.58455756043583,14.3620218090839,14,18.5167586995009,2.01327943190629,14.7110909901007
-2.48240110799881,4.78039284233585,5,1.15549236143184,-1.00363376664429,6.40801365527398
0.312148180068484,11.5906896084877,14,13.750360510732,0.0639431610400248,10.3428141532543
1.37877556812805,14.1374838452778,13,18.3559661361399,0.547151238112558,12.5044081140409
0.161301835629994,10.8539395665843,8,12.058039330618,0.0711685420815956,10.3813182187616
-0.495285199929585,7.63000677612121,9,4.63940060000847,-0.145901012227889,9.22608131965304
-0.208441468879511,8.88444178589405,11,7.45381108273322,0.00879027068597358,10.0472454096533
-0.0167291685021801,9.89980834963262,10,9.82530353090957,-0.0742614666988159,9.60222183609845
0.00755390673058053,10.0320080696615,11,10.1356001465654,0.0798367568435207,10.4274126009176
1.00717160960656,13.6229375426565,11,17.7751585068183,0.827455958612037,13.2588318207511
-3.35377326678345,4.08834508158217,4,0.979525228570636,-0.282396137707236,8.55314386701948
-1.05020481319771,6.26256484100007,9,2.12461061913382,-1.9887996897255,5.31012632470689
1.03825629397762,13.6743818387859,11,17.8465129304639,0.770034757820133,13.129969782443
-1.68795585487148,5.48891278986969,6,1.41281171998413,-1.03053759325313,6.36396168826167
0.249598025660358,11.2968007291684,13,13.0808903697308,0.155722270085146,10.8245175370251
-0.00274554253543178,9.97593666371209,10,10.0039920649532,0.73256124856504,13.039453396529
0.95236614285649,13.5270200077382,10,17.63510521877,1.12460282162541,13.778851659181
-0.589101151283197,7.31098277910694,6,3.9717407659566,-0.429579724373897,7.92087637201916
0.556622322102949,12.5497155869378,14,15.840931697824,1.0178648186364,13.6154814429821
-1.25430472595278,5.96966851492828,7,1.77616677758808,-0.161693974535683,9.14485397419228
-0.00831257493086477,9.94562657109366,10,9.93284753621196,0.0296478752911867,10.1592693266716
-0.527624810207398,7.51499340137756,8,4.39529365716912,-0.897253254014486,6.59894695254739
-2.52677078876714,4.7434945555124,5,1.1454507180412,-1.23313366729183,6.07431986851397
0.779324080643196,13.1706664356079,8,17.0461786868844,1.36424716662291,14.0837620350167
0.448662369339713,12.16454961206,10,15.0239989156985,0.472859316677391,12.2439630568979
0.587485761388316,12.6490191771416,14,16.0445624217499,0.168820206595844,10.8915541295094
0.0189576714446729,10.09406118,11,10.2812317611858,0.426944120333456,12.0687704187911
-0.512308781007815,7.56879043010454,9,4.5090383847275,-0.447526686137249,7.8513386467014
0.281621768356634,11.449526004838,13,13.429924264417,0.0612806614700585,10.3286084391856
3.78224435196076,16.1926645708949,16,19.0874718914188,1.8869076912278,14.6002862128546
-1.29540219454178,5.91761841269101,7,1.72469161805913,-1.66700424131976,5.60223908095837
0.468373836325551,12.2393750085552,11,15.1856221915197,0.417063040188626,12.0296337268252
3.3981894193613,15.9079520634837,16,19.0180256137658,1.24528605238868,13.9411271445128
-1.98970931632718,5.2059297419955,5,1.28821963193248,-1.04434438817474,6.34194465600413
0.167829190125026,10.887641990672,8,12.1363339589128,0.115733473905604,10.6168908712456
-1.03233040493537,6.29162361288521,9,2.16438791693411,-0.880833787523625,6.63108605465833
2.31465446898639,15.0355311951446,15,18.7924405324615,-0.0094413582203784,9.94925554355797
0.506361783993601,12.3778585967133,12,15.4812569381609,0.7577387318307,13.1008520824344
1.14850780824,13.8420953356266,12,18.0594228658231,0.692915115816604,12.9377097577698
0.0492527223395317,10.2585303161769,13,10.667037707842,0.0481427728317893,10.2583910908381
1.31319052970002,14.0592608691478,13,18.2872996191289,0.614967830909882,12.718205074005
-1.16700976269423,6.08714383263196,8,1.90408613123877,-0.195541718329732,8.97339250985786
-0.21630349778948,8.84495271920737,9,7.3625149522221,-0.0456197916727724,9.75511388375604
-0.229210180745756,8.78064385065984,8,7.2140756685386,0.124476468655372,10.6626324204016
-0.473045467378213,7.71225604733862,10,4.81600944441842,-0.501457833330758,7.65244297828599
-0.0271186555475798,9.84327730884085,9,9.69262443601557,0.437373698607082,12.1095283963843
1.11561929228442,13.7942643456927,12,18.0018811410929,0.592931438968134,12.6511546469106
-2.30421645185631,4.93066407019435,5,1.19812187979647,-0.810172911247167,6.77876167992345
0.442997398832101,12.1426677298516,10,14.9765033832022,0.244724208247494,11.2683884590578
-2.2819189182714,4.94972261313176,5,1.20377588618986,-0.56540016813394,7.43586983772136
1.41284735191128,14.1766579912434,13,18.3877762791243,1.35948925495384,14.0783245255923
-2.82483657561899,4.50044501438406,5,1.08195809027703,-1.5918205204509,5.67543426993295
-2.03680070463276,5.163712405705,5,1.27295327990461,-2.81298781982565,4.63659558002817
0.184318276974941,10.9721532005899,10,12.3323759438812,0.0906409992723535,10.4846971032547
-0.215111339157616,8.85092551703219,9,7.37631670677921,-0.419854450635684,7.95925868172008
1.05232742508539,13.6970197969757,11,17.8770422550861,0.620967463233462,12.7360672511288
-2.31925477057369,4.917843980703,5,1.19435455499306,-0.877833555466254,6.63704313894998
-0.0473337204181669,9.73345265871398,8,9.43493306230907,0.404194199528935,11.9779028400555
-0.0781977966378799,9.56653448646806,6,9.04358036985455,-0.540824568594955,7.51668207923526
-1.69471033177294,5.48227537330653,6,1.40932270560012,-1.35135009768376,5.93102407236717
-6.3678725520138,2.22033954989509,2,0.527527458072623,-1.81611770849889,5.4633539432928
0.474410950920776,12.2618849135697,11,15.2339950504292,0.900523154247009,13.4073616244039
-1.69561306950132,5.48138958886471,6,1.40885986325835,-0.562203369982531,7.44621325633
1.30047049316005,14.0436161134094,13,18.2727246775369,0.338357836940344,11.6999579100719
-0.505479906801758,7.59316635576472,8,4.56083224987304,-1.20083066781986,6.11628936889733
0.270622419476423,11.3975899148138,13,13.3114877263059,0.284432424489619,11.456323734658
-0.282889927301786,8.5206318002762,6,6.61736991039449,-0.41821456898374,7.96577919796445
-0.563480949178047,7.39371639203499,7,4.14192532201279,-0.650713569940373,7.17779872345108
5.15303732490328,17.0999600096565,17,19.3073482066625,0.853890415823054,13.314451815581
0.487167207094522,12.3088223017903,11,15.3344730590923,0.230371022348366,11.19880587549
-1.33279467464069,5.87182474334889,7,1.68203197475452,-1.11347826992407,6.23720834314656
1.32010068507226,14.0676920219849,13,18.2950368547903,1.54165990145299,14.2742464441898
-0.238526424169681,8.73463840423725,9,7.10807681778506,-0.177300988759171,9.06532599520859
-0.0495039381739918,9.72168099621303,7,9.40731998414654,-0.316733148875305,8.39607149078334
0.280286988250573,11.4432532101067,14,13.4156343660221,-0.377971160052079,8.13015873092095
-0.610007116519623,7.24583068326496,5,3.83939451187455,-1.15755921119778,6.17474391786931
-1.29808978969529,5.91427918043439,7,1.72149809842055,-1.71700651873194,5.55483143702667
0.0099522775464204,10.0450622947717,11,10.1662387897515,-0.353243564892692,8.23527813684556
-2.400653474755,4.84890374621833,5,1.1745425941455,-1.39213710431992,5.88475664315928
0.0253949617782288,10.1290642404106,11,10.363367379443,0.163582829141743,10.8648114758567
0.512949430211138,12.4011142971628,12,15.5304213682486,0.382244482634081,11.8876922026122
-2.00391850119046,5.19314737289275,5,1.28352756548336,-1.35348034871925,5.92857150439427
2.71708897267461,15.3718131796046,15,18.8841305293861,1.40487335551015,14.1294055142841
-0.613775931712265,7.23430674531645,6,3.8161479872745,-0.530876645935083,7.55024881273936
2.31064381685878,15.032095069561,15,18.7914333580698,1.4579747821567,14.1871199356148
0.192824500028843,11.0153822967609,10,12.4324853961673,0.409762689421084,12.0003928055651
-0.287954555960124,8.4967592745673,6,6.56289944660648,-0.333390508300502,8.32189825663866
0.229221045906632,11.1972889358452,11,12.8523196106711,0.108587051500885,10.5793737020001
-0.526722737545834,7.51812853868993,8,4.40190054588891,-0.695394130109827,7.05574056535658
0.993416941125499,13.599512918367,11,17.7417804833952,1.77455254911434,14.4986507257919
-0.260693101996258,8.62663192868081,7,6.85990706875864,0.0511897246315362,10.2746925115578
-1.41216512474401,5.77892466633353,7,1.60288521036422,-1.61410064529763,5.65348224136356
-3.65662837575871,3.86327928334214,4,0.924599739165827,-1.04414873330553,6.34225395233451
2.03615839782297,14.7918760910453,15,18.7146856833037,0.766781847963885,13.1223209790122
-0.146282694256306,9.20420742256801,12,8.19656363357562,-0.258272634542767,8.66671684311261
0.0309675009965924,10.1593451268454,11,10.4344125462199,-0.522990985308674,7.57721081370466
-0.0201890638723912,9.88097812590347,9,9.78110709151924,0.190611098959345,11.0018697044898
0.000717691304565565,9.99479232580338,9,10.0482500664802,0.164573318200847,10.8698755406357
-0.00208508517000373,9.9795325890107,10,10.0124324622679,-0.331365848449977,8.33084156148288
-2.15796731695922,5.05683413364243,5,1.23692744898417,-2.11144433802274,5.20484963512472
5.10844204789482,17.0731842691232,17,19.3008740426633,0.743658538357376,13.0668145278172
0.263309480982453,11.3627553331498,14,13.2318983970959,0.603082933342679,12.6823265695492
1.0423281394468,13.6809731464026,11,17.8554575518282,0.839515630331655,13.2844825925852
-1.03513700393648,6.28701760387677,9,2.15802412135287,-1.08414905754045,6.2805688292091
-0.49379598479498,7.63543358527129,9,4.65100298928253,-0.414898031502287,7.97900916366927
4.69764581408788,16.817818366444,17,19.2390910542052,1.40673936881555,14.1314695827081
-1.61835534690341,5.558380124149,6,1.45137868505637,-0.788219274818389,6.82797758856556
0.206866146501439,11.0861654059665,11,12.596135660499,0.807990610913948,13.2164202322794
-0.591960395800161,7.30194829647027,6,3.95329765638943,-1.20488391686407,6.11094815788179
-0.499943342010208,7.61310671728156,9,4.60331573686492,-0.294834550456622,8.49560879521927
0.0344356276853568,10.1781796938934,12,10.4785969926443,0.0823026496165857,10.4405040537006
-3.31041389251364,4.12122073511727,4,0.98758407506429,-1.83988477508318,5.44184463976079
-0.0288331164689067,9.83395297871299,9,9.67074181843195,0.0801984724558155,10.4293335645288
1.5970011080557,14.374808567667,14,18.5244555832978,1.28959574199801,13.9959840658482
1.28778470911366,14.0278476136809,13,18.2577469017787,0.495980090514626,12.3280409049931
-0.0309390713867587,9.82250153644933,10,9.64386807258156,0.134644964242882,10.7155993736056
-1.50155800775206,5.6801472096548,6,1.5290830870451,-0.850822263281139,6.69189038853104
-0.500647922318202,7.61056027825446,9,4.59788483339858,-0.0586477498171961,9.68544797607319
-0.255067795868115,8.65384219288241,7,6.92233447916176,-0.44371084953546,7.86598317155355
1.33005852444954,14.0797598228105,13,18.3059689646796,0.803321205696986,13.2060566132748
1.56978599849983,14.3467444147243,14,18.5073744104129,1.8383443882836,14.5567658410108
1.28568149935765,14.0252169134761,13,18.2552199408424,1.596666396839,14.3293601221263
-1.32254811507012,5.88423395378922,7,1.69335062060009,-0.49370781540378,7.68009998788437
0.617772353117079,12.7420244140044,15,16.2321026752128,0.700802772219056,12.9584608952609
0.0744244141357926,10.3944485866903,13,10.9855546579456,-0.260387654514605,8.656656995584
-1.16340188668179,6.09222578275859,8,1.90998481846525,-0.859111958710939,6.67482168152358
0.190114911620665,11.0016400382893,10,12.4006742680797,0.238993546176055,11.2407078857601
0.556328950978533,12.5487492589931,13,15.838934125344,0.447673440244323,12.1492230563141
1.35590612699095,14.1106497857934,13,18.3331929370759,0.897358645443617,13.401256847929
-0.994565623990165,6.35524082794059,9,2.2544968490924,-2.92456303253328,4.55015060779691
-2.42592363652793,4.82765026059467,5,1.16857116640816,-0.280027358127864,8.56418107440347
0.623343137952455,12.7586643413401,15,16.2653069606352,0.108261795938813,10.5776635475915
0.572290449705217,12.6007084582628,13,15.9459123262696,0.299213629373841,11.5244766916844
0.037497716917924,10.1948012956549,12,10.5175862374868,0.37296290856408,11.8488014895235
-1.04603509489021,6.26928568460143,9,2.1337317330621,-1.59927703711345,5.6680616124617
1.38344778075696,14.1429113006259,13,18.3604743259609,0.757271940914099,13.0997356390257
-0.147326774954621,9.1987368327007,13,8.18381192240039,-0.190578402142874,8.99829462481798
-3.44133277631835,4.02245273841082,4,0.963405308353528,-0.873877485869898,6.64493866049922
1.30497172416208,14.0491710660105,13,18.2779322466217,2.09317223634372,14.7796197911176
1.74220804844985,14.5191561388988,14,18.6022727496439,0.824605289738654,13.2526993677615
1.31371049681618,14.0598969292546,13,18.2878861906675,1.24494559785014,13.940696837934
-2.20279129681718,5.01786157417924,5,1.22457043856399,-0.634283109523895,7.22488025778127
-0.0439793113872444,9.75165579989521,8,9.47763608329614,-0.230788947723929,8.79915625835873
0.528273930659998,12.4543544685083,13,15.6424136387384,0.788391586150204,13.1724152386449
0.19082688456599,11.0052535211115,9,12.4090400947461,0.665461486842448,12.8634411884288
0.287920453508358,11.4790147686937,15,13.4970460436148,0.348363976093115,11.7436137674687
-1.58041445761036,5.59715555934572,6,1.47464926939627,-0.467013937962817,7.77773142314362
-1.63971163871958,5.53684697448238,6,1.43901219060453,-0.920567568182695,6.55461463558328
-1.03464543374,6.28782315805319,9,2.15913550999357,-0.78966989843126,6.82467379810035
-3.64984429367707,3.86823274439851,4,0.925805120906859,-1.99084424187652,5.30835003570612
1.37746858558696,14.135962334176,13,18.3546964466241,1.57488421101845,14.30771956685
-0.540940371841295,7.4691979879537,7,4.29910480828997,-1.17355965096236,6.15281555587118
-0.214050811893908,8.85624340730921,10,7.38860723012222,-0.287052958413705,8.53152008118509
-2.66489697136041,4.62984813677581,5,1.11528089511342,-1.08619420963247,6.27749576762556
-0.460758766723843,7.75880888036007,9,4.91666247840811,-0.722765596071859,6.98509794028163
3.68811644828308,16.1240816889825,16,19.0707821773247,1.75717810927304,14.4826159481154
-0.468862310324853,7.72801636538592,9,4.85003100781529,-0.414621547742598,7.9801146624381
5.34639771988587,17.2139171827876,17,19.3348937874563,1.28001560967249,13.9843105501902
0.201317283228775,11.0582817100614,11,12.5317098063915,-0.0505765428257945,9.72858730667725
-3.76318441188072,3.7860115294614,4,0.905811722738374,-2.01270633596685,5.28940448851146
7.07472130156885,18.0825036726385,18,19.544342553079,1.23444267620202,13.9273527468892
0.468920157715695,12.241419857991,11,15.1900213615903,-0.0980451108070711,9.47616545496834
1.75263345852561,14.5292198746142,14,18.6071370917323,0.637878676458224,12.785526531856
1.14084828712758,13.8311087524566,12,18.0464361640162,2.07200879370938,14.761567820933
0.230261975489774,11.2024144378118,11,12.8641127728004,-0.335962747443868,8.31056525935886
-0.452010262920904,7.7924405133434,10,4.9896729664517,-0.0220415859047686,9.88156264994497
2.50366544749728,15.1954660552386,15,18.8374638196112,0.917715620899639,13.4400422333083
2.42791595163484,15.1318227689679,15,18.8199386626354,1.59139501575351,14.3241442079537
-0.467885896586485,7.73170831140464,9,4.85800885155405,-0.394711963746676,8.06076321263061
0.0666098052385797,10.3523456371195,14,10.8869337875423,0.180066249640643,10.9486832698806
-6.3678725520138,2.22033954989509,2,0.527527458072623,-0.695394130109827,7.05574056535658
3.52200434435476,16.0011472776958,16,19.0408108610834,0.964909987996826,13.5257375686958
0.436793031315201,12.1185086741043,9,14.9239488829368,0.609771150129449,12.7025984105781
-0.0466673542884249,9.7370680061034,8,9.44341403176499,0.0664038257544283,10.3559349164175
-0.483554962849984,7.67306613830174,10,4.73165852299871,-0.828773861973278,6.73834205996304
0.554044873562123,12.5412112088241,13,15.8233414201143,-0.0768753482010404,9.58832228994059
-1.83349468838428,5.34932785494077,6,1.34576282926603,-0.251155170347188,8.70071131283977
3.15337084489299,15.7197986476667,16,18.9717555919436,1.87600592285156,14.5905666243881
-0.060527240739053,9.66196110986702,7,9.26726440798965,0.0118623204101718,10.0637543317535
-3.4113282929306,4.0449574737309,4,0.968906427054781,-2.23488964570486,5.10114576204454
-4.62349750064029,3.19979684367883,3,0.763786616267809,-1.07351089503077,6.29667753182029
0.215724956279755,11.1304376062603,10,12.6983127171515,0.113716065216822,10.6063112944843
2.45985091747593,15.1587248786697,15,18.8274016246127,2.19882279307088,14.8687623949588
-1.29903669859064,5.91310449940855,7,1.72037778510752,-0.467739196347904,7.77503007330056
-0.221619092663882,8.81838804001211,10,7.30116096562696,-0.291963190221048,8.50882727490301
-0.0592941291433855,9.66863511111639,8,9.28291355178491,-0.058485552515315,9.68631417482128
0.540764217973254,12.4968670953882,13,15.7312547943637,0.581021095557206,12.6139559055517
-2.47256394723708,4.78860038276631,5,1.15774542464844,-2.96505838289258,4.51900960655188
-6.43725226649808,2.18704500796456,2,0.51951773278504,-1.36442881603772,5.9160307657261
0.00487829585108866,10.0174432405635,10,10.1014151976916,-0.350356052986935,8.2477545206231
-1.59556554360307,5.5815883259998,6,1.4651491091502,-1.47520243294151,5.79458472558678
0.47026217082198,12.246436307071,11,15.2008093585411,-0.443703891066868,7.86600994622042
-1.71494887648628,5.46248934897614,6,1.39911527882995,-0.499393947826229,7.65977811677739
-3.62172441748085,3.88880807297804,4,0.930813273230367,-1.96927668889921,5.3271276163364
-0.160004419897598,9.13255927381881,13,8.02966413048157,-0.00680047699613394,9.9634484989662
-3.42941599041418,4.03138150321799,4,0.965587362429522,-1.66049168821903,5.6084841344044
-0.594641195271721,7.29351349947759,6,3.9361047345599,-0.764846343769972,6.88224856117085
-1.15122174360842,6.1095274586234,8,1.93029019108095,-1.35826825520535,5.92307411643272
1.35410892283319,14.1085216735643,13,18.3313521820741,0.721702818912762,13.0122155606057
-3.48853653264693,3.98720640280854,4,0.954797866892422,-1.59692735856651,5.67038200690046
3.44437354959607,15.9428699058458,16,19.0265705323657,1.75904617894943,14.4843444965089
-1.56594949059364,5.61212535723734,6,1.48398981268113,-1.71700920955339,5.5548289103869
0.450230291275639,12.1705761599727,10,15.0370619118506,0.0741900469136303,10.397398239273
1.59740148187367,14.3752187549466,14,18.5247001506274,1.11153967589391,13.7599717415673
0.651712791929492,12.8412134535375,16,16.4283482154455,0.150542003957048,10.7978632867828
-2.1748511225247,5.04212105844854,5,1.23221900044601,-1.76253182999965,5.51243312504902
-1.61496564844841,5.56181672746217,6,1.45338865513442,-0.628831093720565,7.24077212868437
-0.195098668942763,8.95198466279482,11,7.61020750048447,0.0462334569682063,10.2481714851105
0.280316744807561,11.4433931408909,13,13.4159531838134,0.565303351920544,12.5638176433367
-1.19204536968663,6.0524018361061,8,1.86456658337497,-0.589506787691772,7.35947176058298
-2.05319400127907,5.14911060659514,5,1.26782095639897,-1.44440778723589,5.82743058863127
-0.531314822305867,7.502212124095,8,4.36838741487422,-0.28409442468383,8.54524646940924
-1.130227177252,6.13989215019026,8,1.96676150577703,-0.998674975204386,6.41630514231105
-0.27132823155473,8.57556840259838,6,6.7429357820928,-0.562536957166847,7.4451315743639
-1.4020340268725,5.79048653474223,7,1.61220719563934,-0.525072020588201,7.57006500343376
-0.862031519914594,6.60627040999304,11,2.646800011592,-1.13171771331995,6.21098399208888
-0.205630679964282,8.8986161194101,11,7.4866071805367,-0.249462279956043,8.70882863808425
-1.30198889392563,5.90944821486864,7,1.7169010749014,-0.431816869553247,7.91211676702818
1.42906980101703,14.1949927079452,13,18.4020902348245,1.17314377973638,13.8466192692528
-0.174511001739661,9.05742882871006,11,7.85492476290288,-0.364410805539412,8.18742139141847
-3.46489775877203,4.00483284257693,4,0.959101181212841,-0.804168356167855,6.79205762210493
0.468411639390144,12.2395165535364,11,15.1859267329863,1.04500631159354,13.6591011599821
1.57278793251052,14.3498579754824,14,18.509303775978,1.42413960675985,14.1505868057756
0.505151396660392,12.3735614422371,11,15.4721565294795,0.450367833185255,12.1595159486036
0.0182833742219533,10.0903934297116,10,10.2726246819132,0.71902387731657,13.0054237432105
-1.65002460791294,5.52651980270946,6,1.43321374698936,-0.549268279702208,7.48857914675443
0.218111518518071,11.1423121612939,11,12.7256936158862,0.128882341673828,10.6856139671858
-0.0500109664755692,9.71893140979062,8,9.40087047750694,0.101107344594771,10.5399907007681
-1.30362784028477,5.90742231426814,7,1.71498141514717,-2.07137323384415,5.23897538477384
-4.98073078737381,2.97643095026975,3,0.709807888861283,-1.04792358127555,6.33630010518571
-1.62267977274676,5.55400345702664,6,1.4488333380692,-1.46423269896776,5.80621127265958
0.528520989975858,12.455203013927,12,15.6441920738248,1.21014083228065,13.8959464774131
-5.08473154039493,2.91363167714643,3,0.694642072738941,-1.68572905173965,5.58437620143573
1.3671430360821,14.1238911044412,13,18.3445314407288,0.824601957821626,13.2526921844134
-0.930399565672947,6.47094875639615,10,2.42843996189703,-0.863296952593007,6.66628494003835
6.36984092730508,17.7600275337305,18,19.4666953178848,1.53830730956692,14.2708359311407
0.229996431055438,11.2011073286674,11,12.8611054739407,-0.0480518990590883,9.74209523167007
0.303143828551463,11.5495138156957,14,13.6571276555343,0.225574079944991,11.1753654865123
3.00611330046053,15.6041650098442,16,18.9430384591654,1.58907451076983,14.3218438832645
-4.57594229284073,3.23042541645506,3,0.771192953871607,-0.404510571302467,8.0208150960823
4.55541866768817,16.7257426568256,17,19.2167971422002,1.06068777980432,13.6836234871042
-1.17767947505361,6.07222713416058,8,1.88694556380792,-0.79624355614935,6.80979494233777
-2.38221666876828,4.86445367224208,5,1.17894994872388,-0.820677572819294,6.75579390843565
1.57192287461289,14.3489612174216,14,18.5087489742134,0.854352399136572,13.3154042527592
-0.508996709395261,7.58058286554643,8,4.53407549366772,-0.679648011313205,7.09778041160842
-0.645901901896222,7.13875739809697,4,3.62540797835942,-1.3636824345719,5.9168823146327
1.09801148703619,13.7679268326052,12,17.9690950177914,0.656846218792511,12.8394661545472
6.59710922418263,17.868621993308,18,19.492859829243,1.71431618812351,14.4426411138312
-2.14128818214159,5.07140962286491,5,1.24164655930081,-0.798626401843444,6.80443882443774
-0.534746928494957,7.49038650318593,8,4.34353429349991,-1.19509482934656,6.12388585865414
1.14536703632523,13.8376012588794,12,18.0541273390345,0.736015933866584,13.0480223074451
-3.72491584462213,3.81364548632837,4,0.912528108581166,-0.785341973578086,6.83455265135989
0.218245566950618,11.1429784637392,11,12.7272296898387,0.0711685420815956,10.3813182187616
0.563545879415611,12.5723975065193,13,15.887732968917,0.932013689985843,13.4666114416661
-0.565487070203936,7.38712154194235,7,4.12827680558145,-0.917872374469353,6.55966351904409
-4.94290098800831,2.99952313271118,3,0.71538569614256,-1.70557189034113,5.56559147400036
-0.55818833720061,7.41121116734017,6,4.17819902346449,-0.546435245135802,7.49796866782088
-1.1736512425854,6.07783921168982,8,1.89336391625384,-1.14296274160858,6.1950855040736
-2.30701010821385,4.92828045729778,5,1.19741928933829,-2.25068986460016,5.08801316863267
0.308733336712378,11.5751202044114,14,13.7151309632552,0.392758146270705,11.9312119423608
-0.052672698551223,9.70450104390218,7,9.36702393401165,0.0927845215427635,10.496038009717
-0.22016056884859,8.82566608171247,9,7.31796532882102,-0.418059252382745,7.96639749424061
0.246859318695284,11.2835286593755,13,13.0504548724027,1.33530865887101,14.0503730580072
0.0387496596015393,10.2015948089065,11,10.53352068579,-0.382333855439983,8.11193545934963
-0.535906985093541,7.48640298493536,8,4.33517143699646,-0.621474907367515,7.26242960791053
0.246983996701017,11.2841335648346,13,13.0518423806156,-0.211475507539638,8.89404711533953
-0.440266135957714,7.83822291381191,10,5.0894416496692,-0.0980488867615115,9.47614552200196
0.0159508850890237,10.0777045953176,11,10.2428471143351,-0.409841281320591,7.99929092854013
-0.657213934582296,7.10623304138189,4,3.56134154543042,-1.21661814431678,6.09560841487536
0.229883518937374,11.2005514451678,11,12.8598264971913,1.12352164522154,13.7772998375911
-0.615024146312089,7.23050482353584,5,3.80848964518788,-1.04320827966682,6.34374172019455
1.33485175228524,14.085534876608,13,18.3111413873225,0.979360217877498,13.550867490676
-1.01521983939017,6.32006308263378,9,2.20416447658275,-0.968230787222385,6.46844310502592
-0.0242135234539682,9.8590804291119,9,9.72971292945757,0.455607016404271,12.1794220610804
1.31595284248932,14.0626368495397,13,18.2904075912586,1.4518909019179,14.1806108826439
-1.30999950581101,5.89957269969605,7,1.7075887954372,-3.1273637793464,4.39543085465355
-0.570754606232052,7.36990011361476,7,4.09270200962988,-0.911333718230382,6.57199408832995
-0.265965069624617,8.60125645787594,8,6.80174925717625,-0.199029016107899,8.95594801364427
0.157370521517683,10.8335762067533,8,12.0107030520206,0.866871867305494,13.3409651547468
-0.195943895885602,8.94768691551065,10,7.60024728523321,-0.284505825993485,8.54333534187479
-0.561321821024989,7.40083656838313,6,4.15667662401957,-0.601894509190652,7.32129750936995
0.470302292703315,12.2465861377666,11,15.2011314828483,0.366948475010884,11.8233658045668
2.16656418464252,14.9073318475577,15,18.7533361170566,0.59652880050833,12.6622568222054
-1.16518936481562,6.08970556700925,8,1.90705582265403,-0.3844499849736,8.10313137330891
-0.459429081282806,7.76389455443721,10,4.92768732110008,-0.760570152697152,6.89239331841911
0.243763340346232,11.2684863894445,12,13.0159411079546,0.0436281986965413,10.234221399479
-1.89715636248371,5.29020623005048,6,1.3208547583912,-1.51401960731704,5.7540608400523
1.04447101066794,13.6844286146791,11,17.8601285242485,1.33570209697145,14.0508321997943
-0.548825447328921,7.4425031072287,7,4.24331774267625,-0.134203647477119,9.2866939917848
-0.614209023929598,7.23298676461237,5,3.81348848133988,-1.33937708733392,5.94488616206085
1.36259627697909,14.1185466175957,13,18.3399787466829,0.921262852487307,13.4466846658266
-1.76742517936133,5.41185327697058,6,1.37423009811394,-1.44197564725405,5.83005273224706
-1.0270784271001,6.30028694131604,9,2.17641689893101,-0.86329350958664,6.66629194129456
-0.202268380044279,8.91560999658982,10,7.52594463335393,-0.257679513272916,8.66954142243874
-0.000180161905879624,9.98990401779849,10,10.0367762912806,-0.019563680192643,9.89487051556175
0.915799909762498,13.4589477942385,10,17.5305057086904,0.56245371051374,12.5545985431413
0.530033320730184,12.4603904978627,12,15.6550598093694,0.648957616597516,12.8172271938925
-0.50374483218536,7.59939824389061,8,4.57409852653225,-0.486300001586782,7.70682457736817
0.498252535505958,12.3489247633199,12,15.419887707021,1.18723266917292,13.8656280481973
-3.25601646110604,4.16269507325643,4,0.997768684331299,-0.964734668854381,6.47457040025803
2.31507003232614,15.0358871216739,15,18.7925447467105,1.03823370203727,13.6483589260935
2.37196323542219,15.0844296185387,15,18.8065703121964,1.84913247599423,14.5664844431003
1.35808043572875,14.113220598966,13,18.3354097843795,0.998617140975564,13.5835978303602
-2.24139177764686,4.98452045626743,5,1.21427585338134,-2.08774325809482,5.22500438103045
-1.61446839430777,5.56232130562182,6,1.4536846120758,-0.994399665527368,6.42349802574246
-0.452806554135701,7.78936265835085,10,4.9829812947923,-0.220782866818771,8.84813739375229
-5.02042542479604,2.95234340275206,3,0.703990299425072,-1.94660242072941,5.34696660751601
1.30396375749241,14.0479289374437,13,18.2767709034451,1.51253719368823,14.2444085106605
-4.6020185204776,3.21360470053487,3,0.767125369135113,-1.25078446136054,6.05194256532602
-0.49650211327626,7.62558083296632,8,4.62994345015741,-0.553243354449663,7.47547172009806
1.62454989504537,14.4028597473755,14,18.5408481320602,2.26003459980008,14.9197399129127
0.218383572199141,11.1436643595808,10,12.7288108993576,0.523094994896393,12.4231468521851
-6.85938792011463,1.99333031847901,2,0.472948150324805,-1.16429490514274,6.16546646950943
0.545911148199423,12.514157211707,13,15.767232262767,0.311778554710495,11.5816073297811
-1.73148192377503,5.44643528814195,6,1.39103754095092,-0.952842673484907,6.49563588600272
1.66059163173562,14.439056400365,14,18.5610583021637,0.206946836952704,11.0834962152839
0.436395998903078,12.1169557830775,9,14.9205666827151,0.596476373403359,12.6620954630375
1.0065987609573,13.6219702633323,11,17.7737910588901,1.02642243074541,13.6294000609753
-0.235976549889799,8.74719500451949,9,7.13699137257812,-0.22793626496183,8.81308021930946
-1.98225984985818,5.21264685074019,5,1.29071068665665,-0.935693223651479,6.52663834004086
3.65028094340675,16.0962936712349,16,19.0640143041268,1.75921780080842,14.4845032451078
-0.502704496626867,7.60314231840204,8,4.58207360925114,-1.46328365894687,5.80722091484284
5.37470678017027,17.2303098826828,17,19.3388550841922,1.72467373297656,14.4523577438785
0.542524165584045,12.5027942294918,13,15.743598293169,0.29909793239094,11.5239471775049
-0.939385874302074,6.4541236614615,10,2.40237946324034,-1.04483941794629,6.34116244328643
2.69058417458092,15.3501403731146,15,18.8785126560483,1.10855436695139,13.7556167494568
1.14893261331916,13.8427020212738,12,18.0601359684629,0.771146702277596,13.1325754962557
-2.02150476078371,5.17738003485332,5,1.27782432438044,-2.02656428004049,5.27743964829708
0.478773090046156,12.278031059106,11,15.2686188491656,0.703112538386387,12.9644888849458
-3.36966402844368,4.0763372105442,4,0.976584567008196,-2.60739332527493,4.79842749413075
-1.15731095719436,6.10084962555225,8,1.9200618666568,-0.502241197451109,7.64966458533052
-0.527195642621182,7.51648444656687,7,4.39843549512921,-0.650506465652757,7.17838467511754
-2.90466580618916,4.43670341520636,4,1.06582807026671,-1.05222923966778,6.32954366295981
-0.159455245587566,9.13541621327761,12,8.03631450524566,0.0825053546186636,10.4415797784197
1.82189747099661,14.5952319749571,14,18.6374677636147,2.22166295286169,14.8878374717989
-0.503211163587848,7.60131816779056,9,4.5781876214307,-0.897796507857824,6.597896772435
-2.52580127778868,4.74429871731565,5,1.14566811462436,-0.807942558758518,6.78368603938394
-3.66075757759289,3.86026629964366,4,0.923866614668695,-2.43576673811965,4.93623017904345
2.12489228463425,14.8707241327834,15,18.7414910543742,0.132493759895339,10.704415603508
0.917998661504231,13.4631396664378,10,17.5370656812822,0.467232795221918,12.2230840360771
0.21140933334358,11.1089081106165,11,12.6486421173481,0.0582687794516723,10.3125281217374
-0.509871748783327,7.57746182781986,8,4.52744550221588,-0.0580723998396632,9.68852071539803
0.451704324006275,12.1762300491074,9,15.0493100311205,0.426671809551524,12.0676986638151
0.390710954579309,11.9327371704686,8,14.5160483973724,0.507550807348936,12.3690844398358
1.58704246481305,14.3645812194336,14,18.5183107011553,1.93354212368276,14.6415587979697
0.2363366938174,11.2322368753834,12,12.93268790978,0.565642739620562,12.5649129720441
0.214092400246877,11.122301770923,10,12.6795466150758,0.249232348029934,11.2900679162691
0.266669271004601,11.3787893333472,13,13.2685472997587,0.602501967927944,12.6805557569341
-1.03547971103054,6.28645629262333,9,2.15725010487682,-1.73758906091756,5.53557759708272
-1.65937345259462,5.51719679841891,6,1.42805288835979,-0.791699254369011,6.82006438368607
3.50761650385814,15.9903858277255,16,19.0381830569753,1.87434162025668,14.5890803146771
-2.36160861596621,4.88187931510243,5,1.18392979624857,-0.900663076573444,6.59236909616627
0.226298685784539,11.1828756449578,12,12.8191450294826,0.192582235366885,11.0117694659341
1.72240185521959,14.499937486127,14,18.5927970126807,1.64798049439934,14.3794702931599
0.22645028453432,11.183624196814,12,12.8208683542471,0.276188301737926,11.4178772049971
0.603351533201843,12.6982796807339,15,16.1442971344545,0.452877629907295,12.1690696667514
1.37897867907775,14.1377201664515,13,18.356163113594,0.526140542707962,12.4335955548565
0.220825739379802,11.1557895818321,11,12.7567574754658,0.0203557236274896,10.1093835202142
0.943752686812834,13.5112932968377,10,17.6113103667044,1.03465474509618,13.6426445716372
1.04030909340451,13.6777089678248,11,17.8510336413674,0.749460777213296,13.0809318694851
-3.56080868737555,3.93361905595581,4,0.941728501926209,-1.22000362254514,6.09121616641647
1.63404561586369,14.412449818702,14,18.5463054134222,0.493623012382905,12.3195956738994
0.496148123103736,12.3413607439557,11,15.403808320103,1.08421977642693,13.719537560438
1.28385440672168,14.0229277398095,13,18.2530144699359,1.36883454098242,14.0889857965216
-0.450312816460449,7.79901271254634,10,5.0039684346613,-0.340564734512308,8.29037087046524
2.60494897130389,15.2796825822849,15,18.8600433154338,0.788779540642503,13.1732992951113
-0.288998222909586,8.49185462018227,6,6.55171563239766,-0.188091365398445,9.01080494001896
1.27615698025101,14.0132439731674,13,18.2436171220437,1.27177428555578,13.9741877527168
-4.89020723531087,3.03191029558795,3,0.723209681117514,-0.853476628238807,6.68640182167258
0.267464845435119,11.3825786411235,13,13.2772048611454,0.407040444940846,11.9894183068778
-0.0852715205737537,9.5284603678565,6,8.95438934466381,-0.265315901111575,8.63329172860332
-1.34909984513257,5.85228526299649,7,1.66457052737847,-0.535622974827087,7.53417160101198
0.479596158302073,12.2810664568214,10,15.2751209928528,-0.0480501301241281,9.74210469842896
-1.28350942250478,5.93248749636652,7,1.73907084770646,-1.83699692759893,5.44445015490239
0.0368334380925438,10.1911961229627,12,10.5091299078885,0.158598454023327,10.8392825922172
-1.52717906182987,5.65279845516718,6,1.51041781984083,-1.39180369668744,5.88512913739349
-0.685368752010332,7.02773261765239,4,3.40865550928462,-0.338438592536921,8.29968777240426
3.6150046473183,16.0702718395648,16,19.0576732474084,2.16714557469738,14.8421961454174
2.44293538699556,15.1444882713933,15,18.8234628234614,0.526147010929913,12.4336176962172
0.271560931964238,11.4020429385248,13,13.3216532717553,0.384913547477814,11.8987941948139
0.565507550138383,12.5787811109884,14,15.9008745457626,0.863763984493223,13.334664422306
1.11452822739165,13.7926475639387,12,17.9998908616915,1.43040392960301,14.1574131342099
-0.0239975237078554,9.86025555602388,9,9.73247090410856,0.259973182045631,11.3413731381029
-0.212378289268059,8.86463878999982,9,7.40801437019103,-0.281512211578397,8.55725950038462
0.497136297722561,12.3449154522384,11,15.4113666591083,1.06907918134451,13.6965496917559
6.83595907467635,17.9779738689996,18,19.5191900537938,1.58949749998074,14.3222633881714
-0.515850472342054,7.55624311287631,9,4.48243902202227,-0.880833787523625,6.63108605465833
0.464992763778696,12.2266850976222,11,15.1583003283045,0.943904863410708,13.4882999175447
-2.14616169911417,5.0671465231138,5,1.24026052241206,-0.73308761575263,6.95923801202423
-1.02927852062997,6.2966507740484,9,2.17135866503918,-0.766611280893901,6.87808115932363
-1.36089616076694,5.83830231017825,7,1.65234384908075,-0.295058990580151,8.49457718420764
-1.13445289935023,6.13372389360341,8,1.95926736799548,-1.12447467326703,6.2213321726925
2.36830771544187,15.0813215503599,15,18.8056829211248,1.16414616102881,13.8343293893842
0.655798507083324,12.8528053293634,16,16.4510095608736,0.648806121126007,12.8167974114078
0.382271713449208,11.897510875657,8,14.4380057937779,0.374822366282029,11.8566280583588
-0.561388513693028,7.40061628834397,7,4.15622001383235,-0.827349873978395,6.74139591468923
-3.69042005542937,3.83866661711086,4,0.918612203766306,-0.700524591927276,7.04226657543869
0.241731887965282,11.2585940396085,12,12.9932328150178,-0.0760620204789221,9.59264612673541
1.01568738462321,13.6372332264323,11,17.7952583667807,1.39840142573051,14.122225283971
0.137535547138448,10.7301290311223,7,11.7699079437248,-0.119273284180032,9.3645681309815
-0.276930305058764,8.54887378301828,8,6.68188430461327,-0.745481959388873,6.92873509277429
-1.79698330882496,5.38372229147771,6,1.36113423730106,-0.806820781648364,6.78616918375735
2.39778107581174,15.1063395073664,15,18.8127875246045,1.47222858046464,14.2022712425868
-0.0699983872915722,9.61076181191394,7,9.14722534715729,0.0826646523089319,10.4424250998564
-1.2563306354826,5.96705760856935,7,1.77350858015373,-1.4216508621941,5.85213335688547
0.379013613906177,11.8838120616303,7,14.407605239073,0.960412578367358,13.5178136618345
4.68148353445741,16.807449848144,17,19.236581041832,0.969143805047084,13.533152192705
4.82929426841142,16.9013683931849,17,19.2593126125265,2.43732636536527,15.0650340986523
0.281729591153443,11.4500323571356,14,13.4310775942867,0.190449482920673,11.0010574102981
0.635633347734548,12.7948721291461,16,16.3371717593347,0.294754410208197,11.504022793389
1.119186156416,13.7995360799783,12,18.0083502835901,1.61424630515836,14.3466605166078
0.262901689938622,11.3608057814389,13,13.2274406143611,0.211850308924586,11.1078080034844
-1.33375567691454,5.87066613223239,7,1.68098429571356,-0.773953722665815,6.86086661776602
2.73703977271424,15.3880855366207,15,18.8883312234163,1.18404192997473,13.861347818002
-1.17198315728257,6.08017008156896,8,1.89604044668895,-0.562408334273795,7.44554857923231
0.593888855340429,12.669043832975,15,16.0852118263774,1.11093070314506,13.7590846011339
0.920283588230153,13.4674821301052,10,17.5438451971337,1.30919781089148,14.019565532303
0.263310253011671,11.3627590233326,13,13.2319068360838,0.174176436358774,10.9188143828202
0.490584516286343,12.3212527268214,11,15.3609921873327,0.422716627717957,12.0520884419552
6.83285216437129,17.9765824087245,18,19.5188551214355,2.89687149245231,15.4284832512156
7.30455169507435,18.1787193511028,18,19.5674792579912,1.47023770877571,14.20016318467
-3.05412239075303,4.3188499502676,4,1.03635103708849,-2.03068612967995,5.27388734252483
-1.05085887967447,6.26151375354638,9,2.12318846302321,-0.496955480102308,7.66847270206899
-0.223578055556088,8.80862591711711,8,7.27862715019332,-0.496222632075223,7.67109170768213
2.29882667974397,15.021959761618,15,18.7884509309268,0.350342914723032,11.7521886160163
3.99134400723716,16.3421913807509,16,19.1238054839511,0.972202213720658,13.5384815191304
-0.436634737491183,7.85252662497929,11,5.1206993882785,-0.367175495149285,8.1756707637268
-0.574370536578912,7.35815763657011,7,4.06850083220494,-1.19509966286533,6.12387943826709
0.0267719876703275,10.1365488123222,12,10.3809286299392,-0.0407384665757996,9.78125889533297
2.59086140000167,15.2680271556793,15,18.8569540100443,1.06220853647317,13.6859760763719
0.501120249556705,12.3591955335685,11,15.4416973309907,0.134537574099963,10.7150413517703
-1.27207432174574,5.94693040246199,7,1.75328702183237,-1.05738893759545,6.32149513790642
-3.82312488180503,3.74299054547035,4,0.895361310103062,-1.52651431207346,5.74121066198916
1.60320549805907,14.3811565584648,14,18.5282243114534,1.55510881329451,14.2878661977356
0.539487207696831,12.4925566615252,12,15.722271477099,0.781872935696284,13.1574809596497
3.74640277108649,16.1666424238621,16,19.0811415376548,1.06999144299041,13.6979468786151
-0.143321309127442,9.21974035207051,13,8.23277742600231,0.131790310397114,10.7007559125556
-6.67680033518013,2.0752678807329,2,0.492639212104717,-2.01079005379362,5.29106166429248
1.66061263247033,14.4390773340507,14,18.5610696903816,0.0853120606457097,10.4564675488033
-1.33111666951619,5.87384992366737,7,1.68386698559035,-0.446755399771416,7.85429259741533
3.71404385307681,16.1430509959611,16,19.0754002608342,2.77695822137791,15.3352857948331
-0.0729601160506191,9.59477530595178,7,9.10975697471489,-0.535947613048415,7.53307609052259
-1.18903626131181,6.05653035319168,8,1.86918896987615,-1.39320979749772,5.88355880954874
-0.238515817056732,8.73469058247248,9,7.10819694523431,-0.384226594417754,8.10405969755561
1.74584449872347,14.5226704634341,14,18.6039789067077,1.32941269044864,14.0434747769048
-0.551009836701846,7.43516328810666,7,4.22801653650065,-1.02869985045417,6.36692182033073
0.66250620670195,12.8716772327107,16,16.4877745847684,1.37336426841234,14.0941259755683
0.0367895758799718,10.1909580609545,12,10.5085715010381,-0.419854450635684,7.95925868172008
0.573520652764426,12.6046613085273,13,15.9540141547267,0.176647338412832,10.9313588325636
0.284215884961032,11.4616933838351,13,13.4576306618075,0.602693049051623,12.681138357527
0.254821007413873,11.3220216635337,12,13.1386832171202,0.258044888153884,11.3321987556819
-2.13258495299317,5.07903160499929,5,1.24413680120471,-0.258228021706658,8.6669292469332
-0.190078822292534,8.97756115722335,11,7.66950571658388,-0.0457386183357662,9.75447769641494
1.3124652981542,14.0583732657576,13,18.2864802935368,0.559475673822096,12.5449214682372
-0.575961495069649,7.35301148590065,6,4.05790902969153,-0.535330125148758,7.53516029290095
2.21161567358011,14.946632421643,15,18.7656874456028,1.1695040766737,13.8416621077722
-0.220314658488108,8.82489678131891,10,7.31618890000323,-0.452828466855335,7.83111716106924
1.65353011473744,14.4320072906193,14,18.5572042280468,0.460957344520089,12.1996030966974
0.496010811749388,12.3408664014483,12,15.4027569494218,1.03885695334901,13.6493513665016
-1.17092529986549,6.08165037143074,8,1.89774354318983,-0.677295517957634,7.10415117460128
0.486796708179047,12.3074709722269,11,15.331587807522,0.328617092528171,11.6569845016305
0.222961065739253,11.1663718372787,12,12.7811385070667,0.179865400764395,10.94766658708
3.31980918218339,15.8482717540789,16,19.0033949909558,1.2009826263971,13.8839112755739
1.29044832418921,14.0311725172724,13,18.2609291522935,1.00665270910333,13.5970075295808
-1.28242838468686,5.93384668515123,7,1.74039822714352,-1.49170654244569,5.77724014595646
-0.384965194369379,8.06357009343717,12,5.58629881675753,-0.372519263596636,8.15306844349604
-0.265301932082515,8.60444158700405,8,6.8090459859879,-0.256781454999661,8.67382106352372
1.1741017662075,13.8781656569044,12,18.1010820785687,0.949098039835066,13.4976582688374
-1.10942482279314,6.1706876569149,8,2.00482188983835,-0.791741625752723,6.81996829692172
0.55188660791144,12.5340645850716,14,15.8085417851025,0.190232737358277,10.9999678887723
-0.0137201466701856,9.91618733671977,9,9.86374761253529,-0.0245187249040475,9.86826164097347
-0.278887295345947,8.53958195107252,7,6.66064983975895,-0.807537990034731,6.78458109100512
1.62998472077232,14.4083533825734,14,18.5439835407575,1.15506492737881,13.8218032194591
-0.0517895917741606,9.70928796790525,7,9.37825137845231,-0.115820709736961,9.38265185765
0.214711698935813,11.1253892727528,10,12.6866688224129,0.384913547477814,11.8987941948139
-3.20329984672521,4.20313100344119,4,1.00772029870121,-0.692500104714891,7.06338922239815
0.530219127323632,12.461027038926,12,15.65639282168,0.299029598919862,11.5236344040187
-0.491648802837268,7.64327842785914,9,4.66778793653497,-0.54069474061207,7.51711695717407
1.34287410183479,14.0951523086891,13,18.3196705793253,1.61425523685707,14.3466692700522
-0.025804691544509,9.85042444106837,9,9.70939792045688,0.23910768444184,11.2412605242897
-0.0495201933565052,9.72159284150287,8,9.40711320390782,0.0579847015352138,10.3110108852052
0.59540350237717,12.6737520333598,14,16.0947482848665,0.528875154196465,12.4429375680159
0.242082311196084,11.2603017111272,12,12.9971534514323,0.685803622651775,12.9187783554267
0.218029493266944,11.1419044106769,11,12.724753582791,-0.0204262436470705,9.89023773177858
0.205583066621299,11.0797281334168,10,12.581267075985,-0.17186634407765,9.09293149012235
0.0462275815202915,10.2421427952006,12,10.6286133562794,0.4424348212993,12.1291027339096
-0.974834073990087,6.3897545307512,10,2.30506251716534,-1.54766682970573,5.71965825236862
6.23794951194353,17.694938142545,18,19.4510052340367,1.45892753820461,14.1881369674948
4.94915202205071,16.9760309360159,17,19.2773768904211,1.4214279403019,14.1476227649647
1.60740406752506,14.3854421133075,14,18.5307491770196,0.788335888189714,13.1722882725456
1.71806003063982,14.495706534791,14,18.5906772943999,1.11273704453595,13.7617142089
0.544276490793049,12.5086802700383,13,15.7558456477291,0.338176000260516,11.6991599783413
-0.545509057399025,7.45369249509873,8,4.26667544310513,-0.26110996226292,8.65322585767905
0.154334443522541,10.8178173140119,8,11.9740552680069,-0.0326076204960677,9.82485109815896
0.248450749911425,11.2912448466037,13,13.0681515362118,0.0824647620149129,10.4413643650135
-0.491252426973273,7.64472923776878,9,4.67089376716084,-0.788726900889951,6.82682062726849
-1.00855935984013,6.3313037318761,9,2.22011304125431,-1.33393040826167,5.95123651920719
-0.272252863712546,8.57115266477655,7,6.7328321125231,-0.0848714023625308,9.54586898828894
1.19802113587264,13.9110266308775,12,18.1377225422436,1.57137003202105,14.3042062118591
0.270373891136018,11.3964100354878,14,13.3087939163978,0.603909003052652,12.6848417366821
0.602814469761953,12.6966317091564,14,16.1409750369219,0.460312386995267,12.1971782550149
-0.0527550587126044,9.70405464619723,8,9.36597695223409,0.103207614605887,10.5510608465698
1.15398846238963,13.8499014577609,12,18.0685659938739,0.751448423152172,13.0857385465553
0.69934742861712,12.9718874748232,16,16.6802005835478,0.276353840147316,11.4186522120893
0.00436250270383965,10.0146353311916,11,10.0948246936084,-0.199546403422436,8.95336359497814
0.0688338927777137,10.3643377507154,14,10.915028005682,-0.241861191252127,8.74542368492676
2.34441270438202,15.0609685638512,15,18.7998368876341,1.63094934101728,14.3629677453756
5.1025186283431,17.069613816555,17,19.3000106785068,1.39190954159907,14.1149891259436
-3.57840550292328,3.92064092384883,4,0.938566049361423,-1.6916907940286,5.57871704174971
0.463279167398747,12.220230732436,10,15.1443897161198,0.0561113456071337,10.3010031157715
-2.45788376986658,4.80086707484334,5,1.16112679308664,-1.85393730596544,5.42919662968723
1.362124469991,14.1179910017391,13,18.3395036001632,0.757556105904503,13.1004153853785
1.14728891856643,13.8403530448417,12,18.0573726122847,0.565351979554289,12.5639746171679
-0.533180111516205,7.49577766460844,7,4.35485957695349,-0.0989253874557669,9.47151929119647
0.0196543124884642,10.0978502407069,11,10.2901234068643,-0.163691067593167,9.13463498777668
3.35262153262625,15.8733199826525,16,19.0095398706636,1.35251961025146,14.0703229026682
0.185469811173105,10.9780203750191,10,12.3459700676725,0.0739408957367392,10.3960727958326
-0.505438353188912,7.59331542193447,8,4.5611494604716,-0.63073381510773,7.23521059389306
1.45470701502306,14.2235779674704,13,18.4236930583122,1.08137638568409,13.7152527638267
1.16852638746995,13.8703901826315,12,18.0922286773667,1.62343644626359,14.3556482244993
-2.09288299179934,5.11394928713217,5,1.25575362880602,-1.05278301476253,6.32867733771204
-0.564113622141703,7.39163440940505,6,4.13761500308798,-0.331071740928019,8.33214236326417
0.397793868802886,11.9620151714323,9,14.5807526679001,1.01767198087511,13.6151660052076
-0.642830017260778,7.14768909250596,4,3.64308055451184,-0.698925787159982,7.04645380243464
-0.417227949157232,7.93014745818726,12,5.2910143229133,-0.333842244928622,8.3199055985311
2.17881966452364,14.9180505269316,15,18.7567405252086,2.00945321488086,14.707781865938
-0.30876719761635,8.39991869437875,6,6.34255542680784,-1.11130341463801,6.24037236463378
-1.32523400625931,5.88097125644969,7,1.69035734766014,-2.00649703980602,5.29477659549067
1.02099498765619,13.6460649501912,11,17.807572219209,0.478551324653643,12.2649181248558
-0.570597862126629,7.37041058590442,7,4.09375511999682,-0.699837975319874,7.04406351457794
0.192490055703,11.0136875232821,10,12.4285629359291,0.350349073440288,11.7522152714995
1.34541084945164,14.0981810525556,13,18.3223347689117,1.94632770505221,14.6527923937681
-1.48838110198659,5.69436852057692,6,1.53908309173408,-0.943083996691709,6.51318558889554
-0.00929019016975448,9.94030406677113,10,9.92035444658762,-0.171581090574197,9.09438307319521
-2.26755059506405,4.96203605577175,5,1.20746442460857,-0.454928581544029,7.82314758059015
-2.07193481729077,5.13247483557762,5,1.26206025759272,-1.16907334527934,6.15892581707651
-0.518531424505705,7.54678816338791,8,4.46242313502361,-0.617253313902841,7.27497091579274
1.16304260275227,13.8626984064724,12,18.0834017153192,0.587337251462511,12.6337673602649
-1.34466394491163,5.85757637655282,7,1.66925550860138,-0.53195856742744,7.54657405949282
1.20092970438011,13.9149690113241,12,18.1420337546105,1.28630994511422,13.9919914900044
-1.64265834218341,5.53389157698552,6,1.43734394825138,-0.95022808789842,6.50031435040905
6.88810339995223,18.0012065895488,18,19.5247818698777,0.977771710729727,13.5481292416567
0.293145213715613,11.5033345115686,15,13.5523314609383,0.827679765601742,13.2593121539291
0.446243493498533,12.155226947891,10,15.003776039011,0.510715479469618,12.3801908358246
0.875028905656396,13.3787955722576,9,17.4022180141109,0.429497544606465,12.0788013546418
1.63785794109968,14.4162890428709,14,18.5484691052191,0.736439134444901,13.0490688107231
0.74007955790635,13.0761965318676,17,16.8750562024784,0.392131050885914,11.9286321238918
-1.33315966858407,5.87138459200422,7,1.68163378261571,-0.932402225501831,6.5326741103002
1.3127674901758,14.0587431791322,13,18.2868218613021,0.279878928422569,11.4351264789187
0.244382976096991,11.2715002649475,12,13.0228578908077,0.252121327198263,11.3039159234579
6.40286910757855,17.7760880615215,18,19.470565917238,0.991006289212548,13.5707634288214
-0.0177550524294988,9.89422468309783,10,9.81219796428576,-0.384035133734769,8.10485553749529
-1.24618296427195,5.98018449132661,7,1.78695477453887,-0.716403928130961,7.00124625639444
3.87667881177718,16.2606794629255,16,19.1040068446297,0.65422973203826,12.8321204254647
0.236959764799583,11.2352870178954,11,12.9396973877273,0.182219894508049,10.959576432108
-3.14849113978424,4.24542488201142,4,1.01815597164689,-2.42321418597676,4.94641408304904
-0.407238243421266,7.97087655558901,12,5.38082819720527,-0.517503916684075,7.59615736228351
-0.290140155303415,8.48649397486601,6,6.53949490286402,-0.217118663535864,8.86617199812991
-1.32127928307622,5.88577774853972,7,1.69477124504372,-0.74590774168397,6.92769772704549
-0.727774963636184,6.91582934407654,3,3.19617181375096,-0.748862529635667,6.92051779037379
0.921066903237534,13.4689676055967,10,17.5461605641632,2.04645314209349,14.739674271746
0.496746222181066,12.3435128573596,12,15.408384724768,0.177733785383563,10.9368682850891
0.256180744595265,11.3285680524322,12,13.1536745003278,0.562495581371322,12.5547342911264
0.227915769841698,11.1908555272732,11,12.8375141105521,0.134391308944944,10.714281279221
0.661690247187847,12.8693920627636,15,16.4833313090587,-0.0412111988899976,9.7787259859765
-0.291396009705289,8.48060555365195,7,6.5260744529447,-0.496955480102308,7.66847270206899
-1.13431152748731,6.13392978571411,8,1.95951681790785,-1.78869380336424,5.48836623441873
-1.27300325782617,5.9457516773806,7,1.75211758731327,-0.904994771646395,6.58405986774771
-1.64194664451672,5.53460503243494,6,1.43774602190621,-2.17144246358967,5.1541924943347
-0.271217408146764,8.57609791605172,7,6.74414749089656,-0.366999320041108,8.17641839574506
-0.533692837941081,7.49401208107801,7,4.35114967581489,-0.827399641631297,6.74128907221365
2.29083479515739,15.0150959153816,15,18.7864210865753,1.35979537234189,14.0786749714331
-0.490211801668894,7.64854202383175,9,4.67905846997732,-0.486750198268161,7.70519236528465
1.60429976597811,14.3822742849227,14,18.5288843314398,2.2294212322659,14.8943020816616
-0.160584387148664,9.12954312569644,11,8.02264358472315,-0.270827477477083,8.60728698508597
-0.941581665849094,6.45004445727184,10,2.39609932237115,-1.00249440932303,6.40991390539987
-0.205864773931877,8.89743450305427,10,7.48387268247549,0.0873583160461714,10.467313237058
-0.157268368945714,9.14680181595736,12,8.06282184700863,-0.48646286241656,7.70623399601936
-1.06191886451485,6.24386804261036,9,2.09948865388757,-1.15974174941071,6.17173032841394
0.288815015724691,11.4831878186909,14,13.506537122801,0.0598528496856549,10.3209867659685
-3.56770882528907,3.92852677465623,4,0.940487516880095,-1.18249090266214,6.1407380015842
-1.66756644457057,5.50905602680178,6,1.42360274685178,-0.999620082557117,6.41472061643275
0.475326722072659,12.2652828104501,10,15.2412866560184,0.8544069549802,13.315516682898
1.1829817479187,13.8904581277532,12,18.1149355383171,1.9847348891418,14.6863398852432
-0.253004309724048,8.66385785176367,8,6.94532942685591,-0.166419289122075,9.12069465454011
-0.300702019825953,8.43720236309611,6,6.42726696341454,-0.454928581544029,7.82314758059015
2.58946588206617,15.266871556982,15,18.8566471389017,0.480533282196342,12.2721753165333
-0.245440425391002,8.70072665397428,8,7.03005064226825,-0.449453990370352,7.84397080107795
-0.500262449699935,7.61195310358895,8,4.60085516910789,-0.840584019404181,6.71326751953312
-0.551182643547072,7.43458365910892,8,4.22680889157616,-0.371992544073964,8.1552898322076
-2.46156176431913,4.79779167609187,5,1.16027743773277,-0.850047851482453,6.69349581628509
-0.56453788794555,7.39023936036378,6,4.13472761887492,-0.660096729852682,7.15145002232597
-3.63361312803669,3.88010058149553,4,0.928693554949569,-1.58876298496444,5.6784651318965
-0.572946461660421,7.36277453428163,7,4.07801080553534,-0.460276349647788,7.80295729809836
-1.27264893334391,5.94620116423966,7,1.75256333734534,-2.20532095803983,5.12580394703682
-0.948212374119074,6.4378015507798,10,2.37734115270614,-1.66698672559544,5.60225585453246
0.263797213375172,11.365086089052,13,13.2372273501595,0.0596675967400457,10.3199977033228
1.48785916665567,14.2598788541734,14,18.4499049639976,1.36525020501213,14.0849057936042
3.24805631705647,15.7931758953511,16,18.9898537536407,0.649437247547605,12.8185872019899
0.725713214581878,13.0401570590484,18,16.8084002879223,0.94296176398336,13.4865930619745
0.205364525213503,11.0786310769196,11,12.5787328418907,0.187254811736601,10.9849822327911
-0.305240390204639,8.4161841485481,6,6.3794927171668,-0.00156055676635431,9.99161202022477
-0.634770815042429,7.17132561635419,5,3.69000880888733,-0.874093456785145,6.64450642896575
-2.23028760192593,4.9940914764297,5,1.21720654044181,-1.2272240288331,6.08189766942608
-2.16444529982577,5.05118416535835,5,1.23511292746428,-0.651558529503872,7.17541008453203
-3.49241577228636,3.98431847488543,4,0.954093028889332,-2.32434611813554,5.02717225479336
-1.64873763406375,5.52780608054985,6,1.43393124648295,-0.90767180699851,6.57895077222774
-0.197516661260313,8.93969661386691,11,7.58173250332502,0.377362365781231,11.8672905502588
0.196382276295603,11.0333859025856,10,12.4741420288163,0.134278306442911,10.7136940195026
0.113530953263891,10.6035003138261,6,11.4744979682555,0.452746102056667,12.1685698107306
0.613262253624618,12.7284475606419,15,16.2049298005322,0.703740981507741,12.9661251949914
1.63133203063335,14.4097132761189,14,18.5447558526088,0.890726303539922,13.3883701110698
0.493425846343809,12.3315419099067,11,15.3829138390412,0.265558713596878,11.3678567258792
-1.31809834410721,5.88965504219033,7,1.69835141900634,-0.873040109618936,6.64661584769834
3.59114659962381,16.0526108965063,16,19.0533676009775,1.61080107977373,14.3432813372656
0.235704522280393,11.2291405233946,12,12.9255714398901,0.758328725718332,13.102262030345
-0.581610065704997,7.33484070378084,6,4.02058094223158,-0.602238357486724,7.32024826573475
0.504316070134423,12.3705914428624,11,15.4658638754569,0.262572548868949,11.3537148461432
-0.64522473132141,7.1407226448935,4,3.62929360518168,-0.447526686137249,7.8513386467014
0.608075353878005,12.7127162087751,15,16.1733555687415,0.543602801538854,12.4926038441701
-5.25381370475742,2.81367588890229,3,0.670512288315,-1.62116068053987,5.64657388624665
-1.41564704351304,5.77496959634733,7,1.59973011099029,-1.02069398678353,6.37989983075577
-0.273686369058437,8.56431431454504,7,6.71718893380528,-0.372305321353406,8.15397055378505
1.16109928397537,13.8599620312049,12,18.0802450044858,1.40031903968236,14.1243562455938
-0.435028238512821,7.85887666938765,10,5.13458907601884,-0.177845442118366,9.06256571462734
-2.2054447799405,5.01556324960818,5,1.2238529390704,-2.67372597306741,4.74584397517614
1.34434610284865,14.0969105194728,13,18.321218435514,1.66657354780903,14.3973484389096
-1.02875868663554,6.29750900332356,9,2.17255131105243,-2.06644751447377,5.24318752469846
-1.14555040135117,6.11766129426237,8,1.93995613470655,-1.46625442330814,5.80406247064547
-0.0599315387919905,9.66518502463031,7,9.27482372247214,-0.249338431358724,8.70942296106256
-0.568655568450177,7.37674616353195,6,4.10683255732005,-0.292528825884812,8.50622031466711
0.254198030001809,11.3190196594887,13,13.1318072800939,0.145686839479312,10.7728122266172
0.237937485064627,11.2400700089682,12,12.9506875207476,0.637872302809878,12.7855081360441
-0.270063043363776,8.58161673420701,8,6.75677800853435,-0.340220883476612,8.29187613250853
-0.583675489474326,7.3282354028132,7,4.00703945457904,-0.280177679376716,8.56347990493606
-1.14182444728942,6.12303245942887,8,1.94638071481048,-1.00748195512604,6.40161676254576
-1.81926894079237,5.36268408729096,6,1.35165060229132,-0.460630186474123,7.80162664658868
-1.11180139680405,6.16713250735548,8,2.00037345101963,-1.70645494572274,5.56475885475096
0.240147015991016,11.2508641908008,11,12.975482754317,0.429812135304711,12.0800348523553
-2.36109650090441,4.88231295164534,5,1.18405429037099,-1.09473085648176,6.26474991559681
1.01736336981226,13.6400284684733,11,17.7991643017826,1.07525863884335,13.7059833437098
0.0019099843287167,10.0012835715383,9,10.0634861507255,0.116026776722209,10.6184282320997
-0.168194353990586,9.09006223237024,11,7.93078793130616,-0.440574534215279,7.87807658444782
0.557061614996104,12.5511617664458,13,15.8439206541044,1.15379357453353,13.8200396331309
5.14098160782544,17.0927398211866,17,19.3056024945907,1.82279960166282,14.5427085165723
-0.517646568074427,7.54990470758487,8,4.46901811374855,-0.580975047101663,7.38618923626024
3.85556206162791,16.2455395714358,16,19.10032747753,0.833517886491554,13.2717842324832
0.920201254461216,13.4673258978993,10,17.5436015695033,1.4053066309872,14.1298850212692
1.14805256027818,13.8414448666553,12,18.0586578284047,0.455581008342048,12.1793235970132
3.68039696334709,16.1184224089246,16,19.0694041233528,1.23259600097589,13.9249924994613
1.39357067580234,14.1546089072507,13,18.3700796593296,0.364723496070768,11.813909565599
-1.37281133528146,5.82430458041966,7,1.64032745289292,-0.990947927739221,6.42933549573724
-0.485148545568815,7.6671742051539,10,4.71900814596146,-0.0406706303373296,9.78162237839908
1.59725745551304,14.3750712071239,14,18.5246121929236,1.55618403478464,14.2889508928336
-1.68078304156254,5.49598042977153,6,1.41656271740337,-2.25398781049447,5.08527577726426
-0.0126206196890882,9.92217287180784,9,9.87779677815166,-0.153418291033036,9.1873276251687
-2.48392667646466,4.77912088077951,5,1.15514385158762,-0.571087204647135,7.41759267354781
-0.219379363848692,8.82956770991465,9,7.32697542817036,-0.417700068049411,7.96782784307576
-0.531035226446244,7.5031781402981,7,4.37041938949635,-0.562830563624117,7.44417998485824
1.61950305030746,14.3977466241235,14,18.5379074704978,1.52062065883256,14.2527393106011
-1.31324475269803,5.89559067860745,7,1.70386612792476,-1.31505996984543,5.97345913006062
0.218318100366111,11.1433389693536,12,12.7280607736569,0.145324274664087,10.7709388637123
-1.18470962979777,6.0624887945354,8,1.87589538121697,-1.58198901252507,5.68519622909174
-1.26837546706108,5.95163355515975,7,1.75796941311662,-0.291759788807631,8.50976509424772
0.477571027732156,12.2735916209629,11,15.2591051181619,0.531544971240069,12.4520218540071
0.520797081852836,12.4285280086475,12,15.5881863094093,2.28503401504496,14.940431521026
-1.62339574512294,5.55327965143174,6,1.44841394462813,-1.98032833275692,5.31749453814598
-0.529520120272133,7.50841983715946,8,4.38144969461422,-0.541023025158682,7.51601748257462
-2.4885616861124,4.77525783118325,5,1.15408646430113,-1.36832329687496,5.9115954611104
-1.6833986954146,5.49340082392562,6,1.41518927732316,-0.0225248427477786,9.87896757554704
0.569071379504298,12.5903301033389,13,15.9246156392421,0.320580082455737,11.6211780994975
1.76402551269459,14.5401767418138,14,18.6123541008272,1.68469292414294,14.4146388922391
0.203042197015853,11.0669620487498,10,12.5517717546364,0.095216984678586,10.5088974236883
0.198523301101491,11.0441978871031,10,12.4991482916395,0.244286747826006,11.2662802080492
-1.64413327023167,5.53241369700852,6,1.43651240041472,-1.38734449634062,5.89011987025704
-0.186921261346462,8.99369415516647,10,7.70692991256611,-0.300786988402843,8.468328693111
-0.0990824083184503,9.45436803836071,5,8.78092668765323,0.361873829856419,11.8017617544697
-1.35128149787423,5.84968966366069,7,1.66228402234465,-1.57972054873683,5.68745538341066
-0.24839794519288,8.6862818211968,8,6.99684397439067,-0.300786988402843,8.468328693111
1.06052088645188,13.7100231554015,11,17.8943329584899,0.821363685898226,13.2456934165932
-0.303252650621302,8.42537773631007,6,6.40038363876613,-0.194836650833055,8.97692472067837
0.245112931454892,11.2750486243668,12,13.0310002836052,-0.0343457284862973,9.81552848787534
-1.35925276437815,5.84024279944488,7,1.65402725733959,-0.568503428162078,7.42587691895509
0.219663970639221,11.1500244259196,11,12.7434711764765,0.406690597075641,11.9880051390977
1.66225438816125,14.4407132987532,14,18.5619585983088,0.807263379306957,13.214811053806
1.51604342892716,14.290194636139,14,18.4707813973579,1.06138234777776,13.6846985266865
-0.0738895892108513,9.58976081789666,7,9.09800532459651,0.0508648299598497,10.2729547462455
2.23858200380211,14.9700266137013,15,18.7728771095813,0.833764628158572,13.2723089151628
-0.587090992521206,7.31735805601448,7,3.98477251177301,-0.272980778645948,8.59716379286754
-0.519591669623204,7.54305918843171,8,4.45453564258681,-0.0329301684722618,9.82312090872514
2.27761392018819,15.0037243150308,15,18.7830397181371,1.65069273789435,14.3820870619342
0.0218557418993338,10.1098223234995,11,10.318217058018,0.556045734976081,12.5337218553064
-1.15189505552271,6.10856510996378,8,1.92915161251943,-1.02105487108192,6.37931189998192
-1.27137017764643,5.94782453828027,7,1.75417520197171,-0.454743236926938,7.8238500088111
-1.38027770468205,5.81559606800498,7,1.63296355477074,-0.666398190185677,7.13397160601406
-2.2981730845213,4.9358236153565,5,1.19964611114388,-0.991211730852036,6.42888840290626
-1.79293688691334,5.38755771304335,6,1.36289159202642,-0.407312243298114,8.00948423463167
-2.17130928057025,5.04520414053474,5,1.23320116575653,-0.224819118342951,8.82833194477321
6.89429752944039,18.0039512643685,18,19.525442424356,2.07339463283241,14.7627520592943
-1.63935594841798,5.53720396734638,6,1.43921418746244,-1.28083276557288,6.01468983460845
-0.526514627312609,7.51885241301775,7,4.40342640779546,-0.454740244179248,7.82386135234098
-0.011737169700303,9.92698229968597,10,9.88908545264975,-0.177661439732553,9.06349846483142
1.5919943033944,14.3696726110608,14,18.5213810860021,2.77540200507266,15.3340690044942
-1.32013809814538,5.88716759753762,7,1.69605257721312,-1.99084027050521,5.30835348524257
1.13619861022309,13.8243948907374,12,18.0384321181681,0.715916595638916,12.9975100319996
-1.32914447128249,5.87623364268428,7,1.68603295268637,-0.672372238229404,7.1175604121317
1.1291028642859,13.814083160064,12,18.0260388478134,2.22506617889722,14.8906741294756
0.284036832479166,11.4608545669114,13,13.4557210913451,0.0827181515160472,10.4427089868227
-1.59286620893839,5.58435355800434,6,1.46682098142961,-1.5969253491388,5.67038399240541
2.42681868124477,15.1308965501325,15,18.8196801818119,0.739667884546,13.0570301191631
1.33005852444954,14.0797598228105,13,18.3059689646796,0.920686742473359,13.4456081615608
-2.56404764805379,4.71264494877236,5,1.13715620822721,-0.754734368384836,6.90634785787628
-0.744976700828177,6.87250641207758,3,3.1156923050147,-1.59797925207401,5.66934289968967
1.16473872303506,13.8650821554948,12,18.0861445821815,1.45601283627712,14.185023669708
-0.520897586533878,7.53847410605333,8,4.4448425090404,-0.0165549236782543,9.91103261495552
-1.34723464816277,5.85450783754012,7,1.66653457329801,-0.48448186853361,7.71342695778735
-0.862695372337578,6.60489067654569,11,2.64449949775554,-1.01255892454375,6.39322694448634
-1.33708621208447,5.86665758707067,7,1.67737152188957,-1.8376363232995,5.44387308260189
0.0279742668387881,10.1430826002029,12,10.3962585558198,-0.225238267297128,8.82627888203157
3.54611073774822,16.0191373807523,16,19.0452021331076,2.16928843491151,14.8439974412876
1.52932773829085,14.304320812054,14,18.4802035705105,1.57191885973374,14.3047553228515
-0.293773854985687,8.46947655624603,5,6.50072004142421,-0.699271878057844,7.04554650540018
2.50096182165281,15.1932044349769,15,18.8368484995803,1.28631157335496,13.9919934713642
-0.285297400239527,8.50926921954184,7,6.59143641132135,0.246551497992953,11.2771860790472
1.21355675017306,13.9319542486769,12,18.1604001755976,0.276188301737926,11.4178772049971
-0.550177079103916,7.43795862810073,7,4.23384200571299,-0.754789707439445,6.90621493204213
-0.301452235898875,8.43372117814251,6,6.41935087527013,-0.611624507629996,7.29182115387206
0.221283629405048,11.1580603327986,11,12.7619899121895,0.119386555375447,10.6360246912203
-0.606635410825516,7.25619728994756,5,3.86034901027076,-1.27495627482547,6.02189486512098
-4.98124989964432,2.97611499717476,3,0.709731576245713,-2.52444077825162,4.8647061684258
0.00979783194111492,10.0442217009326,11,10.1642659162464,-0.0195970070988075,9.8946915129106
1.04771684386365,13.689645309845,11,17.8671564391481,0.873190728113277,13.3536859811106
-1.56123163641631,5.61703125877708,6,1.48709537461596,-2.13572752790771,5.18428598836833
0.602853430406996,12.6967513050824,15,16.1412161604697,0.814436361607796,13.2306047049074
0.248589579655242,11.2919174563353,12,13.0696938793404,-0.185324947859108,9.02474555459009
-0.605026741416926,7.26116229068797,6,3.87039914022297,-0.490655913466281,7.69107585186127
-0.247333826765868,8.69147482858888,9,7.00877996081064,-0.774547970737409,6.8594819813724
-0.969929033852608,6.39847684783796,10,2.31802286238121,-0.417695184823289,7.96784729374607
-0.639349942206955,7.15785934446584,5,3.66324440971569,-1.7019087610565,5.56904838665375
-4.66216059856273,3.17504997263898,3,0.757803383859994,-0.457382490855723,7.81386447925337
1.64473704084587,14.4232010296289,14,18.5523345675539,0.847144573593116,13.3004687112104
1.82621688930774,14.5993028052275,14,18.6392545148276,0.487313410204544,12.2968481173513
1.3461262422223,14.0990341289971,13,18.3230832810938,1.62223118850253,14.3544716698502
-9.86732133490733,0.997140716978435,1,0.234575749936351,-0.983734908944556,6.44162201028372
3.04934001184354,15.6382998206334,16,18.9515454218402,1.48824635580471,14.2191378513935
-0.493658119911593,7.63593655959575,9,4.65207870686587,-0.520293545470559,7.58650584750834
-0.503512692681813,7.60023320639478,9,4.5758767325459,-0.406879895154628,8.01123013565231
1.30414541223137,14.0481528690641,13,18.2769804019818,1.43631169230382,14.1638243913393
-0.489593674834702,7.65080947848635,9,4.6839156790726,-0.458332955173218,7.81027730223157
-3.53477886002163,3.95286659087785,4,0.946420568375333,-1.7254073004015,5.54695548870517
-3.75253905284789,3.79368552116226,4,0.90767656831813,-2.23286512564518,5.10283064138332
-3.76731964992084,3.78303325500604,4,0.905088038251352,-1.87217036322482,5.41285973178629
0.569175527368243,12.5906666709313,13,15.9253068533031,0.295169083550429,11.5059287587496
-3.9343385549195,3.66402191736115,4,0.876194516048872,-0.643250984170283,7.19903278741214
-3.64272242384642,3.87343721955524,4,0.927071715821234,-1.26502224884728,6.03416255062634
-0.24368236821909,8.70933064591746,8,7.04983829800458,-0.2989835614802,8.47657632920826
-0.56300309012883,7.39529023522169,7,4.14518455855432,-0.832456063166494,6.73047592379714
-0.190322344597483,8.97631835648344,10,7.66662340331772,-0.0919727685216467,9.5082558164026
0.482692664794277,12.292454459742,11,15.2994954417046,0.522162006502918,12.4199365543004
-1.12234410129164,6.15147707665084,8,1.98095358932493,-0.350704013965849,8.24624883467547
-0.226021735277345,8.79646950716799,9,7.2505764718659,-0.449654277997813,7.84320623549941
0.548758510083266,12.5236654585662,12,15.786978057754,0.964219516783209,13.5245242418901
0.502682124490627,12.3647715673422,12,15.45352631923,0.649308768944198,12.8182229972542
-0.256126094317768,8.64871259252033,8,6.9105608282663,-0.709052281567802,7.02010997284071
-0.56155467827796,7.4000675575543,7,4.15508264224816,-0.689534930406493,7.07126215462405
-1.23121814315669,5.99977073954127,8,1.80739600691609,-1.24361557196369,6.06098554593333
-0.543783766384493,7.45953550099553,7,4.27888756551041,-0.64000944766387,7.20833383664368
1.66066124110597,14.4391257868116,14,18.5610960469726,0.598757684127796,12.6691047897562
0.673389408914587,12.901880766711,16,16.546276826059,0.645607769888366,12.8077000521765
-0.237208466310898,8.74112521854584,8,7.12301268226464,-0.407350661361718,8.00932914231904
3.19179282179116,15.7496661241438,16,18.9791320868743,1.02972665548246,13.6347329656944
1.30591941690153,14.0503379757421,13,18.2790216345512,1.74762728874869,14.4737610706472
1.17382600883185,13.8777821345945,12,18.100647031491,1.0179507856606,13.6156220393941
-0.00768498089186689,9.9490434756076,10,9.94086777423006,-0.0094076837897324,9.94943651330176
-1.83349468838428,5.34932785494077,6,1.34576282926603,-0.257077938532558,8.67240780615114
-1.3727480165267,5.82437863808539,7,1.64039044398237,-0.316429705797915,8.39743515969535
0.00855218854048281,10.0374418551977,10,10.148353495291,0.0922599884797063,10.4932635917683
1.64282377679738,14.4212806257078,14,18.5512644445397,0.869263436305771,13.3457938271041
0.264795794409467,11.3698547455972,13,13.2481285949681,0.649612575943199,12.8190840958671
3.12209145752381,15.695390765429,16,18.9657162858155,0.827910529932364,13.2598072473561
-1.02647732961089,6.30128216704144,9,2.17780371799297,-0.230911609563065,8.79855827371309
0.608510185741705,12.7140398401739,15,16.1760158715774,0.439899166842563,12.1193125426488
0.552961702588786,12.5376274173428,13,15.8159219145542,0.672326303221261,12.8823139878817
0.511601758140569,12.3963748637955,12,15.5204136842264,0.565783254584945,12.5653663004032
0.500617729679367,12.3573988171261,11,15.4378840473866,1.58272147732832,14.3155326859376
-0.531760814516681,7.50067202621386,8,4.36514843267718,-0.478007537173261,7.73707657552205
1.3264310559223,14.0753747935061,13,18.3020159704025,1.78708517830449,14.51015988771
4.88254487432514,16.9347049254838,17,19.2673789621877,1.18722778025954,13.8656215008858
-1.27906211167389,5.93808733813601,7,1.74455361205776,-0.921185929002221,6.55345901992251
-0.16837024787023,9.08915180695361,12,7.92867069099596,-0.432890760804129,7.90792117201245
0.185217400382198,10.9767347165852,9,12.3429914073411,0.486537758324938,12.2940375526699
1.54248213708699,14.3182108414302,14,18.489283333942,1.37439957287954,14.0952983233521
-0.183551091247035,9.0109511412774,10,7.74697849924106,0.0353883887321276,10.1900629818464
-0.0267560240064656,9.84524971411012,9,9.69725340748672,0.289777309219328,11.4810843139701
-0.486490370795145,7.66222339580253,9,4.70838484166734,-1.10815063587173,6.24497338588969
-0.0545399795745542,9.69438194504377,7,9.34329129602647,-0.0248025869514363,9.86673763113491
1.60085800101955,14.3787568527463,14,18.5268036870097,0.555039617327814,12.5304256202929
1.36593461038397,14.1224724105005,13,18.3433260589877,1.1675862245544,13.8390422485517
2.08053640640959,14.8314700324526,15,18.7283821244579,1.25613622111277,13.9547684117367
1.34293943263111,14.0952303843627,13,18.3197393887735,0.740001542058927,13.0578505395901
1.04730757240746,13.6889886763145,11,17.8662734039563,1.13376977013818,13.79193232115
0.15300980354937,10.8109329234101,8,11.9580413879347,-0.0622155090967549,9.66640268847671
1.59325014924354,14.3709619748337,14,18.5221550694613,1.5822135956915,14.3150272938276
1.29094593672886,14.0317928379372,13,18.2615214326107,0.778423356035712,13.149516585573
3.62125245443964,16.074888542767,16,19.0587985044438,0.611360428500029,12.7073846863967
-0.183116215315159,9.01318073401472,11,7.75215401887537,0.27546834795883,11.4145051418915
-1.07039929717942,6.23049857835788,9,2.08176370418602,-1.21540810752077,6.09718189387215
-0.227305228463277,8.79009408771361,8,7.23586972427984,-0.0255950398539201,9.8624832940509
-0.186219940780393,8.9972820840393,11,7.71525504409977,-0.0618393236474944,9.66841009531693
-0.499318083737176,7.61536863786031,8,4.60814120990845,-0.862061283636099,6.66879995408522
0.554188984993485,12.5416875785952,13,15.8243273415294,0.660360822012884,12.8492859709756
-0.0588716413762169,9.67092215156515,7,9.28827635694694,-0.559804691195755,7.4540072533564
-0.260769671123844,8.62626250574995,7,6.8590599696214,-0.87387401219285,6.6449456136456
-0.851309086898403,6.62874457498215,11,2.68447871673232,-0.804318427931007,6.79172381751941
1.63455443143663,14.4129625851112,14,18.5465950883203,1.11487089917075,13.7648134755908
-0.252533348351446,8.66614634891627,8,6.95058481049293,-0.101676290794485,9.4570096126252
-0.491407693722085,7.6441608347028,8,4.66967689239263,-0.300958692980149,8.46754422990828
-0.145985505626872,9.20576513281096,13,8.20019483088927,-0.208876130787162,8.90692749814487
-1.54982981277287,5.62893631620099,6,1.49472424582132,-0.957462884649131,6.4874102522911
3.52363476899758,16.0023656253045,16,19.0411083173238,1.62301731694313,14.3552391499203
-0.219751395113877,8.82770935131851,9,7.32268375186115,-0.0269553978274201,9.85518088419149
-1.56633903158651,5.6117208101494,6,1.4837347122672,-1.96443370031743,5.33135643841439
-6.71949812921383,2.0558565420011,2,0.487973376702842,-2.60128949839708,4.80328444352108
-2.24455906454328,4.98179341205376,5,1.21344430554467,-2.42325903530552,4.94637766983637
1.70339708413743,14.4813688651077,14,18.5834013353747,0.745956480520363,13.0724209749281
-3.01193895739372,4.3519186880629,4,1.04458397880658,-1.20946168706115,6.10494218324991
0.0234976443043149,10.1187498503189,11,10.3391655436876,0.112875686469206,10.6019015566557
-0.290615338148553,8.48426508338024,6,6.53441455324075,0.0455548924456475,10.2445386460953
-0.609985380515437,7.24589734013904,6,3.83952912059711,-1.78825190086512,5.48877104499302
0.531740761727876,12.4662333212749,13,15.6672911155679,0.584139025611778,12.6237596659959
0.0407548984876391,10.2124731071009,13,10.5590347873728,-0.0987384470397584,9.47250585039408
0.685660213554554,12.9353269683139,16,16.6105587353894,0.528879579187325,12.4429526541494
0.00172588746750051,10.0002812963966,10,10.0611336423263,0.0821786557430311,10.4398460038742
-0.552984283083169,7.42854952387405,7,4.21424301016658,-1.17865890297866,6.1459059277278
0.167681982378414,10.886883428401,8,12.1345724252063,0.28487716625602,11.4583890227105
1.29119043339218,14.0320975301704,13,18.2618121874853,1.48432454053445,14.215023473824
-1.6228466150563,5.55383476871008,6,1.44873555546033,-0.695405086419739,7.05571167496284
0.00731640619932004,10.0307152859103,11,10.1325659017266,-0.501317948357335,7.65293944557709
1.63030843468036,14.4086801919299,14,18.5441692810701,1.87009685993967,14.5852865046014
1.1230627041047,13.8052417551171,12,18.0153166328284,0.643421593690982,12.8014554424853
0.0445263045474805,10.2329226144125,13,10.6069925375626,0.298153447165905,11.5196221774718
-0.0271765115578393,9.84296262746034,8,9.69188592145052,0.115782921422917,10.6171500663991
-0.542160704376067,7.4650460175202,8,4.29041407702626,-0.932116373051801,6.53319970396938
0.502527711931895,12.3642208609138,12,15.4523584136068,0.287733704758693,11.4716326336431
-1.26221061650654,5.95950698808748,7,1.76586651296601,-0.31416803075847,8.40761303386611
3.60777056345242,16.0649220695758,16,19.0563691763762,2.93024543631907,15.4542266302427
-0.000289057522379436,9.9893111375955,10,10.0353846887606,-0.0162731567834718,9.91254634264114
1.37704198442994,14.13546540025,13,18.3542811986487,0.52054637076583,12.4143669222721
0.236716660961914,11.2340971359729,11,12.9369630357134,0.596486080041139,12.66212533893
1.61455070637281,14.3927181776613,14,18.5350004152494,1.07497115274892,13.7055460481035
0.577806293905623,12.6183743033237,14,15.9820793606043,1.13713985708786,13.7967071076453
-1.20229620278452,6.03843157666382,8,1.84907348491017,-1.16294396041657,6.16732175720998
2.35418695399812,15.0693016468528,15,18.8022378802569,1.02966491993247,13.6346335355121
-3.28428354271911,4.14111151068914,4,0.992465883109845,-2.41462164498192,4.95339395682045
1.7180701224029,14.4957163764698,14,18.5906822391568,0.716081276301021,12.9979304169537
0.275786999733621,11.4220448903377,14,13.3672899298624,0.757413513433736,13.1000743300493
0.267065809187935,11.3806783946865,13,13.2728634801289,0.440976676632388,12.1234769117987
-0.208173286911124,8.88579291244547,9,7.45693669395158,-0.0250624926857599,9.86534227436414
1.78650373473512,14.5616780163793,14,18.6223782601079,1.76196890949165,14.487046730103
0.49015647261144,12.3196990431165,11,15.3576796655126,0.567736659488655,12.5716583592517
3.42229760006424,15.9262021980632,16,19.0224929731273,1.63137129267637,14.3633781033331
0.182719843570131,10.9640013481736,8,12.3134847020751,-0.257894086771518,8.66851939933856
-4.62721740198794,3.19740983644275,3,0.763209459631273,-1.15355661327295,6.18028934577285
-0.485542880578926,7.66571828629417,9,4.71588346800915,-0.546622513209805,7.49734677386875
1.67278839938437,14.4511846018636,14,18.5675995355988,0.83392124872889,13.2726418581902
1.14998139215558,13.8441986558386,12,18.0618933231883,0.792037587796371,13.1807026887434
-0.936431443163553,6.45963194833954,10,2.41088347159101,-0.863246106512177,6.66638833777111
-1.60770669248315,5.56919395901388,6,1.45773734361921,-1.16348258704107,6.16658172140236
0.00114040013508057,9.99709371281329,10,10.0536518321296,-0.173695377375397,9.08363019092341
0.528237939969029,12.4542308297224,12,15.6421544894442,0.96829837151782,13.5316750524038
-0.296690435700449,8.45586234622901,6,6.46972165053579,-0.697979594955516,7.04893682461942
0.195838655607208,11.0306379819738,9,12.4677853047934,0.251751044620723,11.3021429888779
-0.248088782229289,8.68779007392248,8,7.00031041691398,-0.166716506341984,9.11917736228154
-1.62871096107613,5.54791346977939,6,1.4453228536919,-0.347719987593904,8.25918089018166
-0.54388252480482,7.45920063241754,8,4.27818740116315,-0.593662095429778,7.34658542245434
0.442498361099196,12.1407320263118,10,14.9722970097326,0.0823428861428165,10.4407175881967
1.28261009009248,14.0213666754043,13,18.2515069791409,1.5401742214949,14.2727358617522
3.4129816601329,15.9191558814647,16,19.0207684806281,1.35940016541125,14.078222519437
-4.86816760695356,3.04553306997985,3,0.72650098336497,-1.01758358035078,6.38497862414281
-0.245425183658929,8.70080119174271,8,7.03022204019221,-0.730175605213597,6.96649109062339
5.10844204789482,17.0731842691232,17,19.3008740426633,1.50440728866354,14.2359907610199
-0.547198243052679,7.44798631557678,7,4.25475915835958,-1.30653312153626,5.98361669025029
0.581363622530479,12.6296892320781,13,16.0051880034583,0.624004476169635,12.7450457494284
0.496742713509737,12.3435002376576,11,15.4083578930023,0.223338227421159,11.1644088769159
0.547526611323068,12.5195567231569,13,15.7784488664657,1.21984878454108,13.9085832728365
1.60524696173344,14.383241337154,14,18.5294545208894,1.72470636315077,14.4523882962413
0.563981588754362,12.5738170111797,14,15.8906563796582,0.672685937175923,12.8832970916418
-1.20227862831602,6.03845540498218,8,1.84909971595742,-0.624398938014541,7.25379119162089
0.244074686636373,11.2700009662185,12,13.0194171278235,0.292941711042289,11.4956816979744
0.0396135582650232,10.2062818487766,12,10.5445139371827,0.121709111701596,10.6481735463685
0.48982405720155,12.3184918086239,11,15.3551053665165,0.195036516576725,11.0240767349713
0.435056761771327,12.1117115807456,9,14.9091411610576,-0.190578402142874,8.99829462481798
0.442255794414201,12.1397906680699,10,14.970251111773,0.394313596215477,11.9376021843329
1.69873318796297,14.4767922213622,14,18.5810517003322,1.29109466112668,13.9978015546643
2.37801857080621,15.089574880705,15,18.8080363238721,1.25470630141497,13.9529786290494
-0.0526241890440303,9.704763971929,8,9.36764060816669,0.129215284990834,10.6873486947665
-0.599512680154061,7.2782744448724,5,3.90510684474665,-0.853523815123673,6.68630444904616
1.31119062113084,14.0568119300454,13,18.2850368501013,0.866391198794113,13.3399925863247
0.0230460955985347,10.1162947898539,11,10.3334048054495,0.0872687780999348,10.466838813046
-0.190401536386148,8.9759142506267,11,7.66568621835137,-0.381585101396387,8.11505612564925
0.508294811325035,12.3847056661111,12,15.4957473197073,0.865714603332608,13.3386224034896
-3.46186500252134,4.00709776839832,4,0.959654310934285,-1.66959168062948,5.5997626073817
-1.17097264106144,6.08158409044774,8,1.89766723057426,-0.85352119051331,6.68630986488668
-0.142784635131514,9.2225578602977,13,8.23934734883377,-0.478955266150729,7.73360114288065
0.252213399580811,11.3094448046325,12,13.109871041412,0.0975237571191553,10.5210820959217
0.201849475922021,11.0609610705108,10,12.5379028861363,0.285300204072502,11.4603526842026
-0.242144186748503,8.71686917514004,8,7.06718059684054,-0.108153331276057,9.42290679638132
-0.0100648211139397,9.93608675959489,9,9.91045551528911,0.0111755383677338,10.0600638022636
0.0873509230989112,10.4638753517212,14,11.1480805915064,0.113817847924021,10.6068452749467
0.491446313420236,12.324377936512,11,15.3676534391544,0.782257075757958,13.1583652224793
-0.147323607258002,9.19875342564599,12,8.18385059676828,-0.159553386296334,9.15582064926987
-0.44678104371999,7.81273580530248,10,5.0338471352928,-0.6827627688343,7.08938157495608
-0.463286550728787,7.74916649808177,10,4.89577497447858,-0.395127704903326,8.05905819422531
-1.2599309462467,5.96242957820002,7,1.76881651370461,-1.34731211180894,5.93568437655062
1.38901562691562,14.1493556167522,13,18.365784703508,1.28545577884625,13.9909516839384
-0.0453104909563521,9.74443082483831,7,9.46068641959485,0.00879467557169036,10.0472690824619
-1.04229211006285,6.27534849926414,9,2.14200063404243,-1.00680102462849,6.40274630598435
0.237468490545356,11.2377761960857,12,12.9454171464808,-0.46335067177658,7.79141762556883
-0.0948330687104459,9.47712819021933,5,8.83419649222014,-0.287045186172727,8.5315560887416
-3.54827635038877,3.94287856969772,4,0.943985446658821,-1.11507137206063,6.23489574739648
0.639112992204135,12.8049988153716,15,16.3571741260598,0.389445131359001,11.9175595546514
3.58194526265142,16.0457862830421,16,19.0517033409743,0.606272474653395,12.6920201724409
1.16729676848453,13.8686692906005,12,18.0902597488644,0.781484342054436,13.1565859081355
-1.6374017939892,5.53916625501171,6,1.44032637539443,-1.21541244348089,6.0971762521785
0.493424766637645,12.3315380079605,11,15.3829055301517,0.763642030790077,13.1149011973979
-2.59822005377332,4.68448226950944,5,1.1296564199441,-2.36438986522568,4.99434360152695
-0.487189495763249,7.65964762960319,10,4.7028601645286,-1.21541244348089,6.0971762521785
0.239156740651368,11.2460289599899,12,12.9643770090778,0.45574206050183,12.1799332687078
2.43083459717741,15.1342858208283,15,18.8206255208167,1.30758423197172,14.0176394320595
0.642631992400761,12.8151846041407,15,16.3772495803674,0.559253914136364,12.5441991196184
1.80259733784596,14.5769794330375,14,18.6293409045296,1.64114185982974,14.3728587335234
0.541542071042888,12.4994886570118,13,15.7367156137172,0.37502213972703,11.8574678674244
0.533742091452127,12.4730630653444,12,15.6815757742328,0.587482769216473,12.6342215389669
0.473365190081548,12.2579993439744,11,15.2256536002249,0.339739565247242,11.7060158375071
-1.32156990397471,5.88542400779605,7,1.69444548400447,-0.900094930959175,6.59346282940745
0.00264213558046448,10.0052695673224,10,10.0728419229129,-0.424868766303268,7.9394074516897
-2.51837258266125,4.75046353522958,5,1.14733678319356,-1.03029178853878,6.36435720951271
-1.03509782286339,6.28708179301983,9,2.15811265621306,-1.9790846908755,5.31857737727074
5.02190788745919,17.020699216902,17,19.2881814126083,0.862170770983358,13.3314230782727
-0.49706361418814,7.62354124053542,9,4.62558699010644,-0.523425135867592,7.57571822900968
0.99357818027064,13.5997899477433,11,17.7421784068429,0.935636046515361,13.4732570361943
-1.69393468554539,5.48303669816455,6,1.40972089773894,-1.0610598093747,6.31580057667161
0.0282700013403663,10.1446896253899,12,10.4000289752247,-0.0623778244107032,9.66553659332883
1.40656159707468,14.1695001491667,13,18.3820895632577,1.08990405308287,13.7280593609158
-0.217651676379694,8.83820483618901,9,7.34692519610701,-0.549222313575942,7.48873117394121
0.222838770443745,11.1657662598709,10,12.7797435180474,0.426666890527326,12.067679300076
0.489482754342032,12.3172517009667,11,15.3524605926935,1.1782946426612,13.8536017305884
3.69797222858692,16.1312994816825,16,19.0725395320501,1.35805248797197,14.0766785861701
-0.467619823506158,7.73271523741455,9,4.86018522619063,-1.68151882365342,5.58838083574079
3.31930290079467,15.8478845465457,16,19.0032999480258,1.61118877811439,14.3436618741712
-0.215661878942099,8.84816659666123,9,7.36994116653394,-0.0686509170759855,9.6320901584703
-0.234265556280195,8.7556355617744,9,7.15643477911203,0.161814678037944,10.8557640021177
1.53836345117024,14.3138721125872,14,18.4864666437224,1.99613330123943,14.6962414465797
-1.0630221922974,6.24212082467629,9,2.09716007883536,-0.592944978080776,7.34880345331535
2.25448870557064,14.9837824164533,15,18.7770521827375,1.22524124520969,13.9155500034792
0.208784621287377,11.0957787608927,10,12.6183347352651,-0.111112857086105,9.40735361990082
0.265873773547075,11.3749975424416,13,13.2598826594884,0.260903019734576,11.3457913461452
3.77095720787202,16.1844820408089,16,19.0854816120174,2.36495001180986,15.0061144358457
-3.34641785224751,4.09391060769654,4,0.980888694148883,-2.22901083527035,5.10603969824343
-0.183851964889353,9.00940894705027,11,7.74339879397401,-0.292814241022782,8.50490542605737
-3.09261190783729,4.2888102987213,4,1.02889389495852,-2.95221168545913,4.52887536009695
0.225030904343005,11.1766120465163,10,12.8047231540675,-0.0553213535081319,9.70321834262965
-1.61997203064571,5.5567429172269,6,1.45042464315858,-2.42098071829421,4.9482276826373
-3.16047182084885,4.23615779929422,4,1.01586684602836,-0.817664483553685,6.76234406197109
-1.625697780645,5.55095399150835,6,1.44707455791568,-1.75635286413629,5.51814801334294
1.14165803362869,13.8322745212983,12,18.0478207102478,1.04217476055103,13.65462123064
0.499589240003699,12.3537174779362,11,15.4300682811448,0.35566495042516,11.7751519557151
-0.559213964005013,7.40781004858968,7,4.17113957137581,-0.260218166981793,8.65746243029515
0.26349355927989,11.3636351240985,12,13.2339099806925,0.0582285575811166,10.3123133057965
-0.579794062375086,7.34066554602736,6,4.03253473940398,-0.540971592677403,7.51618970215092
-0.185492979533458,9.0010029639598,12,7.72388946159861,-0.41484118005072,7.97923644734497
0.241447137279177,11.2572060177283,12,12.9900458780422,-0.00221077708399799,9.98811710969031
-0.234697018534641,8.75350597440173,9,7.1515285996699,0.0824692615849651,10.4413882430854
0.010072645356733,10.0457174102544,11,10.1677763426251,0.254301209894241,11.3143415082393
-0.471352305548345,7.71862406600269,9,4.82974921651534,-0.301005749334861,8.46732926867589
2.21806380210228,14.9522350227606,15,18.7674198361484,1.16381974119715,13.8338812851907
-1.30925242488867,5.90049091152166,7,1.70844982991779,-1.2439692641723,6.06053794301703
-0.251611605483523,8.67062803596798,8,6.96087801724224,0.116275151821131,10.6197299501295
1.08875004407917,13.7538589400457,12,17.9512667251358,0.475266720602924,12.2528463660049
-0.603175380628058,7.26689157009212,5,3.88200761595229,-1.39972044985772,5.87630862536516
0.593482850712611,12.667779932455,14,16.0826504232346,0.155514611263695,10.8234505630755
-1.15071936734231,6.11024594933429,8,1.93114095222162,-1.60449700948457,5.6629160072034
-1.12084076425064,6.15369804542561,8,1.98369176185094,-1.90582591759638,5.38291245051444
-0.167883697182885,9.09167042675906,12,7.93452797165961,-0.225489040033981,8.82505088510222
-2.54186789681422,4.73098415966283,5,1.14207656037298,-0.763591481255881,6.88521855514172
1.69856298343181,14.4766250507025,14,18.5809653059412,1.7978945048436,14.5200492634144
-0.226529118737438,8.79394842794742,10,7.24476050924932,-0.400449676386753,8.03731080350062
-0.223559690435549,8.80871736617307,9,7.2788382104507,-0.465860962107474,7.7820315014159
1.29037578835097,14.0310820727078,13,18.2608427579026,0.4637057030861,12.2099118447903
-0.263127958422579,8.61489706960825,8,6.83300474154328,-0.505006376418875,7.63988232739495
1.60453276031145,14.3825122022289,14,18.5290246845204,1.20527157151582,13.8895615223115
1.29732228676945,14.0397185447481,13,18.2690494606443,0.672813194723115,12.883644832666
-1.28518649582865,5.93038144386445,7,1.73701837799558,-1.04174422631266,6.34606135285649
0.239698616396726,11.2486752967055,12,12.9704554657467,0.595969782705516,12.6605356158683
0.217592242219402,11.1397303698237,10,12.719741310454,0.119563563592143,10.6369510312957
-1.14629721786624,6.11658734302357,8,1.93867553098955,-0.534828667148708,7.53685426841668
-7.37265479971135,1.77762676479894,2,0.421163090100206,-3.1036622597173,4.41335429371931
-0.229512682119562,8.779144515351,9,7.21061853654592,-0.0737137509278964,9.60513565713291
-0.489901186980447,7.64968119224299,9,4.68149857324956,-0.520133498052952,7.58705850940127
0.560920430952533,12.5638242383513,13,15.8700626880853,0.298649898936068,11.5218960568066
0.527441713480134,12.4514938740052,13,15.6364166884368,0.0664883637649995,10.3563855489293
-1.55581705874357,5.62267613771612,6,1.49069622402196,-1.10380553773555,6.25134238151436
3.28959518573803,15.8251254364944,16,18.9977106047651,1.68542741180367,14.4153371122592
-9.60711581963052,1.06053642687671,1,0.249674959254047,-1.27377331951738,6.02334989216196
-0.208887136082471,8.88219706648455,10,7.44861856840198,0.103897759141037,10.5546965306267
-3.53092045780597,3.95572470765369,4,0.94711750833194,-1.02552883061797,6.37204610585881
-0.306987476713176,8.40811921885538,6,6.36117429182191,-0.556833032362443,7.46370229202178
0.692311112841029,12.9531898050771,17,16.644667763862,0.320578128885036,11.6211693578523
-0.199489429025357,8.92968667627314,10,7.55854361055602,0.0901356264102101,10.4820220789421
1.72106959586399,14.4986399446754,14,18.5921482508325,1.18404192997473,13.861347818002
-0.0555659394434041,9.68882363704038,7,9.33025587574527,0.16127318954541,10.8529913504823
0.172840900191585,10.9134250281013,8,12.1961879154911,0.185853334003702,10.9779191218288
0.485215221422378,12.3016947558798,11,15.3192497980674,0.426863437703369,12.0684529100458
2.1739329449534,14.9137791089781,15,18.7553871809807,0.504156854727681,12.3571165207468
0.187231734138209,10.9869885064751,10,12.366744854288,-0.232978673389458,8.78849028046802
3.33719870635089,15.8615580416968,16,19.0066552261295,0.944285149239138,13.4889875315155
2.65241598491633,15.3188194904502,15,18.8703435800559,2.00619481357597,14.7049617500423
2.55201216079624,15.2357883208018,15,18.8483520044395,1.09391745320241,13.7340412261653
-1.32431428271331,5.88208769504896,7,1.69138020144065,-0.881213696340462,6.63033361386469
-1.33620418051524,5.86771814670294,7,1.67832556378736,-1.26647625500698,6.03235999518171
1.26804402853958,14.0029670509327,13,18.2335242795029,1.4556831923602,14.1846711976785
0.238795823177231,11.2442656752135,11,12.9603265317746,0.0736539405749442,10.3945461279474
-0.486279326777334,7.66300144145689,9,4.71005395938352,-0.432095824671972,7.91102633754756
-0.631635371691834,7.18060172278484,5,3.70848824863566,-0.587764166536931,7.36490047326035
-0.415714353021272,7.93628480386734,11,5.30452899471916,-0.457700578350359,7.81266345227512
0.213483628462113,11.1192652892889,10,12.672541405792,0.241779568320211,11.2541820410406
0.1661730628536,10.8791039101835,9,12.1165049520049,0.422436243110686,12.0509787372627
0.250034201338986,11.2989114916201,12,13.0857293146094,-0.150248592523039,9.20364872915514
-0.593828673626947,7.29606633876608,6,3.94130560726971,-0.833810938833441,6.7275926296432
-1.28683537162738,5.92831379153692,7,1.73500840791752,-0.692192628628171,7.06420390514865
0.0364716162411087,10.1892322879958,12,10.504523442308,0.171821011452925,10.9068378409497
-0.435028238512821,7.85887666938765,10,5.13458907601884,-0.517036454770803,7.5977785450046
-0.443001770813552,7.82749349429044,10,5.06602169623665,-0.155475331870689,9.17675127302119
0.00360097512627794,10.0104895936678,11,10.0850940950644,0.0736786674577661,10.3946776854584
-3.46165810021624,4.00725231657733,4,0.95969205574321,-1.08619765382826,6.27749059875158
-1.57115932128665,5.60672134484989,6,1.48059446608636,-1.12880143165449,6.21514022379522
-0.547273185886077,7.4477334869731,7,4.25423140046241,-0.0533857570443697,9.71356444679576
-0.451688294927686,7.79368594583114,10,4.99238126326922,-0.657247353935534,7.15941033137604
-0.0105825486169496,9.93326814843214,10,9.90383963642861,-0.209464970713948,8.90400747623313
-1.03248628643547,6.29136736137012,9,2.16403329389913,-0.301516625268666,8.46499617237154
-0.0349132360510602,9.80089832368372,9,9.59317340398659,-0.217079676790615,8.86636416227245
1.03275495871756,13.6654234058012,11,17.834283297842,1.63990946957793,14.3716651657921
0.539018620509623,12.4909729330009,13,15.7189694441066,0.80164754497389,13.2023237852146
-1.33446439766541,5.8698122464294,7,1.68021315817208,-2.36889550844429,4.99066020085732
0.0146917335095042,10.0708538146467,10,10.2267695455454,-0.621269459079599,7.26303803979964
0.561432711536327,12.5654997304216,14,15.8735179086523,0.801869208640134,13.2028187234317
-0.941482393220216,6.45022861092467,10,2.39638251293869,-1.08901035818388,6.27327659272622
-0.691789805353299,7.01030827095938,4,3.37515578235965,-1.15834884384405,6.1736527849774
-1.16009054621162,6.09690719566254,8,1.91544378314734,-0.512124223152058,7.6148816221086
-0.256489433195696,8.64695259628405,8,6.90652175023438,-0.773838470279239,6.86113531159968
2.18176018711866,14.9206191997444,15,18.7575522864935,0.781870430146837,13.1574751903232
2.23942786587003,14.9707589066311,15,18.7731003260118,0.739667884546,13.0570301191631
3.65629803600049,16.1007213101761,16,19.0650929109859,1.49685097588628,14.2281310185789
0.528291037433918,12.4544132330902,13,15.6425368084215,0.840433676895167,13.2864160988475
0.306780123806358,11.5661894054043,14,13.694909793785,1.15954180312885,13.8279938898841
-2.31154074192644,4.92441679475073,5,1.19628253058152,-1.85249037259825,5.43049662362214
1.32179846792385,14.0697563302058,13,18.2969187697356,0.750878638744912,13.0843621797076
-0.00053147563680739,9.9879912934186,10,10.0322867561812,0.0850900506333294,10.4552904086255
-0.178194834272603,9.03845659769889,11,7.81084637391813,0.0304041663713738,10.1633274872056
-3.59668622032224,3.90718721689157,4,0.935288755916598,-0.722069826698145,6.98685620567457
-0.261358314559121,8.62342333606261,7,6.85255008667793,0.159662131101763,10.8447368055625
3.15386438838615,15.7201831020193,16,18.9718506348736,2.35883267012485,15.0011104822101
1.37051703857207,14.127845530042,13,18.3478793673498,1.03465886753307,13.64265116885
0.0106211049403405,10.0487024102134,11,10.1747820955262,0.0670609971701238,10.3594377382795
-3.20466357936944,4.20208195057054,4,1.00746181787772,-1.65664210299127,5.61218363008714
1.17966673858449,13.885882236531,12,18.1097990811666,0.646808560213052,12.8111209135943
-1.35299486999465,5.84765425352202,7,1.66049639983678,-2.39960806979649,4.96560698861363
2.45268603628204,15.1526982788828,15,18.8257371062506,1.48972563776777,14.2206872346868
-3.09799150250975,4.28462185034804,4,1.02785565592767,-0.806585413059972,6.78669073530719
1.12341173155707,13.8057542625872,12,18.0159405800492,1.36853800591346,14.088648679435
0.00212652167821695,10.0024624565857,9,10.0662531852472,0.284881842201544,11.4584107320313
2.46304482048541,15.1614096836995,15,18.8281418343361,1.60135716366209,14.3339904123094
-0.579158972487697,7.3427064046218,6,4.0367257251887,-0.793027608353425,6.81705503368306
0.610866504023086,12.7211971038417,14,16.1903893067334,1.32311491896742,14.0360693349831
-0.564965826742734,7.38883313880884,7,4.13181773978228,-0.47069996181079,7.7640305084005
0.264973183999041,11.3707013901382,12,13.2500638111301,0.152505701785821,10.8079763237719
1.78615761505423,14.5613480986442,14,18.622226595239,0.606526492504933,12.6927901253534
0.571003071584536,12.596563993681,14,15.9374120998417,0.206075306838466,11.0791657479982
0.465096067004825,12.2270737038954,11,15.1591375599865,0.507459185498518,12.3687621318498
-1.29446482456355,5.91878485894835,7,1.72581025048666,-0.624041980913046,7.25484363822164
1.5908466577055,14.3684936742039,14,18.520672128828,1.63041854020305,14.3624514189717
-2.16607695777138,5.04976202222745,5,1.23465746918667,-0.928721119574508,6.53945890258728
2.41682839856637,15.1224578366766,15,18.8173202734295,1.72518093628682,14.4528326084033
0.165255407219144,10.8743691717839,9,12.1055071469247,0.38944441885506,11.9175566124617
0.590427347445684,12.6582428611667,14,16.0633041000009,0.672858779129489,12.8837693786286
-0.597885309080342,7.28335254676212,6,3.91542698327849,-0.63393640739879,7.22588682472153
0.0357781807882643,10.1854682737597,12,10.4956942455669,0.169183844439881,10.8934077281276
2.40932955132139,15.116116717402,15,18.8155410558776,1.3519618374255,14.0696806481014
0.685901244513104,12.9359775601931,16,16.6118037924309,0.420075022096851,12.0416172904429
0.0142711966912995,10.0685656237251,11,10.2213994971211,-0.357746020867557,8.21590741358498
0.611294101648778,12.7224931406889,15,16.1929899439737,1.05717168640797,13.678167024697
-0.0178801129661672,9.89354402552671,9,9.81060038124275,0.00716536890929078,10.0385126146461
-2.25877813238068,4.9695666025599,5,1.20973454755336,-0.718972985945905,6.99470555695296
0.0387124853284325,10.201393106908,13,10.5330475942001,0.134277831458105,10.713691550997
-5.08473154039493,2.91363167714643,3,0.694642072738941,-1.13260934660453,6.20971599960739
-3.44417414309113,4.02032564161373,4,0.962885575381796,-1.16743319391526,6.16116703033923
-1.73376771764593,5.44422321039084,6,1.38993851496278,-0.65760047667142,7.15842187747182
0.921667199265448,13.4701049014073,10,17.5479319276912,0.892941803628485,13.3926887962055
-1.14845701049652,6.11348638320456,8,1.93498531809299,-1.11401164784157,6.23643359820142
3.13922804211399,15.708773061538,16,18.9690288076355,1.98469088793144,14.6863016151762
-0.0454795231585262,9.74351350990544,8,9.45853446065528,-0.0435405848985037,9.76624784208455
1.60974275590581,14.3878257256609,14,18.5321467716915,1.37887629040538,14.100357096252
1.74622034183211,14.5230334369745,14,18.6041546645892,0.374828436980511,11.8566535814061
-0.164142239493905,9.11106264451526,11,7.97963732150521,-0.230073326233626,8.80264616087245
-1.30627202751025,5.90415971249844,7,1.7119000078041,-1.14273437352918,6.19540638215994
0.476060627567986,12.2680027488089,11,15.247121445281,0.290186637133918,11.4829751468893
1.25357821000016,13.9844586627529,13,18.2150355048625,1.61068443790269,14.3431668364811
0.039578240867713,10.2060902489844,12,10.544064556114,-0.323249651148786,8.36689364763573
-0.0391424031686537,9.77792006702931,8,9.53925660070242,0.166747586728752,10.8809812870436
-1.03650002950102,6.28478657396923,9,2.15494959104037,-0.419677536254953,7.95996145800471
-0.162922083759042,9.11739613082343,11,7.99437416423125,-0.0698021128884906,9.6259580170251
1.59925312377371,14.3771147974686,14,18.5258287546869,1.1082291347169,13.7551413780669
-1.6149987474761,5.56178314495878,6,1.45336896445777,-1.76622625171596,5.50902189057963
-0.45548773108817,7.77902385863618,10,4.9605179603387,-0.528028088394943,7.55995215443448
-0.211531521706493,8.86889326748972,10,7.41785107236797,-0.486262461583208,7.70696072788975
-0.0877568389136129,9.51510247022851,6,8.92310575726758,-0.475361779826002,7.74680348212227
-1.31654136467324,5.89155654968695,7,1.70011361121526,-1.02492670884973,6.37302150221546
-5.25304404665549,2.81412488598392,3,0.670620652771094,-2.086815705861,5.225794884047
0.562548838309436,12.5691457165427,13,15.881033553701,0.282152249808755,11.4457209250431
-3.73131353971384,3.8090166050882,4,0.91140285154577,-0.392233654612571,8.07094563421093
-2.02646448854519,5.17294363926826,5,1.27623595905158,-0.730390645951217,6.96595434327963
-0.0205191415141047,9.87918189981859,9,9.7768912412566,0.317248707163833,11.6062444049562
0.604220151457279,12.7009421474715,15,16.1496621739515,1.29611612506316,14.0038728212826
-1.61144884913335,5.5653877751774,6,1.45548788852506,-1.9164882284769,5.37347869881207
3.31930290079467,15.8478845465457,16,19.0032999480258,2.11568684978295,14.7987492153754
0.549887053232902,12.5274228333004,13,15.7947732824766,0.703590317236855,12.9657330501407
-0.54220915487981,7.46488132858856,7,4.29006945953747,-0.455652919442876,7.82040416293689
1.67362164823457,14.4520110237793,14,18.5680411766383,1.18961801872618,13.8688185606703
-0.521953318338878,7.53477382852818,8,4.43702409785411,-1.14135908952201,6.1973405160896
0.49431552377882,12.3347550598175,11,15.3897541298097,0.680053922695328,12.9033164490386
-0.17489958711387,9.05542547547707,11,7.85026941548614,0.0798704076787528,10.4275913192369
-3.75253905284789,3.79368552116226,4,0.90767656831813,-1.685589987516,5.58450836734849
0.0351590474436859,10.1821072439375,11,10.4878101644946,0.0624559107192884,10.3348800541671
0.241669609417179,11.2582904911929,12,12.9925358750612,0.570864476292803,12.5816944839913
0.25872771615915,11.3408084201451,12,13.1816943515349,0.407426605881023,11.99097742041
-1.13907439619473,6.12701089105942,8,1.95116073896336,-1.82395666523733,5.45624291553764
0.234470490434367,11.223091478452,12,12.9116663672428,0.0460913061369775,10.2474104858093
0.290666162039062,11.4918112923035,13,13.5261441211257,0.183210634821532,10.9645824003961
-1.37862150353351,5.81752368932731,7,1.63458617607228,-0.392052581727919,8.07169083437972
2.55403191568001,15.237467933439,15,18.8488023256987,1.15323559324195,13.8192648376977
4.96043423863548,16.9829899546862,17,19.27906029868,1.51172692093829,14.2435713222461
0.0392578739456422,10.2043521811377,12,10.5399880239347,-0.68307965989584,7.08852939445847
-0.576349867852532,7.35175713358338,7,4.05532865877648,-0.617431460950539,7.27444002021249
-0.160350514823674,9.13075926839472,13,8.02547428995657,-0.256361118123465,8.67582534361906
1.38901562691562,14.1493556167522,13,18.365784703508,0.972948906620898,13.5397792478626
-1.55591024105366,5.62257885999187,6,1.49063392020902,-1.04395514079838,6.34256006414136
-7.52219441869507,1.71871259014211,2,0.407033310365246,-0.698243205295956,7.04824467968818
0.419167443357539,12.0487717563667,9,14.77158697506,0.307049124445375,11.5601911349706
-1.12633554583561,6.14559848147383,8,1.97373299203376,-1.34124265616866,5.94271749795577
0.07280497478875,10.3857311670551,14,10.9651386418181,0.0143241312602495,10.0769822747154
0.573270479494314,12.603858056786,13,15.9523682250203,0.411793330304127,12.0085541351011
0.444705236817343,12.1492823035649,10,14.9908712246317,0.917932713582894,13.4404497279424
-0.519241797641099,7.54428907983304,7,4.45713667987652,-0.884600669567603,6.62364405934559
0.195693643151644,11.0299047828439,9,12.4660891196945,-0.0368252099153916,9.80223306135228
-0.620380588404542,7.21427270491267,6,3.77585505551201,-0.649926766515152,7.18002580591285
-2.22681444385456,4.99708840798101,5,1.21812818748608,-0.697979594955516,7.04893682461942
0.247951562668509,11.2888256704097,12,13.0626038547678,0.25377846108553,11.3118432362751
-0.59757527166359,7.28432143711826,6,3.91739709939862,-0.510966124449766,7.61893171136204
1.33444595615825,14.0850467994099,13,18.3107057190658,0.058395236348395,10.3132034871757
1.36250677257722,14.118441229139,13,18.3398886474753,0.643430016505327,12.8014795425097
2.16649365978161,14.9072701052041,15,18.75331642638,0.924395683738671,13.4525230512683
-0.023978350976654,9.86035986445759,9,9.73271571253467,-0.0111070856671661,9.94030404486985
3.48453812101952,15.9730866823509,16,19.0339571792929,1.61918978711156,14.3514998198321
-2.38282081098855,4.86394353695071,5,1.17880482422558,-1.44491208341127,5.82688742275911
-0.0349298441484426,9.80080806381646,8,9.59296160557756,-0.151108688300871,9.19921715563157
-0.487762948978308,7.65753677980006,8,4.69833386182715,-0.839867678702938,6.7147756372499
0.000854559188740701,9.99553748836913,10,10.0499990977855,-0.461072687347351,7.79996347770538
-7.12080033312185,1.88081753351524,2,0.445926837256706,-2.1770216675542,5.14950707448217
-0.0119988661115827,9.92555763250133,10,9.88574147473155,-0.311349105872525,8.42033293602284
1.16284204575731,13.8624162613062,12,18.0830766276911,0.606666695948704,12.6932149660698
0.00806482395805615,10.0347890934323,10,10.1421273557761,-0.0801005387923561,9.57118651134813
0.468984464513019,12.241660451898,11,15.1905388990042,0.630860087313798,12.76515790803
1.41823830487119,14.1827727928088,13,18.3925903432695,0.879941179521937,13.3671443976974
-0.504678605486915,7.59604245920559,9,4.56695358117486,-0.865815486441914,6.66117320895532
-0.922945609080906,6.48506672187568,10,2.45050068296949,-1.06037771784252,6.31685672156551
2.26027489525125,14.9887783087395,15,18.7785592906939,1.82851256121448,14.5478822812697
-1.02800226510464,6.29875884439939,9,2.17428951995675,-1.38097598895055,5.89727605770208
-2.19068552461057,5.02835927304875,5,1.22786310014209,-0.824400773455903,6.74774162079711
1.17110335615617,13.8739896190528,12,18.0963358191241,1.14309183516487,13.8050958479831
-0.246378447365005,8.69614125844516,8,7.01950756058484,-0.00969018982716238,9.94791830450126
-1.70900080553075,5.46828886065999,6,1.40207801529634,-1.58124056963851,5.68594131863547
-0.663290094527664,7.08899832098806,5,3.52757950112899,-0.0806355445580781,9.5683455546008
-1.0462471788748,6.26894300146816,9,2.13326551121477,-1.11266287979145,6.23839364846501
0.488426352815664,12.3134094845644,11,15.3442638644538,0.350787498217832,11.7541123256352
-2.18641649318058,5.03206605817553,5,1.22903191244759,-0.795062522596772,6.8124569654472
0.260479675651593,11.349211425878,13,13.2009218188429,0.90489081593783,13.4157413329092
-1.67650040405125,5.5002098118973,6,1.4188254864309,-0.91281101699479,6.56919802124729
-1.41954585054438,5.77055209787021,7,1.59622635691665,-0.785380051673815,6.83446544554706
2.29363512503539,15.0175018510619,15,18.7871335339208,1.64901669991012,14.380470383437
1.63209705433225,14.4104850943901,14,18.5451935112984,0.897675956513973,13.4018702581454
-1.05006590210935,6.26278818133431,9,2.12491295552239,-0.70632128480934,7.0271732812357
-0.00816948455170802,9.94640561657662,10,9.93467613061868,-0.0671006741150526,9.64035079616629
-0.0319339489614422,9.81709259111919,8,9.63117494007819,-0.467736838366768,7.77503885158383
-1.39548912067148,5.79799931065517,7,1.61834377532304,-0.997992561702614,6.41745049185965
0.118801478410017,10.631426965589,6,11.5397034792419,0.126630778951299,10.6738754923928
0.527846674444309,12.4528862919452,13,15.639336047863,0.25793499668059,11.3316754338681
-0.0385012461342522,9.7814028565482,8,9.54742838142333,-0.131957375079656,9.29837482070406
-3.11925234441839,4.26809287106483,4,1.02376184014392,-0.813358809327855,6.77175678761608
-0.561337885413885,7.40078350709028,7,4.15656663374569,-0.91281101699479,6.56919802124729
0.209333648134584,11.098527302295,11,12.6246804190653,0.617995484384254,12.7272398557837
-1.34715706309292,5.85460035780305,7,1.66661645428415,-1.48861528703651,5.78047560486346
0.230290563244834,11.2025551401695,12,12.8644364832183,0.574143325996195,12.5921640751586
0.2336638343841,11.2191339421334,12,12.9025674468228,0.528455426645474,12.4415061408642
0.563513780072217,12.5722928926179,13,15.8875174925157,0.389090938846921,11.9160966419614
-2.59397827932432,4.68797201719042,5,1.13058222683279,-1.21686455066716,6.09528823195944
-0.0707378034005154,9.60676954042245,6,9.1378679893194,0.289664575298281,11.4805634198248
-3.21961819348807,4.19058858388983,4,1.00463099331167,-1.41353922918413,5.86103187033396
-1.32498867088505,5.88126898413312,7,1.69062997620552,-2.18112047953435,5.14606751410712
-0.446875979464167,7.81236606112491,10,5.0330415962613,-0.529831376256359,7.55380467540927
0.594108918520436,12.669728565873,14,16.0865992553851,1.35533188452376,14.073556841044
0.0653744520280913,10.3456816198177,13,10.8713204449919,0.281190852376687,11.4412433458264
0.303229810259359,11.5499088527498,14,13.6580230715313,0.373412881549211,11.8506970699319
-0.222926538242621,8.81187095753232,9,7.28611687128067,-0.230976429805853,8.79824229503904
1.36448822547261,14.1207726893045,13,18.3418789268767,1.66241027023625,14.3933574084847
1.97784827333139,14.7393202397058,15,18.6956640137478,0.5853736354899,12.6276287491468
-0.867766951920102,6.59439453479219,11,2.62703580263684,-0.237355553390783,8.76722887827018
3.49587353555766,15.9815892864895,16,19.0360344766988,1.369432570191,14.0896654361361
1.63206059214486,14.4104483141172,14,18.5451726659533,0.607464344410406,12.695630225599
0.436367134535134,12.1168428551203,9,14.920320704767,0.181954866639267,10.9582367531771
0.48823993476293,12.3127308658685,11,15.3428157621922,0.29421422333984,11.5015387307966
2.31503345571725,15.0358557949212,15,18.7925355753914,1.55328993685955,14.2860298991519
2.5649227348037,15.2465179511549,15,18.8512245378941,2.12741835075352,14.8086871618802
0.620238910037357,12.7494096794797,14,16.2468532374247,1.44069318574953,14.168562916319
-4.91758679333029,3.01504978349176,3,0.719136424870759,-3.50188871456261,4.11780133716692
0.519031073170404,12.4223863452229,12,15.5752630091319,1.02725296033374,13.6307426548945
-1.32808039597964,5.87752131624709,7,1.68720573845766,-0.635869712177837,7.22028088378802
3.9924030198418,16.3429386829586,16,19.123986921272,0.662232648352495,12.8544937875438
0.214272349310962,11.1231990582448,11,12.6816165378841,-0.00275627724766224,9.98518508055996
0.185623393435571,10.9788025391609,9,12.3477821630815,0.220929786951698,11.1525846409038
-7.27591188888491,1.81666977440649,2,0.430530462607371,-1.73131162375211,5.54143453375414
0.510319401401926,12.3918564831164,12,15.510867088562,0.0174646975147783,10.0938547511533
0.53969788046698,12.4932683327292,13,15.7237550462592,0.272245599791138,11.399382271279
0.482269255032706,12.2909002354968,11,15.29617069764,0.328986380917031,11.6586221893232
-0.227939086789996,8.7869479826219,8,7.2286134534967,-0.310012334341483,8.42637815315754
0.459005119799014,12.2040652035697,11,15.1095080759539,0.223578436480714,11.165586941527
-6.52581676210214,2.14514759242198,2,0.509440684593483,-0.903576197980873,6.58677526608154
-0.578826092163533,7.34377690218818,7,4.03892459625232,-0.86779633353863,6.65716627032473
-1.12843906187375,6.14251099754631,8,1.96995638474625,-0.748035815436805,6.92252330246902
-3.4404727896135,4.02309667798711,4,0.963562655096442,-1.79343041969103,5.48403078128877
-0.0379365497183895,9.78447055210148,9,9.55462631562239,-0.421151845831592,7.95410986973193
-0.495899743646467,7.62777070183647,8,4.63462205193312,-0.202770458260223,8.93728078770483
-0.180452045574277,9.02685370177333,11,7.78389911724898,-0.307798599617633,8.4364079357332
-1.59495229781615,5.58221623271736,6,1.46552815546798,-1.58584230752726,5.68136456796785
0.429141985994109,12.0884375329352,10,14.8583671050242,0.613906196158866,12.71502699186
1.05023737080578,13.6936819745803,11,17.8725748957246,1.15612183134181,13.8232674550741
-0.532377568843953,7.49854392431241,7,4.36067392663896,-0.532644974314043,7.54424572777058
-0.189823415992915,8.97886482862249,11,7.67252930285146,-0.153831268887447,9.18520329473225
0.280431320262517,11.4439318959087,14,13.4171806613326,0.396561092766694,11.9468135108039
-1.30466194275618,5.90614549713441,7,1.71377402470292,-1.05827071163547,6.32012487349076
3.52630732684508,16.0043622147321,16,19.0415957587438,0.902749464113697,13.4116396346443
1.58813184386151,14.3657023155347,14,18.5189887205692,2.376874725239,15.0158578084501
-2.48172554674435,4.78095617535381,5,1.15564676841423,-0.878955369933009,6.63481263388626
5.01315896165901,17.0153539381981,17,19.2868885866466,1.22940512855392,13.9209042058557
-0.211267357525417,8.87022108248661,10,7.42092134707194,-0.291516844589205,8.51088548360084
0.266772424953612,11.3792808148109,13,13.2696702823774,0.494529111639535,12.3228455384439
-0.635483029235436,7.16922484231873,5,3.68582859871263,-0.550512669538011,7.48446746824192
-1.67122185341284,5.50543267334443,6,1.42163869849763,-1.67301863441083,5.59648668335235
0.23913515736365,11.2459235289217,12,12.9641348281574,0.576140746465659,12.5985163835372
4.97687878709668,16.9931119120071,17,19.2815087419226,1.26946324218847,13.9713354762399
7.48725244834646,18.2521991536336,18,19.5851384016681,1.4024734298776,14.1267468230673
0.480565798597798,12.2846378684284,11,15.2827684891425,0.790194973189755,13.1765202292453
-1.1788811076355,6.07055758377364,8,1.88504324211028,-0.218394993983752,8.85988423708232
-2.13256997483759,5.07904473219068,5,1.24414110419641,-0.625910038482183,7.24934236284682
2.14766375404463,14.8907596903842,15,18.7480167905988,2.87321059857535,15.4101809882323
-1.4624850404763,5.72264348232925,6,1.55957867101213,-1.89650470304979,5.39118043722577
-1.75601816137747,5.42278235732517,6,1.37945681301979,-1.86526740519361,5.41903519644797
0.264795794409467,11.3698547455972,13,13.2481285949681,0.324398541884961,11.6382292220688
1.35349659220788,14.1077959399511,13,18.330723271826,0.705393491954376,12.9704202037576
-1.61171162298808,5.56512075018582,6,1.45533054178215,-0.784379611147863,6.83675834870279
-3.31322618150509,4.11908349441271,4,0.987059807338567,-0.57527212099917,7.40424369025125
1.36259627697909,14.1185466175957,13,18.3399787466829,0.503429922793706,12.3545455158031
3.51057516224879,15.9926002396929,16,19.0387238499374,0.728715810751358,13.0298604252247
3.46945803166823,15.9617579509174,16,19.0311886158752,3.04063884690139,15.5387823119792
-2.44908455976608,4.80823032361298,5,1.16316482194584,-1.59648759739083,5.67081657837173
-0.584722213804137,7.32489587414191,6,4.00019879193439,-0.269353316791303,8.6142292407481
1.6877736552825,14.4660061587694,14,18.5754432112504,1.10144546816914,13.7451845625421
-0.208291714509139,8.88519622968093,10,7.45555635017005,-0.277848167604702,8.57435731343313
0.548708552022898,12.5234989813533,13,15.7866325762345,1.50844090487021,14.2401721425582
0.501723697498815,12.3613513881421,12,15.4462717223961,0.488191322609589,12.3000254779507
-4.80488820887084,3.08489724566201,3,0.736012679590464,-1.10032308752974,6.25647052640692
2.40518428589448,15.1126088728589,15,18.8145545875753,1.55366713232636,14.2864108521571
3.31249809834245,15.842678054464,16,19.002021817132,2.24515368095369,14.9073887422382
0.00656653029340709,10.0266334107438,10,10.1229854423348,-0.444006182408848,7.8648470276432
-0.539760598377659,7.47321913174329,7,4.3075265383845,-0.0941125327232688,9.4969399893236
2.19989969319448,14.9364385936979,15,18.7625177492512,0.861159548997647,13.3293617676139
-0.270482523608427,8.5796105817047,7,6.7521863387792,-0.616376352818285,7.27758648835863
-3.9930356438262,3.62279236464448,4,0.866194511359892,-0.446384267458071,7.85571510140007
-3.34068091520506,4.0982547499054,4,0.981953166661593,-2.00082889322035,5.29968658895456
-0.0485523903218046,9.7268418362683,8,9.41942566839129,-0.110342660504901,9.41139941698697
-0.251584597636033,8.67075940804003,9,6.96117976867499,-0.483226408190825,7.71799600655594
1.59521209940821,14.3729747811448,14,18.5233604512023,0.521978423023365,12.4193043472002
0.984166144837729,13.5835203957925,11,17.7186812546008,1.07653044534061,13.7079160466034
0.561854869123797,12.5668794894385,13,15.8763625812807,0.716792096943434,12.9997436993974
3.29889434388027,15.8322576554599,16,18.9994628224721,0.938577513253502,13.4786284022932
0.241797376547655,11.2589132161218,11,12.9939656311027,0.170851550555947,10.9019033022482
3.5871016157953,16.0496116522387,16,19.0526362330892,1.15612708385507,13.8232747276722
2.57994453298593,15.258982253483,15,18.8545492819588,1.89352210519813,14.60616980719
-4.52304036799922,3.264743897775,3,0.779492956661155,-0.277396826976332,8.57646762977439
-1.12404782381176,6.14896460998696,8,1.97786276707974,-2.18436102562005,5.14334973946307
1.62639501529425,14.4047262857725,14,18.5419162178535,0.768332420105102,13.1259717908921
0.00148031185122791,9.99894430745925,10,10.057995501547,0.285756574279622,11.4624701514947
6.34173191896859,17.7462838062664,18,19.4633827960647,1.64467926855,14.3762811374488
-1.13316180789579,6.13560542068905,8,1.9615487360109,-0.474211514425802,7.75104364327253
0.631468966097869,12.7826806662114,16,16.3130342915095,0.766215108113272,13.1209843888746
0.585958752276461,12.6442147022908,13,16.0347881714283,0.444050440052723,12.1353231921307
0.497036000161004,12.3445548873675,12,15.4106001417484,0.566217173869606,12.5667655978586
3.39331775971572,15.9042580822533,16,19.0171210264497,1.33041468286563,14.0446494583941
0.275730027447712,11.4217757842286,13,13.3666762039825,0.848093312020044,13.3024439008973
-0.029942581006081,9.82791980397952,8,9.65658330714088,-0.130742247143014,9.30469895646707
-3.4051527441063,4.04959912522547,4,0.970041593560896,-1.01987458152849,6.38123578495017
-0.0250246853342369,9.85466755339118,9,9.71935615902044,-0.0932114475628955,9.50170421853739
-2.11328957079537,5.09597099358792,5,1.24972861728861,-0.899340797794914,6.59491600658887
1.31570040629836,14.0623286466849,13,18.290124400691,0.966120433589547,13.5278618268508
0.610251841635475,12.7193325829972,14,16.186646809625,0.752815958224644,13.0890369486108
-0.0308459204841668,9.82300800739599,8,9.645056615738,0.0783709964304819,10.4196262671763
0.729695790745245,13.0502283051864,17,16.8271004220797,0.518183775335223,12.4061984425856
0.484903761339048,12.3005556476668,11,15.3168156888157,0.271654740541615,11.3966046182957
-0.183017794443889,9.01368542267102,12,7.75332558452758,-0.315704372441375,8.40069659168891
-7.13338447018655,1.87554147409869,2,0.444660242342331,-1.17999370446687,6.14410340578622
-1.65901510439934,5.51755348844459,6,1.42824906537035,-1.66368966126575,5.60541539532098
1.0997282374979,13.7705180507461,12,17.9723549867086,0.521183920488594,12.4165663475438
2.30357028389751,15.0260302279219,15,18.7896508196922,1.5523263325713,14.2850563513457
-2.43059377511436,4.82372990220945,5,1.16747603431274,-1.43979171242399,5.83241088396493
-1.36379250528583,5.83488822803909,7,1.64939248901151,-2.04158679088316,5.26450691945495
-0.582498095249064,7.33199820419713,7,4.01475172362619,-0.913807874603286,6.56731464904888
1.27445839597579,14.011098354327,13,18.2415201363957,0.515608765167041,12.3972632764308
-0.6421070172758,7.14979747527605,4,3.64725715899868,-1.55850015663329,5.70871465239338
-0.990697729916432,6.36193517462992,9,2.26421413723058,-1.4331823267617,5.83956849606894
-0.599264783338821,7.27904717121222,6,3.90667664256885,-0.660747828313228,7.14963603991465
-1.40821129065582,5.78342724388653,7,1.60649798418821,-0.723754035033091,6.98260338089808
0.509560460862255,12.3891783839988,12,15.5052060980759,0.462105265534034,12.2039135777315
-9.60711581963052,1.06053642687671,1,0.249674959254047,-1.92598067235735,5.3651009249465
6.65449788447264,17.8953389191506,18,19.4992944382342,1.69732588742545,14.4266198626679
-0.531156160519243,7.50276025873248,8,4.36954035999562,-0.524930246470711,7.57055112882969
0.217325859265831,11.1384055256498,11,12.7166866907089,0.188522924541222,10.9913674228231
-0.57305377303863,7.36242627965113,6,4.07729322032888,-2.38049665714531,4.98118565644577
-0.562677530336794,7.39636312606185,7,4.14740683959343,-1.37769011651336,5.90098164308221
0.470978135367011,12.2491087317654,11,15.2065540838559,0.74521397806522,13.0706116488925
-3.53092045780597,3.95572470765369,4,0.94711750833194,-1.00167148804311,6.41128818852943
1.16152536461373,13.8605624703017,12,18.0809384188835,1.33659804082293,14.0518772174919
0.305043126429385,11.5582317148656,15,13.676883996084,6.83696079228958e-05,10.0003674866415
2.27299208802868,14.9997439648793,15,18.7818505929413,1.24154280007392,13.9363882826738
0.515647414546157,12.410574500765,12,15.5503789651722,0.674239571030061,12.8875377569606
-3.34975581115345,4.09138433754324,4,0.980269758402759,-1.34183042797528,5.94203490676964
0.218044814663699,11.1419805759418,11,12.7249291760023,0.561670174240874,12.5520566811489
0.640669783078423,12.8095118253187,15,16.3660743755053,0.368797581978314,11.8312054590089
-1.31017123811729,5.89936170996214,7,1.70739108330065,-0.829502601880091,6.73678178084342
4.94915202205071,16.9760309360159,17,19.2773768904211,1.69940536231232,14.4285863421177
0.50767982920339,12.3825293914274,11,15.4911430525934,0.731735504881811,13.037398349547
-2.34887333208786,4.89267180038688,5,1.18703671751403,-1.03066208951578,6.36376141078527
-3.7346302516264,3.80661831878209,4,0.910819875061883,-1.47916546614269,5.7904038977898
0.25198521650318,11.3083428331571,13,13.1073458575282,0.0491295446747294,10.2636714067686
-0.250424787353669,8.67640391936568,8,6.97414618672976,-0.638372472265881,7.21304881716428
-0.933046986699258,6.46596997960517,10,2.42070203895906,-1.10884154495274,6.24396365124432
-0.545879133006642,7.45244112478759,7,4.26406135604839,-0.379145469429861,8.12524397810506
-1.01283580839035,6.32407538858036,9,2.20984262339469,-0.711347152235004,7.01419807378155
0.0224055812615302,10.1128121330605,10,10.3252327405642,0.127816549335914,10.6800590408632
1.54696541507881,14.3229231438384,14,18.492322651715,1.23699338948787,13.9306058846733
4.78159392971865,16.8712821045803,17,19.2520317087444,2.00021498787784,14.6997812688357
1.3756292114232,14.13381861316,13,18.3529031446768,0.922525935255094,13.4490417180116
1.03905820936018,13.6756825729158,11,17.8482816734071,0.533995449246733,12.4603282458632
-1.39418865156292,5.79949623192253,7,1.61957398475913,-1.59453543765896,5.672746812752
-1.68712248161572,5.48973292517198,6,1.41324505856491,-1.04073338132683,6.34766545379359
1.16261934609635,13.8621028961999,12,18.0827154642855,1.07586384206658,13.7069034167077
0.152137858585059,10.8063983822763,7,11.9474922077661,-0.0261567353067499,9.85946799036944
0.991393135536514,13.5960307898425,11,17.7367723310717,0.762463406849213,13.1121065607369
-0.226358545490292,8.79479585551104,9,7.24671541608795,-0.0315391619118454,9.83058293550066
-2.43781824548152,4.81766984345619,5,1.16578694661449,-1.57764879097822,5.68952087352505
-0.648775112602133,7.13044194038471,5,3.60898500817532,-0.860751066319049,6.6714717828973
-2.32209484501814,4.91542583577167,5,1.19364708438675,-0.495079923711659,7.67518095261063
-1.35210531952743,5.84871066524424,7,1.66142361251226,-1.51792512957333,5.7500344396457
0.53555738107084,12.479240442579,13,15.6944841601459,0.073400497300536,10.3931976504153
-1.63009411834064,5.54651911391548,6,1.4445221257023,-0.907270265333292,6.579715845687
1.03908661858828,13.6757286299135,11,17.8483442681289,0.569193897557375,12.576340088804
3.76501630106773,16.1801706799843,16,19.0844328399023,2.51736183259098,15.1296101411655
-0.541702623309459,7.46660367560161,7,4.29367390482364,-0.32974533745865,8.33801415080063
-2.47363699337491,4.78770461744505,5,1.15749916606956,-0.566337955552764,7.43284507075802
-1.5902944812314,5.58699136467106,6,1.46842208248625,-2.23933786375128,5.09744553265589
0.23831724860435,11.2419267237363,12,12.954953270556,0.285541135294088,11.4614706759384
-1.07501726187697,6.22327581832423,9,2.072263812631,-0.656073728811548,7.16269945740215
0.928678352308121,13.4833175033321,10,17.5684275069692,0.332722140928672,11.6751516641947
-0.200311640393231,8.92551887319238,10,7.54889042086879,-0.138900494782249,9.26231222702791
0.567703613305463,12.5859050602426,13,15.9155243720763,0.351720029151648,11.7581441650549
2.06180437890342,14.8147978758393,15,18.722678883355,0.768839271282938,13.1271632555886
-0.64031704973507,7.15502752067565,5,3.65762563053557,-0.42794786095783,7.92728241325526
-0.00608155100430955,9.95777339709917,10,9.96135886313965,0.207789275166278,11.087679459873
-0.0236617634156114,9.86208226763325,8,9.73675813754871,-0.55853436580779,7.45814636741508
2.19587751040557,14.9329347286905,15,18.7614228858468,1.50132272933519,14.2327865571113
1.26540693145234,13.9996107468551,13,18.2302013209849,0.542124368822678,12.4876671505183
-0.217085861433227,8.84103599140847,10,7.3534656704292,0.0134045220229832,10.0720411673864
-3.28353380645811,4.14168308910891,4,0.992606236190428,-1.56806473920324,5.69910403090985
-3.40217978440362,4.05183483485563,4,0.970588429526815,-0.960188940451322,6.48258165211208
-0.246522567938107,8.69543707289982,8,7.01788859902004,-0.170927609947511,9.09770944865886
1.54705665784282,14.3230189349012,14,18.4923842208455,1.68968289668902,14.4193784596737
1.84667515992623,14.6185157531163,14,18.6475645000483,1.77971774006542,14.5033998009146
2.08405004199774,14.8345908829464,15,18.729440871075,1.30964260664108,14.0200960106588
0.515607759775561,12.4104357250872,12,15.5500863764927,0.299753976698846,11.5269488866316
-0.338607974844792,8.26471974285279,4,6.03674804299149,-0.0390102945933605,9.790520023273
-0.22859832947343,8.78367758759898,8,7.22107130938709,-0.0756139541915096,9.59502857897623
1.66550505390459,14.443949310974,14,18.5637108160158,1.34412298710608,14.0606244112565
-0.213210093081091,8.86046214350038,9,7.39835883559207,0.000641457816613401,10.0034478348723
-0.213841058044387,8.8572957022783,10,7.39103949217765,-0.191427092747613,8.99403043634167
3.42229760006424,15.9262021980632,16,19.0224929731273,1.21718976610835,13.9051342357093
0.637490694909106,12.8002842987712,15,16.3478673052229,-0.0106992525355532,9.94249565643099
-2.34459454084346,4.89630199317127,5,1.1880858023418,-1.675323538411,5.59428594343255
3.77901202897043,16.190322479321,16,19.0869022364611,1.1361324274434,13.7952816704384
-0.00947139914012071,9.93931750820555,9,9.91803877850902,-0.277344193172282,8.57671378734203
-2.3187770186215,4.91825084973878,5,1.19447368850104,-0.234000284805165,8.78352069537121
1.3229236705226,14.0711229008146,13,18.2981618962856,1.06721934347411,13.6936963552853
0.219591353593427,11.1496638928072,10,12.7426402120307,0.488555262159333,12.3013414910114
3.594298723528,16.0549471171179,16,19.0539372559352,1.72153741723287,14.4494194310853
-1.69508145018038,5.48191118733139,6,1.40913235288448,-1.53467231521169,5.73286890205194
-0.0445547340581008,9.74853251196312,9,9.47030882932289,-0.0680617521259963,9.63522920310943
-0.234011133166984,8.75689168479349,9,7.1593288264208,-0.383493703203443,8.10710710664031
4.81799734030795,16.8942621824378,17,19.2575929907893,1.76846844905499,14.4930463717155
0.266657684133934,11.3787341242058,13,13.2684211523986,0.419479193453175,12.0392504497899
0.496781765607274,12.3436406934588,12,15.4086565271176,0.426053596759498,12.0652640825581
-1.15199909744878,6.10841646773384,8,1.92897584670877,-1.49312106982843,5.77576163242347
-0.630836475965256,7.18297245676256,5,3.71321670056307,-0.604769100535852,7.31254290143238
0.488132962243143,12.3123413717116,11,15.3419845701899,0.43598918057595,12.1041504124343
0.686694689449203,12.9381175060117,16,16.6158976082146,0.68505403989694,12.916770525694
-2.3642827908933,4.87961542075574,5,1.18328030691181,-0.444561856360179,7.86271058436384
-0.194485271325935,8.95510520986797,11,7.61744022074644,0.078330120842707,10.4194090817501
-0.224864970239253,8.80222104390347,9,7.26384666100253,-0.0308563259323344,9.8342464502368
0.51305036735166,12.4014688938229,12,15.5311698804307,0.361284999460408,11.7992465148984
-0.0395727317350372,9.77558267295198,7,9.53377236756745,-0.186170462691985,9.02048203924032
0.940373793803385,13.5050731079386,10,17.6018367061966,0.50338942095306,12.3544021897695
0.539137302866477,12.4913741593578,12,15.7198060628902,0.231608817899736,11.2048395181925
0.951852086397628,13.5260866121693,10,17.6336993216393,0.591550109891453,12.6468752294286
-1.27664159933168,5.94114432608905,7,1.74756227024805,-0.691271212423149,7.06664763527817
1.57194861725543,14.3489879088547,14,18.5087654994497,2.18046999969342,14.8533867767418
-1.34464395797649,5.85760025818024,7,1.66927672817398,-0.516421883635649,7.59991159979062
1.80009125976419,14.5746016586476,14,18.6282680418364,0.502951480522419,12.3528518900394
-2.11328957079537,5.09597099358792,5,1.24972861728861,-1.48061778873718,5.78887431371598
-0.319206808353967,8.35212361022192,5,6.23419387366125,-0.0893195356823783,9.52229858861711
1.18738726726848,13.8965155354832,12,18.1216975260372,1.39636523081721,14.1199593159199
0.493670913504548,12.3324274010123,11,15.3847991716297,-0.0239703699995437,9.8712057834053
-0.629758790483056,7.18617516335151,5,3.7196081205898,-0.864998503069358,6.66282928913559
0.56957270356769,12.591949711462,14,15.9279414998969,0.527193058016492,12.4371956382901
0.420888887936483,12.0556547938468,9,14.7866674183247,0.759778499194817,13.1057211329211
0.594299028290054,12.6703199121891,14,16.0877973233131,0.526703235372633,12.435520916847
-0.0316608183539437,9.81857749004783,8,9.63465951938474,0.125786230980621,10.6694692480164
-10.1493502711037,0.932443721143205,1,0.219179375287016,-0.426187624307574,7.93420793525232
0.0653685908659356,10.345649997063,13,10.8712463541366,-0.112652573576957,9.3992694503825
-0.00196306106307896,9.98019695966379,11,10.0139918781353,0.0148431456503132,10.0797708581404
-1.6669451869482,5.50967237023053,6,1.42393785300345,-1.18631902930731,6.1355960951243
0.19035328529203,11.002850060864,9,12.4034757710175,0.625024585672701,12.7480520471055
1.32288946070262,14.071081370743,13,18.2981241514766,1.29468236306253,14.002142037713
-1.16385384344806,6.09158810502714,8,1.90924301374843,-0.307588517088586,8.43736096833285
-6.78572905317248,2.02604970600569,2,0.480809946206209,-1.26382472531982,6.03564895552391
0.540174211177963,12.4948765980066,13,15.7271071206526,0.714464065896798,12.9937973964989
-1.29863483559882,5.91360291238176,7,1.72085293162717,-0.875818524425272,6.64105894835956
0.168084738920078,10.8889586676765,9,12.139391470844,-0.0938938403783377,9.49809612418349
3.38094346018759,15.894865964275,16,19.0148205126133,3.33230787912759,15.7577988112027
-0.27288779908413,8.56812264749366,7,6.72590019365107,-0.157490177486244,9.16640390574422
-0.59577034851735,7.28997111915765,5,3.9288917223103,-0.373910422336511,8.14720816479263
2.14832399116938,14.8913394631776,15,18.7482040598074,0.670644107203325,12.8777081074285
0.50721889833229,12.3808969929901,12,15.4876886121329,0.505395909187362,12.3614925616509
0.457095547156786,12.1968117510191,10,15.0938377428948,0.160885380767195,10.8510050587224
1.62904169558105,14.4074010798036,14,18.5434418070746,0.610938852760117,12.7061162163113
-0.21348702545063,8.85907219651657,9,7.39514583639305,-0.327231098918884,8.34916792385637
1.18620776080898,13.8948964074573,12,18.1198942495879,1.81966375174031,14.5398648858335
3.90149791012802,16.2784227523715,16,19.1083180569966,1.12512446637352,13.7795996923267
-0.271850545103334,8.57307353391013,8,6.73722703357859,-0.572544695000899,7.41293393272999
-5.15855416119452,2.86966428952066,3,0.684026748019031,-1.3365086834962,5.94822697364131
0.500382987533007,12.3565590703333,11,15.436101509009,0.35686608522127,11.7803148941782
-2.22279873257468,5.00055548414207,5,1.21919681984321,-1.41811129421255,5.85601011483133
1.77592118236023,14.5515746000402,14,18.6177035522249,1.29344071590751,14.0006414117283
-4.75210773175308,3.11801506027388,3,0.744016434529835,-1.10967418196448,6.24274787268608
1.18610692312174,13.8947578964,12,18.1197398426055,0.927568084294999,13.4584085603201
-5.28218701156145,2.7971619290736,3,0.666526836987351,-2.20689168848663,5.12449133176014
1.13974821246617,13.8295233681394,12,18.0445507588995,1.32409456800426,14.037223826243
0.603708447189171,12.6993741145225,14,16.1465028110521,0.175014454197471,10.923071111332
-1.66290920123771,5.51368023356849,6,1.42612417808889,-1.77039682437893,5.50517608323757
-1.54342349006124,5.63565625768547,6,1.49908902199883,-0.619979493579835,7.26686269899169
-1.69681861231212,5.48020716347744,6,1.40824275768073,-1.46658570483428,5.80371062773786
-0.203171546132007,8.91104109849241,10,7.51536667581542,-0.0240909246619359,9.87055850730964
-2.44221039420764,4.81398828695026,5,1.16476300219438,-1.83210956789519,5.4488646773746
5.1970227395485,17.1261882359656,17,19.3136892633808,0.480262735595946,12.2711858728636
1.70313876788177,14.4811155885919,14,18.5832714992171,0.578394379886959,12.6056603079176
-2.36009088906155,4.88316454560429,5,1.18429885770062,-1.5429972098067,5.72439486879534
-1.14987721652621,6.11145125657422,8,1.9325694853448,-1.44762082531599,5.8239729802865
1.18470793780514,13.892834786636,12,18.1175937357515,0.777184508389128,13.1466459023767
-1.39859601075712,5.79442865503323,7,1.61541938201809,-1.14555656379697,6.19144668041586
-0.542259477063615,7.46471029016846,7,4.28971156725498,-0.607419961919837,7.30450408513337
-0.596100285748564,7.28893719715564,6,3.92678729005126,-0.515819247841634,7.602005093634
-0.0390898151768817,9.77820571584187,8,9.53992682184296,-0.226340862209251,8.8208814888617
0.261408530885269,11.3536610105673,12,13.2111004963749,0.667051237648677,12.8678298806581
-0.963621350949747,6.40977889493012,10,2.33492346498871,-0.474984939391589,7.74819185372555
1.67166610927317,14.4500710776905,14,18.5670036495938,1.69733718684433,14.4266305523811
1.56642685683175,14.3432549401905,14,18.505201771239,0.675195255769943,12.8901411683855
-1.71693155585853,5.4605590165905,6,1.39813446102929,-0.508812685874894,7.62648087712667
-0.426889067231619,7.89125784966673,11,5.20553981991866,-0.280256338395686,8.56311304276971
-2.39051958481455,4.85744624134324,5,1.17695966932248,-1.07212257350146,6.29879526876696
-1.56792757646861,5.61007188787665,6,1.48269647323634,-1.57767460762753,5.68949512180285
1.38862447853408,14.1489037242829,13,18.3654138239277,0.635962142181163,12.7799867086466
2.58783257253669,15.265518816326,15,18.8562877832606,0.830016410899486,13.264317276958
1.34795386836582,14.1012113797978,13,18.3249899057831,0.573217648386061,12.5892136178132
0.243232477956835,11.2659030000719,11,13.0100116506716,0.413844590928923,12.0167766111151
-0.496239286503296,7.62653608730812,9,4.63198418062929,-0.487987061638602,7.70071343321986
-0.500781158771058,7.61007903553984,9,4.59685865049638,-0.585263688313024,7.37271551199516
-0.0338200414008872,9.80683988174832,9,9.60711562961667,-0.315324463529538,8.40240584557043
3.3642733455338,15.8821924802262,16,19.0117149506784,1.18514627716746,13.8628308705765
1.3127674901758,14.0587431791322,13,18.2868218613021,1.89332191918216,14.6059918878207
-0.73026090165875,6.90949646933739,3,3.18434254785245,-0.290500487916959,8.51557558662484
-1.33253528376774,5.87213762432911,7,1.68231516532206,-0.288106274429481,8.52664279895397
-0.201137138377622,8.92133687522365,10,7.53920547627765,-0.209860272362523,8.9020479249875
-2.25895505375926,4.96941463205215,5,1.20968862582946,-2.06172664208537,5.24722814817082
0.0360009661294341,10.1866776107538,12,10.4985309903453,-0.141411880947754,9.24929935142957
1.1663281239858,13.8673120899823,12,18.0887045165407,0.704764365622409,12.9687863706282
-2.36033272245843,4.88295974060535,5,1.18424003068362,-0.794144577648783,6.81452935182575
0.570684964432411,12.5955386630719,13,15.9353082717081,0.0776261067702661,10.4156680159122
-2.44204947254283,4.81412313790097,5,1.16480047831226,-1.94336101545446,5.34981116790627
-0.666938309983617,7.07872861840234,4,3.50752456710277,-0.894861204584262,6.60358102955616
1.25827314222667,13.9904918880834,13,18.2211064381038,1.12050511174227,13.7729599713561
-1.71984610661619,5.45772396033124,6,1.39669871713614,-0.835415262984583,6.72418615460985
-0.174760355853193,9.05614322645971,11,7.85193728361179,-0.168325691146492,9.11096726882884
-0.188731377372189,8.98444147697071,11,7.68546429813583,-0.0631759910317578,9.66127815229071
0.452842003219693,12.180585995249,10,15.0587416715674,0.148671375165164,10.7882193179207
-0.0323591115964835,9.81478124253616,9,9.62575098646304,-0.259363423245817,8.66152621850599
-0.438063238057247,7.84689160065285,11,5.10838036837117,-0.446024563439424,7.85709448657839
0.237873088294093,11.239755104453,12,12.9499640081292,0.618710803319802,12.7293682303998
0.538384314385587,12.4888273502783,12,15.7144947613578,0.822823585694219,13.24885293534
-3.76214801420022,3.78675820091721,4,0.905993160059296,-0.726036320205073,6.97685828471805
-0.272903201527713,8.56804916699577,7,6.72573210057226,-0.682106661743442,7.09114732373122
0.551945206286561,12.5342589263815,13,15.8089444504328,1.16170159939975,13.8309696733259
1.57182860055708,14.3488634658738,14,18.5086884559471,0.139806748683407,10.7423855222256
1.6644110618239,14.4428607218252,14,18.5631222735959,0.970495010606186,13.5355094523607
-0.494450275225885,7.63304787949644,9,4.64590150853807,-0.737426235489442,6.94849295616669
-0.465887357075805,7.7392806853305,10,4.8743813586188,-0.167304020277864,9.11617891645177
-0.51450984807631,7.56098499623341,8,4.49248651749841,-0.488264069252024,7.69971141405268
0.252206509145161,11.3094115317634,12,13.1097947966761,0.473890987711276,12.2477735952371
-0.0524138001159178,9.70590433533667,7,9.3703152362591,-0.196484309520183,8.96867311655778
-1.34660507944196,5.85525875971897,7,1.66719943076804,-0.21880561635574,8.85786266393704
-0.242034052543516,8.71740931476534,9,7.06842335984754,-0.419252641573689,7.9616499781308
-1.12602285125368,6.14605806720425,8,1.97429608454496,-0.831194499707011,6.73316598749509
0.241251066556301,11.2562500679001,12,12.9878508938383,0.0306409519644195,10.1645979763266
0.27701929181932,11.4278619207196,13,13.3805544873579,0.351935729437112,11.7590761345201
-0.254818193701261,8.65505272599917,8,6.92511327888775,-0.337157116651212,8.30531408677937
-0.198536728983538,8.93451898262306,10,7.56973727372306,-0.0476713752786916,9.7441317395084
0.502744994790846,12.3649957566341,11,15.4540017434089,0.266644655682633,11.3729898489128
0.466252757153588,12.2314211267173,10,15.1685015011163,0.696907404490808,12.9482450302317
2.26797647217232,14.9954215287971,15,18.7805559368112,1.31680447507806,14.0286099706449
-1.66883567981649,5.50779731433544,6,1.42291930221464,-0.930137576103785,6.53684396396203
-1.14607118235553,6.11691229870904,8,1.93906287733145,-0.887381040280221,6.61817751157699
-0.509084323749221,7.58027018953222,8,4.53341116320164,-0.579930500905456,7.38948432695543
-1.55909655590506,5.61925529246882,6,1.48851055423077,-0.955202015066749,6.49142879184931
-1.33910450116974,5.86423356521291,7,1.67519583452951,-0.805531290185992,6.78902887768838
0.937973016131254,13.5006359034061,10,17.5950571903451,0.723482713466721,13.0167122610438
-1.02143443780716,6.30966173195541,9,2.18952072554266,-1.17658761184268,6.14870806487917
-0.541593921331695,7.46697346149305,7,4.29444788828282,-0.548322447250118,7.49170948204725
1.60312691732451,14.3810762716959,14,18.5281768608335,1.95424625715261,14.6597329129321
-0.0323047666835633,9.81507667662502,8,9.62644426639059,-0.12857767492622,9.31597367319011
0.559199032530002,12.5581846591545,13,15.8584259966626,0.588330295236016,12.636864756331
0.545766292892102,12.5136724115613,12,15.7662247285395,0.582932888025505,12.6199727364987
1.34148454382056,14.0934907412886,13,18.3182045676497,1.23528829304369,13.9284321234018
0.59108892166973,12.6603115991346,15,16.0675034019122,0.336859961928704,11.6933800983058
-2.44058454212485,4.81535086156734,5,1.16514177982112,-0.425691209196222,7.93616395902842
-1.57794898460818,5.59969953998481,6,1.47622230923716,-1.23581386704444,6.0708974602086
-1.46357134231909,5.72144840319565,6,1.55869563582034,-2.3367921696375,5.01695069224683
0.201753995081936,11.0604804437639,10,12.536792001767,0.234448081614622,11.2186562641686
0.500228155236507,12.3560050306622,12,15.4349253472082,0.931096403846767,13.4649231472669
-3.80803948380387,3.75378754584559,4,0.897983434771713,-1.38946601840499,5.88774342611556
-1.73499859153767,5.44303277370756,6,1.38934845325267,-0.783457966311439,6.83887381265707
0.461487258269797,12.2134649388277,10,15.1297977751885,0.704244697085886,12.9674355769158
2.15736328718176,14.899270775581,15,18.7507572928008,0.207536709372812,11.0864255851923
-0.0289492756364848,9.83332128475978,9,9.66925936233305,-0.122717600955961,9.34655518947144
-1.15972956188177,6.09741853656173,8,1.91604174290392,-0.823000994881216,6.75076359536339
-0.0211076650638031,9.87597934856971,9,9.7693746962846,-0.0860630429481662,9.53955121691396
-1.35591646307264,5.84418969635135,7,1.65746451811204,-0.255505486220863,8.67990757003866
0.194119326109873,11.0219399136282,9,12.4476608633204,-0.341360122070302,8.28689118171498
1.05230704542901,13.6969872917445,11,17.8769988061854,1.26217466646163,13.9623002418545
2.33550080478906,15.0533612889657,15,18.7976357197194,1.54608162608303,14.2787351295271
0.507106882616782,12.3805001215259,12,15.4868486551118,0.524095945752884,12.4265861014675
-4.75923916247143,3.11352522174771,3,0.742931276936382,-1.42765807227567,5.84557547782468
-0.721411896512228,6.93215143183616,3,3.22676023556989,-1.18603534574781,6.13597642783988
2.28479677011942,15.0099050776013,15,18.7848804707042,0.783546106060877,13.1613286265834
0.0439079127779159,10.2295704809945,12,10.5991316299269,0.0782090567810169,10.4187658133371
-0.185295357486644,9.00201478453755,12,7.72623756531058,-0.395858204446861,8.05606446357572
-0.199733079139265,8.928451354799,11,7.55568232657932,0.0570289283702823,10.305905493125
1.21680443064613,13.9362892627186,12,18.165033584595,1.06786631512569,13.6946896733343
-1.01494585352895,6.3205235704716,9,2.20481532525014,-0.327574619048112,8.34764216376193
3.34410932798591,15.8668308280335,16,19.0079485655742,1.09120210177493,13.7299972168061
-0.187078935456792,8.99288773250924,11,7.70505886240023,-0.0808946014289653,9.56697009050942
-0.560515138363819,7.40350272412543,6,4.16220439814977,-1.01408105083287,6.39072251725361
3.5004421595699,15.9850130210841,16,19.0368707969878,1.90737612831924,14.6184607029628
-1.32343301134668,5.8831582375511,7,1.69236236675118,-1.47905636660577,5.79051885637782
-2.49121711933904,4.77304563885385,5,1.15348166290139,-1.05148790872618,6.33070434632482
-2.58534369875037,4.6950810441786,5,1.13247122700431,-1.94410321300178,5.34915964705713
0.197704997362487,11.0400675218316,10,12.4895963983344,-0.0180312832665427,9.90310165917454
0.210801332079642,11.1058691301055,11,12.6416281475882,0.299642341655537,11.5264382465662
-0.228997169778504,8.78169985084092,9,7.21651067080711,-0.293421061176678,8.50211110016816
-1.58898105214229,5.58833978954258,6,1.46924292493395,-2.0023691694836,5.29835175748523
-1.62059638866259,5.55611095111842,6,1.45005698505872,-0.734271298684494,6.95629922934513
0.267823531081761,11.3842861214263,14,13.2811055390816,0.154407888374724,10.8177619674323
1.69422363744119,14.4723594508245,14,18.5787551906495,1.22307487140046,13.9127556453421
0.235677321752624,11.2290072587942,12,12.9252651337149,-0.0261567353067499,9.85946799036944
-0.29782757679785,8.45056517806497,7,6.45766583252373,-0.82218348328975,6.75253150806291
-1.72248411650413,5.4551604972574,6,1.39540537769135,-1.68891579714669,5.58134953568285
1.36691900283232,14.1236281842939,13,18.3443082242983,1.33704089292369,14.0523934739798
2.21935134426359,14.9533530769888,15,18.7677647430087,1.54571225193036,14.2783605697428
0.268928516103355,11.3895426186682,13,13.2931120199677,0.0934958128330814,10.4997994433692
-0.246408208440109,8.6959958360872,8,7.01917322100964,-0.359269077844071,8.20937792867618
-0.667456177766423,7.07727556079999,4,3.50469083646362,-1.12674379848047,6.21808104714564
0.00383007832543158,10.0117368357979,9,10.0880215444331,-0.209991228043788,8.90139889287116
-2.14345542195631,5.06951339720591,5,1.24102945372319,-0.630479156055729,7.23595398980602
1.14541597000783,13.8376713935303,12,18.0542101597199,1.05899040040052,13.6809923938978
-0.0214350838676865,9.87419769634609,8,9.76519309021125,0.178489757979582,10.9406995929276
-3.6235502392324,3.88747000017026,4,0.930487512191115,-0.938892101698448,6.52079845556571
-1.69350864647142,5.48345496752016,6,1.40993981117774,-1.54584306361377,5.72150677363749
1.14114097734788,13.831530248057,12,18.046936939339,0.109617611147525,10.5847907718636
0.956070035050507,13.5337260627706,10,17.6451822669615,1.09627576071028,13.7375428513951
2.38585071763805,15.0962239816865,15,18.8099253240436,1.55286292645904,14.2855985434971
-1.68792404944897,5.48894408518449,6,1.41282824522045,-2.63384831820143,4.77741256594082
-0.641350125548613,7.15200723449359,5,3.65163657828041,-0.761643444524266,6.88984068904784
-0.286717963620496,8.50257711198443,7,6.57616876375991,-0.277994141379566,8.57367498560919
-0.160580318661571,9.12956428053598,12,8.02269282568061,0.221100924431061,11.153425585352
0.00671408987611453,10.0274366466253,11,10.1248707003368,-0.0332798770622184,9.82124510447215
-0.249251247190956,8.68212108853876,8,6.98728228739252,-0.100166993218103,9.46496857551358
4.8200339790425,16.8955441868803,17,19.2579032252244,1.46711962327726,14.1968562743097
0.0874280226794555,10.4642885630197,14,11.1490475099889,-0.0422158749610186,9.77334353081856
0.926656401266411,13.479520371357,10,17.5625531129257,0.653095479719747,12.8289266560321
2.09313773581938,14.8426534547619,15,18.7321625183647,0.841421999861902,13.2884946124111
-3.52219555849961,3.96219249585925,4,0.948694851164536,-1.56863105280264,5.69853647309145
1.16955906641515,13.8718337537191,12,18.0938776676359,1.10869607370081,13.7558238165741
-0.0513330679820073,9.71176287956142,7,9.38405626386536,-0.382741314416532,8.11023845439425
-2.2586610625982,4.96966716440086,5,1.20976493844503,-1.39011971034398,5.8870119333904
3.56161123000963,16.030678321969,16,19.0480181495797,3.07078668975732,15.5617152517743
-0.27785757432183,8.54446891736176,7,6.67181688302752,-0.148857587099031,9.21082022768366
3.26633939790399,15.8072564581792,16,18.9933179427643,1.05864951274302,13.6804633144345
-1.19267928240635,6.0515337130853,8,1.86359715379224,-0.815657107438579,6.76672469970464
-0.507689704075217,7.5852519908565,8,4.54399882655108,-0.775241510580232,6.85786760741323
0.400869565173176,11.9746471869696,9,14.608623336322,0.730989344918055,13.0355390701212
-2.0420260562518,5.1590529492981,5,1.27130764110706,-1.78319971582671,5.49340325712943
-0.266403012486876,8.59915403384186,8,6.7969333835044,-0.269915857948058,8.61157893358449
-0.603109141873543,7.26709685714169,6,3.8824237850027,-0.758590834240048,6.8971120084258
0.237572613481198,11.2382855323637,11,12.9465874587142,0.68474971649807,12.9159546896494
-3.77352472479163,3.77856710537428,4,0.904002880657899,-2.56888198356702,4.82912447514935
1.01715630122454,13.6396834382654,11,17.7986826045286,0.652547198683356,12.8273807962191
-0.0111259887652046,9.93030959232956,10,9.8968952883859,0.365922996326865,11.8190106029248
-0.569381881609584,7.37437481800786,7,4.10193626491414,-0.212853912387026,8.88722716148493
2.57757024179494,15.2570136091188,15,18.8540250142331,0.813102749211451,13.2276814735983
-1.78867089781637,5.39160653241248,6,1.36475643760617,-1.51734680080703,5.750630103279
1.65561632087355,14.434091944016,14,18.5583480430919,2.394139108179,15.0299386955075
1.67942235803902,14.4577567307088,14,18.5710974653775,0.920045715273115,13.4444093077325
2.21655872281842,14.9509277912375,15,18.7670162308266,2.076335577566,14.7652641718704
0.00801935771118259,10.0345416142193,11,10.1415465084665,0.0684705822261435,10.3669490758874
-2.45052808951208,4.80702181510218,5,1.16282988958752,-0.534082699891244,7.53937655688417
0.438347455602362,12.1245804277413,9,14.9371684391055,0.259892381534145,11.3409890302867
0.213963453183813,11.1216587190807,11,12.6780631423433,-0.0289751312340167,9.84434081978602
-0.508426640552131,7.58261828350343,9,4.53840068673371,-1.150577408732,6.18443278281551
-0.69406816431533,7.0041675878197,4,3.36338500979278,-0.520934663746533,7.58429329550929
-1.28651595179913,5.92871410573788,7,1.73539716004623,-1.02391292471081,6.37466548875129
3.36261023967361,15.880926790038,16,19.0114047162434,1.15023356874747,13.8150881316173
-2.20107295521397,5.01935043435958,5,1.22503587927272,-0.780340697069509,6.84605139720148
3.4968099641841,15.9822911953785,16,19.0362059395178,0.822527900848768,13.2482135826181
-0.492257459127782,7.6410522277735,9,4.66302318607223,-0.587990864788133,7.36419342780931
1.14404061832438,13.8356987506135,12,18.0518785788096,0.871026633220896,13.3493427921717
1.04099197032978,13.6788138833982,11,17.85253237635,1.01085604358133,13.6039652673259
1.68906371813461,14.4672781286553,14,18.5761082382858,1.46156191949787,14.1909458472152
-0.248029349722496,8.68808006206513,8,7.00097692587473,-0.0416522577226622,9.77636295128092
0.171375457900879,10.9058945318142,8,12.1787102091352,0.312356438803047,11.5842168409592
-1.561956330078,5.61627691987817,6,1.48661641704085,-0.468398191881536,7.77257789817605
-3.32964041241754,4.10662288292122,4,0.984004230585677,-0.90291354710243,6.5880456168596
0.481540972801546,12.2882247222392,11,15.2904459460556,0.519217301812047,12.4097752603425
-1.35621327726188,5.84383815374512,7,1.65715764696947,-1.16210209961501,6.1684792828248
-7.12645626699148,1.8784446340434,2,0.445357182298938,-2.63393404278397,4.77734456355405
-1.45492165777842,5.73098668652519,6,1.56578511985046,-0.886947753932493,6.61902793374137
-4.88334989476841,3.03614400347803,3,0.724232534898027,-1.13146615537919,6.21134196501289
0.230574826267323,11.2039540345698,11,12.8676547851579,0.334425473511181,11.6826656000334
-0.468646227086332,7.72883297186949,10,4.85179533115732,-0.40884874855224,8.00328738537718
0.00358197874156838,10.0103861766214,11,10.0848513605566,-0.0393286137382458,9.78881399806207
4.67911937792479,16.8059311435132,17,19.2362133837322,1.13950593078763,13.8000485725205
0.251453153058269,11.3057724424368,12,13.1014553456794,0.941546040327724,13.4840265708626
2.20839240337613,14.9438297485248,15,18.7648182630876,1.26947999605643,13.9713561754468
0.917998661504231,13.4631396664378,10,17.5370656812822,0.224138002160888,11.1683303602617
0.215174590302077,11.1276960277679,11,12.6919895503571,-0.207873031803143,8.91190477864119
-0.570530057033597,7.37063144593704,6,4.09421078153101,-0.396751692910631,8.05240651699241
-0.513072703422454,7.56607857226836,8,4.50328590266713,-0.47677665761339,7.7415972934782
-3.85396442697328,3.72098129196465,4,0.890017424641269,-0.793578162310311,6.81580958027023
-0.474352747116522,7.70734964239273,9,4.805429589025,-0.445430277805024,7.85937491633794
-2.3521031932575,4.88993292030517,5,1.1862465666303,-2.62915642399287,4.78113541052132
0.233941182121341,11.2204949432166,12,12.9056967216519,0.248142397709158,11.2848342040055
-0.518967778730144,7.54525276737839,8,4.45917502174063,-1.14527367636115,6.19184302680659
3.44732839932382,15.9450976699398,16,19.0271153596284,1.19247305495701,13.8726268876102
1.16226688001216,13.8616067846931,12,18.0821434446674,0.221097674780288,11.1534096181044
3.41638158903158,15.9217283605557,16,19.0213981097229,1.32520189217324,14.0385276490897
0.280532405371821,11.4444071663599,13,13.4182634754741,-0.117067318836811,9.37611928783817
-0.228902913278786,8.78216718475742,10,7.21758831001632,0.49457286121675,12.3230023461834
-1.296504487857,5.91624793186393,7,1.72337935807159,-1.17034764056892,6.15718726155764
1.71806003063982,14.495706534791,14,18.5906772943999,2.65508762293148,15.2394173920689
1.34730113506484,14.1004341276235,13,18.3243098824074,1.29311100996658,14.0002426621396
1.17086047636473,13.8736507814486,12,18.0959498280235,0.948459107417943,13.4965105601878
2.28100068079417,15.0066393635271,15,18.7839087420916,1.83362320524489,14.5525031924875
-0.0319179820074197,9.81717939570633,9,9.63137864270679,0.31567250833915,11.599160074688
1.33567067070128,14.0865193714518,13,18.3120193383839,0.758634307679814,13.1029917889972
-0.273705838296919,8.5642215027742,7,6.71697665099421,-0.379071663414265,8.1255526653603
-0.178260345035507,9.03811961087329,11,7.81006362860715,-0.383630563262685,8.10653782438392
1.25899198726589,13.9914133946606,13,18.2220299459627,1.13121530120732,13.7883009616806
-0.644623129592392,7.14247031893104,5,3.63275042432153,-0.183876852679038,9.03205321983207
1.40987481999382,14.1732768468613,13,18.3850969876612,1.75542346227918,14.480991344439
1.57192287461289,14.3489612174216,14,18.5087489742134,1.24794213309363,13.9444794289566
-0.231123413194262,8.77116719083708,8,7.19222750656573,-0.0773936520672173,9.5855673955322
2.27460387536296,15.0011323419857,15,18.782265701661,1.62688506406207,14.3590111594299
-2.1567874172207,5.0578638751003,5,1.23725903431834,-1.43904765671443,5.83321507694477
-6.48781864790128,2.16304082011456,2,0.513743998913903,-1.57703995436053,5.69012827557041
0.215488182104724,11.1292582914639,11,12.6955928193434,0.321327509878393,11.6245212587864
-1.02508943161582,6.30358299853168,9,2.18101376286788,-0.942283901351813,6.51463516032304
6.90942015382817,18.0106388016629,18,19.5270518496752,0.515606350245184,12.3972548809452
-1.32144898177089,5.88557118288096,7,1.69458099960149,-0.682049492767699,7.09130126617037
0.496677108012952,12.3432642614497,12,15.4078561540506,0.500790001634471,12.3451859092623
-1.03777742926157,6.28269917220951,9,2.15207768223399,-0.495587159276099,7.67336495381109
0.220549147709718,11.1544175129393,12,12.7535956559203,0.1705650321147,10.9004443561036
-1.34243789826549,5.86023848773005,7,1.67162483188595,-0.728818015495671,6.96988386049088
0.154764965315332,10.8200536681424,8,11.9792567610524,0.164795974482745,10.871013498066
3.72866921307723,16.1537251643706,16,19.0779982309111,1.56838342999461,14.3012153802664
0.48428379572204,12.2982867353687,12,15.3119664027949,0.313083068063485,11.5874957640479
1.65381662700938,14.4322936951955,14,18.5573615747897,1.32537550318585,14.0387319594539
1.15568236332978,13.8523048977464,12,18.071366983696,0.296603669026597,11.5125163779494
0.00694941621276652,10.0287176280903,10,10.1278772604747,-0.121081641433454,9.35510738597937
-1.98112664991748,5.21366960495842,5,1.29109154073887,-0.768282823999864,6.87414484619728
0.513526011708778,12.4031391512753,12,15.5346951388618,0.502974344017828,12.3529328506224
-1.59459846046838,5.58257861206107,6,1.46574706890679,-1.75457964622796,5.51979028183693
0.529373180364548,12.458127558285,13,15.6503199309156,1.55876822207616,14.2915553525498
-0.22055208901321,8.82371157849669,10,7.31345217437637,-0.337853327344377,8.30225637015491
3.39313402458976,15.9041187233728,16,19.017086897356,1.42755582827026,14.1543131311203
-2.32729057281599,4.91100444907681,5,1.19235604397181,-3.06319811843839,4.44405084330356
-0.546165702607591,7.4514725954711,8,4.26203843905292,-0.178568341395604,9.05890225019385
-4.77483656508844,3.1037218103556,3,0.740561953651813,-1.24251124763708,6.06238405986329
-1.33680045069543,5.86700110705559,7,1.67768039699399,-2.64655838650157,4.76733670371469
-0.0150447401834578,9.90897692676845,10,9.84682354581089,0.495544553406463,12.3264825600333
0.228038494056431,11.1914607036405,11,12.8389069729892,0.125416644742234,10.667540466067
-1.37012987371008,5.82744386398101,7,1.64300303953945,-0.741266773095365,6.9390423210391
1.02764371268984,13.6570448122992,11,17.8227698184808,1.65468688033944,14.385935069644
0.246645101404787,11.282489176382,12,13.0480704697111,0.200359517224373,11.050696069879
-0.506837131695882,7.58830247262886,8,4.55048511178755,-0.713719064560682,7.00811010652254
-0.218639663143641,8.83326423615338,10,7.33551289544883,-0.214646173380557,8.87837030411813
0.561331926849553,12.5651702008801,13,15.8728384204547,0.212109745562362,11.1090918027058
1.65367306920368,14.4321501955589,14,18.5572827457404,0.910383838800828,13.4262049279067
-1.41088143820331,5.780385170514,7,1.60405464488331,-0.714643722700823,7.00574294443354
0.906123431185755,13.4403445063503,10,17.5012101128331,0.878837927277598,13.3649540283043
1.94363521910268,14.7081769824871,15,18.6838898394036,1.24085122696446,13.9355109084974
-1.6983064834912,5.47874857431153,6,1.40748268771543,-2.34959734529287,5.00645127654753
1.30378016174015,14.0477025788799,13,18.2765590727979,1.57717939837553,14.3100108562516
-0.540051691839929,7.47222631255093,8,4.30544677592569,-1.00113815495577,6.41217966267251
0.530976796225969,12.4636208720903,13,15.6618234706661,-0.0308205661847017,9.83443831457627
0.505061453183964,12.3732418212107,11,15.4714794497648,0.193629512063168,11.0170237437222
0.554399138947065,12.5423820715725,13,15.8257645725003,0.806342499540131,13.2127707962659
1.35187324146663,14.1058703211927,13,18.3290516682377,1.31545246728317,14.0270066637004
-1.32662446174576,5.87928497845801,7,1.68881516377683,-0.779966147221758,6.84691614789172
1.38823706878114,14.148456028064,13,18.3650461658279,0.980252245691074,13.5524025598182
0.634069602209586,12.7903033959753,16,16.3281335008272,0.183921980865003,10.9681746220173
-1.28596543571632,5.929404302505,7,1.73606786895559,-0.687492789149694,7.07670572547086
-3.1644541806178,4.23308016386379,4,1.01510694562836,-0.909948328108338,6.5746216340782
1.68768466581566,14.4659183942727,14,18.5753972895265,1.70819200878211,14.4368781782262
-1.36912233060418,5.82862504769029,7,1.64401264428748,-0.909725356803779,6.57504501625146
-3.60954581722798,3.89774080618762,4,0.932988242080146,-1.84263646211382,5.43936398982621
-4.98610872139885,2.97315893230817,3,0.709017597569614,-1.77235214400271,5.50337486593458
-0.590054100498248,7.30796731122989,6,3.96558176773813,-1.0228007974371,6.37647144703816
5.12018795348597,17.0802546695659,17,19.3025836819694,0.878600637093674,13.3644824508377
-0.270307073070008,8.58044957320253,7,6.75410657026079,0.0959451858878054,10.5127449681751
5.27678483925125,17.1732909087839,17,19.3250752200882,2.86205199234852,15.4015347580038
-1.57981162129398,5.59777730896329,6,1.47503318404141,-1.84264025549515,5.43936057143967
0.556420055035298,12.5490493900246,13,15.8395545823934,0.906732410327549,13.4192586590349
0.573880962816941,12.6058176498958,13,15.9563832117548,0.46500248085793,12.2147622688685
-0.835333986836601,6.6629010932748,11,2.74247022579524,-0.800105695093072,6.80112359535161
-0.517874817845794,7.54910040570155,8,4.46731586272388,-0.0631354603614423,9.66149437534437
-0.43874751455388,7.8441961419833,10,5.10248991817196,0.156073701114185,10.8263229396948
-4.89017837371019,3.03192810552002,3,0.723213984109221,-1.34905443477803,5.93367170353255
-0.517638215794972,7.54993414426196,8,4.46908041756149,-0.838821561121692,6.71698097917329
2.48862481827057,15.1828751817562,15,18.8340316160646,0.14127948606469,10.7500150609079
-1.68006383844444,5.49669018785785,6,1.41694149503011,-2.15562403047858,5.16749953877006
-0.246220032495549,8.69691538823187,7,7.02128737251197,-0.607896295600485,7.30306308131285
0.558870135209534,12.5571054741268,13,15.8561980361841,0.678072604237321,12.8979558537053
0.537673369879909,12.4864201282736,12,15.7094727816178,0.439580235528205,12.1180787743843
0.287452352362646,11.476829622926,14,13.4920754513856,0.411261405984588,12.0064183512008
0.499317855767169,12.3527451843298,12,15.4280034389404,1.52383995600452,14.256046503321
0.438013692208204,12.1232777827452,10,14.9343329267983,0.926747465164779,13.4568886868973
-0.498837707378046,7.61710781760361,8,4.61185237368656,-0.948619911551987,6.50320049193604
3.46213526052246,15.9562497006397,16,19.0298421439365,0.971639275322267,13.5375022705308
-0.181056177073321,9.02375111461362,11,7.77669477650309,-0.0331511929742321,9.82193534439593
2.32642760416606,15.0456070324583,15,18.7953826565028,0.664818441168676,12.8616628691447
0.219356423362337,11.1484973544942,10,12.7399514805574,-0.0381566917976713,9.79509528277634
-2.25216953548383,4.97524604704783,5,1.21145402614328,-0.374224682004498,8.14588570725855
-1.33619893591422,5.86772445505588,7,1.67833124322678,-1.28885826944757,6.00491102720757
4.63544236043387,16.7777800679968,17,19.2293979206588,0.719786709022395,13.0073606365664
3.33534780374004,15.8601451119708,16,19.0063086062161,0.981599702544426,13.5547178341452
-0.93079668566393,6.4702007477722,10,2.42727602035349,-0.604078395774045,7.31464290329553
-5.22773429614313,2.82892042529742,3,0.674191655414648,-1.30605223095148,5.98419175258768
-0.505105518841304,7.59450972871833,9,4.56369114092312,-0.471252689377516,7.76198210250245
0.182143842517549,10.9610616202735,10,12.3066711156545,-0.0422984727308496,9.77290105919085
-1.33081944040067,5.87420893197036,7,1.68419277727566,-1.66594988422145,5.60324898153698
0.490340560021368,12.3203673475133,11,15.359104592948,1.16547591831982,13.8361532240074
-6.63117502877013,2.0961803365622,2,0.497666510249259,-2.02218159031803,5.28121998413045
-2.20433367096729,5.01652552427543,5,1.22415319900349,-0.690663137512359,7.0682622816578
5.29388558569344,17.1833126235577,17,19.3274974322836,0.539117630577081,12.4775935499098
2.5649227348037,15.2465179511549,15,18.8512245378941,1.49427372175874,14.2254422358409
-0.00796458958053877,9.94752115592303,10,9.93729454926134,0.149376665615852,10.7918565870293
0.496200635544883,12.3415497712354,12,15.4042103297569,1.00819128230411,13.5995588034719
-0.260568994338992,8.62723076515778,7,6.86128024258242,-0.537515360403166,7.52779307545959
0.194223358623648,11.0224665194666,10,12.4488794000456,0.178962351180176,10.9430937636522
0.535110099342661,12.4777198989418,12,15.6913078435508,0.324350556193808,11.6380153836437
-1.16421240079165,6.09108242441016,8,1.90865509354217,-0.652807780534797,7.17188433632625
-0.144586709278851,9.21310018194785,13,8.21729510080611,-0.159814697759108,9.15448115696487
0.226677408288448,11.1847454950063,11,12.823449735922,0.120583564301439,10.642287596741
0.947229207851415,13.5176631515437,10,17.620975439035,0.725521497644693,13.0218475751485
-0.598566482864412,7.28122544583052,5,3.91110298222803,0.258917998820941,11.3363548063733
-0.51328368309974,7.56533014368814,9,4.50169865392835,-0.383495662876945,8.1070989545164
-0.536158257101832,7.48554104347299,7,4.33336250920313,-0.228658301382766,8.80955289159547
-0.530498442107998,7.50503387194726,8,4.37432358666567,-0.332341263185888,8.32653045794882
-0.552760474439435,7.42929822847638,7,4.21580155425488,-0.383361274409972,8.10765804810641
-0.553252407376713,7.42765290125938,8,4.21237677545263,-0.758398765645117,6.89757067688603
1.61707269539806,14.3952803002788,14,18.5364868460542,1.81936823112967,14.539596765921
-3.33760453178402,4.10058543127124,4,0.982524350515307,-2.72948297753789,4.70191996006491
-0.498874166295381,7.61697577774485,9,4.61157058961079,-0.0281603080178276,9.84871376024662
0.576314278255378,12.6136103448529,14,15.9723366589645,0.53953540076899,12.4789959269572
-0.478007736869672,7.69367955933481,9,4.77598151897605,-0.506780614017057,7.6336262869306
-0.69266461101007,7.00794788765355,4,3.37062909359136,-0.816224597478561,6.76548491646527
-5.01064498193157,2.95826479201311,3,0.705420363878811,-1.56975553110443,5.69741001047201
0.183634613788283,10.9686676764394,9,12.32429903727,0.675012789731458,12.8896444090544
-0.970562772596074,6.39734665637444,10,2.31633945412237,-1.06728582834243,6.30620153156727
-0.539781007162373,7.47314951043472,7,4.30738068543381,-0.741001181890679,6.93969404543177
1.02781940286421,13.6573337047637,11,17.8231680106196,0.580220615458071,12.6114313867538
1.15209419377637,13.8472085955661,12,18.0654198161248,1.74433305385752,14.4707000516937
1.0507577981052,13.6945138960782,11,17.8736894498056,0.979952212741829,13.5518864484978
-1.34117155163945,5.86175497264252,7,1.67297817611383,-0.272463499262121,8.59959376659844
0.542891118446506,12.5040280931637,13,15.7461665229854,1.00395061384455,13.592514279337
3.26213233847798,15.8040189551982,16,18.992521656886,0.834723753428486,13.2743465751768
2.29721696623619,15.0205778675291,15,18.7880429257036,1.50132085600154,14.2327846093531
0.505559462701409,12.3750110131872,11,15.4752269449724,-0.132772116740927,9.2941365951115
-1.65894923785881,5.5176190559514,6,1.42828513813604,-0.793585119047206,6.81579384964762
-1.03507608673495,6.2871174040167,9,2.15816177741913,-1.4201301205045,5.85379780519304
1.53758021711399,14.3130459803078,14,18.4859283220948,2.06200867336479,14.7530133451834
3.33719870635089,15.8615580416968,16,19.0066552261295,1.44586917945845,14.1741429475101
1.61589580047233,14.3940850339255,14,18.5357940869507,0.747160695242376,13.0753509260487
1.65112939305784,14.429606145781,14,18.5558825280491,1.40911642693698,14.1340949786283
-1.12203216189966,6.15193761361428,8,1.98152091460678,-1.53177537875106,5.73582678654997
-2.01918924603802,5.17945277004847,5,1.27856885421256,-0.401135985795687,8.03451696382436
-1.57364795680665,5.6041448909872,6,1.47898504076719,-0.966440345410344,6.47157734021425
-1.15701252372942,6.10127360591872,8,1.92055958141665,-1.31013523015738,5.97931670468085
-0.000211864456499256,9.98973141393197,10,10.0363711570628,-0.521138924580055,7.58358881221029
-0.297769390022048,8.45083608255648,6,6.45828231200905,-0.253461949793722,8.6896699711729
1.59750352822879,14.3753232904115,14,18.5247624544403,1.15655013122118,13.8238603390331
-1.74506459193767,5.43331674583656,6,1.38456839845373,-1.1922295790642,6.12769744375746
-1.16714334643435,6.08695604237102,8,1.90386873465561,-0.93102907292017,6.53520086430105
3.3606441674464,15.8794302236485,16,19.0110378709638,0.75655351267207,13.09801575108
2.61125557895793,15.284894399266,15,18.8614213694058,1.56240026163033,14.2952099623026
0.473040788034044,12.2567928532295,11,15.2230628060195,0.468302824393585,12.227067371246
0.449860285448784,12.1691551506366,9,15.0339824683538,0.435986871059452,12.1041414330714
-0.573002925690712,7.36259128606878,6,4.07763321462366,-0.701883253046728,7.03871655443917
0.484146099433526,12.2977825315696,11,15.3108886074768,0.572085950831084,12.585600846059
-0.665889864141782,7.08167399762724,4,3.51327152336283,-0.87949220704267,6.63374654960185
4.63166890831068,16.77533964833,17,19.2288070461284,1.18105354722064,13.857325998689
2.32188260494986,15.0417191726987,15,18.7942493745419,2.12705277569923,14.8083777779579
-0.56362657904388,7.39323698120475,7,4.14093267802886,-1.07646631086042,6.29218134352836
0.200395218552101,11.0536370063347,10,12.5209728480075,0.506695594059665,12.3660742960764
1.73594826154534,14.5130963348705,14,18.5993116813292,1.3100355754044,14.0205645110783
0.592857689179135,12.6658322558353,14,16.0787021555358,0.259892381534145,11.3409890302867
-0.0175399847421321,9.89539522625886,9,9.8149453677803,0.0423736073519686,10.2275014277122
1.3151976444542,14.0617146300148,13,18.2895598906808,0.0995578603466582,10.5318180151661
0.930374024295387,13.4864936669714,10,17.573331401631,2.03439922340361,14.7293101854789
1.7414755592425,14.5184477225663,14,18.6019278427836,0.606942907221775,12.6940516644122
0.573892430808226,12.6058544436887,14,15.9564585870612,1.02316096394455,13.6241137054289
0.114050092878477,10.6062539678176,6,11.4809287483252,0.175715521082227,10.9266304463693
-0.180518505535671,9.02651232939945,11,7.78310641075177,0.0173015564742462,10.0929783676423
2.53629207882925,15.222702252342,15,18.8448349288398,1.12975141338996,13.7862151879429
-3.50844248608652,3.97240120734593,4,0.951185093068433,-1.25679624732564,6.04440626345721
-1.31184001420449,5.89731302297685,7,1.70547402191338,-1.95594418750891,5.33878052072209
0.441233279647788,12.1358190676213,10,14.9616174078839,0.533528536778375,12.4587478794245
-1.18077907940203,6.06792476945507,8,1.88204996917033,-0.635617830719605,7.22101029742303
-1.55532142990807,5.62319362781942,6,1.49102780935613,-0.474572290617956,7.74971299572753
1.12158081778869,13.8030635567879,12,18.012661495957,1.51498457463826,14.2469348280863
0.155600561831463,10.8243925811757,8,11.9893478180466,0.219283177919152,11.1444876462144
-0.503932106474411,7.59872485694556,9,4.57266455829765,-0.913978111642032,6.56699328953541
0.210439044788829,11.1040576250647,10,12.637446871962,-0.0995904014761002,9.46801029948185
1.3007305200113,14.0439375767713,13,18.2730270139255,0.845569009140348,13.2971822708523
-0.236924368443724,8.74252444700861,8,7.12623483990713,-0.508771293880169,7.62662621409968
-0.400428931887099,7.99893930779151,12,5.44288103346706,-0.454318777782947,7.82545931847312
3.51723530220904,15.9975822458726,16,19.0399404117007,1.03898272449131,13.6495515435089
0.0487556487974718,10.2558382845785,13,10.6607259299537,-0.0218137909054941,9.88278593837494
0.56003916785813,12.5609389047769,13,15.8641103828533,-0.0751079669843409,9.59771937129821
-0.278352580033201,8.54211906088409,7,6.66644701026832,-0.421937433328079,7.95099646016585
1.04314948985625,13.6822986882248,11,17.8572508537755,1.20380631677069,13.8876339788519
2.81545185370706,15.4517007029215,15,18.9046261086641,0.775682046333537,13.1431569366799
0.231199593905681,11.2070274266851,12,12.8747248814301,0.918564332150217,13.4416345864158
-0.577906978623972,7.34673546181741,7,4.04500367996281,-0.477505281863311,7.73892028865273
0.291568421284206,11.4960085679208,14,13.5356844252355,-0.0708750286953531,9.62024451796655
-0.0298130050608806,9.82862439347062,9,9.65823680745306,-0.0836649322323571,9.55226781854505
0.0328741109134309,10.169700594908,12,10.4587062147659,-0.299991652334971,8.47196413411799
3.62972290115815,16.0811421562863,16,19.0603225619979,1.17601305055167,13.8505135491387
-1.1795316592309,6.06965457376751,8,1.88401568956771,-0.376067634719007,8.13814039621595
-0.224329755992134,8.80488396871743,10,7.2699915109068,-0.115288806430888,9.38544024459662
0.397009762340616,11.9587868922338,8,14.5736254577512,0.00610982481696024,10.0328395376092
-5.14259733739168,2.87912505765541,3,0.686310736619158,-0.826411442340692,6.74341208236579
-1.21811952904885,6.01714500594572,8,1.82590791800221,-1.0267727013716,6.37003353220786
1.710132543102,14.4879644205368,14,18.586766329653,1.83055351799348,14.5497284925967
-3.20263817214668,4.2036400549365,4,1.00784573252286,-1.95509876764889,5.33952062753472
0.572024016681197,12.5998513921888,13,15.9441549715443,0.332717398152913,11.6751307224101
-1.04381780265341,6.27287379144839,9,2.13862078489449,-1.39021961038212,5.88690017441204
-0.318576779058827,8.35499302396992,5,6.24069185320364,-0.690400857168845,7.06895920282524
2.11315589985609,14.8603674495176,15,18.7380752580043,0.318426299929476,11.6115293679578
-0.534201939670017,7.49226030351667,8,4.34746966442119,-0.109800319583816,9.41424907023046
-0.615119986615059,7.23021320758841,6,3.80790245974733,-1.29385358889832,5.99885941827656
1.75001556766364,14.5266961268972,14,18.6059234075325,0.823102921014028,13.2494566705886
-0.577265895826957,7.34880151018628,6,4.04925062438995,-0.286348057243619,8.53478690202586
0.943756259008128,13.511299857597,10,17.6113203412063,1.06665811286363,13.6928340347009
-1.54734907089464,5.63153583519939,6,1.49640765408016,-1.7078921115879,5.56340437195411
1.0038928562204,13.6173915581841,11,17.7673053911566,1.40314312955439,14.1274891902646
5.34827165322413,17.2150046020337,17,19.3351565712715,3.04018247251225,15.5384346336875
2.58659472219229,15.2644934364749,15,18.8560152936345,1.97819910775522,14.680651365429
0.204137606092342,11.072468702087,11,12.5644959737074,0.790351253465749,13.176875425329
2.02424580989602,14.7811898741576,15,18.7108987386625,1.40314488679421,14.1274911377103
1.17584166654402,13.8805829962543,12,18.1038202510947,0.885797311787392,13.3787114298399
5.29388558569344,17.1833126235577,17,19.3274974322836,1.20889003418425,13.8943093368813
0.492928362605039,12.3297434155758,11,15.3790839823138,0.906673285283049,13.4191458800906
-0.486662436710222,7.66158922116735,10,4.70702447308056,-0.242258574633835,8.74350454492668
-0.431769830305009,7.87179808318753,10,5.16287698400131,-0.687083705995729,7.07779829114247
0.483409955522115,12.2950853130904,11,15.3051219385142,0.300327812664412,11.5295727999622
-0.0246577411553516,9.85666376498678,9,9.72404114024335,-0.138897799763139,9.2623262004649
-0.00864336462625951,9.94382561713801,10,9.92862030016601,-0.0476686620962164,9.7441462605662
-1.51911673880027,5.66136243263807,6,1.51618365566548,-1.14528228822225,6.19183095910441
-1.35206594685323,5.84875744011513,7,1.6614646967526,-0.906054587365971,6.58203484517382
0.521115843918615,12.4296348764512,12,15.590514259283,1.12938242588403,13.7856888994103
-0.567962261185998,7.37901218036048,7,4.11151307790161,-0.250750111287647,8.70265244803975
0.449436593133899,12.1675270744458,10,15.0304537635849,0.975369156973214,13.5439764503897
-0.282176050360946,8.52400621894686,6,6.62507406007308,0.0447014198151805,10.2399688000322
0.524676862628725,12.4419649730527,13,15.6164233558056,0.0262228262151586,10.140886789128
0.530408975952634,12.4616772468276,13,15.6577543297351,0.505903669380836,12.3632835792661
1.5150833058589,14.2891697208776,14,18.4700903088406,1.24825189625597,13.9448698357319
0.661513632743898,12.868897055647,16,16.4823685089972,0.667371949680761,12.8687139151335
0.265672162913324,11.3740361000665,13,13.2576854417619,-0.0733659998869452,9.60698590479076
-4.73445992860897,3.1291461610492,3,0.746706833359639,-1.08780271906752,6.27508413374238
-0.73158062222917,6.90614446867507,3,3.17809017729022,-0.561220064882979,7.44940487755052
-0.526785145474167,7.51791150703256,8,4.4014430927827,-0.612945059410752,7.28785476148537
1.1079364800389,13.7828372507717,12,17.987751361358,1.34941137707993,14.0667402807839
0.219139977677946,11.147422406319,11,12.7374737605786,0.482086506909636,12.2778484509291
-1.31184001420449,5.89731302297685,7,1.70547402191338,-1.01599132066219,6.38758654155229
0.00859359206782672,10.0376672148932,10,10.1488824209228,0.357304996369284,11.782199691265
-0.627944795050933,7.19157817033057,5,3.73039983472576,-0.735613344589829,6.95297387314473
-2.17218083786861,5.04444530663077,5,1.23295921016936,-2.26941770662218,5.07248542499326
0.490197256747617,12.3198471195568,11,15.3579953955527,1.10627041759978,13.752274605414
5.61536980789547,17.3666772054858,17,19.3717970349463,0.762356236946283,13.1118521948625
-0.25452954206384,8.65645297820851,8,6.92832773831456,-0.213337253732754,8.88483742433499
-0.0305331118847455,9.82470881483382,9,9.64904794263908,-0.295964998607149,8.49041521400446
2.69058417458092,15.3501403731146,15,18.8785126560483,1.12944615748761,13.7857798158832
0.494778827274383,12.3364266991234,12,15.3933117464975,0.47209687900564,12.2411434030084
0.655744434111236,12.8526523953561,15,16.4507109691368,0.653095479719747,12.8289266560321
-2.26742690045833,4.96214217176102,5,1.20749633752985,-0.572545448439727,7.41293152710073
2.60298032419934,15.2780549239502,15,18.8596125273253,1.71004041421563,14.4386189567565
0.209829332791549,11.1010078055586,11,12.6304068008893,0.175715521082227,10.9266304463693
0.196461497479443,11.0337862631979,10,12.4750681339675,-0.0103334638320425,9.94446136058957
-0.588983491547715,7.31135540091931,5,3.97250205604098,-0.283813858224939,8.54655025801527
-0.490742236466536,7.64659783755113,9,4.67489474509269,-1.02012182057086,6.38083253704883
0.279739973944868,11.4406801348881,13,13.4097715155438,0.226470804180367,11.1797542836912
0.609861770650732,12.7181484235789,14,16.184269252286,1.10540220542034,13.7510017804337
-0.227190327601769,8.79066456059239,9,7.23718556015167,-0.337310269325462,8.30464124382574
-0.475803412779824,7.70191559412433,9,4.79371840577023,-0.396317389760058,8.05418404167934
-0.504402981279749,7.59703252415968,9,4.56906126947247,-0.835360108652555,6.72430312654694
0.194923905952505,11.0260116176506,10,12.4570820615167,0.107219312574007,10.5721807879409
-0.562430449639986,7.39717773862532,7,4.14909438979423,-1.00167397318384,6.41128403606267
0.61581453175501,12.7361423381577,15,16.220339063465,0.705186677505278,12.9698832878047
-1.57463999832004,5.60311872601267,6,1.47834570586146,-2.15723415656967,5.16614349003922
-0.0446423135508479,9.74805717086467,8,9.46919368552949,0.0147036212704633,10.0790212232388
4.8579663520521,16.919350852893,17,19.2636639240306,1.0640697693955,13.6888493287481
0.558240522723176,12.5550380852777,14,15.8519289024027,0.0571877841539049,10.3067541158046
-0.515702886626899,7.5567646802883,9,4.48354386785777,0.0997031238139661,10.5325844018125
-0.226489324160449,8.7941461216458,9,7.24521655884698,0.153613441914548,10.8136762796326
0.475652189143958,12.2664893758735,10,15.2438751860852,0.690498388759578,12.9312999879533
1.25621329731037,13.9878480229144,13,18.2184513012324,0.723170270956087,13.0159238212593
0.572690891629948,12.6019959553759,14,15.9485517814009,0.741640344182301,13.0618739117436
1.14040213717907,13.8304660064572,12,18.0456721299713,0.512614633077766,12.3868313735964
-0.227021508519246,8.79150282826137,9,7.23911912975901,-0.359834995237549,8.20695476994406
-3.01193895739372,4.3519186880629,4,1.04458397880658,-1.37685079530682,5.90192963858882
3.6585788464792,16.1023987974532,16,19.0655015353751,1.86622417306132,14.5818214318238
-3.52886353064648,3.95724891211755,4,0.94748920073246,-1.53623739396532,5.73127285155351
-0.0306607361887024,9.82401488759198,9,9.64741948400085,-0.0752902962962001,9.59674971686995
-10.1118622098389,0.940810225659576,1,0.221169654688413,-2.98315255939096,4.50513504574944
-0.386247590218721,8.05816287953526,3,5.5742783993343,0.018283204915674,10.0982515780252
-1.32288023095278,5.88383012948932,7,1.69297947232879,-1.40810267498613,5.86702414188909
-1.64057385666179,5.53598182572377,6,1.43852309894517,-1.21410727171757,6.0988755708835
2.29361819544729,15.0174873086261,15,18.7871292309291,1.14458438961612,13.8071907079972
-2.97200673560735,4.38336364181678,4,1.0524385002551,-0.777075849881265,6.85360614724424
-3.60763087221582,3.89914656490508,4,0.93333055900178,-0.456544766866962,7.81703005492613
-0.277838630758771,8.54455886706418,7,6.67202244599415,-0.564671283238786,7.43822377746646
0.220877320452255,11.1560454226323,11,12.757347023701,0.296226373392491,11.5107847648269
-7.27870010488925,1.81553420130062,2,0.430257972981242,-2.87750075123901,4.58649731770819
-1.30394176761228,5.90703458764183,7,1.71461456986757,-0.772920690733722,6.86327669990045
0.465209919297113,12.2275019289183,10,15.1600601092912,0.744644056949808,13.0692214388841
-0.041789183361602,9.76354587626095,9,9.50553131644319,-0.00537477677851139,9.97111109953818
0.518101631396656,12.4191476280219,11,15.5684438492604,0.783204816660835,13.1605445995922
-0.702712377901023,6.98106746292034,3,3.31927270857677,-0.647731317734955,7.18625466504431
-0.213901272338406,8.85699360150637,9,7.39034121225801,-0.22851446656382,8.81025539525856
1.70534943046961,14.4832823398768,14,18.5843807473886,0.801398560854427,13.2017676431966
0.50139764206473,12.3601867684775,12,15.4438007286331,0.642080026075837,12.7976127846963
1.61178222772982,14.3899023278718,14,18.5333604558913,1.27601334660014,13.9794040068975
0.581803078455517,12.6310827798331,14,16.0080309944863,0.879558327885643,13.3663846986876
-0.0679450622194902,9.62185201549467,6,9.17322092872129,-0.0357408771191631,9.80804690480992
2.60475436864095,15.279521702749,15,18.8600007449621,0.667196518980857,12.8682304001298
-0.635379166015545,7.16953105646207,5,3.68643780624377,-0.927686022640557,6.54137315172776
-2.31116705097073,4.92473538084717,5,1.19637616772469,-1.89208398838637,5.39510855302752
-0.0399548485792445,9.77350726214328,8,9.52890287273387,0.0917027286163609,10.4903155219478
0.223591251723922,11.1694914152933,11,12.7883242057891,-0.0795721937804584,9.57399254615088
1.65446290950618,14.4329396112404,14,18.5577161978247,1.06873599155885,13.696023667727
0.20169029883674,11.0601597937546,11,12.5360508655209,-0.351854589350027,8.24127441755296
-0.501565394769071,7.60724828745303,9,4.59082366447701,-0.690660136708478,7.0682702536501
3.41307087160048,15.9192233940395,16,19.0207850058644,1.00004190677323,13.5859859505162
-7.12080033312185,1.88081753351524,2,0.445926837256706,-1.74133664221852,5.53208730898669
0.0143178554389705,10.0688195028382,11,10.2219953158838,0.299947712591132,11.5278349330189
-1.40315099714334,5.7892078282257,7,1.61116895660848,-0.9639598276871,6.47593239514616
-0.0548766548527996,9.69255782907048,7,9.33901330136031,0.772639128099741,13.1360657368139
3.57377750966838,16.0397220741598,16,19.0502242942337,1.30554776650229,14.015204739735
1.72910690112018,14.5064585147586,14,18.5960400697584,0.89890204935999,13.4042378109017
0.551390461357947,12.532418432488,13,15.8051305603234,0.945987434195178,13.4920610128618
3.80151801470144,16.2066106850371,16,19.090863533197,1.45449478838731,14.1833998733536
0.477968942306048,12.2750620273408,10,15.2622567265219,0.578901776801244,12.6072653468533
0.558259623451642,12.5551008330391,14,15.8520584988081,0.17002407858637,10.897689121704
0.175268889309821,10.9258860351508,9,12.2251017057059,-0.0894364763072071,9.52167939182574
0.411937118456087,12.0196918453968,8,14.7077751583273,0.0306368817169778,10.1645761374313
-1.13783490390322,6.12880797047471,8,1.95332584447621,-0.831701444971923,6.73208439480087
0.226292308393875,11.1828441531551,11,12.819072527056,-0.0733167064282635,9.60724819040332
5.03605642648791,17.0293283663154,17,19.2902684237543,0.861324176514964,13.3296975627668
0.611143260189826,12.7220360417372,15,16.1920728007051,0.642245534207609,12.7980872867126
0.41521379026286,12.032904454468,9,14.7367880767725,0.941324377815951,13.4836242662905
0.00517057217707886,10.0190343327306,11,10.105149672422,-0.4167032638191,7.97180084261677
2.48017579089503,15.1757924312893,15,18.8320936910619,2.58019892123719,15.1799091756687
0.444334478088539,12.1478476331294,10,14.9877556881949,0.283774630626181,11.4532674232738
2.38375644329337,15.0944467002686,15,18.8094210014302,1.73015790901175,14.4574875930197
-0.268929566404036,8.58704148971215,8,6.76919605855078,-0.359992210279391,8.20628188964523
1.61328703496609,14.3914333154839,14,18.5342529310932,0.934479983556184,13.4711398297608
0.197646467087899,11.0397719971285,10,12.4889129220473,0.200113337100332,11.0494672083511
-0.559586617873362,7.40657557678318,6,4.16857816823298,0.3965550643931,11.9467888384875
2.22793364115093,14.960800092837,15,18.7700552823432,0.5663868631195,12.5673125590982
-0.550597561401838,7.43654674832346,7,4.23089936022039,-0.302391003301572,8.4610058627159
5.33627698069376,17.2080386211111,17,19.3334731630126,2.44187882025971,15.0687231267273
1.45723361470598,14.2263702295525,13,18.4257573206532,2.08100761000614,14.7692521552759
-0.469982942861727,7.7237852887883,10,4.84089192864475,-0.867993636365292,6.65676780588006
0.609078156899996,12.7157674151057,14,16.1794870353414,0.454557403101793,12.1754455295037
-0.505179063231992,7.59424578055213,9,4.56312938401184,-0.471414381516384,7.76138317167474
0.296918505046824,11.520817761665,14,13.5920352054478,0.360809530863644,11.7972142314348
0.219180058561977,11.1476214766508,10,12.7379326197911,0.262019586688343,11.3510918580751
1.02613035799103,13.6545537128518,11,17.8193326756594,0.516181291316947,12.3992528290224
-0.219594089231267,8.82849505492746,10,7.32449821842109,0.248432282346476,11.2862266570689
-0.610990594721628,7.24281702924167,5,3.83331041668941,-1.01823863326626,6.38390730991426
0.543344408139576,12.5055513294195,13,15.7493364308245,0.906480545182473,13.4187781679205
-0.00713986762091627,9.95201134275973,11,9.947834024016,0.194399927467952,11.0208865241254
7.16296920432043,18.1199522344742,18,19.5533494782563,1.3185856027368,14.0307193764892
2.47863311350793,15.1744984467054,15,18.8317390680269,0.503104321127417,12.3533930540746
0.239253864990955,11.2465033732787,12,12.9654667474409,0.714008865703062,12.9926321667442
0.529544160277992,12.4587138835719,12,15.6515481702683,0.175350857152259,10.9247792371309
-0.0291827733690901,9.83205150422605,9,9.66627945538737,-0.00990111741354156,9.94678477390476
-0.295520888327857,8.4613168325397,6,6.48213866656444,-0.678125780734979,7.10190005519771
1.2843650831064,14.0235679295572,13,18.2536318664223,2.08240784762985,14.7704467136295
0.218635799155937,11.1449177502539,10,12.7317002735909,0.570061954875839,12.5791240090454
-0.696304367705143,6.99816176063461,4,3.35189067625259,-0.603944041971045,7.31505164992254
-0.167980683609346,9.0911683192471,11,7.93336024749223,0.0540097790071565,10.289771506683
2.17408101075358,14.9139085803166,15,18.755428265221,1.13981466851493,13.800483929333
0.922434431309852,13.4715570758696,10,17.550192076134,1.3629279250123,14.0822563644437
1.64802946802758,14.4265021537657,14,18.5541672093036,1.62646185638929,14.3585987491156
2.13184616417885,14.8768506979887,15,18.7434978590119,0.766224372185629,13.1210062466154
6.68181801970951,17.9079587318243,18,19.5023334897507,0.574800132246475,12.5942550226033
2.1633613827945,14.9045271821546,15,18.7524407010596,1.30050882426634,14.0091620755361
-0.588585815425542,7.31261531522119,6,3.9750764942487,-0.321373916718906,8.37527125776566
1.62743662284613,14.4057793235558,14,18.5425175290818,1.08226808853467,13.7165980898191
-0.414409089897119,7.94158708288659,11,5.31621033121149,0.0260861568085837,10.140153137961
2.50668199014076,15.1979885845429,15,18.8381495224263,1.86621412978482,14.5818124408847
3.64848775002021,16.0949735455377,16,19.0636926932946,1.52366583916534,14.2558677856769
3.52248642286626,16.0015075387324,16,19.0408988187872,0.841068394106662,13.2877513116159
-1.32145356464842,5.88556560477117,7,1.69457586258308,-0.434258545195406,7.90258605837222
0.160213098662321,10.8483049711918,8,12.0449434698052,-0.146996011677905,9.22042635588272
2.3753512356388,15.0873089211649,15,18.8073911570787,1.80473876877187,14.5262936365826
-1.56454184275954,5.61358789113902,6,1.48491332053997,-0.353836791590342,8.2327200955542
-1.39159089891223,5.80249055177302,7,1.62204228824372,-0.687624609903724,7.07635381286979
-0.568651398901973,7.37675978424848,7,4.10686068662063,-1.12930292077593,6.21442452804655
-3.74210150481308,3.80121950238456,4,0.909507615074347,-2.88479582060633,4.58085225152643
-0.173612067012595,9.06206516187591,12,7.8656994060894,-0.684949100471416,7.08351075379543
-1.54960174791826,5.62917516080076,6,1.49487865280372,-0.787191083256946,6.83032379274074
0.251267663390355,11.304876055046,12,13.0994009716155,0.148817526399048,10.7889731532528
1.18119537066327,13.887994211115,12,18.1121728067871,1.01086053769908,13.6039726857333
-1.13285291289416,6.13605597760121,8,1.9620956397291,-1.56851073827797,5.69865703821545
-5.308456766669,2.78193863353752,3,0.662853149327119,-2.11887319133765,5.19854960272188
-0.52202265520359,7.5345310071618,8,4.43651116521228,-0.566859424091823,7.43116497196437
-3.45011035729796,4.01588395574833,4,0.961800417788343,-0.840955095482616,6.71248693316032
0.612915957520025,12.7274011897721,15,16.2028326019198,0.769321025424151,13.1282948518386
0.914229804175727,13.4559464735007,10,17.5257995078949,0.589281721349027,12.6398279166622
3.93269589696223,16.3006479481598,16,19.1137170475416,1.14519650171794,13.8080488240847
0.208243418111556,11.0930682534414,11,12.6120763271241,0.594362223848834,12.6555777014121
-0.573100280862042,7.36227536671157,7,4.07698227231541,-1.05971164468846,6.31788893077753
0.594171892729007,12.6699244694838,14,16.0869961691075,0.489819803016333,12.3059087898027
1.16696309382268,13.8682019222565,12,18.0897244266601,0.860595760087408,13.3282111651537
1.03405350771026,13.6675435203003,11,17.8371851229068,0.861325195240208,13.3296996404304
-2.23057834276445,4.99384067284742,5,1.21712949693924,-2.64178652219108,4.7711180261162
-0.445133636395071,7.81915950088027,10,5.04784653644914,-0.561428478993788,7.44872800837345
-0.238468315092172,8.73492425860024,8,7.10873492887545,-0.446155530080907,7.85659218054435
-5.3908840918456,2.7345856503382,3,0.651427627669656,-1.70957596238141,5.56181833685077
0.583524595591784,12.6365328645882,14,16.0191432571335,1.3201381466386,14.0325554990299
-1.72773897247517,5.45006142081452,6,1.3928463830314,-0.907270265333292,6.579715845687
0.613099441617903,12.7279556762312,15,16.2039439905605,0.826152837614774,13.2560318125808
-1.06465245441833,6.23954345762085,9,2.09373112052164,-1.31594398384176,5.97241024969267
-1.31213936121444,5.89694582687123,7,1.70513093485783,-0.762249498926896,6.88840118826209
-0.166840271285704,9.09707419778931,13,7.94709604586472,-0.498021489635609,7.6646679897093
0.263744686029386,11.36483512462,13,13.2366535798859,0.310095821502966,11.5739996462461
0.216520520364369,11.1343985031031,10,12.7074471182417,0.690821041811584,12.9321571567516
-0.515364528105616,7.55796086179966,9,4.48607803482266,-0.461603171790478,7.79797095810903
-2.4182999423681,4.83405496594086,5,1.17036446835545,-1.33579154303761,5.94906343724692
0.216544832839569,11.1345195090494,10,12.7077261586022,0.121161502416325,10.6453102446244
-0.252857297717956,8.66457211085487,8,6.94696962500957,-0.725428084185741,6.97838735612115
0.271016747491848,11.3994613972601,14,13.3157602656361,0.539304899535325,12.4782222850667
1.61662595435933,14.3948266590181,14,18.536224062239,1.16625074348214,13.8372147301073
2.49519855226565,15.1883809702589,15,18.8355344540461,1.81683769798526,14.5372998872045
-0.436351209095057,7.85364634410064,10,5.12314801422819,-0.401485489531385,8.03309513442057
-0.293396887457591,8.47123910642378,6,6.50473466181624,-0.354574809037136,8.22954017142232
0.506418209582761,12.3780587367164,12,15.481680669981,0.652053108940712,12.8259865878562
-1.70857787243108,5.46870171838713,6,1.40228984594354,-1.24128437017121,6.06393951000825
5.05358226906348,17.0399914531448,17,19.2928472480101,1.22818587892608,13.9193386768687
0.573239553065973,12.6037587376079,13,15.9521646968319,1.13577889855272,13.7947810695665
1.74045405089552,14.5174594892958,14,18.6014461455296,1.36245419541182,14.0817153151448
-1.30291942830721,5.90829763883238,7,1.71581024579768,-1.05451168251903,6.32597688919348
-1.02934056823258,6.29654837330106,9,2.17121641507242,-0.368141695237987,8.17157331495201
-0.00428358707636677,9.96756259749336,10,9.98433630680005,-0.435720373190181,7.89689489287567
-3.38435963472075,4.06525192600666,4,0.973871108673789,-1.50143111375946,5.76710075617405
-1.27009967258995,5.94943926935699,7,1.75578156672797,-1.50286641269269,5.76560915921246
-1.35879872340798,5.84077934836584,7,1.65449347918692,-0.329371610310841,8.33967013986856
1.56357057917654,14.3402832988304,14,18.5033428984421,0.373949571453559,11.8529566087438
-0.0933588796883377,9.48503200650388,6,8.8526985909341,-0.0961425971069947,9.48621215695827
-1.56234953670876,5.61586774402622,6,1.48635683693585,-0.902384019051804,6.58906164233677
0.225952169103043,11.1811642927836,12,12.815204965387,0.0360980359217219,10.1938681607402
1.70194853745437,14.4799482665146,14,18.5826725138693,1.06432943196685,13.6892496515898
0.0267110776644005,10.1362177721397,11,10.3801519142851,0.0238953545311451,10.1283914437123
-0.222661664863118,8.81319070122088,9,7.28916312761479,-0.0810520928035316,9.56613394180391
-1.62468529248256,5.55197657728656,6,1.44766543244605,-0.430407136237443,7.91763358120782
-1.55033656314406,5.6284057148529,6,1.49438141541652,-2.04122039550584,5.2648218889608
0.0318652798268679,10.1642216133905,12,10.4458528222766,0.0473021237452877,10.2538919471627
-2.33686920355238,4.90286160999624,5,1.18998671825264,-1.20228277919035,6.11437329171917
2.64967285530158,15.3165633859997,15,18.8697527055255,1.30360227610989,14.0128748325464
0.204788667663901,11.0757394607471,10,12.5720527046734,0.401648185676214,11.9675665204087
-0.469942427884229,7.72393814268266,10,4.84122202332177,-0.356818149917606,8.21989101106457
1.33717920469351,14.0883312690795,13,18.3136322538746,1.92345866451614,14.6326751156554
-0.214173052203656,8.85563022844534,10,7.38718997371964,0.118531168251639,10.6315471566942
0.00282079849800516,10.0062422376126,10,10.0751249309029,-0.233998498879876,8.78352937925169
-0.250475144871874,8.67615872247405,8,6.97358286954187,-0.271572401849364,8.60378258241655
-1.15298117052386,6.10701422514346,8,1.92731897076975,-1.16555755495957,6.16373489235666
1.33530307261462,14.0860775269024,13,18.3116254492368,0.619676076499052,12.7322365749552
3.53301112021936,16.0093676858446,16,19.0428176657211,1.30622472863853,14.0160145522244
-0.0346276580406969,9.80245037927695,9,9.5968153649946,-0.231678749311608,8.79481978395665
0.268116004829483,11.3856779780377,13,13.2842849759169,-0.329925553622561,8.33721585529617
2.17886086819135,14.9180865283885,15,18.7567519134265,0.906720442510616,13.4192358316259
3.38636335835031,15.898981300507,16,19.0158286267041,1.78393044617496,14.507267197107
-0.543640444268376,7.4600215631303,7,4.27990391408811,-0.540244940457653,7.51862428066595
-0.00999979056780735,9.93644080124813,10,9.91128652680279,0.21329949936021,11.1149759422378
-0.546140500156607,7.45155775646881,7,4.26221630048955,-0.883048151861358,6.6267062600548
3.5680494127069,16.0354657281312,16,19.0491860552029,1.41720450968621,14.1429951851938
0.625176176200723,12.7641083825399,15,16.276146321194,0.27744118887092,11.4237398320819
0.199014338317381,11.0466751943795,10,12.504876760409,0.296566085202539,11.5123439152758
1.0245018134874,13.6518676905678,11,17.8156194230491,0.891081293871933,13.3890630403503
1.35482357964134,14.1093682605059,13,18.3320850692526,0.489672474941633,12.305377090894
-0.292738533550271,8.47431890443915,6,6.51175041553845,-0.251046151272555,8.701233688732
2.06735437970576,14.8197436255232,15,18.724381146526,3.60326483332202,15.9555196656458
-0.0497577551246824,9.72030453063281,8,9.40409129668505,0.0151707005467748,10.0815307180229
-0.43249231360429,7.86892819772838,11,5.15659133977127,-0.219063408281373,8.85659383659907
0.188787552170141,10.9948984335041,9,12.3850640475881,-0.179250142233272,9.05544863968782
-2.46779960421612,4.79257901940579,5,1.15884028805282,-0.992982355556176,6.42589165788463
-1.35407688742395,5.84637024424072,7,1.65937114280138,-0.517953683796643,7.59459859384807
-0.53543885190151,7.48800968392804,8,4.33854393295354,0.58871623818831,12.6380672747386
2.24229726544766,14.9732423683098,15,18.7738565215951,1.86686859330054,14.5823982779893
3.41286710310293,15.9190691871181,16,19.0207472610555,0.529314063965409,12.4444334635965
-0.543947260305244,7.45898115498169,8,4.27772852290099,0.184358986300148,10.970380606403
-1.05726556358626,6.25126295453642,9,2.10938029412045,-1.28235833806326,6.01282558246131
-3.59676445863123,3.90712970052887,4,0.935274747113968,-1.38200347995705,5.89611919014342
-0.193828385303193,8.95844847321724,11,7.62518982248461,-0.253244819652284,8.69070829457601
-1.73300206502368,5.44496397114828,6,1.39030617306263,-1.67185705190457,5.59759655734108
-0.499101342552911,7.61615319042883,9,4.60981523960772,-0.23703466987908,8.76878497804853
0.520183663354341,12.4263965203014,12,15.5837024248115,-3.05172652153546e-05,9.99983596969956
-0.513059597721282,7.56612507096589,8,4.5033845193109,-0.518931697761469,7.59121261310462
-0.193402270047302,8.96061802898974,11,7.63021916390144,-0.105403952429309,9.43737221991896
-0.266682250157876,8.59781394685834,8,6.79386395598485,-0.303120704669683,8.45767855456389
-0.941438429951369,6.45031017220526,10,2.39650794676033,-1.15710820070929,6.17536755771776
-1.50634061394016,5.67501219210337,6,1.52552216617692,-0.527608019687805,7.56138654027959
0.235346239656805,11.2273849279388,11,12.9215361270251,0.262316470281492,11.3525002972751
0.528573913358491,12.4553847433831,12,15.644572927907,1.12042472812068,13.7728441176288
-0.0242904347635007,9.85866200486432,8,9.72873090612532,-0.24310922626575,8.73939856929358
0.220498794018035,11.1541676940474,11,12.7530199529006,0.264266887088216,11.3617436770925
-1.19820950581244,6.0439838218156,8,1.85520351385952,-1.24188957240999,6.06317199865923
0.521204128152585,12.4299413426394,12,15.5911587541212,0.25316607287539,11.3089150861598
-0.000891811343098609,9.98602943998608,10,10.0276818995868,0.35933797233244,11.7909171517883
1.38646754862955,14.1464095857817,13,18.3633627600036,1.20380251860311,13.8876289786205
-1.12544109350481,6.14691353983334,8,1.97534485666013,-1.39670314868411,5.8796644029202
0.596683604582984,12.6777226562727,14,16.1027844893399,-0.0290130136825384,9.84413752409642
0.24191603591554,11.2594914886279,11,12.9952932954361,-0.110053583469261,9.41291825235944
0.472183818401974,12.2536030338428,11,15.2162114126299,0.81960293834016,13.2418734083732
0.00197067459487442,10.0016139855432,10,10.0642616857268,0.215308610764803,11.1249001915346
1.15677739594925,13.8538563227765,12,18.0731702601453,0.970950644868433,13.5363033470919
-4.74960665300474,3.11959082012261,3,0.744397288612056,-1.23134095701452,6.07661400256759
3.27855660269742,15.816649519504,16,18.9956274875118,0.829218242871136,13.262609594228
0.540282690731403,12.4952427050325,13,15.7278700816156,0.27776248894593,11.4252421525986
1.14393035453123,13.8355404746436,12,18.0516913096011,0.55421681634605,12.5277262488327
3.36527602105934,15.8829554415819,16,19.0119019536306,0.583105081122813,12.6205138020908
1.79272451114235,14.5676015537049,14,18.6250902015867,1.07819102761224,13.710435036891
0.473938048362636,12.260128531164,11,15.2302249298623,0.963566748563073,13.5233761028724
0.559087790660144,12.557819709708,13,15.8576726043324,0.494763085509986,12.3236840358607
-0.64345124867423,7.14587937694822,5,3.63949707794685,-0.693319568272366,7.0612199129213
0.0217451684923808,10.1092210493802,11,10.3168061393853,-0.519070042143734,7.59073404319282
0.188857155261739,10.9952521010654,9,12.3858830408267,1.03526428767833,13.643619654759
2.24674538053069,14.9770901381091,15,18.7750256898578,0.926896175215731,13.4571642458147
-0.544128623329157,7.45836637956715,7,4.27644323818518,-0.879744180282222,6.63324645750828
-2.23764392572506,4.98774904610139,5,1.21526232168357,-0.753198222732302,6.91004231719436
-1.9538411951458,5.23837403236367,5,1.30042007674835,-1.84825986114059,5.4343005540819
0.0427847721917829,10.223481283777,13,10.5848517278868,0.269394707569001,11.3859658118567
0.464908600343351,12.2263684501297,10,15.157618101993,-0.0104353252370443,9.94391396688671
0.642695229480532,12.8153671364008,15,16.3776089360086,0.723330305838014,13.0163277131247
2.18971800006713,14.9275647096907,15,18.7597394775879,0.905867315082617,13.4176075546008
-0.204790342632551,8.90285948808996,9,7.4964279535859,-0.232148757320516,8.79253046813781
-1.52675784624602,5.65324494527897,6,1.51071666605796,-0.388054275035606,8.08818877425316
1.3895069966091,14.1499231179766,13,18.3662501442167,0.448086129696778,12.1508020288553
-1.31809834410721,5.88965504219033,7,1.69835141900634,-0.648261438723628,7.18474865915877
-0.592773601830486,7.29938598578417,6,3.94807215089552,-0.797118972557295,6.80782490598678
-0.461456792666655,7.75614285526162,9,4.91088525436553,-0.480168977192057,7.72915710890974
2.33041474375048,15.0490157341354,15,18.7963742618234,2.15634973228596,14.8331116914335
2.41813299203533,15.1235604113635,15,18.8176291178878,0.697635948934782,12.9501604543311
-3.63793132248367,3.87694095075026,4,0.927924483230501,-1.56081599449403,5.7063833022131
0.549535228096655,12.5262521464701,13,15.7923449930723,1.44844125862698,14.1769087348417
1.3214437869855,14.069325311236,13,18.2965262399191,0.665014705899755,12.8622058226161
-1.70044771696128,5.47665093120911,6,1.40639185068256,-0.0675398531756485,9.638010252255
2.28747307355605,15.0122064130915,15,18.7855640891347,0.83754552423998,13.2803242427441
-3.87559263709443,3.70559675808361,4,0.886282952458351,-1.28727515985457,6.00683447003682
-1.60634188761599,5.57058374430769,6,1.45856180622966,-0.918621029120211,6.55825910790837
-0.0514960748601799,9.71087916150944,7,9.3819835003175,-0.489122680849474,7.69660807327095
-4.62205937095271,3.20072001492807,3,0.764009832698319,-2.18089656859206,5.14625535415903
0.283809054410319,11.4597872666342,15,13.4532912682148,0.0963055783914718,10.5146487773499
0.00473786103151719,10.0166787367427,10,10.0996208172322,0.433181073036964,12.0932120202612
-5.25381370475742,2.81367588890229,3,0.670512288315,-1.05855630561187,6.31968138822481
-1.67653650214191,5.50017413260257,6,1.41880634060986,-1.65244814265689,5.61622094973413
-0.279038251768261,8.53886593092647,7,6.65901388455457,-0.371017223569968,8.15940688288049
0.269326697567965,11.3914354445739,13,13.2974347957056,-0.0219585338633686,9.882008647414
-1.2929719695842,5.92064447184653,7,1.72759693329532,-1.00543871896934,6.40500919265359
0.0409108816520484,10.2133191534429,12,10.5610190436311,0.202662801933389,11.0621827902243
0.611109936048356,12.7219350443678,15,16.1918701438116,0.305499093529067,11.5531490357717
0.521408285203095,12.4306498927932,12,15.5926487234835,0.363282108659955,11.8077702275769
-0.211796121579283,8.86756352699414,10,7.41477646736411,-0.382574988007171,8.11093107588749
1.39063444009281,14.1512245026142,13,18.3673161456254,0.835539356032439,13.2760769875317
-0.425356063843008,7.89739591834886,11,5.21901169713246,-0.451409579260353,7.83651459157832
3.40907584748224,15.9161994060693,16,19.0200447961411,1.85968530669226,14.5759624644246
0.160600948250851,10.8503126551177,8,12.0496099004382,-0.360112201315445,8.20576841201902
-0.53184053268899,7.50039685069569,7,4.36456977986545,-0.172397872337263,9.09022737041592
2.29241140500725,15.0164505932066,15,18.7868223597865,1.66287479298283,14.3938030561571
-0.548473969713984,7.44368635664987,8,4.24578597467998,-0.436852501115723,7.89249495720681
0.496811334326267,12.3437470358453,11,15.4088826263243,0.545277402555605,12.4981824052342
-0.0171271757099088,9.89764204729483,10,9.82021893464398,-0.189027822887824,9.00609185655288
-3.73138931323776,3.80896180297878,4,0.911389530019651,-0.891206734944193,6.61069218919091
0.600096085216102,12.688269505288,14,16.1241022703962,0.128612891913227,10.6842098568526
-0.0122481582177764,9.92420050461162,9,9.88255602744998,0.335167710458866,11.6859353754825
0.49468593112747,12.336091610811,11,15.3925986636981,0.334769962048848,11.684183512258
-0.286686090788788,8.50272715881033,6,6.57651103582469,-0.441139572142964,7.87589405438754
0.468146523349689,12.2385237291205,10,15.1837905113976,0.563373710157396,12.5575792584786
-3.45964373140175,4.00875716867919,4,0.960059588299314,-1.92395125792416,5.3668903978944
1.33134531134503,14.081312326254,13,18.3073632191568,0.604684479542729,12.687199939514
3.60587841757923,16.0635220278583,16,19.0560278748673,0.811800283691508,13.2248207348361
-0.196616617687304,8.9442681276708,10,7.5923249270712,0.199863129404624,11.0482180183929
-0.286143334902495,8.50528299687759,7,6.58234152844032,-0.0709015471273455,9.62010332235913
-0.48981165118111,7.65000965517081,9,4.68220220237104,-0.319563302841572,8.38337417998478
-3.63067091423567,3.88225434730424,4,0.929217822675292,-3.57828677772383,4.06247271957583
0.273308128747525,11.4103223015169,13,13.3405484567559,0.262316470281492,11.3525002972751
-0.538784448289617,7.47655157747946,7,4.31450947839646,-0.892051115555541,6.60904573942336
-1.56856948546885,5.60940595278355,6,1.4822778743452,-0.776240219407495,6.8555459409243
0.250984166899405,11.3035057561819,13,13.0962603301655,0.261295857866335,11.3476568255134
-3.30656697908789,4.12414535965558,4,0.988301574557884,-1.33049829875372,5.95525255857964
-1.33874909037684,5.86466014349698,7,1.67557821994228,-1.84287085990684,5.43915277040882
0.02070846900269,10.103583391715,11,10.3035769527321,0.117689676365642,10.6271407112482
-5.03420227101173,2.94401753792816,3,0.701979600894623,-1.91298613824251,5.37657449590308
1.9710520442685,14.7331526216565,15,18.6933634999114,1.56153043273161,14.2943353554282
0.527246547112141,12.4508225168989,12,15.6350089140657,0.215109056984885,11.1239151575602
-1.12687818534738,6.1448013141192,8,1.9727568610852,-0.605120536739569,7.31147526406271
0.570902933376601,12.5962412790915,14,15.9367499744537,0.935262451196829,13.4725732158127
-1.28358693355817,5.93239009094279,7,1.73897580477648,-0.942724193680194,6.51383725913212
-0.0280963532199902,9.83795978704414,9,9.68014504321358,-0.173091960496122,9.08669759853841
1.04675471417645,13.6881011483665,11,17.8650791417422,0.872518345337032,13.3523380511369
-0.499541484622204,7.61456023436333,8,4.60641645115284,-0.674682751564601,7.11125447407532
-2.18822842524767,5.03049245400278,5,1.22853533035465,-0.886511634177911,6.61988446503156
-1.59033944132838,5.58694522159979,6,1.4683940212705,-0.745165271235945,6.92950711326618
0.427778127316341,12.0830447669514,10,14.8465869603318,0.826554149746456,13.2568947025328
-0.579337619117801,7.34213212504862,7,4.03554627600032,-0.813252817312122,6.77198928368691
-5.50375512331084,2.67075839639931,3,0.63603125302032,-0.894899338137271,6.60350702678382
2.32642760416606,15.0456070324583,15,18.7953826565028,2.44187882025971,15.0687231267273
-1.65366574514582,5.52288440332597,6,1.43119307395694,-0.332802579511567,8.32449317508208
1.03511333657548,13.6692713359782,11,17.8395465505795,0.655450524209979,12.8355515256655
-1.33688180843824,5.86690329723302,7,1.67759243929023,-0.938129154054688,6.52218889494443
-0.0586740344337254,9.67199192050648,8,9.29078485188201,-0.362936276682965,8.19370434786405
3.23311952587066,15.7816512704146,16,18.9870164509959,1.61764949250264,14.349993167861
0.496298596605932,12.3419023602711,11,15.4049601660861,0.210486995235667,11.1010576077376
1.33444595615825,14.0850467994099,13,18.3107057190658,1.95652948012586,14.6617317786664
-0.184903396814418,9.00402200784214,10,7.73089584461196,-0.250334696952968,8.70464392919648
1.18253136273998,13.889837341723,12,18.1142401296911,1.94027449281346,14.6474781810496
0.264545554504694,11.3686601613211,13,13.2453979573814,0.7802845292437,13.1538189560944
3.4364287107102,15.9368762713992,16,19.0251045206901,1.19858383655847,13.8807402876184
-0.561484166967224,7.40030039260023,6,4.15556523537887,-1.5173544506658,5.75062222284531
-1.17792169520043,6.07189042552792,8,1.88656164916278,-1.68663681450824,5.58351364814266
0.0166702175291313,10.081618043147,11,10.2520311385816,0.317530391764691,11.6075091958951
-0.472308252429614,7.71502687743648,10,4.82198671264493,-0.71065407774952,7.01598127748316
2.50846606567169,15.1994800642034,15,18.8385546566441,0.336731050310726,11.6928134743273
0.480188195246148,12.2832476495862,10,15.2797919652731,0.518788931701899,12.4082934193886
0.723199865303202,13.0337691258216,17,16.79651034877,0.815827004683886,13.2336465842385
4.90568274961591,16.9491075698704,17,19.2708635704403,1.940258923671,14.6474645028959
-1.29307465915699,5.92051647781653,7,1.72747382914959,-0.248510291564369,8.71339868809653
-3.70168688889887,3.83048273656151,4,0.916621924364908,-0.790300802802124,6.82323923027765
-1.12717145618679,6.14437068468281,8,1.97222985471519,-1.10585625850605,6.24833240203135
-1.60705420204332,5.56985828314607,6,1.45813123276631,-2.1004757648432,5.21416646947381
1.30504680420652,14.0492635465988,13,18.2780186410126,0.951010024979401,13.5010866193118
0.241396639101819,11.2569598276381,12,12.9894806020671,-0.135576456125517,9.27956165207168
0.0146865084803447,10.070825385055,12,10.2267028258807,0.572085950831084,12.585600846059
-0.485822700893513,7.66468565897552,9,4.71366756040475,-0.53395292568734,7.53981563900323
-0.0315445197656347,9.81920977070263,9,9.63614328172626,-0.191796679606982,8.99217425596647
-0.589503833287101,7.3097080148751,6,3.96913671074159,-0.396789088115599,8.05225351067969
0.218475499714172,11.1441212039317,12,12.7298640501062,0.616870869891608,12.7238888673033
5.24157575100107,17.152571452232,17,19.3200670677647,0.668082743388733,12.870671612081
0.266956590461457,11.3801581601884,13,13.2716748684163,-0.00606575527580569,9.96739731961612
-0.232759639301828,8.76307432044756,9,7.17357510365898,-0.783989493308269,6.83765342220654
0.422823968563022,12.0633734289383,9,14.8035677986902,0.635302282746583,12.7780755144545
-1.32646296738817,5.87948073396828,7,1.68899402100114,-0.553707230481951,7.47394723288591
0.604182433736627,12.7008266098485,15,16.1494294139458,0.151838540906928,10.8045416896293
0.253420589812375,11.3152709471044,12,13.1232198805513,-0.280557163984034,8.5617102638835
-0.581020066557813,7.33673136342698,7,4.0244597103657,-0.31760711512546,8.39214637506227
1.55497041529877,14.3313102490995,14,18.4976812768665,1.34808041988176,14.0652034905586
-0.480308284492129,7.68511118272402,9,4.75754566219259,-0.236321860494626,8.7722431935818
-0.0112260183856485,9.92976502327098,10,9.89561707126726,-0.181787268179826,9.04261055498034
-0.174377176282651,9.05811887953643,11,7.85652833678273,0.0156807620378027,10.0842710683255
-4.85692365175307,3.05250039493325,3,0.728184391623804,-1.28209947990982,6.01314172815897
0.560569307707535,12.562675088736,13,15.8676923697243,0.3056275362921,11.5537330092108
-3.25668369007007,4.16218481199903,4,0.997643250509658,-2.10510688784398,5.21023054783425
-0.280062849604503,8.53400878084108,7,6.64791765713057,-0.095859005744038,9.48771032344443
-0.0908609989936949,9.49843324774973,6,8.88407345076605,-0.0685470166818226,9.63264370065849
0.234101225057247,11.2212801606887,12,12.9075020586908,0.0656847121500198,10.3521012760447
1.11919530876371,13.7995495798727,12,18.0083668088264,0.553663196516848,12.5259080991416
0.484775251232695,12.3000854984717,11,15.315810955265,0.844901353019794,13.2957872591441
3.99313523935339,16.3434553213434,16,19.1241123550937,0.385880315170599,11.9028064506497
1.71818569187969,14.4958290794754,14,18.5907388635304,1.21861403622469,13.9069828052721
-0.451349431909111,7.79499732207679,10,4.99523331183364,-0.941157613109707,6.51667848492315
-0.195087800719746,8.95203994126037,11,7.6103356172668,-0.379496646050412,8.12377559424548
3.76875755141118,16.1828860988686,16,19.0850933943806,1.62793767379239,14.3600365723192
0.0127870366980778,10.0604896110672,10,10.202446011431,0.141611716875344,10.7517353801728
0.270194222963668,11.3955568927429,12,13.3068460011819,0.291302367363724,11.488125181972
0.508964108348638,12.3870719403302,11,15.5007521214248,0.193489695795899,11.0163224960524
1.43332900427394,14.1997741823902,13,18.4057639224847,1.54286932336485,14.2754752427067
1.64190726802247,14.4203601507562,14,18.5507504732345,0.32915016763245,11.6593483228048
3.58519641088178,16.0481984993222,16,19.0522916171377,0.918771691855063,13.4420233395703
0.420013381384232,12.0521561089716,9,14.7790030784812,0.353917204644244,11.7676265160437
0.219065003665286,11.1470500146184,11,12.7366153926428,0.35673559742288,11.7797543590518
-0.563487606966645,7.39369447242005,7,4.14187993478075,-0.291388966682423,8.51147532957549
1.29651838024755,14.0387216404212,13,18.2681065940274,2.09556885841868,14.7816596964513
2.26665709788068,14.9942839841303,15,18.7802146377369,2.12437738927068,14.8061130290867
3.38411965685725,15.897277961577,16,19.0154113871436,1.78360396098281,14.5069676624624
1.71313001160181,14.4908944094512,14,18.5882513467418,0.542124368822678,12.4876671505183
3.87852744487301,16.2620029615885,16,19.1043284554619,1.38284732824743,14.1048302489534
0.492795506591522,12.3292628999561,12,15.3780605956908,1.19860274332043,13.8807653112298
3.42713956158919,15.9298615637031,16,19.0233883891243,3.38255089630065,15.7948825809928
-1.71960998601887,5.45795352842703,6,1.3968147649935,-0.737422682955075,6.94850172449084
-0.466758351860131,7.7359779426659,9,4.86723880853034,-0.79692116254519,6.80826982451434
-1.30817853142745,5.90181179845078,7,1.7096901913503,-1.09620474262274,6.26256245280732
-0.316103461276725,8.36627624784399,5,6.26625297687802,-0.0495170468699175,9.73425529208896
0.451382985520068,12.1749984768384,10,15.0466426422009,0.162908664641631,10.8613629605844
-0.642618041965844,7.14830700036378,5,3.64430440681045,-0.532723002992469,7.54398119999151
-0.245463683712038,8.70061291397228,8,7.02978910158293,-0.497610000036042,7.66613595256727
-1.13129166843123,6.1383355890425,8,1.9648662693056,-2.10645161881175,5.20908828310227
0.564048057587001,12.5740334790359,14,15.8911021296902,0.305047599900062,11.5510956710138
0.257207599977237,11.3335064096439,13,13.1649807497373,0.221100924431061,11.153425585352
-1.72264163957988,5.45500750323842,6,1.39532833418877,-1.51516728091941,5.75287671457907
-0.200192157600271,8.92612438147711,10,7.55029278918703,-0.125778816704753,9.33056944204735
0.182529807112099,10.963031589274,10,12.3112370916597,0.215104456236696,11.123892445637
3.82229450387917,16.2216071827526,16,19.0945098880938,1.33800097805794,14.0535120604885
0.245765487842119,11.2782188116152,12,13.0382739536991,0.067572691816852,10.3621647462803
0.491813092241882,12.3257068500767,11,15.3704852159295,0.237575354123429,11.2338367859139
-1.14195629334708,6.12284202235961,8,1.94615236136157,-0.447994980076474,7.84954663830808
-0.712866517551692,6.95432804282448,3,3.26854769718795,-0.723429174718602,6.98342281496176
1.65162625086087,14.4301032858824,14,18.5561565490058,1.70082972208429,14.4299323914833
0.0184825146632906,10.0914766497176,10,10.2751666774286,-0.0442051853020816,9.76268854767699
-6.65940406566739,2.08322071523977,2,0.494550973812465,-0.86380665518581,6.66524887157916
-0.392773114379102,8.03078077249692,13,5.51345199349632,-0.607558221396437,7.30408571333859
1.14169800050777,13.8323320340304,12,18.0478889772749,1.15654544758854,13.8238538571117
-0.600718596898236,7.27451964112774,6,3.89748202242156,-0.508444687224098,7.62777331328605
2.31662116053042,15.0372154724679,15,18.7929334988392,2.22049249564587,14.8868615421824
0.0263452147785435,10.1342292924027,12,10.3754863406895,0.0543302873439774,10.2914847453316
-0.555677720597189,7.41955888017353,7,4.19554108565574,-0.266717686947804,8.62666512661344
0.177952042752611,10.9396335317136,9,12.2569899428333,0.396557681605283,11.9467995499713
-1.66087822769461,5.51569956209234,6,1.42723051458154,-1.77934332293265,5.49694418245023
-0.237230031974807,8.74101901766758,9,7.12276812915302,0.0771920151270051,10.4133609106525
-1.0379301895678,6.28244977076589,9,2.15173485182919,-1.14374251924364,6.19399046177435
-1.6526306026706,5.52391734986241,6,1.43176614097011,-0.989693595252887,6.43146351091346
0.916472584695374,13.460231610924,10,17.5325164072208,1.02700034299117,13.6303344388889
1.68062988890955,14.4589511780225,14,18.571729715057,0.696196096862567,12.9463728023462
-0.556369761637395,7.4172547231728,7,4.19075211546208,-0.264342404254699,8.63789876731307
-0.188238559209458,8.98695947264259,10,7.69130537776389,-0.591982753845494,7.35178344278997
1.43205545022459,14.1983458472508,13,18.4046690590804,0.539965793242325,12.4804397614988
0.497348574973671,12.3456784071474,11,15.4129884982367,0.741387159289422,13.0612530007501
0.388835780765226,11.9249420684294,8,14.4987965304663,0.263819624881452,11.3596254872499
-0.00379185894981816,9.97023987137339,10,9.99062045820942,0.112290492722221,10.5988299369008
-3.62088238676479,3.8894252631429,4,0.930963534747067,-0.509190535311659,7.62515456374992
-0.52905783942458,7.51002148818059,7,4.38482165885744,0.0934958128330814,10.4997994433692
-3.58157974875541,3.91830272709904,4,0.937996394403655,-0.662183351417794,7.1456431707411
-1.14082640107968,6.12447492012106,8,1.94811171294483,-0.479434411659308,7.73184582907779
2.35427358384406,15.06937545567,15,18.8022590998295,0.711078620524334,12.9851112547884
2.13491486663109,14.8795520121009,15,18.7443794884169,0.830844773118179,13.2660873671375
-0.471720599514623,7.71723762238589,10,4.82675701189139,-0.588031195108685,7.36406766801255
-1.02555157648228,6.30281641102267,9,2.1799436398536,-1.41812517820545,5.85599488961765
-1.67162933635983,5.5050290950692,6,1.42142056723203,-1.04609732488575,6.33917699380449
0.559852028776235,12.5603257016366,13,15.8628450269752,0.40782581771085,11.9925884139928
1.15327419354916,13.848886701306,12,18.0673813934491,1.26426472491188,13.9648973771008
-1.58104047806839,5.59651009138881,6,1.47425107725746,-1.53637567787544,5.731131896804
1.27693358564576,14.0142239106006,13,18.244573056307,1.14858349758485,13.8127864857685
-1.56113815204767,5.61712858750442,6,1.48715721000289,-2.06143830244472,5.24747505646897
-0.60669398209995,7.25601674737972,5,3.85998372829577,-0.922660907902634,6.55070666047566
3.14857729071216,15.7160635468766,16,18.9708320840848,1.17148827010987,13.8443669143287
-1.28757879505997,5.92738252185066,7,1.73410476030065,-1.17522942491914,6.15054883407883
0.521452648634604,12.430803833024,12,15.5929724187003,0.237158348212777,11.2318148402104
0.271851542492162,11.4034210058077,13,13.3247987786239,0.533856062077818,12.4598565744726
0.261377230009018,11.3535111294514,12,13.2107576659701,-0.22633913803132,8.82088992526796
-0.448503398949455,7.8060351817179,10,5.01925327417975,-0.307798599617633,8.4364079357332
2.16205456654286,14.9033823963062,15,18.7520746591606,1.94145002241056,14.6485107887647
-0.256837119666175,8.64526895487538,8,6.90265816078095,-0.0172220345875835,9.90744882236836
1.34930647401701,14.1028207850181,13,18.3263958029138,0.985372449144392,13.5611778724714
1.63440153151097,14.4128085096659,14,18.5465080703158,2.09655687179944,14.7825003979512
0.2583555857423,11.339021802997,12,13.1776054158993,0.255878796749594,11.321873883296
1.15888693821264,13.8568400336626,12,18.076632885956,0.532152390649741,12.4540836401686
0.250266178219839,11.3000337495398,12,13.0883019409384,0.163169547866621,10.8626976065644
-4.72344127953024,3.13611069069549,3,0.748390241618473,-1.21711737131389,6.09495979611376
2.33575240886044,15.0535761840739,15,18.7976980235323,0.48884601026722,12.3023923516153
0.622443480077041,12.7559867496924,15,16.2599713776321,0.787078645201858,13.1694194108444
-0.273204937757462,8.56660988813407,8,6.72243971018667,0.0157191728919508,10.0844774307105
-3.51049059440847,3.9708798770055,4,0.950813944797135,-2.57675233165899,4.82284087904999
0.227370280210603,11.1881648707788,12,12.8313209931897,0.582280504504006,12.6179215208003
-1.2154906858612,6.02065858738638,8,1.82969486264339,-0.871137040938313,6.65043528868784
1.28858625090505,14.0288489438826,13,18.2587066255505,0.879558327885643,13.3663846986876
2.42708311183431,15.1311197705968,15,18.8197424856249,0.945334528424923,13.490883059123
0.230656635289734,11.2043565655536,12,12.8685808182606,0.255914240247937,11.3220429901005
-4.95147183696499,2.99427963555894,3,0.714119101228185,-1.31696880060288,5.97119528485951
-0.648961253511528,7.12990450619146,4,3.60792459256407,-1.26381881235375,6.03565629896589
1.01828721968258,13.6415667359267,11,17.8013104086366,0.566380901584716,12.5672933456039
2.51316002343658,15.2034027006442,15,18.8396191291568,0.772830942957841,13.1365137338377
-1.67459959490389,5.50208929499795,6,1.41983542204838,-1.4681525032563,5.80204757898363
-0.482233975034138,7.67796028713972,9,4.74217286497038,-0.97432476463285,6.45783303045342
-1.31205641392077,5.89704756563187,7,1.70522597778781,-1.62657334397433,5.64129260005043
0.65839379726268,12.8601304602386,16,16.4652989135555,0.524374205614196,12.4275412969789
-0.280308690704639,8.53284407357018,7,6.64525721350581,-0.245383106159388,8.7284376219714
1.00771179380558,13.6238490133542,11,17.7764461957615,0.451374075312506,12.1633502174772
-1.7111113548355,5.4662295612238,6,1.40102325102916,-0.864207639658828,6.66443434802922
-0.253858031972598,8.65971186974033,8,6.93580961007181,-0.268876063524248,8.61647882736909
1.12121475587719,13.8025249355419,12,18.0120041110084,1.35068037046173,14.0682040154178
-7.4387947951511,1.75135591194057,2,0.414861598331907,-0.527109344117333,7.56309049676059
-1.68675630778144,5.49009336666758,6,1.4134356672049,-0.664101198249306,7.1403227608679
1.06568848713034,13.7181583084212,11,17.9050583607189,1.07586843536802,13.7069103971671
0.938014066830256,13.5007118983735,10,17.5951734528477,0.667854325057095,12.8700427315177
0.61174285718963,12.7238523889621,15,16.1957167282818,0.737471947042794,13.0516198641973
0.52546519414624,12.4446858684479,12,15.6221349279808,0.604190153820843,12.6856970352381
0.244621769539507,11.2726613058331,13,13.0255222425239,0.368379153036417,11.8294329671746
0.617504195054403,12.7412198100433,15,16.2304943444539,1.57676936435782,14.309601712461
0.489216120778197,12.3162824800187,11,15.3503932697895,0.146792972487884,10.7785253305336
0.647744532696261,12.8298841372386,15,16.4061431025699,0.841999111716631,13.2897068824792
1.65592302497967,14.4343982698745,14,18.5585158327401,0.737895607368828,13.0526651121833
3.28750655232508,15.8235224899283,16,18.997316715618,1.80471612818721,14.5262730023393
1.70038833679522,14.4784173140623,14,18.5818854623283,1.74223980789,14.4687531557725
1.6787620251167,14.4571033153832,14,18.5707511448013,1.34412298710608,14.0606244112565
-0.55972164334365,7.40612845553169,7,4.16765055699181,-0.418310706227052,7.96539655024769
-6.52581676210214,2.14514759242198,2,0.509440684593483,-0.0841362475902647,9.5497677844568
0.239925145311859,11.2497812196268,13,12.9729955179904,0.575609403609126,12.5968284659485
1.70236600654446,14.480357759198,14,18.5828827470884,1.75236437427155,14.4781566317222
1.05300177506321,13.6980949187146,11,17.8784786862557,0.901986317993084,13.4101747583867
-1.04268092636323,6.27471738229358,9,2.1411380706659,-0.753342749931882,6.90969434795888
0.546045033337134,12.5146052037591,13,15.7681632356201,0.747368058858694,13.0758549005869
0.849644680935209,13.3264504696158,9,17.3156375457703,0.55055983737973,12.5156882313223
-0.467502515800063,7.73315929456829,10,4.8611450867394,-0.564432455366748,7.43899563999611
0.611634784019335,12.7235251289831,14,16.1950602791537,0.237613262519055,11.2340205579854
0.279393310146703,11.4390487628474,13,13.4060540139958,-0.00574270956099586,9.96913357613547
0.236928650314205,11.2351347405544,12,12.93934746283,-0.0963974698893862,9.48486583612894
2.56213556518025,15.2442029527467,15,18.850605602148,0.530351062155032,12.4479639119126
-0.470536415840575,7.7216980239425,10,4.83638494770536,-0.154816354699223,9.18013808372105
-0.240995150329094,8.72250696793149,8,7.08015331169424,-0.210541359572425,8.89867307580038
-0.52928979573778,7.50921769945216,8,4.38312934676853,-0.651646002256085,7.1751629861589
-0.250618019926092,8.67546310530004,7,6.97198478349018,-0.0733676769674946,9.60697698127378
-1.6664192238967,5.51019429458775,6,1.42422185639125,-1.03635156056597,6.35464293206189
0.0274038898073932,10.1399830018046,11,10.3889861672315,-0.658290040478666,7.15649324346191
-1.31650513176455,5.89160082914149,7,1.7001546954556,-0.673656688931574,7.11405201336629
-4.59717044077762,3.21672722880285,3,0.767880432051551,-2.31201844742903,5.03731297751898
0.520183663354341,12.4263965203014,12,15.5837024248115,0.109323359462605,10.5832442884371
-0.0348125997896153,9.80144525437752,9,9.59445679628288,-0.0935697260360847,9.49980974407401
-0.277280826171593,8.54720822126982,7,6.67807740289698,-0.561220064882979,7.44940487755052
1.57069676389443,14.3476895285085,14,18.5079609819516,1.9578708586137,14.662905612072
-6.26568470961094,2.27014061824078,2,0.539511130953525,-1.01550343361337,6.38838672867684
1.01695103194419,13.6393413163892,11,17.7982048467018,0.456135634529871,12.1814225967883
1.04256411189064,13.6813541098067,11,17.8559731393342,1.31002741690995,14.0205547860522
-1.68269995694907,5.49408967252393,6,1.41555554301171,-1.09620354413816,6.26256422997278
1.19530220615817,13.9073309990488,12,18.1336646736817,0.427986693758276,12.0728701897459
1.38958659738875,14.1500150333981,13,18.36632549647,1.20806970700819,13.8932345049214
0.526799650630076,12.4492845000449,13,15.6317833449766,-0.0477101745710916,9.74392408496452
0.554404606110237,12.5424001359102,14,15.8258019544674,0.597614275412818,12.665594748566
-0.21881786886672,8.83237348977148,10,7.33345554450968,-0.421110473895687,7.95427392232421
-1.41856003933764,5.77166795745598,7,1.59710939210844,-2.04156734858387,5.26452363233856
-0.711027121969237,6.95914040190797,3,3.2776496652952,-1.22741422268925,6.08165310479977
-3.46101085104548,4.00773581126177,4,0.959810138386945,-1.50243422055055,5.76605817151902
-2.02357750676837,5.17552545005601,5,1.27715946691041,-1.18000211450729,6.1440920569021
1.63644454371047,14.4148663993932,14,18.5476687321521,1.19181560188234,13.8717509138698
-2.37427696624627,4.87116167862715,5,1.18086171043162,-1.50030118163621,5.76827589350001
-1.6884424451703,5.48843405198073,6,1.41255397004764,-0.441269516179734,7.87539236436957
-2.38045053024851,4.86594522374805,5,1.17937447918335,-1.80858793233792,5.47020039887068
-0.543399447804479,7.46083911170433,7,4.28161355339419,-1.20814820186861,6.10666260873542
0.174908285080394,10.9240365786064,9,12.220810912468,0.399025676588567,11.9568845859384
1.68055134580456,14.4588735029494,14,18.5716886308167,1.2039015576797,13.8877593557695
-0.533498675615272,7.49468052538619,7,4.35255412851776,-0.31089078241739,8.42240462972198
-0.609600264376955,7.2470787298424,6,3.84191511931412,-0.995902518335071,6.42096489338104
1.70977878443035,14.4876184147851,14,18.5865905638423,1.31889058373434,14.0310802520845
-1.69444646576136,5.48253434189647,6,1.40945811392373,-1.07572462873177,6.29330816498446
-6.80717645638688,2.01647610664757,2,0.478509432369757,-2.26723767123387,5.07429085102787
5.02536552634001,17.0228097427138,17,19.2886918630959,1.50793576293261,14.2396490319331
-1.72584095759144,5.45190205577004,6,1.39376803007567,-1.40325085222507,5.87239143155069
5.51096612025598,17.3081749667858,17,19.3576672552114,1.69734480786828,14.4266377621556
-1.31289234914123,5.89602257117318,7,1.7042689961295,-0.983849207868634,6.44142637892998
-0.543720770140876,7.45974913345796,7,4.27933425913034,-0.23986741616912,8.75506234310199
5.10707963631162,17.0723633393071,17,19.3006755359768,2.10313210119876,14.7880915044179
2.15563760718092,14.8977575292688,15,18.7502713827114,1.34292910708841,14.059240147048
2.28578591414347,15.0107557364367,15,18.7851332720883,1.89506116680091,14.6075373720263
1.16617384671724,13.8670958004384,12,18.0884564724151,1.25822734046079,13.9573814887785
0.25102285302001,11.3036927686576,12,13.0966889613612,0.19705553785619,11.0341853897746
2.20889442494687,14.9442663532282,15,18.7649537786846,0.95998439461581,13.5170566746535
-1.62218398064699,5.55450480884756,6,1.44912409294382,-2.39289064892533,4.97107855454181
0.0292797544584167,10.1501761962333,13,10.4129014139159,0.034018187331293,10.182714851746
0.600036728895116,12.6880865258448,15,16.1237327746743,0.853029928521304,13.3126760475401
-2.22049406016942,5.00254625261162,5,1.21981159574492,-1.41770524655259,5.85645545246769
-1.17554091058551,6.07520361983455,8,1.89034510363252,-1.16613154804589,6.16294850913365
2.40863557967396,15.1155295854888,15,18.8153760546712,0.812403924597117,13.2261472844767
-1.95494639685023,5.23737039998405,5,1.30003616210321,-1.75124141929663,5.52288470921637
-2.26758614588539,4.96200555754,5,1.20745525328951,-1.4927798362912,5.77611818716125
0.19979031983478,11.0505882363802,10,12.5139243358762,0.267404488160729,11.3765784076039
-0.224329767959288,8.80488390916295,9,7.26999137169524,-0.445883765256407,7.85763459987306
-1.57115932128665,5.60672134484989,6,1.48059446608636,-1.08248579694876,6.2830736711405
-0.562304306488896,7.39759374324805,7,4.14995626687298,-0.56996709596695,7.42118003129301
0.200706597257188,11.0552058649075,10,12.5245996771116,0.0468966948559667,10.2517218552904
-3.59135216545389,3.91110978136532,4,0.936244176696704,-1.30478664057571,5.98570631567572
-1.77763796188284,5.40210332534482,6,1.36963824565173,-1.83558561122987,5.44572428578187
-1.78347013998594,5.39654994205316,6,1.36704697694066,-1.63596199864393,5.63216231144091
0.612904875415276,12.7273676947808,14,16.2027654629746,0.737326968012545,13.0512620145909
0.0353664376377568,10.1832331178077,11,10.4904511803886,-0.258956154477214,8.66346364580091
1.37913942615163,14.1379071724617,13,18.3563189410467,1.92652925096121,14.6353826427858
-0.562465425342306,7.39706240706305,7,4.14885545533814,-0.262354488615917,8.64731936844995
3.25382925454886,15.7976249588663,16,18.9909486170451,1.55039595890746,14.2831045649891
1.16239593244045,13.8617884529282,12,18.0823529432041,0.39950770003566,11.9588506182076
-1.11960796382717,6.15552214983617,8,1.98594482506754,-0.731788048270235,6.96247080510188
-0.230139779870674,8.77603750268246,10,7.20345500946387,0.00610534030445039,10.0328154350504
5.31759973688978,17.1971651307158,17,19.3308453589046,1.05533604946374,13.6753088372913
-2.42957764154813,4.82458270124559,5,1.16771409600718,-1.90716146037358,5.38172941471103
1.35904028552455,14.1143541547493,13,18.3363848934016,0.755799818363243,13.0962093594649
-0.549048737162207,7.44175172485488,7,4.24175059691999,-0.93146195629778,6.53440377765219
-1.53539501010331,5.64410983124773,6,1.50464059579825,-0.955614462547059,6.49069475085517
-0.321334306829383,8.34244844072451,5,6.21229108449594,-0.24296555673785,8.74009183145487
-1.59177620484385,5.58547117501666,6,1.46749860527348,-0.865043838411317,6.6627373384065
-2.41468246261083,4.83709619930401,5,1.17121785008082,-0.971758260229288,6.46229068850838
-0.22779633340249,8.78765638767903,9,7.23024727635055,-0.379428509468145,8.12406044614369
0.220669188545417,11.1550130286149,11,12.7549679921709,0.114201381800981,10.6088571937909
-1.32730004049767,5.8784663514107,7,1.6880676796206,-0.748026735029761,6.9225453449007
-1.59961811677846,5.57744342168838,6,1.4626556220134,-1.8578352784423,5.42569712052959
-1.4158670237156,5.77472003888224,7,1.59953160430382,-0.741489107200475,6.93849695239047
1.78436448136883,14.5596383308366,14,18.6214395436981,0.716950788733941,13.0001482406015
0.432087411159427,12.100050496925,10,14.8837152344514,0.505903669380836,12.3632835792661
1.73559548509895,14.5127544397128,14,18.599143891681,1.14464492661988,13.8072756005262
-0.940141533819169,6.45271843740085,10,2.4002143577275,-1.38946788020428,5.8877413422309
-1.35809489242147,5.84161144482826,7,1.65521716367394,-0.566979172312123,7.43077934762636
-0.224073897416836,8.80615737684002,9,7.27293015396564,-0.480180854128224,7.72911365884847
-2.11697052916019,5.09273504784593,5,1.24865416234478,-1.86523443762253,5.41906471748084
-0.244026392556408,8.70764595866834,9,7.04596333400104,-0.255283025336047,8.68096944642893
-1.33856146036154,5.86488539278426,7,1.67578021680019,-0.223992902883527,8.83238090948271
1.69055092953164,14.4687437066058,14,18.5768732757042,1.79264960676659,14.5152549860042
0.52486222124996,12.4426050150045,12,15.6177670912403,0.516055754045548,12.3988167243472
-0.915350807493377,6.49960520333688,10,2.47340011903809,-1.55341639062058,5.7138423789409
3.50601013619092,15.9891832209487,16,19.0378893477766,0.644617626573796,12.8048744475061
0.196952003328779,11.036264622369,9,12.4808007843401,0.561471228570718,12.5514108035991
0.207435070497777,11.089017716578,10,12.6027228842144,0.418885014128573,12.0368883229442
5.10438754733191,17.0707406955373,17,19.3002831681329,1.55324046311933,14.2859799269443
0.667902342674492,12.8867167806185,16,16.5169579087479,0.744834982205067,13.0696873016975
-1.61424104425725,5.56255204220794,6,1.45382002039941,-0.906053641382063,6.58203665130494
2.30605087988642,15.0281577586336,15,18.7902768406646,1.77251949713115,14.4967792434886
-1.11776759607376,6.15824997584238,8,1.98932114135769,-0.259849402704265,8.65921529310684
-0.072569703703604,9.59688193626946,7,9.11469409899142,0.154598012235053,10.8187394657398
-5.07723333503874,2.91812575766334,3,0.695727230332394,-1.64438254108273,5.62400574042009
-0.51465738903215,7.56046267964915,8,4.49137949553089,-0.630267437596929,7.23657225923451
0.910053885162709,13.4479316111599,10,17.513193785714,0.955720521236626,13.509493935717
-1.12887078285098,6.14187822674839,8,1.96918371797241,-0.618757698629611,7.27049231897183
1.55348702720918,14.3297586251995,14,18.4966948085642,1.53584818497503,14.268330365004
1.74622034183211,14.5230334369745,14,18.6041546645892,2.18911444430964,14.8606343668886
-3.02133081790027,4.34454292067921,4,1.04274536670868,-1.01895187846951,6.38274186841408
-0.176372502122884,9.0478363117851,11,7.83263588167754,0.204837479324709,11.0730104067543
0.444586355640069,12.1488223653198,10,14.9898724685475,0.379577943791759,11.8765642481236
1.32349241775074,14.0718131828925,13,18.2987890089467,0.818655260622732,13.2398131221004
0.213267437257729,11.1181866050463,10,12.6700527013855,0.398756470347119,11.9557860500411
2.4096930155498,15.1164242044712,15,18.8156274502685,1.31682074066125,14.0286292484176
1.02365732541066,13.6504726683477,11,17.8136879706647,0.742024576105376,13.062815731721
-0.254840905124977,8.65494256788246,8,6.92486040266861,-0.299719735153106,8.47320773454426
0.00934524825109632,10.0417584062452,10,10.1584845448368,0.0402529765656665,10.216139648142
0.652472346307653,12.8433740146601,16,16.4325764668183,1.56021795208098,14.2930149184339
2.40117140472922,15.1092113140417,15,18.813597605917,1.64643522965057,14.3779780547146
-3.15357401272392,4.24149176407284,4,1.0171842430343,-2.72965119806276,4.70178781471842
-0.623469326825554,7.2049735760182,5,3.75720520579624,-0.690653671569452,7.06828742918861
-0.865334162219586,6.59941963935538,11,2.63539187914672,-0.741274298199903,6.93902385941996
1.62193820357218,14.4002151696884,14,18.5393298928648,2.02027538053484,14.7171347475787
1.30738631247373,14.0521423925202,13,18.2807030694942,1.58597565851238,14.3187679038693
0.0557628884217051,10.2937620197665,13,10.7496444546874,-0.248394921068654,8.71395278698839
-0.57954819514269,7.34145540530921,7,4.03415657937483,-0.929965448711337,6.53716144884434
-0.436893137167246,7.85150651454124,11,5.11846880478065,-0.94547632423928,6.50886102503256
-1.70743526695875,5.46981742984064,6,1.4028629129567,-0.652140399101524,7.17376702068403
0.414027345914292,12.0281268388051,9,14.7263009041032,0.548908367166382,12.510230207245
-0.655739216760191,7.11044070508248,5,3.56960403986393,-0.477143641025335,7.74024863310178
-1.546454405266,5.63247416185545,6,1.49701686161129,-0.787923862442861,6.82865129981455
-2.68188268905837,4.61599602338793,5,1.11166877658369,-1.03100239682144,6.36321412168994
-1.1455716009081,6.11763079642226,8,1.93991974922827,-0.662135560777885,7.14577595431497
0.515949028430761,12.4116297643635,12,15.5526036622641,0.725905356521406,13.0228126034001
-0.470821322638704,7.72062420736285,9,4.83406666518215,-0.274674580258806,8.58921533664088
1.7031274682812,14.4811045088936,14,18.5832658197777,0.816342329951918,13.2347721561026
0.227306407452682,11.1878497356611,11,12.8305956032195,0.191176424977083,11.0047103611389
-0.0306693418251223,9.82396809678412,8,9.6473096789546,0.0490076705412983,10.2630192976951
1.99893036436268,14.7583951498747,15,18.7026854851865,1.75539138727452,14.4809616375271
3.20281154590561,15.7582083856096,16,18.9812392269534,2.1614218007931,14.8373816893617
-0.0147988182326077,9.91031557106269,9,9.8499655632365,0.193967757171588,11.0187199258057
-0.535174173430586,7.48891859076869,8,4.3404520789461,-0.579357936499136,7.3912927538101
-1.29643064697214,5.91633969797734,7,1.72346715824934,-0.787582210379426,6.82943084905622
0.512345302633403,12.3989908790633,11,15.5259383613652,0.64407473870911,12.8033233301037
-0.572659014426022,7.3637076580985,6,4.07993372846011,-1.26768809531241,6.03085949732322
-1.69758361404613,5.47945711392147,6,1.40785174916747,-1.87686936325003,5.40866253903041
-0.238488049659139,8.73482717733359,8,7.10851142153614,-0.305353578247848,8.44751265330761
3.63628887494395,16.085985390495,16,19.0615027625213,0.567577450147717,12.5711462325024
-0.608697262791906,7.24985154695256,6,3.84751730801177,-1.10479944126588,6.24988265504034
0.506598462017365,12.3786979774081,12,15.4830339835629,0.209897988746116,11.0981390085228
-5.21148363383982,2.83845147104365,3,0.6764921692511,-1.78148609356233,5.49497615022743
-0.505605593387065,7.59271553204688,9,4.55987293591211,-0.630088254590464,7.23709567679382
0.00375924913866652,10.0113512412591,10,10.0871165018303,0.406201308269923,11.9860276528569
0.626374995194795,12.7676604848507,15,16.2832122967934,1.14834557487057,13.8124542657695
-0.155675487757308,9.15510379974473,12,8.08215401874365,-0.0703287551204936,9.62315333583876
3.44315771695486,15.9419530280198,16,19.0263462879094,2.5201043167808,15.1318126100989
2.7893091591134,15.4305511337706,15,18.8992297387038,0.88894279130942,13.3848832823454
-2.29759604522207,4.93631649453937,5,1.19979196409457,-2.10241032260703,5.21252192633824
0.238675063229342,11.2436755725041,12,12.9589709333065,0.756059328989688,13.0968315732531
-0.248143161391537,8.68752475560158,8,6.99970061880466,-0.580124341456507,7.38887244619103
3.79053609335608,16.1986683921343,16,19.0889320808126,1.19390670111255,13.8745349707511
-0.960124699052644,6.41608608348414,10,2.34440709999845,-0.616671068845588,7.27670708812108
-1.69350864647142,5.48345496752016,6,1.40993981117774,-2.04154006224688,5.26454708817855
-0.22472781840401,8.80290332629367,10,7.26542101727285,0.296268312917337,11.5109772807023
-0.220835849279686,8.82229539592772,10,7.31018223095718,-0.00263084715563917,9.98585925807652
0.536951400297157,12.4839729731854,13,15.7043657186035,1.00574259328354,13.5954959185307
-2.20667293556849,5.01449980197845,5,1.22352135373623,-1.1293114082408,6.21441241875545
-0.526213673101255,7.51989962055806,7,4.40563408378002,-0.777317036038042,6.85304673761782
-0.208317381406459,8.88506691711102,11,7.45525720682705,-0.157461600237381,9.16655058212059
0.0401280218227859,10.2090727288622,12,10.5510596815237,0.125909298805419,10.6701114357609
-2.32079533420202,4.91653216986551,5,1.19397064034792,-0.999921077134065,6.41421640173666
0.49921856531,12.352389359444,12,15.4272477207297,0.856342165124966,13.3194988612776
0.2858052218385,11.469132479624,13,13.4745625128749,0.379230803902239,11.8751128911736
-0.472825313205777,7.71308320008531,9,4.8177936048502,-0.123163315315928,9.34422625876205
-0.26609456308413,8.60063471254696,8,6.80032502528252,0.594183676716181,12.6550262818265
-0.531926839192026,7.50009896974449,8,4.36394340689331,-0.485466674545714,7.70984860868474
0.674863205348144,12.90593170815,16,16.5540909231821,0.783797348067981,13.1619055268853
0.49307137919791,12.3302605779225,12,15.3801853516457,0.383535721130192,11.8930676810905
-1.6721987464355,5.50446525221602,6,1.42111602576538,-2.23719305143545,5.09922938687187
-1.31835412228442,5.88934289751143,7,1.69806254729118,-0.413136065548069,7.98606104283095
-6.93049649081616,1.96217058712929,2,0.465462692762945,-1.92370844398505,5.3671045626682
-0.614647727957616,7.23165057992664,5,3.81079700066748,-0.425691209196222,7.93616395902842
4.52832347152078,16.7079886536956,17,19.2124973180513,3.03629865556328,15.5354752068496
-4.87743078692375,3.03980196362059,3,0.725116305806859,-0.578945982036407,7.39259487849125
-0.0371818890646765,9.78857057111568,7,9.56424660063537,-0.588237649957565,7.36342401326642
-2.24404585820677,4.98223519645696,5,1.21357891342473,-0.489863389380558,7.6939339308478
3.39167092578328,15.9030088926954,16,19.0168150950064,1.14382333665631,13.8061229756609
-0.206065673089294,8.89642060312842,10,7.48152639006242,-0.0492269402781516,9.73580747141481
0.287337596201287,11.4762937721382,14,13.4908564623022,-0.169944916237652,9.10271415301019
-0.523944558427659,7.52781021748702,7,4.42232071222352,-0.783847937471192,6.83797833725284
1.7032111469569,14.4811865579949,14,18.5833078846954,0.845367027304645,13.2967603950866
-0.190365285416012,8.97609923211416,11,7.66611522090503,0.0789521572662074,10.4227138829749
-0.231445610086267,8.76957273003029,9,7.18855220220739,-0.154341026639947,9.1825818189734
-0.635317371086017,7.1697132664558,5,3.68680032732523,-0.162728178615818,9.1395605050101
0.00695883336596732,10.028768889408,10,10.1279975760411,-0.000577246833994904,9.99689729891732
-0.242660607890885,8.7143371260655,8,7.06135512762819,-0.344382863512709,8.27369583134958
-0.207806615590081,8.88764067248375,10,7.46121138106174,-0.261800998941523,8.64994538451607
1.61589580047233,14.3940850339255,14,18.5357940869507,1.64596665850218,14.3775253655782
1.05628606492536,13.7033184794747,11,17.8854401980105,0.516386269409622,12.3999647314353
0.285335468127038,11.4669349649317,13,13.4695614457776,0.711440147298271,12.9860410441975
-0.418424439943128,7.92530445186527,11,5.28035469722508,-0.160677822116567,9.1500582087437
-0.260367213610026,8.62820452868301,8,6.86351322172288,-0.23703466987908,8.76878497804853
0.0229541750166879,10.1157950056838,12,10.33223206675,0.468762205450657,12.2287756591928
-1.03687575839956,6.28417224610487,9,2.15410390885732,-0.572209932543967,7.41400305749656
0.168123365875291,10.8891576688178,8,12.1398535734968,0.0610623568103811,10.3274432875821
0.525784279110611,12.4457862802747,13,15.6244442606265,0.622177085651362,12.7396484143534
1.74776168563428,14.524521519758,14,18.6048743227048,0.906183010327006,13.4182103248779
0.615543279301428,12.7353259856397,15,16.2187053616445,0.806337781688465,13.2127603361719
-2.54244959953609,4.73050257134499,5,1.14194696396756,-2.23933786375128,5.09744553265589
0.239711148513506,11.2487364846444,12,12.970596002357,0.0131169794779544,10.0704961387401
0.00312198726307599,10.0078819486111,9,10.0789735776801,0.060507876760216,10.3244836142221
1.65857630091648,14.4370466755038,14,18.5599634387593,2.62822503846434,15.2181253531666
1.35494601155077,14.1095132483995,13,18.3322105030743,1.43307257048067,14.160312375378
0.014609652658421,10.0704072082562,10,10.2257214297341,0.179473362687705,10.9456817329829
-1.67049217709065,5.50615552326222,6,1.42202970701089,-1.63596199864393,5.63216231144091
-2.3991632256412,4.85015926980396,5,1.17489721718047,-1.04052704572607,6.34799314020841
1.55513462437013,14.3314819403814,14,18.4977902966168,1.22940512855392,13.9209042058557
-1.15123428302082,6.10950952994207,8,1.93026897150835,-1.74374061270195,5.52985082305814
5.41158885638789,17.2515555297318,17,19.3439886703373,0.479351523347364,12.2678506007343
-0.435070716932025,7.85870858866311,11,5.13422132376817,-0.800834144970098,6.79949385222477
-1.76679593727427,5.41245507268026,6,1.37451590926619,-0.453719683996816,7.82773233949727
-0.203892911524532,8.90739403302945,10,7.50692393713535,-0.566719654157551,7.43161516074388
0.583396794921306,12.6361287564177,14,16.0183196698861,0.229584857218438,11.1949705260035
-0.642810448031507,7.14774612825779,5,3.64319351441204,-1.03120658352183,6.36288585985185
-0.321635881731005,8.3410787692134,5,6.2091913134438,-0.636050006085603,7.21975895397525
0.559719003891619,12.5598897106976,13,15.8619452773404,0.721059216458779,13.0105864711593
-1.16734923919341,6.08666665288414,8,1.9035338022973,-1.64343819755773,5.62491898386612
-1.40387329607208,5.78838147159744,7,1.61049896212005,-0.406155390336,8.01415799053713
-1.1098460105245,6.17005689038492,8,2.00403159854668,-0.942681387209169,6.51391481161986
-1.34451645021854,5.85775262110764,7,1.66941211822725,-1.39726730241335,5.8790364068888
0.033579146218882,10.1735291986412,12,10.4676876947452,0.529935763733709,12.4465506837033
1.16161775609976,13.8606926343117,12,18.0810886804002,0.822525230287154,13.2482078068061
-0.0501400987538257,9.71823117142948,8,9.39922799651363,-0.332114894120164,8.32753053988872
2.12519616346413,14.8709920105473,15,18.7415790120779,1.38430087029517,14.1064642762607
0.204244673652294,11.0730066909083,11,12.5657389911947,0.143893175384088,10.7635408667151
-1.12141919649315,6.15284304738948,8,1.98263699758376,-0.433856232032832,7.90415429032145
2.51757714338094,15.2070920191352,15,18.8406189189851,1.46000919072325,14.1892908395869
1.29388726166615,14.0354541487412,13,18.2650081173188,1.50727346886903,14.238962946931
0.858357640151342,13.3446375998506,9,17.3459552981042,0.278103254448316,11.4268349808825
1.14975232210989,13.8438719101177,12,18.0615098769691,0.558493128157915,12.5417191343824
-4.81031509279687,3.08150675476712,3,0.735193353998416,-3.36202165840255,4.22024680490351
0.261482410901411,11.3540147603402,12,13.2119096370212,0.221640308685553,11.1560752958883
-0.510846956772674,7.57398817964495,9,4.52006947481685,-0.500135641438679,7.65713959103471
-3.4051527441063,4.04959912522547,4,0.970041593560896,-0.717270449418499,6.99903717874891
0.283986895745565,11.4606205989234,14,13.4551884473919,0.382840798366175,11.8901757518935
0.853365872210211,13.3342465261509,9,17.3286645947004,0.888773102846812,13.3845510591369
-0.51286732081134,7.56680736650976,8,4.50483165142198,-0.0490462877479973,9.73677407253299
-0.0155941241609177,9.90598647696589,10,9.83980448956188,-0.0519440912092565,9.72127302558176
-0.658981142815127,7.10120357902072,5,3.5514754872752,0.0424228021831996,10.2277649557455
1.61236615179656,14.3904965332716,14,18.5337070758047,1.71773773898121,14.44585507436
-0.604172759639417,7.26380302188015,6,3.87574820276951,-0.512720489405593,7.612799032372
-0.184450262285815,9.00634315187827,11,7.73628295335289,0.00844855817179129,10.045408962288
0.556519846216566,12.5493780925545,14,15.8402340705909,0.99722127053888,13.5812537290458
-1.56462803518492,5.61349830819951,6,1.48485669616644,-1.41554926711121,5.8588221586031
1.34934258653557,14.1028637309825,13,18.3264332790317,1.11557554494863,13.7658352337354
-1.33560683344136,5.86843682111698,7,1.67897279673956,-1.01001950275447,6.39741637115089
-0.0827205522914927,9.54218171924854,6,8.98652861214676,-0.0447777868177491,9.75962227247791
-0.22264936353714,8.81325199983778,9,7.28930462107652,0.456683087519432,12.1834928801475
-0.209178295550489,8.88073096729516,9,7.44522734972631,-0.122713747817773,9.34657532481409
-2.61234579194804,4.67287314993536,5,1.12658345397902,-0.891677479908969,6.609774036437
-2.20143375792268,5.01903778275526,5,1.22493809666385,-1.30562864851042,5.98469848082252
-0.615036095039419,7.23046846445618,6,3.80841643105246,-0.849669820244857,6.69428019073568
-2.18049939911131,5.03720806108052,5,1.2306586963329,-1.4776072353334,5.79204654387814
-0.0293072874151426,9.83137439786776,9,9.66469043507841,-0.636314621517739,7.21899318940513
0.520041446228633,12.4259020745724,12,15.5826621075629,0.0293733836976288,10.1577963548494
-3.29553034148889,4.13254307562802,4,0.9903623467275,-2.64789573042983,4.76627730005962
-0.551789545330701,7.43254917609791,6,4.22257090444214,-0.433141945875087,7.90694068143005
-0.24011746860553,8.72681704497177,9,7.09007266212181,-0.52155264410174,7.58216256637309
-0.919950689506284,6.49078112089181,10,2.45947954693101,-1.52562662832886,5.74212062077307
-0.248261898195901,8.68694547707966,8,6.99836924205777,-0.533770013687806,7.54043465287985
-3.55879874103661,3.93510317642673,4,0.942090210187397,-1.26408007056496,6.0353318749326
0.556551757239387,12.5494831939838,13,15.8404513279625,0.704776354240634,12.9688175200471
4.8655167806388,16.9240735583323,17,19.2648066460016,1.68772839300332,14.4175231542872
0.554876533697879,12.5439588976819,13,15.8290271962817,0.459894579621754,12.1956062738614
1.66973429739315,14.448153197314,14,18.5659751163739,1.53755072821298,14.2700654193231
-1.34954379156206,5.8517567277503,7,1.66410430553115,-0.835649878350672,6.72368868910738
-3.18309974152574,4.21868866927976,4,1.01155563366146,-0.673924686040607,7.11332088889608
-0.0294010389064631,9.83086458339325,9,9.66349401362759,-0.829270713389101,6.73727808119695
0.61951665309111,12.7472500377613,14,16.2425420250578,0.838516961712496,13.2823762310615
-1.6620101516618,5.51457392038183,6,1.42661340900392,-1.6659518255377,5.60324712166936
-1.33041838323847,5.87469348439477,7,1.68463273499508,-1.59558351334929,5.67171028233699
1.6254127773034,14.4037328325332,14,18.5413480945627,0.825992342384003,13.2556865724011
-2.18027335289912,5.03740459458322,5,1.23072100014584,-0.421934825730214,7.95100678918655
-0.496030052826147,7.62729681257911,8,4.63360949573094,-0.445122940503044,7.86055497160445
-0.654023955375337,7.11534687829644,4,3.57924793245289,-0.758590834240048,6.8971120084258
0.483893654931015,12.2968578969667,11,15.3089119354179,0.321782542190798,11.6265552429355
0.61458224684883,12.732430944115,15,16.2129096501113,0.464473429168002,12.2127844765192
-0.527641943306301,7.5149338958724,7,4.39516828345976,0.0357754285210264,10.1921383619153
2.30516593937687,15.0273988556057,15,18.7900536242341,1.11026923309798,13.7581202681467
1.08054649662771,13.7412706435438,11,17.935128807079,0.729146485230393,13.0309376863376
-3.98776065534037,3.62648484835812,4,0.867089927356913,-0.971930487906102,6.46199106179015
-1.36025188973845,5.83906276447178,7,1.65300304422844,-1.00586460556455,6.4043013254062
0.483625510600211,12.2958753950836,11,15.3068113246377,0.290923874729674,11.4863787635579
0.545132761729158,12.5115508839203,13,15.7618148277238,0.834840937519647,13.27459532911
2.3851798403536,15.0956547012853,15,18.809763831835,0.942344516629606,13.4854747165592
0.229057757444335,11.1964845057341,12,12.8504685222172,0.0960608065575651,10.5133557726656
2.34495303372539,15.0614295046892,15,18.799969974211,0.94560765581093,13.4913759592295
-0.476473522384279,7.69940916061966,10,4.78831895993843,0.0361007562521917,10.1938827466445
1.55015954540061,14.326273836398,14,18.4944712319916,0.675189619584812,12.8901258261433
-1.28139968793844,5.93514125731635,7,1.7416645227208,-1.68061070734719,5.58924549344664
2.4499619264626,15.150405571301,15,18.8251027828195,1.86714600104248,14.5826465654581
-0.231894824152227,8.76735039740495,9,7.18342995114614,0.0934938119548723,10.4997888636802
-0.566294824389857,7.38447179634035,6,4.12279689995319,-1.21309151864097,6.1001996096524
1.31461993337802,14.0610087697815,13,18.2889104037787,1.50009408732175,14.231508642227
0.290653363266988,11.4917517252749,13,13.5260087128021,0.612813011681259,12.7117489871126
-0.205568546527094,8.89892977916915,9,7.48733307070486,0.0684285233212912,10.3667249932645
-1.27091876023316,5.94839805171907,7,1.75474539142134,-1.21923316493111,6.09221444099871
1.62007565139768,14.3983273147866,14,18.5382425326279,0.416660082209575,12.0280269301722
-2.32041381007694,4.9168570168197,5,1.1940656832779,-1.22437602242882,6.08556531206516
0.26980844509066,11.3937245566289,13,13.3026621241393,0.14132465725351,10.7502489786656
0.182466720178486,10.9627096279743,9,12.3104908683673,0.023519199563674,10.126371752443
1.2095429000988,13.9265776984568,12,18.154622951555,1.3480760151581,14.0651984019463
-1.68727985582217,5.48957803042328,6,1.41316317757877,-1.00167491374034,6.41128246447333
3.71404385307681,16.1430509959611,16,19.0754002608342,1.06780436105591,13.6945945874749
0.214594679990759,11.1248059920689,10,12.6853233735222,0.521189186887751,12.4165845070397
1.34822262907288,14.1015312982505,13,18.3252696061792,2.16187892093903,14.837766351023
-0.200296845783046,8.9255938456926,11,7.54906405794203,-0.566687228693479,7.43171961445089
-1.66998424733094,5.50665882681514,6,1.42230219663702,-0.408273105813664,8.00560756509363
-1.55865557503381,5.61971494671448,6,1.48880360813524,-1.67463263712344,5.59494540404836
1.35955659267122,14.114963562909,13,18.3369085193621,0.579586850552959,12.6094304540158
-1.38045228235309,5.81539301606054,7,1.63279287412499,-0.441729742347473,7.8736162230938
-0.626207091798878,7.19676821279866,5,3.74077713454998,-0.776441032542017,6.85507955248209
-1.33442075088376,5.86986481933923,7,1.68026061122654,-1.29293121015147,5.99997483815006
-1.32964152844672,5.87563251389068,7,1.68548611672045,-0.658490555106369,7.15593281781224
1.55158888583455,14.3277714702245,14,18.4954282136499,1.22211917146048,13.9115210065172
-0.286108237388839,8.50544831801245,7,6.58271868983639,-0.623117011891385,7.25757352535628
0.60988883075573,12.7182305943491,14,16.1844342534923,0.445039951400198,12.1391262982956
0.433306864276818,12.1048450863338,9,14.8941727186451,1.00532385119949,13.5947998168174
0.941230818605327,13.5066535393071,10,17.6042471161561,0.315480781015254,11.5982975287137
-0.204520316917435,8.90422356361146,9,7.49958519891123,-0.322088382262469,8.37207822254659
-3.63580423902577,3.8784971359081,4,0.928303260857238,-0.971297303391647,6.46309296972352
-1.40123940369422,5.79139682659574,7,1.61294740536268,-0.512518872034552,7.61350302224716
1.00794371745665,13.6242401514465,11,17.776998524703,1.08409778849241,13.7193540358295
0.239628548415002,11.2483331782506,12,12.9696696749637,0.0308962100948215,10.1659675421804
-1.1906603280475,6.05430055214987,8,1.86668994935322,-0.887869218722736,6.61722000071913
0.676164786529466,12.9095015685212,16,16.5609706102502,0.502951480522419,12.3528518900394
-1.54484453444904,5.63416370267374,6,1.49811588759944,-1.76983534810898,5.50569352500405
2.33387056594146,15.051968726713,15,18.797231801685,1.41709705962065,14.1428772759381
1.74349634784818,14.5204016695877,14,18.6028783638639,2.14309697180224,14.821937965135
-3.76214801420022,3.78675820091721,4,0.905993160059296,-1.26381881235375,6.03565629896589
-0.17412050355751,9.05944253592943,11,7.85960438990156,-0.218539790311925,8.85917130270054
-0.644800709657235,7.14195427235211,5,3.63172957450287,-0.424937502413771,7.93913624025204
4.96652686746602,16.9867430329728,17,19.2799681591322,2.3400435191213,14.9857168350481
-0.0172531119267287,9.89695660152207,9,9.81861010653033,0.172660113740172,10.9111064347081
-1.31159612791498,5.89761225512775,7,1.70575372230948,-2.10048886445738,5.2141553317622
1.71928219109481,14.4968981499833,14,18.5912755450653,2.24025635692703,14.903318214825
-3.81948698957744,3.74559241447257,4,0.895993155370316,-0.702293316336275,7.03764659870665
-0.232435880069436,8.76467479256001,9,7.17726346057989,-0.831499559330955,6.73251502780536
1.3341952235093,14.0847451496281,13,18.3104363240411,2.1835698549618,14.8559868500396
1.00613377974159,13.6211845977344,11,17.7726796702494,1.52459049793277,14.2568166776808
-0.170358763404079,9.0788660438272,11,7.90475366369672,-0.532431347359613,7.544970108716
-3.6228985582448,3.88794755774872,4,0.93060377469369,-2.142304920647,5.17873060521514
5.03553853213629,17.0290128331647,17,19.2901921111387,1.04710554923271,13.6624120776266
-0.0899766303924716,9.50318057185777,6,8.89518896266515,0.359882017233553,11.793246497251
-0.0270044715089576,9.84389836554642,8,9.69408196900778,-0.519077865169205,7.59070698417425
-0.604597835813355,7.26248814327606,5,3.87308446458126,-0.473669839800324,7.75304276327143
-2.10712127241467,5.10139832625478,5,1.25153745936909,-1.37683921139624,5.90194272655798
-0.206331494967962,8.8950792804372,10,7.4784225030006,-0.255411886933109,8.68035432331959
-2.09389054788851,5.11306006326927,5,1.25545336887293,-2.01967994161156,5.28337931222571
0.0714824048064491,10.3786087539144,13,10.9484567334562,0.300626869598933,11.5309396506172
-0.0250214319927942,9.85468525162467,9,9.71939769408468,-0.0497354693131345,9.73308670523539
1.43426227176361,14.200820127879,13,18.4065642955518,1.05514139116505,13.6750053577993
-0.525863825019228,7.52111754305754,8,4.40820203765721,-0.516100656107836,7.6010272809074
-4.98073078737381,2.97643095026975,3,0.709807888861283,-1.20702635252502,6.10813383889851
0.531123091564638,12.4641213707246,12,15.6628711276211,0.0525960310981496,10.282213165708
-0.249382340953169,8.68148214452191,8,6.98581407307338,-0.492026318324243,7.68614139514129
3.46768135080688,15.9604219433602,16,19.030862054056,2.37739141289645,15.016279654619
-2.28745501624507,4.94498505817706,5,1.20236428028064,-0.753342749931882,6.90969434795888
0.596135557518465,12.6760236762938,14,16.0993466039192,0.379580184469975,11.8765736141704
1.03361352401907,13.6668255530403,11,17.8362029575963,0.962940523739588,13.5222736755753
-0.302994644312967,8.42657243587683,5,6.40309908859525,-0.0281552166430056,9.84874108550761
0.65782162306254,12.8585180549199,16,16.4621556068117,0.874705048696196,13.3567168236105
0.644068294604498,12.819326040217,15,16.3853994175167,0.861324176514964,13.3296975627668
-0.506665067518036,7.58891857029806,8,4.55179542186727,-0.212669695065818,8.88813820145458
-0.278946864384366,8.53929938936502,7,6.66000423960727,-1.23193956050813,6.07584752322381
-2.34459454084346,4.89630199317127,5,1.1880858023418,-1.47916377352226,5.79040568125136
1.59994410804059,14.3778219371205,14,18.526248885245,0.942341911041464,13.4854699936213
1.19117823382761,13.9017064531472,12,18.1274582248434,1.44694706195041,14.1753025754328
1.03882932567442,13.6753114477897,11,17.8477771932677,1.47990548614092,14.2103756606177
0.211845216259501,11.1110859084129,10,12.6536680651789,0.229104852641271,11.1926275850243
1.4058324387539,14.168667847998,13,18.3814247057877,2.05390675877541,14.7460708084871
-0.0407155851065261,9.76937575897301,8,9.51920934704119,-0.256126121537276,8.67694620148722
-0.186177605656016,8.9974987227508,11,7.71575773868429,0.0149575099053235,10.0803853086631
-1.60320653268033,5.57377980739931,6,1.4604641279273,-0.660890691298494,7.14923826685497
-3.35843490064583,4.08482024719046,4,0.978661864414138,-1.01098215785054,6.39582657346826
1.14525017933279,13.837433757588,12,18.0539295196246,1.53479162765697,14.2672528196761
0.475398397966693,12.2655485734601,10,15.2418568454681,-0.23824330113192,8.7629260047767
-0.538528846481797,7.47742496608934,7,4.31634014995976,-1.23056114974367,6.07761317503935
-2.27564081646454,4.95509970516792,5,1.20538309290197,-1.25799748963825,6.04290548484032
0.219405465687028,11.1487408906724,11,12.7405128120952,0.343579100699793,11.7227998866974
0.132159558634168,10.701899036036,7,11.7041091015441,0.135657311977441,10.7208582768104
-1.32107727340732,5.88602368193857,7,1.69499781294595,-1.06305389953912,6.31271808253641
-0.54841729015027,7.44387722661574,8,4.24618416681879,-0.564671940190831,7.438221654663
-0.507709436754719,7.58518143240587,8,4.54384882658018,-0.67034221752905,7.1231197617107
5.34827165322413,17.2150046020337,17,19.3351565712715,0.962992967048313,13.5223660352041
-1.35042449808365,5.85070874931051,7,1.66318082831837,-1.57816835357766,5.68900268166668
1.33558943384949,14.0864217375155,13,18.3119323203794,2.16477773653128,14.8402050145242
-0.553558068183575,7.42663119399918,7,4.21025049485043,-0.597325787601915,7.33529183076138
-0.64036726475502,7.15488060048528,4,3.65733420719024,-0.237499761414989,8.76652968943935
0.478318921554259,12.2763546166411,11,15.2650267814392,0.262435162792712,11.3530632765823
1.19474407293013,13.9065711343053,12,18.1328283533928,0.411264035186312,12.0064289115889
1.69350451585733,14.4716518780541,14,18.5783875325496,1.03203834114424,13.6384504267704
0.579072285409907,12.6224081096625,14,15.9903227390203,0.3522023442484,11.7602277665196
0.225716795102593,11.1800015662853,11,12.8125278766119,0.472249483550002,12.2417080077304
-2.58192983110145,4.69789370878611,5,1.13321973918639,-0.610986998515164,7.29373887703685
-0.171242279865193,9.07429999794511,11,7.89413823004032,0.19159042846442,11.0067899452484
1.97784827333139,14.7393202397058,15,18.6956640137478,0.935203546608962,13.4724653651177
-0.946417595603694,6.44110432715519,10,2.38238814152734,-0.654867390764525,7.16608658157074
0.65156192311042,12.8407840017521,15,16.4275075260934,0.945790233936473,13.4917053438134
-0.197286851780558,8.94086358973447,10,7.58443631956457,-0.0678140846711289,9.6365489055694
-2.30244715782474,4.93217415659862,5,1.19856750428479,-1.29386557950702,5.99884492414105
0.000309201902731467,9.99256833842977,10,10.0430299573764,-0.0380361369406888,9.79574149506089
-0.519594396052718,7.54304960679093,8,4.45451538169595,-0.118926224270852,9.36638470740151
-1.73792969859497,5.44020004082181,6,1.38794823556138,-1.06822275790128,6.30476340679792
-0.479379226710378,7.68856811288302,9,4.76498158231535,-0.513503678767752,7.61006632468721
0.548479654516463,12.5227360580587,13,15.7850492044512,0.219022838291736,11.1432064987643
0.480121251146337,12.2830011045668,11,15.2792640520286,0.441990293659349,12.1273888281331
0.425602579113058,12.0744222812678,9,14.8277397959533,0.0931723922319957,10.4980892536977
0.0111183485008926,10.0514085880419,11,10.1811334163435,-0.17065499119879,9.09909754597638
2.36855788460316,15.0815343009667,15,18.8057437080821,2.0554398298854,14.7473853210046
-0.245312064401705,8.70135441774499,8,7.03149417980482,-0.259849402704265,8.65921529310684
0.0217238137186997,10.1091049260214,11,10.3165336497592,-0.0756826081561528,9.59466351333358
0.52230054258784,12.4337440819581,12,15.5991536672255,0.515732833763283,12.3976945615087
-0.718199749467877,6.94045277029053,3,3.24237208662061,-0.729185284898542,6.96896529849502
-2.29070638103216,4.94220442658761,5,1.20153767616635,-1.74449100465688,5.52915309891225
0.501269834037528,12.3597301083427,12,15.4428317295417,0.14679347179858,10.7785279086706
3.61621129978423,16.0711637401427,16,19.0578906439916,0.88342281725516,13.3740333757455
-1.39485376039227,5.79873047763172,7,1.61894435566433,-0.540431571950992,7.51799873784029
0.0135289427950509,10.0645267704834,11,10.2119208181534,0.765698047006079,13.1197639289302
1.28697469019263,14.0268349987477,13,18.2567751731661,1.59430418767118,14.3270244139396
-1.3145260641571,5.89402141040325,7,1.70240415054974,-1.1811411631827,6.142555905737
1.54586977224637,14.3217725347671,14,18.4915824419917,1.62794661207607,14.3600452775767
-1.49373087141389,5.68858158699628,6,1.53498927595034,-0.886084279394892,6.62072431582521
-0.159728761000628,9.13399320592496,12,8.03300198342561,-0.63326171122355,7.22784720699747
0.457394046147766,12.1979468519089,11,15.0962907815815,0.6522909066751,12.826657733572
-0.0225382977577845,9.86819483856283,9,9.75110427011571,-0.453598716013079,7.82819153060119
2.163715538172,14.9048373844611,15,18.7525398311783,1.38925594200701,14.1120214201422
0.159914670677859,10.8467598532379,8,12.041352026997,0.41340754161747,12.0150265305764
0.492420116989479,12.3279046909162,11,15.3751676072138,0.834552102707395,13.2739821216135
0.300160610235948,11.5357856271705,14,13.6259992088744,0.332266049886141,11.6731372831115
-1.58277107640172,5.59472675307699,6,1.47315286408957,-1.3179300549431,5.97005662775253
-0.213317756876058,8.85992173513302,10,7.3971096135187,0.41067966612579,12.0040808670043
-0.174105297962754,9.05952095757656,12,7.85978663750375,0.0549055066094835,10.2945592287724
-0.0881603199923712,9.51293485377139,6,8.91802971063601,0.0684309368512068,10.3667378522029
-1.38470883501254,5.81045017001022,7,1.62865234240384,-1.25144275166091,6.0511152608235
-1.16473689255294,6.09034306923223,8,1.90779603237738,-1.07551020006212,6.29363413228756
-5.14259733739168,2.87912505765541,3,0.686310736619158,-2.73641099514746,4.69647951821815
-0.229758486951282,8.77792646466558,9,7.207810109634,-0.249869695313506,8.70687399530455
-3.32193354676467,4.1124705335536,4,0.985437968210232,-1.50143762361474,5.76709398814024
-0.535972575309358,7.48617795906142,7,4.33469916383355,-0.428861847492422,7.92369276101721
2.4920731138057,15.1857638147523,15,18.83482047537,1.51826032362041,14.250310711997
-1.57061005656876,5.60729042027788,6,1.48095076116457,-0.967545748886446,6.46964137666706
2.22785388319452,14.9607309295172,15,18.7700340627706,1.56006982502862,14.2928658368939
-0.191751571142352,8.96902855476674,10,7.6497187199606,-0.624715715709249,7.25285769918444
0.0245540092074085,10.1244928290337,11,10.3526410800879,0.489807125420154,12.3058630414542
0.0251844530091137,10.1279199561208,12,10.3606824655248,0.141320122137275,10.7502254939398
-1.60146977847154,5.57555219153838,6,1.46152287454443,-1.43318898015565,5.83956127481407
0.241845380618469,11.2591471655265,12,12.9945027631932,0.468299836393344,12.2270562562654
0.477215682828511,12.2722778234136,11,15.256288740192,0.923600051871527,13.4510427831747
0.533337386792257,12.4716836006997,12,15.6786916774073,0.476985707569546,12.2591710484848
-0.24218135632893,8.71668689292928,8,7.06676120339947,-0.393090572121843,8.06742130722123
1.19106496143392,13.9015516371477,12,18.1272868692979,0.293154662115984,11.496662377854
-3.52546267947366,3.95976979091256,4,0.948103976634167,-0.718161280023972,6.99676926547649
3.76925586449229,16.1832476833046,16,19.0851813520843,1.80841238343895,14.5296397950183
0.0616741410471035,10.3257078248093,13,10.8245174540522,-0.0773908384409793,9.58558234943385
2.03079207806673,14.7870653424055,15,18.7129857498085,2.51393989859098,15.1268610748241
0.00715795471421014,10.0298527815586,11,10.1305415479847,-0.0777599631586995,9.58362062438967
0.563298919118907,12.5715925159498,14,15.8860748315457,0.503761318087671,12.3557179265822
1.77606106734647,14.5517083722564,14,18.6177658560379,0.684180877683808,12.9144286871258
0.544771330999731,12.5103396492837,13,15.7592964839459,1.19683514661247,13.8784237433253
0.197538567676491,11.0392271700218,9,12.4876528591373,-0.0932407686942593,9.50154916785714
0.537172499856648,12.4847226808479,12,15.705930500562,0.154049388985967,10.8159185003892
0.596443953685864,12.6769798991169,14,16.1012816513584,1.08256498607567,13.7170457008343
1.39870737092692,14.160512980366,13,18.3748704150699,0.579547135403487,12.6093050001462
0.644799339514672,12.8214303930314,16,16.3895377116586,1.21358986503888,13.9004501558403
-0.590291047267855,7.30721820997561,6,3.96405224580251,-0.242251975425645,8.74353641008713
0.135108311046902,10.7173930017975,6,11.7402270344649,0.120872032553126,10.6437963994159
0.608554634921145,12.7141750939172,15,16.176287673927,0.418937381125016,12.0370965787682
-1.57371164758996,5.60407899432384,6,1.47894395652685,-1.40411987327621,5.87142871923898
0.401883530187687,11.9788007261777,9,14.6177813492118,0.952544121166469,13.5038307576483
1.6153622905056,14.3935429901473,14,18.5354795324068,0.8322131491984,13.2690065058014
0.524678690786767,12.4419712865215,13,15.6164366117944,0.864860388256853,13.3368905431896
1.12181013699506,13.8034008638549,12,18.0130730096219,1.44681222586569,14.1751575584402
2.03806164570794,14.7935810778918,15,18.715286263645,1.73066899636603,14.4579651386556
-0.567399439082107,7.3808534657298,7,4.11531753246702,-0.421939254895477,7.95098924473093
-0.530366851500553,7.50548902177925,8,4.37528130647563,-0.17859124277804,9.05878622008818
1.32531754798795,14.0740262091646,13,18.3007958135844,0.786697024662083,13.168547496754
0.00518038922383532,10.0190877744366,11,10.1052751062437,-0.0306757931877979,9.83521508365723
-0.00307802451305274,9.9741264283821,10,9.99974305406313,0.0523070146737092,10.2806677309123
2.88115801912155,15.5045956908543,15,18.918041909723,1.39477924856025,14.1181920465137
-0.498570477299155,7.61807583088988,9,4.61391830447155,-0.370836394034931,8.16017073785635
-0.223654631936509,8.80824461961336,10,7.27774714794051,-0.444566802789318,7.86269157365976
-0.251881308192742,8.6693163142299,8,6.95786517185407,-0.64452611643602,7.19538691920799
-0.239724324322179,8.72874871489367,8,7.09451875474954,0.0498073297042375,10.2672977462374
0.247270858536677,11.2855250903925,12,13.0550340868674,0.801172426566959,13.2012623545147
-0.27393605047384,8.5631241883035,8,6.71446689972632,-0.471277218372547,7.76189123487048
0.532380470811407,12.4684185946607,13,15.6718631801115,0.250250831417789,11.2949539339665
-0.26269531768013,8.61698029188015,8,6.83777964400245,-0.215229441576362,8.87549058391832
0.935833386236872,13.496668948021,10,17.5889811200854,1.82994362993502,14.5491769154185
-0.0351365060069022,9.79968493539707,8,9.59032615025969,0.148940424872503,10.7896070061591
-0.170056255048071,9.08042998782791,11,7.90838987280446,0.111633497662498,10.5953805450121
-0.00572935026865804,9.95969098279627,10,9.96585986878492,0.259032908095689,11.3369015353358
0.239541011803757,11.2479057372304,12,12.9686878998358,0.454277559302892,12.1743843543645
-0.446557932322174,7.81360493964965,10,5.03574077677075,-0.899092293084428,6.59539521319164
1.19228626725664,13.9032199410406,12,18.1291319248567,0.494387895374398,12.3223393223181
-0.261959993147237,8.62052286414817,7,6.84590039316941,-0.644724659374477,7.19481989823149
2.15344316889626,14.8958326108558,15,18.7496524469653,2.15634396802642,14.8331068367075
-0.528841475479959,7.51077149305621,8,4.38640089668975,-0.290833807850482,8.51403691516551
0.200602927880778,11.0546835745766,10,12.5233922866673,-0.184439601199879,9.02921252360492
2.33836002830426,15.0558029284521,15,18.7983431903257,0.741858970906188,13.0624098738701
-0.524344084218688,7.5264154757289,8,4.41937738094991,-0.111878795487585,9.40333146833924
1.26386105969125,13.9976396285398,13,18.2282436375532,1.63361254934447,14.365556482798
-0.157240883651961,9.14694500389399,12,8.06315525047101,0.0129145734468878,10.0694085538939
0.444336759477415,12.1478564632943,10,14.9877748629619,0.207246346936028,11.0849837751155
0.542272586922302,12.5019479168222,12,15.741836463292,0.0335221154187864,10.1800541913039
-0.0361830856728214,9.79399760019453,8,9.5769808318261,0.07920614073779,10.4240630906397
-1.15893887916848,6.09853924173025,8,1.9173533475972,-0.77989630045504,6.84707746392527
0.393832678389677,11.9456734697538,7,14.5446557780692,0.604034091548734,12.6852223186653
0.448645546382072,12.1644848803892,10,15.0238585626179,0.3182168115928,11.6105896861023
-1.58959003344942,5.58771447696224,6,1.46886207085172,-0.82955582431374,6.73666789602627
-0.576009384063238,7.35285677576034,7,4.0575907405275,-0.752283222473811,6.91224713448603
1.64817206208819,14.4266450223611,14,18.5542463292617,2.12589697534579,14.8073995047266
0.491997211206344,12.326373687265,12,15.3719060077374,0.627416055332037,12.7550810902325
1.15518299515256,13.851596803443,12,18.0705424560372,0.878999983244114,13.3652759942523
-0.254685430531386,8.65569671695788,8,6.92659162304504,0.0449633374493007,10.2413712859345
-0.533864796031993,7.49342023974512,8,4.34990627803643,-0.721104819305966,6.9892980444133
-0.0390124096631197,9.77862617276015,9,9.54091334923189,0.170601524831191,10.9006301907664
-0.64433044528384,7.14332116913553,5,3.63443383258037,-0.992119005257532,6.42735196824983
-4.41285641452356,3.33705370080126,3,0.796986316958477,-2.1622196001126,5.16194698955823
0.211560500696717,11.1096634701104,10,12.650385386032,0.376497450527724,11.8636634813092
3.39317654438846,15.9041509739239,16,19.0170947954025,2.98712648313622,15.4979088536052
1.72977597334271,14.5071083802038,14,18.5963616805906,1.33001778529599,14.0441842729047
-0.671088357697688,7.06711718995163,4,3.48490693683181,-0.385370706989439,8.09930791465204
-0.481690845257227,7.6799751884632,9,4.74650322315832,-0.543255517752904,7.50855480492122
-1.06564019304472,6.23798437625663,9,2.09166036592091,-1.71157709047375,5.55993476906037
0.600145731144243,12.6884225374254,15,16.1244112847122,0.879550856635241,13.3663698690779
-2.29894667302698,4.93516291632307,5,1.19945066502033,-0.867622715115862,6.65751699969714
0.481498411963798,12.2880682797334,11,15.2901111526166,0.344166013991003,11.7253590546635
-6.69279493232228,2.06797838804917,2,0.490886994397766,-3.02063899912628,4.4764687354016
-0.650930699626212,7.12422777455733,4,3.59673131824824,-0.529790893931938,7.55394250137797
-5.11339477739498,2.89650034425166,3,0.690505686483485,-1.60853290011905,5.65894632861363
0.139068497212908,10.7381642806096,8,11.7886300534851,0.462282888710723,12.2045799467845
1.60517061504911,14.3831634053996,14,18.5294085991655,1.46964133794129,14.1995311992732
1.61820644556418,14.3964311593327,14,18.5371474005325,0.626221668359744,12.7515738043741
-5.07723333503874,2.91812575766334,3,0.695727230332394,-1.60914900266856,5.65834099662634
1.13030341243774,13.8158334747273,12,18.028150999367,0.997747578686217,13.5821380784023
5.3504606989073,17.2162744646218,17,19.335463442414,0.532017309691496,12.4536252903857
-0.211281971565957,8.87014761846799,10,7.42075147401789,0.173389378779688,10.9148144430741
1.31755174894431,14.0645875159699,13,18.2921974030344,0.579254432382345,12.6083801627078
-1.3394648245396,5.86380121260889,7,1.6748084881876,-1.66479230285228,5.60435826349302
-0.0477405998744202,9.73124534242758,7,9.42975516737113,-0.207167204403257,8.91540926548945
0.00485637225057087,10.0173238923606,10,10.1011350740777,0.135325350306813,10.719134108944
-0.0860830660559285,9.52409739976179,6,8.9441709915034,-0.253246630061559,8.69069963630979
-3.27117793797839,4.15110984366025,4,0.994921603219971,-2.65749056390581,4.75868084993146
0.170846999936955,10.9031771914565,9,12.1724026647759,0.9273448656105,13.457995312046
-9.43790880956481,1.10375491319796,1,0.259975223876114,-1.44681393151686,5.82484060704189
-0.151734918110874,9.17567359910988,12,8.1300673590958,-0.0282751519499052,9.84809740012255
0.392493470432441,11.9401300788967,8,14.5324006066085,-0.151179647742758,9.19885163732267
-3.32854583846461,4.10745308766437,4,0.984207758774142,-1.2777630462704,6.01844878410454
-2.00543797189055,5.19178276817065,5,1.28303032809617,-1.10098919206374,6.25548800762592
-1.13640797667081,6.13087984526727,8,1.95582660501129,-0.167777579993388,9.11376283363357
-2.31055102718279,4.92526060135808,5,1.19653057470709,-0.483072208366361,7.71855775373909
-0.207076566747585,8.89132108666276,10,7.46972649773326,-0.00344467556001607,9.98148500699878
6.76665687582562,17.9467433289169,18,19.5116720002622,1.02017655499027,13.6192567174108
0.622591848902389,12.7564285862908,14,16.2608520149675,0.762689314738295,13.1126426097018
0.465715538749317,12.2294028613832,11,15.164154883629,0.841991077815765,13.2896900138871
-1.66897758679998,5.50765662409672,6,1.42284298959907,-0.823453897052814,6.74978512018385
-1.13804711069362,6.12850012811576,8,1.95295469620491,-0.513032546084674,7.61170982847359
-1.12152183531707,6.1526913921646,8,1.98244999463162,-1.46227186335796,5.80829799024796
1.70578983596153,14.4837137864525,14,18.5846012241402,1.07819074157803,13.710434603436
0.58505385329568,12.641362304517,14,16.0289813743131,0.376153940963156,11.8622218948772
-0.583379269627985,7.32918144771774,6,4.00897802199321,-0.322275527210531,8.37124225735989
4.47139084661134,16.6704621746091,17,19.2034075721886,1.63363599540902,14.3655792595975
1.49499876643581,14.2676041509635,14,18.4553110397689,1.58654130861908,14.3193297281454
-0.411151669201754,7.95485857496645,11,5.34547069625896,0.168218769213471,10.8884874646487
0.0755266123438887,10.4003793233316,14,10.9994432524284,-0.0811824156428192,9.56544206573042
-2.39846583401013,4.85074689984115,5,1.17506326681645,-1.50753491915006,5.76076617948106
-0.0774253802892748,9.57069670393916,7,9.05333261140822,-0.0394962706138353,9.78791547662432
-9.13303591917049,1.18576901209656,1,0.279535907077411,-2.23891191249539,5.09779975499913
1.32194958254664,14.069939932062,13,18.2970859124458,1.09626436883439,13.7375259603489
-0.451084329021556,7.79602367408476,10,4.99746572820829,-0.23738856929318,8.76706879403948
0.502565918130889,12.3643571332899,12,15.4526474193462,0.615938902024748,12.7211074641367
-5.2091212291619,2.83983906172389,3,0.676827101609419,-0.96374077874529,6.47631769809744
2.27474353706422,15.0012526302044,15,18.782301648883,0.430509448136913,12.0827671517669
-0.443723227808564,7.82467045390718,10,5.05986349256809,-0.874589728977087,6.64351374384488
1.12053060806411,13.8015176956561,12,18.0107739015723,1.53340881629446,14.2658415959334
0.518976791012088,12.4221973157377,12,15.5748650856842,-0.00606630790827231,9.96739434942278
-3.4189918909798,4.03920198372942,4,0.96749912413727,-2.15680105300313,5.16650821514902
0.581415374037118,12.6298533884383,14,16.0055229366591,0.732294024353498,13.0387886413144
-0.23295428105577,8.76211233257641,9,7.17135825635536,-0.360581182654476,8.20376219748772
-0.472352414206925,7.71486081453453,9,4.82162842958089,-0.464716217800689,7.78630770861799
-4.48000596407782,3.29285225698306,3,0.786292163189303,-2.04257262595434,5.26365956464311
-1.74071998182955,5.4375061124518,6,1.38662166894458,-1.7948612623411,5.48272240592039
-2.27963858910503,4.9516751154762,5,1.20435886267375,-0.89855568425478,6.5964305813999
-0.516368702450423,7.55441257831676,8,4.47856194513741,-0.413899645001663,7.9830030056925
1.32525477466857,14.0739501480028,13,18.3007269339494,1.90762824976058,14.6186839776921
-0.555558649591889,7.41995556968513,7,4.19636573522411,-0.500240197507748,7.65676786668475
1.39525452617285,14.1565466360556,13,18.371656219988,0.247733850675142,11.2828711597151
1.65810159304206,14.4365730490024,14,18.5597049579358,0.780500189996456,13.1543166830683
0.55357359541496,12.5396526484782,14,15.8201152386008,0.701789185604531,12.9610379030893
0.0750427951862638,10.3977762271074,14,10.9933474298425,-0.383631542386686,8.10653375197198
1.18549960521694,13.8939233834449,12,18.1188090919945,0.820111739769985,13.2429783293859
0.59995052855247,12.6878207638869,14,16.123196092297,0.464476454919559,12.2127957920393
1.32786240820097,14.0771065733845,13,18.303579764687,1.25171199193063,13.9492229581024
-1.38470883501254,5.81045017001022,7,1.62865234240384,-0.952227970780881,6.49673427984355
-0.623591970333455,7.20460525576121,5,3.75646721839805,-0.233958930526177,8.78372177966253
-0.25090526748977,8.67406484385461,8,6.96877259490525,-0.30535207123034,8.44751950656239
-1.29710847868295,5.91549753591906,7,1.72266177370765,-1.56226853540725,5.70492246218582
-0.225069382182773,8.80120430415682,9,7.26150061595646,-0.711342855663454,7.01420912239146
-1.36321978481924,5.8355627341365,7,1.64997452579619,-0.616379231701232,7.27757789614118
5.30566441536923,17.1901996938826,17,19.3291619506457,1.37666733864867,14.0978630712744
1.61332286529011,14.3914697566305,14,18.5342741506658,0.963574824361344,13.5233903135422
2.38900563387858,15.0989004679271,15,18.8106839882221,1.15655280051923,13.8238640331979
-0.54557528792062,7.45346849305585,7,4.26620747293393,-0.461465374355486,7.79848838986124
1.29559503898565,14.0375757986309,13,18.267021436434,0.00738777693787173,10.0397079384051
-3.3683844384686,4.077303324652,4,0.976821109412389,-1.67416717197914,5.59538979212554
-0.245935373054737,8.69830670628778,8,7.02448630036147,-0.719839785950835,6.992504683153
-0.0240079050897881,9.86019907661794,9,9.73233834862389,-0.321526264258595,8.37459019027387
1.15647947280134,13.853434407895,12,18.0726810292303,0.831558862351916,13.2676114824696
1.53058451014783,14.3056520265777,14,18.4810816619799,2.27264060262908,14.9301826576431
-0.230483335468931,8.77433599601313,9,7.19953232915542,-0.295797010357108,8.49118662068111
0.58738173851988,12.6486922421608,14,16.0438975642799,1.58713642571716,14.3199206514436
-0.116277274435008,9.362638075959,15,8.5663913180408,-0.197686966452018,8.96265620652072
-1.55037328242745,5.62836727273814,6,1.49435658772146,-2.23902427568102,5.09770631131807
1.0614748179197,13.7115287084009,11,17.8963232378913,0.369120987447164,11.832574815686
3.33074406461421,15.8566294655199,16,19.0054460548799,1.39039511890759,14.113296148559
5.03605642648791,17.0293283663154,17,19.2902684237543,1.61831796094578,14.3506471668351
-0.242219588496697,8.71649940572594,8,7.06632983813448,-0.503644566024011,7.64469505489745
-0.206696393062719,8.89323845147183,10,7.47416292927658,-0.00340410518874718,9.98170306792094
0.573801095006925,12.6055613850281,14,15.955858228962,0.0492948704353045,10.264555987959
-1.15149452181179,6.10913749889314,8,1.92982869223408,-0.456818184543221,7.81599646809453
-0.583335545576914,7.32932112653606,6,4.00926426482325,-0.286516753925643,8.53400488052911
-0.593598532378405,7.29678999099599,6,3.9427803167931,-0.344081336987529,8.27501006393366
-0.58930771876619,7.31032875355185,7,3.9704046703436,-0.354295806849253,8.23074199725679
0.249938222180943,11.298447095361,13,13.0846647173955,0.202328491450468,11.0605167434861
-0.528854826551545,7.51072520592293,7,4.38630342850249,-0.867793671864555,6.65717164653029
8.99751036498046e-05,9.99137476981029,11,10.0402284272659,-0.366097153816503,8.18024937522464
1.04720180299522,13.6888189266003,11,17.8660450505074,1.12660860299751,13.7817254858193
0.557008577498439,12.550987214398,13,15.8435599250345,0.352066617826116,11.7596415461996
-0.554189656788219,7.42452151773915,7,4.20586104968619,-1.10487551250582,6.24977100113711
0.0114282792820311,10.0530953037816,10,10.1850920675513,-0.049331828132327,9.7352462723131
-3.08084546562584,4.29798007960948,4,1.03116817774772,-2.00233233116822,5.29838367719465
-1.58104047806839,5.59651009138881,6,1.47425107725746,-1.38453721909203,5.8932701943468
0.532231174302838,12.4679087764605,13,15.6707966551882,0.283772473461875,11.4532573971849
3.0995703012044,15.677765591934,16,18.9613484490751,2.97711181620418,15.4902356656447
-1.33400738321039,5.87036281459972,7,1.68071027475688,-0.852527799406482,6.68836124704828
-5.40535705339645,2.72633585277459,3,0.649437348268258,-2.0182950784581,5.28457514617508
-1.15938390629496,6.09790834866683,8,1.91661480991709,-0.717379353018242,6.9987597568966
-0.603504558371649,7.26587169309853,5,3.87994029304832,-0.912937204731098,6.56895946369531
-0.00725143571617107,9.95140390896474,10,9.946408240957,-0.130496702041102,9.30597734929371
0.54157193638687,12.4995892502652,13,15.7369251122538,0.625862200316194,12.7505169573355
0.576705814354373,12.6148615525279,14,15.974896239431,0.243490516119561,11.2624408895783
0.0016304576920445,9.99976174826521,10,10.0599141746566,-0.0997681047692455,9.46707278254142
-0.157880181433959,9.14361508469859,12,8.05540203756969,-0.0723800477560659,9.61223273133748
0.180240548724606,10.9513396445094,9,12.2841341110985,0.622230164765838,12.7398054040842
3.25040406324033,15.7949855899008,16,18.9902991301429,1.82067090780861,14.5407784796292
1.39296130488619,14.1539070981002,13,18.3695076397115,1.97411237373089,14.6770902671379
-0.038689525150087,9.78038008708503,8,9.54502861130964,0.336887002495301,11.6934989432342
0.584708922918783,12.6402739877025,14,16.0267650634304,1.15217893175354,13.8177962854362
2.18150071531907,14.9203925881518,15,18.7574807349319,0.945081423602064,13.4904261237417
-0.068125093071398,9.62087942849427,7,9.17095373834558,-0.231977702408687,8.79336353998879
-0.264041427914462,8.61050130045538,8,6.82293060713317,-0.0772673259952958,9.58623880719574
0.22685326935893,11.1856135678686,12,12.8254480921606,-0.482011021690879,7.72242696961893
0.0160409334977113,10.0781945054285,12,10.2439968355998,0.278923580283573,11.4306672552721
-0.247890073787457,8.68875968767963,8,7.00253899914678,0.0674515271505201,10.3615190473204
0.243422362261922,11.2668271912788,12,13.0121329437408,0.0967993989688434,10.5172570327613
-0.495675294175887,7.62858715400982,9,4.6363666845985,-0.963055478393316,6.47752388277682
0.489561345218148,12.3175373107379,12,15.3530697461402,0.255032667350999,11.317835262156
-1.58571393660829,5.59169763854461,6,1.47129399129264,-1.49275426230178,5.77614491233892
-1.17124425566357,6.08120387463631,8,1.8972295718847,-0.890790115308777,6.61150530386324
-0.253392682683175,8.66197138479341,8,6.9409976195646,-0.170654261730111,9.09910126054056
-0.00451708523549516,9.96629128871202,10,9.98135226130814,0.0451401455539822,10.24231800216
-0.203795959729056,8.90788408894702,11,7.50805833568626,-0.407866249834605,8.00724847085138
-0.168944572987292,9.08617978138074,12,7.92175940111834,-0.0524698842399724,9.71846135862793
0.237360483406688,11.2372478114678,12,12.9442030406319,0.118132417730069,10.6294593151088
-3.6024629068021,3.90294197368264,4,0.934254836994522,-0.533756744392974,7.54047956559109
-3.10619651577962,4.27823836798479,4,1.02627398889693,-0.971530110001237,6.46268771350606
0.0270318691813866,10.1379612175568,12,10.3842425286,0.494572215978441,12.3230000335843
0.225059778338513,11.176754773806,11,12.8050518166817,-0.138899784567312,9.26231590942801
0.201612640493837,11.0597688373095,11,12.535147217904,0.0359532721722139,10.1930919567588
1.18620776080898,13.8948964074573,12,18.1198942495879,0.829792457304902,13.2638383370831
-9.43790880956481,1.10375491319796,1,0.259975223876114,-2.87765011690601,4.58638169506659
0.271728895158254,11.4028394623333,13,13.3234713991868,0.126234606296167,10.6718087649749
0.560045969108166,12.5609611873423,14,15.86415636044,0.636359508323892,12.7811366760933
0.487602338571557,12.3104084566318,12,15.3378591118035,0.231101448436739,11.20236708466
0.627712474900526,12.77161567347,15,16.2910740926748,0.439460204207076,12.1176143026083
-0.292320930582104,8.47627351470821,6,6.51620352121237,-0.335244906035205,8.31372471070343
1.06557786281563,13.717984686125,11,17.904830200566,0.845358750054463,13.2967431038003
-0.245199082323526,8.70190702657317,9,7.03276492709073,-0.307762646975189,8.43657101887005
0.237793897204112,11.2393678308505,11,12.9490742085747,0.344036270988368,11.7247934726939
1.32797208931476,14.0772391945361,13,18.3036993786613,0.825381943364685,13.2543727748975
1.3545472945822,14.1090410255339,13,18.3318018786851,0.752524887920609,13.088335498097
-0.56867287340818,7.3766896341224,6,4.10671581623377,-0.121205113767913,9.35446169745768
-0.936458111839642,6.45958212521405,10,2.41080642808843,-1.1506657417247,6.1843097344296
-0.527213618439912,7.51642197477132,8,4.39830384668996,-0.876128692400156,6.6404400249491
0.216414630859062,11.1338714518628,11,12.7062317332881,0.315408665047426,11.5979730465377
3.43474424282955,15.9356047976376,16,19.0247934869637,0.888289674398465,13.38360412802
-0.581315673615982,7.33578387451183,6,4.0225157460877,-0.293571969192626,8.5014164539474
-0.471668830047911,7.71743246562433,9,4.82717749347059,-0.0779662947447026,9.58252416048832
-0.637683880316252,7.16274780139093,5,3.67295167043405,-0.390858774784013,8.07660813994674
-4.59528553905365,3.21794183582442,3,0.76817414125028,-1.01489928298634,6.38937831107619
0.575842197467398,12.6121007556914,14,15.9692477989736,0.349687432481011,11.7493505447981
0.00847010820207242,10.036995090022,11,10.1473049203734,-0.321971615151252,8.37259990018843
-6.78572905317248,2.02604970600569,2,0.480809946206209,-2.49582429822094,4.88770981223238
-1.15164204106105,6.10892665540996,8,1.92957924232171,-1.17942317765772,6.1448735360144
-0.524441532732263,7.52607540774609,8,4.41865981324685,-0.0337993664647767,9.81845876388635
-0.408471164017582,7.96582142508015,11,5.36966478845769,-0.14417743468049,9.23498922011696
-5.22250087865229,2.83198716609518,3,0.674931865137996,-1.39498618776013,5.88157724441372
0.920779381469045,13.4684225399182,10,17.5453112088093,0.43910198190929,12.1162276837252
2.26797647217232,14.9954215287971,15,18.7805559368112,1.26849779314767,13.9701421389366
-0.192628338717648,8.96456011805219,10,7.63935824307197,-0.340805389046322,8.28931771586689
-0.223010499638811,8.81145267361895,9,7.28515140791403,-0.264751350095844,8.63596294055582
-1.34890317487738,5.85251946448689,7,1.66477721857266,-1.37016250506683,5.9095054382954
1.60259462254902,14.380532344705,14,18.5278552500013,1.25135748547509,13.9487776101067
-1.1439859107869,6.11991392940288,8,1.94264653353636,-1.13146615537919,6.21134196501289
0.0610504846888026,10.3223395757109,13,10.8166240796613,0.160711246510163,10.8501130242738
-2.25093692069095,4.97630597450873,5,1.21177563697548,-1.83383928491656,5.44730158624473
-1.54721262611926,5.63167891036733,6,1.49650049193205,-1.105861199474,6.24832515861648
-1.57075651520531,5.60713866403281,6,1.48085571823459,-0.534185234120938,7.53902969917797
-0.0351333641165633,9.7997020101678,9,9.59036621857349,-0.225896863881638,8.82305436116959
-0.0320467269833667,9.81647947590143,9,9.62973616171349,0.238312445074171,11.2374089975694
-0.579046409658102,7.34306833060623,6,4.03746910035238,-0.619622812271919,7.26792158945356
-1.64807936421148,5.52846426459731,6,1.43429890458281,-0.948556469136517,6.50331448340671
0.00997479420417936,10.045184844557,11,10.1665264137359,0.286602739460201,11.4663936695621
0.306007810946604,11.5626530154873,14,13.6869000684975,-0.0657650162210376,9.64747058398586
1.30784709229356,14.0527087449241,13,18.2812300452182,1.05850106958504,13.6802328507279
2.28192979176007,15.007438823665,15,18.7841468037861,0.446240455199868,12.1437334913022
-0.802237358889659,6.73633477381881,12,2.86996762908307,-1.26235607845194,6.03747413404453
0.15887781598079,10.8413893534395,8,12.0288679501438,-0.186382009715406,9.01941569233719
-0.140240003562307,9.23592762559124,14,8.27052788863349,0.479807624879576,12.2695205869259
-0.921821081835222,6.48720951668117,10,2.45386426353185,-1.26317745998899,6.03645304675824
-2.47020525951474,4.79056979943484,5,1.15828715833137,-0.58045850956978,7.38781803050599
0.536781924470508,12.4833981454134,13,15.703165829838,0.84792915134007,13.3021023350533
-0.146019585069614,9.20558649344417,13,8.19977839648609,-0.307760822968553,8.43657929282672
2.37101209868159,15.0836210656938,15,18.8063395940871,1.68968289668902,14.4193784596737
0.564961384954652,12.5770056971219,13,15.8972209421786,0.457181327845904,12.1853757027532
-1.33856146036154,5.86488539278426,7,1.67578021680019,-1.53223543757029,5.73535673359327
-0.53298466172941,7.49645105224238,7,4.3562747565683,-0.261628101812322,8.65076596312302
-0.57051764550428,7.37067187619367,7,4.09429419529181,-0.41094622905807,7.99484784069435
3.7590461922674,16.1758349711282,16,19.0833780756351,1.53248564858748,14.2648988628715
-0.308858667932207,8.39949763248337,6,6.34159963333346,0.109467083914434,10.5839996768056
0.612313623975015,12.7255798435135,14,16.1991811388049,0.255914240247937,11.3220429901005
0.533474512560879,12.4721510962604,12,15.6796691495435,0.318214317467637,11.6105784971681
-0.235499491987548,8.74954719130501,8,7.14240923555454,0.168404763572195,10.8894359513322
-0.028479872385961,9.8358740246134,8,9.67525013869257,0.303202397971322,11.5426937961473
-1.55725139201339,5.62117927869679,6,1.489738504212,-0.829096973909889,6.73765004275562
0.260403800252569,11.3488477832114,13,13.2000898824598,0.118022102598426,10.6288816449764
0.672686765273915,12.8999461745442,16,16.5425423538761,1.10520050756624,13.7507058991744
0.203316626894784,11.0683420403772,11,12.5549607000548,0.12865185996096,10.6844129316099
-0.464880743968163,7.74310265521923,9,4.88264981884132,-0.476546962468636,7.74244177561768
-1.37386137784463,5.82307695503804,7,1.63928419236007,-0.991856025422821,6.42779712150001
-0.455158135219563,7.78029275896696,10,4.96327370777607,-0.993250383672099,6.42543864751935
0.529397348157964,12.458210443603,12,15.6504935655931,0.670301482780218,12.8767685016875
0.238264122605135,11.2416670200832,12,12.9543566261829,0.225969190981513,11.1772996516486
-1.62580518992697,5.55084553795921,6,1.44701194139015,-1.6747629073781,5.59482104776499
0.0282586133112028,10.1446277437609,12,10.3998837890768,-0.0500578479927151,9.73136202709451
-5.46262023813572,2.69388405564,3,0.641609060301598,-1.8173018173602,5.46227871620601
0.597734877646028,12.6809776770371,14,16.1093680643142,0.15463418774606,10.8189254457044
-0.182723985696497,9.01519222749723,12,7.7568235143063,0.189504603368613,10.9963065637923
2.38231918106978,15.0932267091498,15,18.8090745629029,0.582502967707392,12.6186212168853
-0.477532861264489,7.69545168663072,10,4.77979659291781,-1.13036340748489,6.21291240937681
-0.260311926588066,8.62847136663086,7,6.86412513516965,-0.223729646915694,8.83367158836944
-1.5794910205294,5.59810804265254,6,1.47523754555968,-1.03912718668933,6.35021857057015
0.293527613757106,11.5051094096376,14,13.5563637408643,0.172806987030807,10.9118533613768
-1.67151291761276,5.50514439148382,6,1.42148287104497,-1.15512982742289,6.1781068190184
2.17563401515312,14.9152663700677,15,18.7558588958036,2.01498379243803,14.7125641750356
0.736967277576751,13.068456976654,17,16.8608033496012,1.41603965916353,14.1417164772148
5.00634787356001,17.0111876690049,17,19.2858808987718,0.867946235223001,13.343136475472
-0.00663331667124685,9.95476927530915,9,9.95430751211378,-0.0425882664124965,9.77134869677326
0.0364860896107116,10.1893108461813,12,10.5047077131781,-0.250174124500576,8.70541390318782
-0.290444093792747,8.48506820042863,6,6.53624505256658,0.0388041727621187,10.2083752282165
0.229025416205023,11.1963251657383,11,12.8501018538071,0.753013827764002,13.0895136121152
0.229689798288433,11.1995976070604,12,12.8576318486858,0.676011426641993,12.8923614290537
-1.6106193192979,5.56623093537704,6,1.45598512591225,-1.15193832795683,6.18253834578874
-0.933470477381939,6.46517526981736,10,2.41946895195943,-1.4033415894905,5.87229088371669
-1.7114465126611,5.46590269045706,6,1.40085610831898,-1.80455245075406,5.47387617479245
-1.69436642449147,5.48261290276649,6,1.40949919816407,-1.60898897620961,5.65849820872465
0.590946197661994,12.6598654791524,14,16.0665979591702,0.399027731605954,11.9568929703005
0.512988882347271,12.4012529004828,12,15.5307139488485,0.5447553778704,12.496444895275
0.18625746723409,10.982030872796,8,12.355261064484,-0.370663932421604,8.16089940034798
-0.204523883640363,8.90420554402278,9,7.49954349002269,-0.160673290630364,9.15008142378663
4.71134889770688,16.8265902070943,17,19.2412144508295,1.65411002238904,14.3853797225891
0.000898917488350854,9.99577899199513,10,10.0505659504051,-0.197985776490104,8.96116205598676
4.9318909963885,16.9653611418571,17,19.2747957364894,1.12140623588937,13.7742579913984
0.251057068403429,11.3038581637357,12,13.0970680429391,-0.416541254766953,7.97244705583167
-0.403871977264242,7.98471931861117,12,5.41142051291692,-0.607682949202223,7.30370836507093
1.21275894628914,13.9308872559999,12,18.1592563605525,1.50727346886903,14.238962946931
-4.93463154034884,3.00458870958583,3,0.716609343132082,-2.1454924591625,5.17604053768035
-1.8262107417216,5.3561596156709,6,1.34876181229146,-0.864761291029254,6.66331051242005
-0.28953974017992,8.48931178488371,7,6.54591832671354,-0.427946248529882,7.92728874985555
-0.208024646816218,8.88654189125751,10,7.45866938554629,-0.226892292132307,8.81818394370344
0.49643745058057,12.3424020492097,11,15.4060227736465,0.509146186087064,12.3746898009632
0.199191025149314,11.0475663696195,10,12.5069373917135,0.212441653783381,11.1107338513425
0.528930175235123,12.4566077137982,12,15.6471356786715,0.0706512468370784,10.3785639309676
-0.244208944881371,8.70675220129941,8,7.04390768905477,-0.518644916773517,7.59220497399047
-1.64641270093215,5.53013153073187,6,1.43523179669771,-0.838056458223817,6.71859612358229
0.593604036834656,12.6681572695077,14,16.0834151919619,0.81616976367358,13.2343953363602
0.502622593666088,12.3645592675125,11,15.4530760945562,0.830023623237465,13.2643326983152
-3.21218672437863,4.19629763568367,4,1.00603689044238,-1.84424284860825,5.43791673464589
-1.30906883248881,5.90071664609876,7,1.70866165813038,-0.521437913928866,7.58255799725257
0.493793645197249,12.3328707454981,12,15.3857430386359,-0.0752879063068088,9.59676242686688
3.4968099641841,15.9822911953785,16,19.0362059395178,1.50298887176085,14.2345180450815
0.257493886225264,11.3348823903745,12,13.1681306186353,-0.170472870288002,9.10002498545521
-0.208837090928606,8.88244909494046,10,7.44920154488586,-0.207750687792993,8.91251209363107
-4.74777045009914,3.1207480568751,3,0.744676989008156,-1.32045296471665,5.96707247096598
-0.941503415110223,6.45018961257773,10,2.39632253880166,-0.135287465141538,9.28106268013673
0.248992856925767,11.2938708033494,12,13.0741728197058,0.441808091971902,12.1266860401
-0.228906513217679,8.78214933521705,8,7.21754714856112,-0.240330554288447,8.75282189922796
-1.1522176430859,6.10810429112912,8,1.92860678525672,-0.958559898944719,6.48546493643398
2.35466165616254,15.0697060838422,15,18.8023541427595,2.85372613227215,15.3950772884763
3.34434160557287,15.8670079840219,16,19.007992014475,2.12246897138779,14.8044968972512
0.242044036443586,11.2601152171641,12,12.9967252923708,0.0392443528326684,10.210734415069
0.958913076631776,13.5388506777701,10,17.6528547274755,0.663797957527475,12.8588370680493
1.59846804345618,14.3763110891131,14,18.5253507306037,2.24156426554884,14.9044055951493
0.531036913691791,12.4638265561988,12,15.6622540220435,0.864697681538384,13.3365604163718
-0.00695181195056379,9.9530352159103,10,9.95023728486414,-0.221473654107133,8.84474326947153
3.58300997811332,16.0465763592622,16,19.0518960233658,0.626374072939574,12.7520216998436
-1.0230945666101,6.30689719758338,9,2.18564717186531,-0.992919955021545,6.42599714818757
7.07472130156885,18.0825036726385,18,19.544342553079,1.33660385337681,14.0518839946998
2.33635259586388,15.0540887748604,15,18.7978466082327,0.841011055288405,13.2876307444389
-0.193271123301852,8.96128588839749,11,7.63176741959423,0.149518168834334,10.792586166778
-2.2743942530804,4.95616794640374,5,1.20570303558256,-1.84443078496194,5.43774745900064
-0.130995776239109,9.28464110553688,13,8.38419865521504,0.0122666897324557,10.0659272202045
0.554188435710551,12.5416857631001,13,15.8243235854249,0.376545731299011,11.8638660500725
0.505544503956511,12.3749578904435,12,15.4751144321433,0.318214317467637,11.6105784971681
-0.492084515279049,7.64168458461037,9,4.66437649965405,-0.295588110674282,8.49214607709788
1.37943267601911,14.1382482706874,13,18.3566030713134,0.708096350919058,12.9774211115759
0.259492692386107,11.3444791851369,12,13.1900944872511,0.600228090225888,12.6736095579378
-2.45339653860233,4.80462102155487,5,1.16216503211749,-0.433469222437714,7.90566366374401
-3.4550655119566,4.01217868300345,4,0.960895295980398,-0.948389982404597,6.50361367011601
1.65473392640843,14.4332104235841,14,18.5578647825251,3.30460855929365,15.7372729819699
-4.02496431316142,3.60049611741861,4,0.860788435588613,-0.636092875812897,7.21963487275488
1.34358902974142,14.0960064927798,13,18.3204230072039,1.64454379696496,14.376150167311
-2.23284695351588,4.99188406775073,5,1.21652891659794,-0.723634577787003,6.98290465354875
0.0167100540901472,10.081834763144,10,10.2525397309862,0.144444985248389,10.7663940888439
0.00848747599148626,10.037089623445,11,10.1475267951013,-0.674652169337027,7.1113377906408
0.263331461093676,11.3628603937103,12,13.2321386147299,-0.188446489259511,9.00901728695153
0.532517996734931,12.4688881189746,13,15.672845345422,0.534665850243676,12.4625954482325
0.25715821119184,11.3332689952284,13,13.164437248158,0.685112411584667,12.9169269649734
0.0398808630753032,10.2077319631192,12,10.5479150579471,0.566601637633111,12.5680046422558
-2.30562588124245,4.92946139542816,5,1.1977672567615,-1.11697197317015,6.23214236945081
2.26247009435367,14.9906725898017,15,18.7791294801435,0.934193413267017,13.4706144692702
-3.48953014234396,3.98646657772219,4,0.954617296615055,-2.10506575346477,5.21026549317079
0.394223354802324,11.9472888331849,8,14.5482259838115,0.281487860674061,11.4426270696001
3.35309149456858,15.8736780699946,16,19.0096276708414,0.962762569483097,13.5219602245245
0.160450031856957,10.8495314999831,9,12.0477942982505,0.162901579443486,10.861326710696
-3.47211707229094,3.9994445341603,4,0.957785431053866,-1.57777755125586,5.68939244038268
-4.90503738335421,3.0227691424345,3,0.721001270450516,-1.92390742406209,5.36692905894354
0.212678026858387,11.1152448213898,12,12.6632650782412,0.505525761094528,12.3619507125125
-0.206354145473695,8.89496499933641,11,7.47815805661161,-0.47168830638757,7.76036882411119
1.32441778725585,14.072935624001,13,18.2998075597355,1.1514521730105,13.8167852398958
-0.0116502639833875,9.92745541419438,9,9.89019594860348,0.225929814239249,11.1771069204805
0.245227567907316,11.2756056723283,12,13.0322784357526,-0.218514531835483,8.85929566217029
0.510455151622511,12.3923351978756,11,15.5118787968651,-0.0833366046672619,9.55400960976592
-0.845655692883069,6.64073905352182,11,2.70474460452693,-0.913239819243573,6.56838754895697
-0.00740424906779601,9.95057191628843,10,9.94445536764724,0.402843217234777,11.9724222932287
-0.20098557706509,8.92210450398185,10,7.54098311572078,-0.468529850492505,7.7720882560563
1.70679626009644,14.4846994751593,14,18.5851044318756,1.87899260542808,14.5932322299122
5.01084091865304,17.0139365017078,17,19.2865457562418,1.62688301561539,14.3590091634353
-0.204091111967481,8.9063923096906,10,7.50460515805041,-0.34412374755972,8.27482518601213
-1.21211132908913,6.0251885643951,8,1.83459875730511,-1.14977458165466,6.18555167681695
0.248046450963349,11.2892856036579,12,13.063658619035,0.163345405904716,10.8635971569103
-0.530214358687496,7.50601657937569,8,4.37639146072239,-0.659144846643066,7.15410534104835
0.0499749760169145,10.2624413886114,12,10.676207444344,0.0175822139697511,10.094486036402
1.12970194756397,13.8149568703047,12,18.0270936120805,0.445797897814584,12.142035954954
1.18269823705733,13.890067385178,12,18.1144978796276,2.0968696990278,14.7827665520259
-0.0465198130058496,9.73786853950576,7,9.44529196512729,0.16792274626234,10.8869776584051
-2.21309683047143,5.00894074140454,5,1.22179216690078,-1.35076057989241,5.93170351549561
-3.57058187823113,3.92640770288826,4,0.939971147200855,-2.44433251647221,4.92928936278998
-0.0674517188394525,9.62451743891216,7,9.17948131880154,-0.237032862174234,8.76879374556295
-2.1426710144867,5.07019963330923,5,1.2412526701537,-0.819811433310594,6.75767371672545
1.58506613830736,14.3625458807752,14,18.5170769588614,0.465198632810454,12.2154951885617
0.0348129418367526,10.1802282388431,13,10.4834024558361,0.69654399073713,12.9472887534173
0.00374882489015307,10.0112944915171,9,10.0869833029676,0.139111391445129,10.7387811936877
-1.54613553754745,5.6328086968135,6,1.49723425819445,-1.4555510890859,5.81547007488102
-0.0874304234934789,9.516856270301,6,8.92721282532204,0.00021051772260937,10.0011315327275
-2.47765766969643,4.7843492534554,5,1.15657751902529,-2.16393772393393,5.16050153928317
0.576937201028934,12.6156006307988,13,15.9764079102367,0.0473021237452877,10.2538919471627
0.394165310124076,11.9470488813029,8,14.5476956807902,0.793755549094171,13.1845914751195
0.474606785196784,12.2626119093434,10,15.2355553536998,0.430683753127529,12.0834497401714
-0.0195322134776713,9.88455270176556,9,9.78949687666246,-0.107835870874484,9.42457625391004
-0.273157922420263,8.56683412387601,8,6.7229526428285,-0.264220572618532,8.6384756231021
-1.17114534188304,6.0813423251343,8,1.89738892015486,-1.13060747418037,6.21256465966285
-0.271320110991309,8.57560720072264,7,6.74302456627643,-0.169774889204474,9.10358038435552
-0.0265925329652168,9.84613898582721,9,9.69934041863274,0.205336644339471,11.0754932813299
0.26342570700458,11.3633108459353,13,13.2331685494362,0.720318488275571,13.0087094941945
0.474325143615832,12.2615663079267,11,15.2333112097566,0.0915313411730109,10.4894087182026
-1.32907753152852,5.87631461630988,7,1.68610664471723,-0.872155657108942,6.64838959164068
1.30019406426329,14.0432742963758,13,18.2724030667047,0.87932089628912,13.365913342923
-0.274916332514827,8.55845431664134,6,6.7037873825003,-0.278552094847008,8.57106781843111
1.75457796205201,14.5310930222344,14,18.6080352463736,1.34253258693209,14.0587801018795
0.291686636333139,11.4965582150646,14,13.5369336175053,0.431084703249982,12.0850192835831
0.324651242156667,11.6472081065695,15,13.8779972085278,0.707769309960788,12.9765755980465
-2.4590942623569,4.79985475291359,5,1.16084709269054,-1.10129661845414,6.25503480828078
-0.60276473693737,7.26816457352965,6,3.88458856890666,-0.85504744855073,6.68316405986372
0.439309225003832,12.1283308392081,10,14.945330131377,0.289038383175728,11.4776689945452
-0.0153716181235772,9.90719763062859,10,9.84264725380984,-0.391252889809354,8.07498396355514
1.10185054955648,13.7737143656527,12,17.9763659391424,1.30964706413895,14.0201013258023
-0.00457204881928891,9.96599203296421,10,9.98064984229969,-0.0938956176692224,9.49808672803301
-1.36292317608981,5.83591217144433,7,1.65027625992034,-0.826615065219455,6.74297436490973
-3.1407242944792,4.25143913581085,4,1.01964240245162,-2.1523531999495,5.17025532771281
-1.17507404361726,6.07585429383176,8,1.89108963346464,-1.29452348994512,5.99804988158266
0.246993513124019,11.2841797333132,12,13.0519482779599,-0.229330997760537,8.80626846803814
-0.25476591851916,8.65530628683486,9,6.92569534849718,-0.000177918853482769,9.99904368618156
-0.636222104081234,7.16704729548438,5,3.68149752610377,-0.30311599527014,8.45770002054197
-3.42063938831722,4.03796535210786,4,0.967196787748698,-2.0536567053291,5.25414363331252
1.28104156695309,14.0193964953085,13,18.2496003544515,0.97181634740383,13.5378103744174
-1.13430830885589,6.13393447366173,8,1.95952249734727,-1.3360754192321,5.94873226935403
0.138985718474781,10.7377305463978,7,11.7876195295218,0.236570737452143,11.2289644753594
-0.0245453628523828,9.85727512534737,9,9.72547596942247,-0.288256960929531,8.52594547549367
0.549361472445198,12.5256737526631,13,15.7911451043068,0.3321567387491,11.6726543455664
-0.523846594175403,7.5281523349136,8,4.4230427661514,-0.451451408100268,7.83635532530412
0.492376100645674,12.327745386152,11,15.3748282578689,0.00839668184246319,10.0451301643257
3.89684320553239,16.2750992887301,16,19.1075105987033,0.012262750443775,10.0659060525343
0.640003619885421,12.8075820064249,15,16.362269574584,0.655266403677261,12.8350344660205
-2.56018978128298,4.71583138291874,5,1.13800897563648,-1.1863785414157,6.13551632196991
-0.242357891535635,8.7158212306411,9,7.06476953486388,-0.11744020927691,9.37416592730925
-0.270348893309443,8.58024957940634,7,6.75364882963738,-0.0341381519426836,9.81664174851
-1.62628525069571,5.55036087294842,6,1.44673224099405,-2.12663879915597,5.19197259105219
-1.36962405911253,5.82803674028018,7,1.64350959613436,-0.844544499020155,6.70495893468965
-0.707332409823473,6.96884866875052,3,3.29604804596078,-0.537394726929433,7.52819915013594
1.15687123183286,13.8539891844129,12,18.0733246671277,0.655806764293999,12.8365515189862
-0.565261622539611,7.3878616746404,6,4.12980786915661,-0.508892104688095,7.62620204359397
0.460428835094218,12.2094606940339,10,15.1211568765888,0.335208391300742,11.6861145083191
3.35900807570268,15.8781845838363,16,19.0107325166769,2.8290419661262,15.3759012736654
-0.00895089624258369,9.94215129922193,9,9.92469030542428,0.766269066794007,13.1211116950632
-0.568004313597527,7.37887466785365,6,4.11122899530868,-0.756177871021356,6.90288428931485
-1.010630939719,6.32779719944915,9,2.21512420504354,-0.812289184204194,6.77410477218508
0.167608312644596,10.8865037814655,8,12.1336907958013,-0.0840341338492246,9.55030940276245
-0.621229482385658,7.21171254508477,6,3.77071716637516,-0.476780076430209,7.74158472614309
0.0124011142490018,10.0583894980733,11,10.1975172202973,-0.353687515323385,8.23336362050796
-0.20595540441321,8.89697708970316,10,7.48281416217098,-0.210243488180477,8.90014884206862
-1.16451936998332,6.09064965228247,8,1.90815217671556,-1.4801504551127,5.78936636003971
-0.0109129261141435,9.93146952697315,9,9.89961789474241,0.545225534479587,12.4980098279713
-0.493646848790351,7.63597768456194,9,4.65216666456963,-0.684841857710586,7.08379825515351
-0.525796631641734,7.52135153439025,8,4.40869544942535,-0.578299673660691,7.39463941228609
-1.72674621322081,5.45102401089282,6,1.39332808028541,-0.617162217718182,7.27524244809648
0.195303232910356,11.0279304425628,10,12.4615214980315,0.348610895287826,11.7446847506384
0.95976945447968,13.540390444465,10,17.655155241312,1.42467087853025,14.1511668757662
0.273597630171666,11.4116928042506,13,13.3436755565636,0.168213681032939,10.8884615157155
4.94522540697896,16.9736061645448,17,19.2767903188825,0.801179285775835,13.2012776837541
-0.0376843929853234,9.78584045812855,9,9.55784064439351,-0.267315750344848,8.62384055487544
-3.26184273954209,4.15824073917572,4,0.996673820926922,-0.710503446201885,7.01636909315613
-0.541323938026299,7.4678921581174,7,4.29637095130577,-0.72110169823424,6.98930594793602
-0.556658433969751,7.41629429368852,7,4.18875644151757,-0.655220283283562,7.16509507576233
0.274530482782663,11.4161063324979,13,13.3537446860455,0.147236178745097,10.7808135042094
0.218252670654453,11.1430137714922,10,12.7273110859513,0.142436578170592,10.7560052894025
-0.362681818200752,8.15888764612658,4,5.79901905666627,-0.0339743700821158,9.81752015341674
-0.249062348896632,8.68304189723171,8,6.98939824878106,-0.521511344924448,7.5823049011061
-1.28500854292844,5.93060476971841,7,1.73723577457874,-0.685163325880234,7.08293659369882
-0.0355577964872436,9.79739546765743,9,9.58495388526459,-0.163458903448097,9.13582232985897
4.8655167806388,16.9240735583323,17,19.2648066460016,1.38964759137708,14.1124597924377
-2.55002481102634,4.72423410825393,5,1.14026203885308,-2.38049665714531,4.98118565644577
3.57439251847602,16.0401788950113,16,19.0503357192527,1.97232719886692,14.6755336918671
-2.36145444063267,4.88200986089499,5,1.18396727236645,-1.29287496360088,6.00004288554498
-2.10761483142592,5.10096383553988,5,1.25139233487079,-0.60442560313809,7.3135869821753
0.493702640330035,12.3325420155055,11,15.3850431878066,-0.29635546533432,8.4886226879584
2.57757024179494,15.2570136091188,15,18.8540250142331,2.27532630162381,14.9324051100131
0.228610962003214,11.1942828386041,11,12.8454019551825,0.0654377803687598,10.3507847098185
-4.85198569650243,3.05556391663545,3,0.728924601347151,-1.17615862974952,6.14928918266983
1.30409201808661,14.0480870518812,13,18.2769188328513,1.29901000667606,14.00735961771
-0.439898861943267,7.83966640503834,10,5.09259424176402,-0.378568955109052,8.12765594065988
1.09288461854971,13.7601578951721,12,17.9592764504233,0.548530943403788,12.508980940415
-1.15887999424816,6.09862274245528,8,1.91745113020607,-0.270028282022349,8.61104943658276
0.178324149653696,10.9415381428411,9,12.2614069236981,-0.0317970406208779,9.82919945556773
2.35985420885561,15.0741283972872,15,18.8036238322753,1.5013281719871,14.2327922159789
0.577483364997649,12.6173441173056,14,15.9799732012026,0.632756764111695,12.7706842781176
-3.49442803179321,3.98282095144824,4,0.953727562492059,-0.874861968764522,6.64296949757768
-1.05273103548018,6.25850988958248,9,2.11913059446141,-0.363817757341608,8.1899470420408
-0.319331659785963,8.35155521533171,4,6.23290682133591,-0.149700172992224,9.2064755172658
-0.521996134434629,7.53462388138288,8,4.43670734993117,-0.609949872060402,7.29686276136802
0.460462181965807,12.2095869421149,10,15.1214293662149,0.31904755353454,11.6143148212014
2.11683595126274,14.8636171440328,15,18.7391502611667,0.627418937304493,12.7550895451753
0.195502102790156,11.0289362154169,10,12.4638483804659,-0.237078465663755,8.76857256902945
0.573951566047444,12.6060441624597,13,15.9568472270354,0.396868534450669,11.9480715281756
-1.05879864800342,6.24882195609717,9,2.10610868254965,-0.812599287497543,6.77342365300488
0.267785474078235,11.3841049831268,14,13.2806917487279,0.480262735595946,12.2711858728636
-0.5561356706373,7.41803386328634,7,4.1923712997262,-0.245387443435111,8.72841673526124
-1.31674549612746,5.89130710967291,7,1.69988220582947,-0.393838251116616,8.06434934825763
1.16491576950841,13.8653307353431,12,18.0864302337515,1.24270079073013,13.9378560821619
-1.37575038637678,5.82087087104862,7,1.63741369627875,-1.68787540487806,5.58233724529305
5.332849061912,17.2060453846906,17,19.3329914657586,1.6875591442,14.417362427913
0.028107116601166,10.1438045147175,11,10.3979523230246,0.0500945509741575,10.2688343217884
-0.443900636783314,7.82397667855717,11,5.0583503346847,0.296057125512348,11.5100077794748
1.62962844507195,14.4079936473373,14,18.5437789869778,1.29460332842251,14.0020465669216
0.238513588181218,11.2428864164481,11,12.9571580247177,-0.223511904412733,8.83473933111103
-1.09074214113097,6.19897810619966,8,2.04072354957666,-0.662132978906774,7.14578312818075
3.2184742416535,15.7703330828849,16,18.9842281969016,1.66565990866147,14.3964731920855
0.000118601410530446,9.99153062444311,10,10.0405942491604,0.14243216152031,10.7559824314518
-1.68671555876138,5.49013348095813,6,1.4134568867775,-3.00571894744864,4.48786564920775
-1.03122562052285,6.29344120338584,9,2.16690520270552,-1.04529424843549,6.34044418412402
0.038946214402158,10.2026612654105,12,10.5360220413365,0.238014895022296,11.2359672287954
-3.65995783649768,3.86084973462958,4,0.924008573726661,-1.43904765671443,5.83321507694477
-0.577609783540986,7.34769299631853,7,4.0469718000924,-0.804888655285436,6.79045616426711
-1.33909080700285,5.86424999928753,7,1.67521056184242,-1.04548837391339,6.34013775132219
0.0238118630089689,10.1204581825611,11,10.3431740688012,-0.361062013159962,8.20170644762201
-0.204203839735703,8.90582263759276,10,7.50328651791458,-0.310059266797468,8.42616576846475
0.535067039318786,12.4775734622621,12,15.6910019121074,0.117521980898917,10.6262623851682
0.227730679889188,11.1899426973433,11,12.8354131034903,-0.0965586164784748,9.48401467120806
0.731180537337356,13.0539670816129,17,16.8340282113865,0.951010024979401,13.5010866193118
-0.476281074774485,7.7001287376727,10,4.78986894793505,-1.06730197042357,6.3061767404445
-1.13262510586833,6.13638835789103,8,1.96249924505089,-0.707535425425958,7.02402934108734
-0.245490973828847,8.70047946021021,8,7.02948223044037,-0.530393896925695,7.55189037412192
0.0485597376435747,10.2547772030483,12,10.6582380662321,0.0566164512205488,10.3037018662829
-0.010017707701436,9.93634325608733,10,9.91105756684867,-0.207308022472783,8.91470994560917
-0.528667301972855,7.51137542257967,8,4.38767266868887,-0.539769868111791,7.5202173922345
0.177096770398366,10.9352540761496,8,12.2468327250793,0.130781889445228,10.6955074208491
0.701259673291295,12.9769336056604,17,16.6897598704913,0.790195947365871,13.1765224436332
1.42015719905387,14.1849440339618,13,18.3942900080736,0.96333659379714,13.5229710416877
-1.4937222637156,5.68859088355927,6,1.5349958266847,-0.856441228756208,6.68029760171994
-0.609957410797159,7.24598311696453,6,3.83970234157123,0.170394402825986,10.8995753914125
-1.34831873855021,5.85321564115202,7,1.66539199447437,-0.926177547706299,6.54416790939189
-0.29777527022881,8.45080870491491,6,6.45822000819611,-0.376112127888911,8.13795362074719
1.15544716648124,13.8519714398825,12,18.0709787660592,0.837741959088716,13.2807394201655
1.7159748298152,14.493672241852,14,18.5896537059369,2.33806820852753,14.9840963501759
-0.538116073325684,7.47883610728324,7,4.31929844859012,-0.981713390847073,6.44508701442865
1.33851371871828,14.0899323790956,13,18.3150544075506,1.08291919301316,13.7175795023176
-1.58520886886289,5.59221720375638,6,1.47161225065312,-1.43328218986285,5.83946011315224
3.52984616569966,16.0070050205772,16,19.0422409255371,0.476454497731152,12.2572181974637
-0.224922364414804,8.80193555005215,9,7.26318789921315,-0.454314533859125,7.82547541377166
-1.16273287802702,6.09317026645172,8,1.91108303163313,-0.827009183251026,6.74212753603357
0.156203843458226,10.8275238521162,9,11.9966296421789,0.335040143934904,11.6853735998997
-2.26909384671956,4.96071228118887,5,1.20706650116081,-0.340753956494997,8.28954277135663
3.56875985420135,16.0359937877511,16,19.0493148694341,0.363168430786839,11.8072855890293
-1.58267641458583,5.59482426099727,6,1.4732128382266,-1.25878530146912,6.04192214089135
-0.479319096776567,7.68879200619615,9,4.76546327956936,0.0908335665717672,10.4857162742595
-0.22931302660911,8.78013405826475,9,7.2129001811275,0.436760240938162,12.107146729911
0.570119593663236,12.5937151267076,13,15.9315657745997,0.596922594121066,12.6634684161901
2.2166502555793,14.9510073002161,15,18.7670407898306,2.2753029725213,14.9323858084178
-1.03966015496202,6.27962871146734,9,2.14786151279706,-2.81746518608383,4.63310831701116
0.553461313605788,12.5392811595611,13,15.8193461523021,0.413797813642529,12.0165893477936
0.237054098548553,11.2357486717205,12,12.9407582401088,0.0399651039550232,10.2145970169159
0.492503688373172,12.3282071263821,12,15.3758118354659,0.112087843378673,10.5977660767998
3.31001037924139,15.8407736598841,16,19.0015542359541,0.930833822285768,13.4644394516008
1.02847913864406,13.6584179579793,11,17.8246617079281,0.744132578370583,13.0679727298646
-0.0440366419808995,9.75134460770549,8,9.47690601866083,-0.485335319493506,7.71032560543432
0.214228529695706,11.1229805703837,10,12.6811125219237,0.304946304989208,11.5506348556909
9.17677853218377,18.8167405782514,19,19.7204640929226,1.27821630734677,13.9821068993408
-0.456485908836897,7.77518450083688,10,4.95218189194521,-0.745122507076692,6.92961139285229
1.3339568890053,14.0844583608476,13,18.3101801026725,0.469345121151862,12.2309417557907
-1.02754940227789,6.29950768876488,9,2.17533174133756,-0.797873591039362,6.80612884972665
1.57919516066806,14.3564883211463,14,18.5133835829592,0.653097756264111,12.8289330719011
1.39212948275922,14.1529486098063,13,18.3687255329275,0.971129496361709,13.5366148411848
-0.550273379975762,7.43763519418897,7,4.23316784863359,-1.04554085812191,6.34005491641201
-3.32645562238896,4.10903874763164,4,0.984596510902846,-0.509558676047514,7.62386303041621
2.28710070703214,15.0118862692267,15,18.7854690462047,0.673384173459544,12.8852042194898
0.583892776881351,12.6376966209581,15,16.0215147115512,0.632953989617092,12.7712579979332
1.70207222604939,14.4800695984516,14,18.5827348176822,2.55791903832374,15.1621139893114
-0.596113406207443,7.28889609247975,6,3.92670363533921,-0.468716378627064,7.77139470660829
0.0698192320754535,10.3696482972863,13,10.9274681059527,0.312530183624557,11.5850010962687
1.54118720204215,14.3168477240689,14,18.4884002987503,1.71064651042737,14.4391894967807
-0.276648897460679,8.55021134352666,7,6.68494170696968,0.205506665516218,11.0763387670088
0.389340244693509,11.9270409298742,8,14.5034426751915,0.652601961738346,12.8275352585568
-3.53443791753538,3.95311909197197,4,0.946482137505832,-1.4936339911652,5.77522581793279
-1.20862880479833,6.02987261449171,8,1.83969486733237,-0.0962347136030935,9.4857255534702
-0.525188062146742,7.52347184352155,8,4.41316718555861,-0.459366406123851,7.80638225354536
1.55074735443836,14.3268898625508,14,18.4948651211387,1.67226775595319,14.4027959243446
-1.17322289894282,6.07843736217146,8,1.89405016728756,-0.81971237055013,6.75788887434749
0.468191109630527,12.2386907245561,11,15.1841498451103,0.334819100518527,11.6843999823987
-3.22407768482832,4.18716496378297,4,1.00378813021748,-0.680685236513702,7.09497899575604
0.037166325156556,10.1930028136183,11,10.5133677222715,0.340887688067192,11.7110423760019
-0.0496151407562902,9.72107793003082,8,9.40590540776487,0.154598720185877,10.8187431053842
0.0664554262574385,10.3515129708192,14,10.8849829621416,0.630046125168557,12.7627812362774
-0.232355673800411,8.76507135007143,10,7.17817737478232,-0.242855606282083,8.74062244358788
0.926656401266411,13.479520371357,10,17.5625531129257,0.610056199345517,12.7034577335593
-0.513850830150279,7.56331938681514,8,4.49743502755826,-0.321971615151252,8.37259990018843
0.00032966794372942,9.99267976448738,10,10.0432914944209,-0.512518872034552,7.61350302224716
0.534072870782581,12.4741899362525,12,15.68393134862,-0.0466418426638911,9.74964234184623
0.525302893118533,12.4441259508818,12,15.6209597484494,0.670754107090643,12.8780096613867
-1.59120669999534,5.58605533746605,6,1.46785322830845,-0.708551257173637,7.02140352273394
0.274910046934196,11.4179009933756,13,13.3578385018292,0.0213071667287879,10.1144933428451
0.245271575073865,11.2758194995053,11,13.0327690587866,0.255704438710368,11.321041913807
2.5262920994762,15.2143654437528,15,18.8425861686149,1.84489919816533,14.5626744046723
0.72517054427889,13.0387799157911,17,16.8058388847795,0.731928787424504,13.0378796151711
-0.464912906144387,7.74298045743179,10,4.88238540446697,-0.0539302617497594,9.71065356051552
3.52200434435476,16.0011472776958,16,19.0408108610834,1.01611436836364,13.612615189004
0.498633859648339,12.3502929306903,11,15.4227945438798,0.403548483660187,11.9752845350985
-0.543505102765827,7.46048065511786,8,4.28086393159826,-0.513319093376904,7.61071009946375
-1.6962860214927,5.48072947411611,6,1.40851524730686,-0.704551427979256,7.03176699243482
2.2768461574625,15.0030632934321,15,18.782842441845,1.37076855085655,14.0911826124589
1.69136764511143,14.4695481897364,14,18.5772926691452,1.64515836388309,14.3767442515723
3.8036182626073,16.2081283936922,16,19.091232594649,1.88236983969646,14.5962438503649
1.19614935557063,13.9084835353216,12,18.1349318897751,1.97233996519129,14.675544825595
-0.00672708502726451,9.95425874938467,10,9.95310919367053,-0.60802205121721,7.30268282293149
-0.558600501093236,7.40984374480195,7,4.17536032870076,-1.05381604932174,6.32706287135199
-1.3020210571763,5.90940843097855,7,1.71686333009247,-0.434252960095697,7.90260782353327
-2.38219528606358,4.86447172845115,5,1.17895508574228,-2.28093068927021,5.06295983467328
-1.34417038620674,5.85816622001157,7,1.6697797763271,-0.118455698086881,9.36884797394847
0.20228403746584,11.0631481132771,9,12.5429576528193,0.162654336648194,10.8600616502935
-0.800667683481978,6.73991003734829,12,2.87626912085137,-0.473792089415394,7.75259145246994
-0.00184284581393987,9.98085148124616,10,10.0155281776029,-0.622085743595023,7.26062177433592
-0.0880052038900464,9.51376814929008,5,8.91998107931527,-0.031249792588553,9.83213540824466
-1.27437166068715,5.9440170829013,7,1.75039964554846,-0.548658967365958,7.49059522295139
-2.45339653860233,4.80462102155487,5,1.16216503211749,-2.35401777291862,5.00283078828139
2.41689817775448,15.1225168149604,15,18.8173367986658,0.354833044761784,11.771571852585
0.49875167442057,12.350715490887,12,15.4236922265735,0.667682814383507,12.8695703804731
-0.104766489738452,9.42397756178533,5,8.70982140377057,-0.165745527904234,9.12413521806047
1.01670969613547,13.6389389681155,11,17.7976428341672,0.779850691343367,13.1528171891654
1.37094412675247,14.1283453932272,13,18.3483013177126,1.45967253059457,14.1889317869806
0.150641396744539,10.7986107400264,8,11.9293725720162,-0.400983773549275,8.03513638173423
-0.249533946120627,8.68074332013249,8,6.9841163891806,-0.365481776851492,8.18286489464967
-1.12839545318108,6.1425749315097,8,1.97003447911308,-1.04641802423826,6.33867131643635
-0.248197899568572,8.687257698289,8,6.99908682642171,0.154407888374724,10.8177619674323
-1.63108034969568,5.54552541484598,6,1.44395247074453,-0.913419786589624,6.568047545042
0.672580489500407,12.899653380615,16,16.5419770019101,0.0936360468990771,10.5005409157496
-1.59769769817781,5.57940660993937,6,1.46383476477803,-0.907275033650856,6.57970675780544
-0.500085344786235,7.61259329435677,9,4.6022206047695,-0.673603364176009,7.11419752570821
-0.481611205607333,7.68027076531465,9,4.74713854997007,-0.690724427491914,7.06809946578095
-0.415399574529757,7.93756268598401,11,5.30734380177937,-0.0811824156428192,9.56544206573042
3.24835475907437,15.7934059671466,16,18.9899103780142,0.812704592681803,13.2268075683917
-1.16734923919341,6.08666665288414,8,1.9035338022973,-0.744780735626236,6.93044504724909
0.555479105202271,12.5459475671414,13,15.8331408416614,0.290875750153355,11.4861566625702
0.917113196246623,13.4614531049149,10,17.5344281689286,1.04691594732207,13.6621133993327
-0.217943511539032,8.83674507061761,9,7.34355309999521,-0.141409132005364,9.24931358594691
-0.224189504854967,8.80558196661344,10,7.27160226579808,-0.202703613677777,8.93761385103343
0.442298764834172,12.139957451198,10,14.9706136014738,0.360931818376968,11.7977370309708
-1.38536460081749,5.80969002811677,7,1.62801801897277,-1.43896389963103,5.83330562854664
0.021386567864543,10.107271012766,11,10.3122302619795,0.0936140037337695,10.5004243673173
0.475202094258459,12.2648206461385,10,15.2402950506978,0.479355321472713,12.2678645117671
-0.534327276555257,7.49182923187416,8,4.34656423534699,-0.604422697348627,7.3135958168607
-0.509690206402145,7.57810901667862,8,4.52882011003071,-0.489901232929515,7.69379738211676
-0.947234699371803,6.43959966478154,10,2.38008762769089,-0.188922430642754,9.00662213283715
0.0250972850216574,10.1274461202695,12,10.359570666444,0.308011726172736,11.5645586918263
0.213532952521047,11.1195113657319,10,12.6731091344059,0.31859865231307,11.6123023139092
0.197827780907177,11.0406874260882,10,12.4910300657721,0.0399682817635948,10.2146140462956
-0.488096328334702,7.6563104187575,9,4.69570466560009,-0.0652578674480812,9.65017458225386
-4.81604327590103,3.07793099450257,3,0.73432927133163,-0.801287204372314,6.79848115671355
0.204996552851657,11.0767834822359,11,12.5744646450662,0.759212631311891,13.1043719268865
1.68799853041095,14.4662279251208,14,18.5755592301699,1.31166205115285,14.0225019422963
0.521488187189212,12.4309271438747,12,15.5932316999673,0.83103903148012,13.2665021461907
3.68047154853489,16.1184771136779,16,19.0694174448789,1.07537650824224,13.7061625905859
-0.218246546352969,8.83522963268169,9,7.34005255734011,-0.0777128209674912,9.58387115133085
0.259410039701918,11.3440826982636,13,13.1891872351956,-0.0521845323326478,9.71998723581572
0.504470040069917,12.3711391522748,12,15.4670245050551,0.280472544435679,11.4378951883583
