"Est.Theta","Est.ExpScore","Raw.Score","Scaled.Weighted.Score","True.Theta","True.ExpScore"
-0.39673589514589,3.24505646365958,1,1.98968977249706,0.18464635324294,4.8128536523883
-5.56008206304548,1.06223561499334,1,0.14825087216328,-1.81351023977858,1.9565119548596
-0.360404192910327,3.32572521925748,2,2.12260178311827,-0.608957215714085,2.82966892981331
0.104188466809747,4.6018151155234,4,4.26054242777861,-0.639743741975852,2.78213429047592
0.453301329479335,5.65515890069316,7,6.01415930483405,0.789179328469178,6.53702470338199
0.125926832448163,4.66822508095907,6,4.37194781448137,0.339654522205941,5.29112016996127
-0.346436169731124,3.35766224069564,2,2.17539614579565,-0.239697113827664,3.58811847308009
0.480376678232093,5.73292278170411,6,6.1421426876315,0.271147879637909,5.08062193063275
0.457868869221625,5.66833994852135,6,6.03586991596331,0.3447884371017,5.30678546119002
0.489368891713627,5.75854762418251,6,6.1842612849702,0.478008070057353,5.70497278490243
2.2934174375976,8.16599692192628,8,9.67881844464034,1.1730003833845,7.30133672133209
-0.268704053187824,3.54442361776989,4,2.48568445842508,-0.470765240685987,3.07228273518491
2.39002940671813,8.19967390014237,8,9.69588965375483,1.73515416736063,7.89813949102641
-0.289465751149546,3.49307930984742,4,2.40014987095835,-0.39481592744837,3.22671252597379
0.866325484906831,6.72008715219149,6,7.74080902716566,0.854501658098836,6.68920861172772
-0.399419592472316,3.23923685612371,2,1.98012801481338,-0.63487064588192,2.78950631601369
0.0103267436971077,4.3182119719007,2,3.78411141401185,-0.0874284324855198,3.99672858764495
-3.28796915292294,1.562033137009,1,0.229339840818168,-0.749202729208163,2.63092398758498
-0.311648087442059,3.43938319680583,3,2.31087132785672,-0.382384515016002,3.25342610434484
7.86159653781516,9.3013503209212,9,9.90815828545851,1.33450354596892,7.52857597497996
-1.1356319897994,2.28772140091911,3,0.563297086280036,-0.339266415022143,3.34917902038519
-0.27510295994114,3.52848861868411,4,2.45912220002,-0.383976511397277,3.2499826603243
-1.2219381965844,2.23443388968847,3,0.506887928658249,-0.779347514798194,2.59384946333387
-2.51452994387368,1.76820704673882,2,0.26665484510986,-1.85550350145192,1.94201214295635
-0.309590076605952,3.44431361988294,4,2.31906090230346,-0.79140748765618,2.57953332812188
-4.40494987465474,1.29686457192683,1,0.185706373298589,-1.63862062529706,2.0205807737362
-0.23120164893856,3.63973595568218,5,2.64482857331859,-0.132172864532944,3.87181387237172
0.104188466809747,4.6018151155234,4,4.26054242777861,-0.211734458458188,3.65947617544285
0.152480500242955,4.74953777640353,6,4.50824361640199,-0.174056470660327,3.75837904725653
-1.63218085013127,2.04539799964179,3,0.358496559651353,-0.803681103432913,2.56525842044174
0.467814490493096,5.69695424881225,7,6.08297657536694,0.321136398768149,5.23446986865988
0.0533312502108083,4.44735979011536,3,4.00117955670802,0.818079327089552,6.60541716496503
0.428562948851039,5.58334656473377,6,5.89575533188747,-0.239233975174299,3.58928572658463
0.986360619669923,6.97139268248613,9,8.13676108795232,0.447675097257002,5.61595436336678
-1.02657630117002,2.36598099730093,4,0.655138800821529,-0.540539896117385,2.94368616399494
-1.39425465259343,2.14488655849785,3,0.425798960003362,-0.608443142016301,2.83048218973423
1.01467801751232,7.0263113669564,8,8.22231332758625,0.792239269700999,6.54434488507413
-0.39673589514589,3.24505646365958,1,1.98968977249706,-0.18057972884804,3.74103655485728
3.68158456713612,8.55431015991217,8,9.78975431251193,1.66045719669812,7.84564920209267
-1.76757487219831,1.99641596046577,2,0.333957245461868,-0.358741601138139,3.30533770028209
-1.24108692316131,2.22347534635311,3,0.495994685928027,-3.12031487008073,1.56881333434483
-0.335072397908594,3.38401738321251,2,2.21902961331522,-0.628550552802697,2.79915205877401
-1.1356319897994,2.28772140091911,3,0.563297086280036,-2.29059990725374,1.80378154446941
-3.04426005726322,1.6248948002893,2,0.240092586704773,-1.25094469023332,2.20025053486481
-1.35904365470845,2.16168973623749,3,0.439585528306241,-1.13710623113475,2.27058955753487
-1.29219895090557,2.19556779066817,3,0.469432427522941,-1.32276738699689,2.16108408689597
0.489368891713627,5.75854762418251,6,6.1842612849702,-0.220270854691869,3.63750338537828
1.94435233665989,8.01905596670322,7,9.57420103999664,1.23877160087072,7.40035831146283
-1.02657630117002,2.36598099730093,4,0.655138800821529,-0.409736109004477,3.19518278905862
0.920629121608738,6.83743150971304,7,7.92651540046424,0.602657217058162,6.05761300173669
-5.56008206304548,1.06223561499334,1,0.14825087216328,-0.584710847605928,2.86873519499275
-0.259751829389457,3.56687974564721,4,2.52313995956039,-0.201104272721791,3.68706615615964
0.0338468417715146,4.38864817181399,3,3.90251538695843,-0.0186960252339604,4.1951748851806
-1.35904365470845,2.16168973623749,3,0.439585528306241,-0.889082809720044,2.47370344970806
1.68138525397998,7.86102480358897,6,9.41216359953048,1.3724655827213,7.5744721231796
0.90134500900919,6.79644102937561,6,7.8617938237193,1.01277538645853,7.02094851242048
-6.68848240698037,0.870257275150174,1,0.11840397294658,-2.0494509408767,1.87817364795155
0.406404257062328,5.51844567755261,5,5.78857475580391,0.22512876620749,4.93824554200895
-1.42408493704904,2.1311509661474,2,0.415046214116756,-1.28436137206587,2.18158571460256
0.819836219438772,6.61499093911614,6,7.57346400167228,0.990286904475101,6.97709707559111
0.0630905698962839,4.4768752757151,4,4.05076625912171,0.166153300534507,4.75563836820864
-0.357539205972123,3.33223441408099,3,2.13335452900488,-0.266097426018043,3.52241486317803
-0.919634132535094,2.45774732005726,5,0.773542773768109,-0.611725615998657,2.82530045967765
-4.40494987465474,1.29686457192683,1,0.185706373298589,-1.33292338995122,2.15582105169761
0.475019855052621,5.71760896334217,6,6.11695888461819,0.159143005480877,4.73397184410584
-2.3364832162129,1.81885588603406,2,0.277548087840082,-0.568602673164182,2.89549749273035
0.162102522563712,4.77903506719715,7,4.55765418777996,-0.119935654149639,3.90560974964443
-0.382359860665181,3.2765581350855,2,2.04151281446338,0.0855403531409201,4.5078276319454
-0.346436169731124,3.35766224069564,2,2.17539614579565,-0.386626878890152,3.24426459778749
-1.32901307366025,2.17657025387143,3,0.452361218408449,-0.924563321836084,2.43937161532972
-1.02657630117002,2.36598099730093,4,0.655138800821529,-1.51276051593477,2.07168332333467
-0.919634132535094,2.45774732005726,5,0.773542773768109,-3.19171253202351,1.54961960231216
-2.51452994387368,1.76820704673882,2,0.26665484510986,-0.810438578497114,2.55752404793086
0.065231843462946,4.48336007024368,4,4.06165950185193,0.389139160541462,5.44126745273388
0.065231843462946,4.48336007024368,4,4.06165950185193,-0.0274545506117518,4.1694914541401
-0.279238155019532,3.51824291212746,4,2.44205099090551,-0.70312951309327,2.69129951106953
0.461894349332267,5.6799359986613,5,6.0549640692934,0.746408801810537,6.43278729213201
-1.76757487219831,1.99641596046577,2,0.333957245461868,-0.74003298501893,2.64257633981187
-1.63218085013127,2.04539799964179,3,0.358496559651353,-0.817455345337496,2.54958553758652
2.17472459288705,8.12127159138144,8,9.65225618623525,1.73457083429158,7.8977518696944
-0.204131089658555,3.71049842803531,6,2.76323254626517,0.138520600569794,4.67033276337348
-0.27510295994114,3.52848861868411,4,2.45912220002,0.212060095160125,4.89776062806454
-6.68848240698037,0.870257275150174,1,0.11840397294658,-1.70538384000797,1.99532655526473
1.80970960660073,7.94532155920161,7,9.50400531407197,1.30328297073136,7.48876728185913
0.40837252397597,5.5242316593037,4,5.79813651348758,0.884856281688772,6.75695408446809
6.59321994476348,9.12529685032395,9,9.88159602705342,1.15493116073523,7.27251689403071
-0.238132122397956,3.62187963084939,5,2.61498167410189,0.142576994739772,4.68283731762863
2.23238101341415,8.14352084774693,8,9.66604275453813,1.93162014646579,8.01231702766662
-1.39425465259343,2.14488655849785,3,0.425798960003362,-0.960624401249722,2.4065014522547
0.383629324653614,5.45121103329674,3,5.67737335631195,-0.232462490529887,3.60640875429703
-0.308439711317971,3.44707418442978,3,2.32364701795893,-0.796166644590943,2.57396315605593
0.9487248418269,6.89578907605132,8,8.01835711500574,0.299281081877054,5.16735110571601
2.70092419414381,8.29699096207286,8,9.73334515489014,1.06547199214594,7.11936873242022
-0.311648087442059,3.43938319680583,3,2.31087132785672,-0.541710301044213,2.94163630989045
-4.40494987465474,1.29686457192683,1,0.185706373298589,-0.423131954485719,3.16737017421016
0.454772611545028,5.65940745229271,6,6.02115789107786,0.02449018236758,4.32327604041533
0.838280803699539,6.65719011819962,6,7.64076640202429,0.370202252373401,5.38404334200881
-3.75180500610762,1.44735080896753,2,0.210245687488073,-1.58955280017998,2.03990364709606
3.68158456713612,8.55431015991217,8,9.78975431251193,0.889700095585875,6.7675866800212
-0.27510295994114,3.52848861868411,4,2.45912220002,-0.88138300459772,2.48142802389108
0.873509806835455,6.73595079957294,6,7.76599283017897,0.475704459328397,5.69825189773162
-1.1356319897994,2.28772140091911,3,0.563297086280036,-0.510133386215813,2.99817421755033
0.397968293357401,5.49360196350637,5,5.74750445972419,0.350276624025085,5.32351103559185
0.838280803699539,6.65719011819962,6,7.64076640202429,-0.199575100918841,3.69105559385148
0.36461444655528,5.39469592722558,5,5.58377422917522,0.519351771084456,5.82441510172586
0.490930006873539,5.7629857438096,7,6.19155325900948,0.348355102894439,5.31765756978433
0.4328852616366,5.59594392999518,5,5.91654048643416,-0.389851286371693,3.2373326976173
-6.68848240698037,0.870257275150174,1,0.11840397294658,-1.7121653232703,1.99282128967759
-0.27510295994114,3.52848861868411,4,2.45912220002,-0.739136933576747,2.64372453508323
5.46399830786478,8.93357026215348,9,9.85174912783672,1.3931975727656,7.59841229361276
0.827975967690563,6.63369447805791,6,7.60331090088898,0.614312215335419,6.08937187654353
0.483465604065946,5.74173681026757,7,6.15663307313894,1.38806507643694,7.59255804036571
0.418321239564059,5.55341496078921,5,5.8463447605095,0.289525048488216,5.13731235288948
-1.48327092633571,2.10511292645357,3,0.395952060786662,-0.751826944228469,2.62762187034571
-1.10337358181416,2.30947610471924,4,0.587836400469521,-0.63419664229517,2.79053041810435
-3.28796915292294,1.562033137009,1,0.229339840818168,-1.30880771698982,2.16842409325126
2.59153377074121,8.26426311461099,8,9.72245191215992,1.22600097911438,7.38184504788893
2.39002940671813,8.19967390014237,8,9.69588965375483,1.09913162485861,7.17904542278418
-2.3364832162129,1.81885588603406,2,0.277548087840082,-0.37560132881057,3.26817167071619
5.46399830786478,8.93357026215348,9,9.85174912783672,0.981877998287531,6.96041706417521
0.462491379712646,5.68165417651563,7,6.05779277235363,0.935645266131239,6.86597477729296
0.918129479516861,6.83216096286966,6,7.91820298134108,0.763531401407131,6.47494414602568
-0.356320445229483,3.33500991211846,2,2.13794064466034,-0.810488522520781,2.55746721080037
0.914897521998508,6.82532740533932,8,7.90742124713415,1.158454116726,7.27819118205379
0.845651335230044,6.67386923700583,6,7.66732866042938,0.253647983279025,5.02653324925093
-1.85707236348769,1.96602313360597,2,0.321181555359661,-1.05231070834455,2.33117793413007
-3.75180500610762,1.44735080896753,2,0.210245687488073,-0.873215413244892,2.48973209530001
-1.85707236348769,1.96602313360597,2,0.321181555359661,-1.19067349038821,2.23608826720119
0.162102522563712,4.77903506719715,7,4.55765418777996,0.498464066176158,5.76435511081484
-3.04426005726322,1.6248948002893,2,0.240092586704773,-1.16836383605857,2.25013379803151
0.125926832448163,4.66822508095907,6,4.37194781448137,0.420757874292408,5.53606890449389
5.46399830786478,8.93357026215348,9,9.85174912783672,0.614882309418586,6.09091959272324
-3.75180500610762,1.44735080896753,2,0.210245687488073,-1.39877039293994,2.12315519589167
0.0772818374857283,4.51990856556636,4,4.12304430150193,-0.0349677160607783,4.14754629732844
0.45270695940638,5.65344183846403,5,6.01133060177382,0.7609473537303,6.46861831140326
0.871559140637133,6.73165366683274,7,7.75917037497087,1.45202255077044,7.66221687305025
-5.56008206304548,1.06223561499334,1,0.14825087216328,-0.792005729853064,2.57883068756254
0.435124643600288,5.60246237301023,6,5.92729323232077,0.893001577644379,6.77480549210334
0.495061725176174,5.77471666583328,6,6.21082354337529,1.27896335801248,7.45642775477347
0.414039954728707,5.54086920002315,4,5.82562422847523,1.12830759426082,7.2287652738698
0.094292216675329,4.57164707985065,5,4.20991037401521,-0.217057277743152,3.64575590095392
-3.28796915292294,1.562033137009,1,0.229339840818168,-0.789323248620535,2.58198680882586
0.448468307560247,5.64118481246841,6,5.99113486082544,0.654326124594362,6.19667204184152
-2.3364832162129,1.81885588603406,2,0.277548087840082,-1.06622288224012,2.320685406317
2.39002940671813,8.19967390014237,8,9.69588965375483,1.03283140552355,7.0591242591752
0.902776660872893,6.79951010492257,7,7.86664547099512,0.230019316288224,4.95339325757469
0.102821273806183,4.59764464873625,5,4.25354384153479,0.555172745912314,5.92597734634004
0.440889103085625,5.61921555695067,5,5.95492144415204,0.643481189206021,6.1678607553855
4.31460242684451,8.70031106641657,9,9.81429362670141,1.04457467150182,7.08106793560419
0.89279113394459,6.77801760520153,7,7.83265074170715,1.5217656645704,7.73048976673135
0.91168563718355,6.81851519853114,7,7.89666850124754,0.732736242319722,6.39872157190266
-1.17888498284981,2.26017647534187,3,0.533450187063336,-1.83649380151218,1.94854053311448
-0.340025751825077,3.37248857740465,3,2.19993545998513,-0.294732851939447,3.45303914812597
0.521368279738705,5.84887841509775,7,6.33251215713348,0.559204349668183,5.93728957528128
0.894965269877489,6.78271426080828,7,7.84008321259004,1.34157375910451,7.53732971029461
0.8841102389057,6.7591701564395,7,7.80280384249045,1.19648339832258,7.33774381819081
0.885403351975465,6.76198726193912,6,7.8072671134695,0.417311906999037,5.52578546207095
0.360169078750214,5.3814366501575,4,5.5617980864256,0.281988479202599,5.11407901845882
-1.76757487219831,1.99641596046577,2,0.333957245461868,-1.28460922578998,2.18145024277612
0.0921889140813446,4.56524135729263,4,4.19915762812861,0.233420467497814,4.96392640412971
-0.919634132535094,2.45774732005726,5,0.773542773768109,-0.889874855663898,2.4729145182731
1.68138525397998,7.86102480358897,6,9.41216359953048,0.541837370039423,5.88838650408751
0.871559140637133,6.73165366683274,7,7.75917037497087,0.927850346005722,6.84959871437275
0.102821273806183,4.59764464873625,5,4.25354384153479,0.0975894220978374,4.54462991152837
-1.35904365470845,2.16168973623749,3,0.439585528306241,-1.64720824603723,2.01726879542015
-1.16273803795359,2.27025219221439,4,0.544202932949942,-1.16755782058071,2.25064967692605
-0.254578399335898,3.57994263620599,5,2.5449399712743,-0.71930104080601,2.66958324822711
0.0931622555034075,4.56820544597454,4,4.20413327015682,-0.22486760487049,3.62573956212968
-0.388348362279787,3.26336887085654,3,2.01980220333412,-1.00753797488337,2.36656415490658
-1.76757487219831,1.99641596046577,2,0.333957245461868,-1.0382913319568,2.34198714241231
1.85564287760457,7.97195207259361,7,9.53056757247706,0.703493685735856,6.32468192007692
0.50147917701239,5.79289319570683,6,6.24067044259199,0.702761728751771,6.32280830033968
0.845602287153086,6.67375859301232,6,7.66715252939366,0.216829410183113,4.91253593313389
-5.56008206304548,1.06223561499334,1,0.14825087216328,-0.965985054895447,2.40178079276034
-1.54969265997316,2.07756528236783,2,0.377590712981447,-2.06637661672749,1.87280076635529
2.1345113724205,8.10508610481556,7,9.64150344034865,1.31274085390762,7.50102741163852
0.433077908966367,5.59650491386712,5,5.91746594301673,0.77067444295189,6.49236308461993
-0.325476891222297,3.4065292147515,3,2.25634461760692,-0.129184417233245,3.88004077288806
-0.27510295994114,3.52848861868411,4,2.45912220002,-0.292169258267345,3.45916841307894
-1.02657630117002,2.36598099730093,4,0.655138800821529,-1.95194075806101,1.90969800538299
0.0848574359705643,4.54293084234976,4,4.1617021269933,0.0616977567436945,4.43533968806768
-2.00640144844289,1.91786857604704,2,0.304110346245169,-1.02899192209016,2.34929137013593
-2.3364832162129,1.81885588603406,2,0.277548087840082,-0.745388714854616,2.63574904224095
0.986360619669923,6.97139268248613,9,8.13676108795232,1.02164666349414,7.03794320761341
2.59153377074121,8.26426311461099,8,9.72245191215992,1.89950543265525,7.99561499243185
0.487039173001904,5.75191860083164,6,6.17336804223998,0.688436301085484,6.28594153507283
-6.68848240698037,0.870257275150174,1,0.11840397294658,-1.87105586027347,1.93671260650502
-1.1356319897994,2.28772140091911,3,0.563297086280036,-0.770235208619725,2.60486015598336
-0.36333468773881,3.31908940093117,4,2.11164391787562,-0.297331995178804,3.44684143026017
-2.00640144844289,1.91786857604704,2,0.304110346245169,-1.41308314985413,2.11636376924285
-3.04426005726322,1.6248948002893,2,0.240092586704773,-0.58973224313694,2.8605251528259
3.0676204138178,8.39910155475673,8,9.75990741329523,3.23382555890256,8.45201270448588
0.0630905698962839,4.4768752757151,4,4.05076625912171,-0.380316751070446,3.25790844601352
-0.335072397908594,3.38401738321251,2,2.21902961331522,-0.991055330466462,2.38024790465298
-1.29219895090557,2.19556779066817,3,0.469432427522941,-0.225724007239427,3.62355320670813
-1.39425465259343,2.14488655849785,3,0.425798960003362,-1.28590995575544,2.18073998528391
3.26480958499936,8.45066813666764,9,9.77066015918183,1.37372414343862,7.57594775363948
-0.334764420649752,3.38473627062406,4,2.22022060151816,0.361781213643851,5.3584990318575
1.7525399354964,7.90970588265049,7,9.46654981293666,2.07007182657389,8.07764891344599
0.140405902054431,4.71254285160105,5,4.4462488010772,0.101547110681899,4.55674049047682
0.475019855052621,5.71760896334217,6,6.11695888461819,-0.0409493313521575,4.1301332957345
2.70092419414381,8.29699096207286,8,9.73334515489014,0.676038748359996,6.253735840362
0.860912234665109,6.70806676771018,7,7.72171487383556,1.30088530495597,7.48563122343151
-0.304990561422419,3.45537096813556,3,2.3374335862618,-0.399949892748863,3.21579770933913
-0.225071183233382,3.65562051127746,5,2.67139083172367,0.400570829018709,5.47565526826415
-6.68848240698037,0.870257275150174,1,0.11840397294658,-0.527791344497813,2.96624150259426
-1.29219895090557,2.19556779066817,3,0.469432427522941,-2.04784462714241,1.87868496591442
-0.293033500172592,3.48436116977239,4,2.38564183328372,-0.182773349573467,3.73522496833334
0.430840607106058,5.58998738868122,4,5.90671319713012,0.0801119288204422,4.49128274243488
-2.3364832162129,1.81885588603406,2,0.277548087840082,-1.77787953091543,1.96905100397761
-0.226127178455399,3.65287839434299,6,2.66680471606821,-0.486209465482937,3.04272809827067
-2.51452994387368,1.76820704673882,2,0.26665484510986,-0.443699591844745,3.1255825295034
0.0364417325887569,4.39644949747926,4,3.91562731707408,0.514759283575924,5.81126134528506
-1.17888498284981,2.26017647534187,3,0.533450187063336,-2.47432126376977,1.74950190435842
0.914897521998508,6.82532740533932,8,7.90742124713415,0.3446647204079,5.30640817769593
-5.56008206304548,1.06223561499334,1,0.14825087216328,-0.679805691320996,2.72364879494421
-2.00640144844289,1.91786857604704,2,0.304110346245169,0.0221802111491493,4.31636693819599
0.90017831162816,6.79393688004695,7,7.85783454472046,1.12858256863287,7.2292250270437
-0.279238155019532,3.51824291212746,4,2.44205099090551,-0.142537302153135,3.84341599383297
0.0283766574336112,4.37222148059281,3,3.87490482729437,0.225100473030779,4.93815790256557
2.17472459288705,8.12127159138144,8,9.65225618623525,1.82762429754785,7.95565943323335
-2.51452994387368,1.76820704673882,2,0.26665484510986,-1.71539042045289,1.99163347090775
0.986360619669923,6.97139268248613,9,8.13676108795232,1.67089560058121,7.85334619326945
0.374113465315094,5.42296996217713,4,5.63061535695849,0.260781770109036,5.04859272878655
-1.63218085013127,2.04539799964179,3,0.358496559651353,-0.282751504516586,3.48182370868803
-5.56008206304548,1.06223561499334,1,0.14825087216328,-1.14251747984534,2.26698088798997
-1.76757487219831,1.99641596046577,2,0.333957245461868,-1.45840634242657,2.09550974900264
-1.54969265997316,2.07756528236783,2,0.377590712981447,-0.703392931204025,2.6909411401333
-1.17888498284981,2.26017647534187,3,0.533450187063336,-1.28061978879971,2.18363596285816
-1.10337358181416,2.30947610471924,4,0.587836400469521,-0.818140858633608,2.54881499542881
-1.39425465259343,2.14488655849785,3,0.425798960003362,-1.19597081149903,2.23281792678884
2.07127348258286,8.07836496062925,8,9.62240928701855,1.30279804873622,7.48813393804449
-2.51452994387368,1.76820704673882,2,0.26665484510986,-0.17793311511252,3.7480618870767
-2.00640144844289,1.91786857604704,2,0.304110346245169,-0.538702375415049,2.94691148099903
-1.39425465259343,2.14488655849785,3,0.425798960003362,-2.52318763076979,1.73532787269986
0.0576831454153865,4.46051303700135,4,4.02327854413406,0.821514128833877,6.61343432304682
-1.17888498284981,2.26017647534187,3,0.533450187063336,-0.46368125221523,3.08604763280631
0.450024621317346,5.64568770271272,5,5.99855491167161,0.42232927395514,5.54075414995074
-6.68848240698037,0.870257275150174,1,0.11840397294658,-1.22704927890266,2.21410833098415
0.360169078750214,5.3814366501575,4,5.5617980864256,0.195693487937074,4.84706133104962
-3.28796915292294,1.562033137009,1,0.229339840818168,-0.291860999096138,3.45990651578414
0.374113465315094,5.42296996217713,4,5.63061535695849,0.925750781130639,6.84516561986428
-1.17888498284981,2.26017647534187,3,0.533450187063336,-0.328778061955613,3.37319051509534
0.888566746943531,6.76886474507416,6,7.81816035619972,0.859355867248111,6.70017067104674
-0.360404192910327,3.32572521925748,2,2.12260178311827,-0.263211017092196,3.52951789112001
-1.42408493704904,2.1311509661474,2,0.415046214116756,-1.92047828985122,1.92010282383941
0.461894349332267,5.6799359986613,5,6.0549640692934,-0.0672393043747795,4.05424726976974
0.46577286083302,5.69109013547202,6,6.07332541709861,0.863521572866062,6.70953907526073
1.5011560212167,7.71095932321696,5,9.22645722623189,0.761514774015726,6.47000848352797
-0.266092029271248,3.55095620702777,4,2.49657770115531,-0.411646643534888,3.191187401492
0.84333909963815,6.66864813804644,5,7.65901624130622,0.326165593408807,5.24987655820498
-3.28796915292294,1.562033137009,1,0.229339840818168,-1.09511255984632,2.29961087633164
0.122112337095187,4.65655966667089,5,4.3523841423201,0.01107983534928,4.28325170042126
4.31460242684451,8.70031106641657,9,9.81429362670141,0.612706219660137,6.08500895686743
-0.23120164893856,3.63973595568218,5,2.64482857331859,-0.726426687520749,2.66019630036377
0.465735620717289,5.69098312442372,6,6.0731492860629,-0.287743506931091,3.46978791427225
-0.326650293445572,3.40376373310458,4,2.25175850195146,-0.0198107237873144,4.19190024802612
-6.68848240698037,0.870257275150174,1,0.11840397294658,-0.309570578449543,3.41788320343928
-0.315953729626221,3.42910237795645,3,2.29380011874223,-0.0479905714000993,4.10970394816824
3.68158456713612,8.55431015991217,8,9.78975431251193,0.73608606138426,6.40710062597334
0.469814098755259,5.70269270722131,5,6.09241957042871,0.698905233450381,6.31292042449843
0.0305323052014873,4.37869166982907,4,3.88578041785739,-0.137090714102817,3.85831312361817
-4.40494987465474,1.29686457192683,1,0.185706373298589,-1.15956779024976,2.25579620006698
0.406931720933563,5.51999662183198,5,5.79113792724377,0.576716221053943,5.98613760575357
7.86159653781516,9.3013503209212,9,9.90815828545851,1.53008500530504,7.73813578967241
0.0962139716602272,4.57750180436187,6,4.21973766331925,0.238948458151433,4.98104315535194
-1.85707236348769,1.96602313360597,2,0.321181555359661,-0.936665970990606,2.42811937006623
0.928049152522975,6.85300148270581,8,7.95105471465373,0.414295748863841,5.51677457733672
0.461950385305032,5.68009728144931,7,6.05522960091377,0.449895344045796,5.62250738337809
-1.1356319897994,2.28772140091911,3,0.563297086280036,-1.43543682444955,2.10595855702586
4.31460242684451,8.70031106641657,9,9.81429362670141,1.65931018022793,7.84479587099419
1.0057770110759,7.00923195156041,8,8.19575106918117,0.820511691940175,6.61109700081257
2.2934174375976,8.16599692192628,8,9.67881844464034,0.896697490814653,6.7828595420638
0.0969880826433682,4.57986067972731,5,4.22369694231809,0.10813941975678,4.57693599038746
-1.10337358181416,2.30947610471924,4,0.587836400469521,-1.63088720486952,2.02358046088057
0.0931622555034075,4.56820544597454,4,4.20413327015682,0.270478026073945,5.07855322843799
0.857876720745601,6.70130099432145,6,7.71096212794896,0.796407709453018,6.55428702092001
-1.39425465259343,2.14488655849785,3,0.425798960003362,-1.45191663521177,2.09843778344166
-6.68848240698037,0.870257275150174,1,0.11840397294658,-2.1142473806528,1.85774445611753
0.113600594671938,4.63054707487389,5,4.30875067480052,0.593119296694666,6.03145821770893
0.0240167587276922,4.35914787508162,2,3.85292868454474,-0.220417237891154,3.63712802748512
-1.42408493704904,2.1311509661474,2,0.415046214116756,-0.935553633497579,2.42914409864889
0.18135374833659,4.83807464532939,7,4.65649448856527,0.173649939473703,4.77882289433082
0.495023920245178,5.77460942917249,6,6.21064741233957,0.435018723274441,5.57849199043785
0.827975967690563,6.63369447805791,6,7.60331090088898,1.47089517697115,7.68145114620636
2.01827567942194,8.05461087230982,7,9.60404793921334,1.6221198070225,7.81629017980778
-0.271002610724799,3.53868837429396,5,2.47612270074141,-1.02447665891736,2.352877276363
0.819836219438772,6.61499093911614,6,7.57346400167228,1.62062834560357,7.81511219827381
0.838280803699539,6.65719011819962,6,7.64076640202429,0.916334761542324,6.82516875113103
0.0999465212319949,4.58887827064992,5,4.23883181664935,-0.24953827994462,3.56343404996243
-2.3364832162129,1.81885588603406,2,0.277548087840082,-0.592554457597833,2.85593830232193
-1.39425465259343,2.14488655849785,3,0.425798960003362,-0.8505289488159,2.51340665905965
0.0811168148019641,4.53155896760502,5,4.1426079736632,0.116199992418882,4.60166625927063
-1.24108692316131,2.22347534635311,3,0.495994685928027,-1.90011623411314,1.92690504809542
0.819836219438772,6.61499093911614,6,7.57346400167228,0.634114370910531,6.14281325319082
-4.40494987465474,1.29686457192683,1,0.185706373298589,-0.880362378758061,2.48245946899963
0.0285843249784829,4.37284461753301,3,3.87595312855334,0.249495458910009,5.01368695475339
-1.48327092633571,2.10511292645357,3,0.395952060786662,-0.961303848087355,2.40590080751699
0.065231843462946,4.48336007024368,4,4.06165950185193,0.303234197703768,5.17950994166252
-1.2219381965844,2.23443388968847,3,0.506887928658249,-0.705680204950642,2.68783587390593
0.0956608607187551,4.57581653885775,4,4.21690896025903,0.159684825114308,4.73564590269376
-1.35904365470845,2.16168973623749,3,0.439585528306241,-1.36459993826182,2.13980282864818
-1.2219381965844,2.23443388968847,3,0.506887928658249,-0.224723618789202,3.62610731620148
-3.75180500610762,1.44735080896753,2,0.210245687488073,-1.85457718846066,1.94232894920174
0.0329388103835482,4.38591960334821,4,3.89792927130297,0.501353337377301,5.77269817345671
1.79225510172695,7.93475218985274,7,9.49311207134175,1.69178412707709,7.86838509724997
0.89279113394459,6.77801760520153,7,7.83265074170715,0.383766665116855,5.42506468870503
-1.29219895090557,2.19556779066817,3,0.469432427522941,-1.10793404533365,2.29055394285985
0.0709125503138821,4.5005786235093,4,4.09058094448607,0.571558352904533,5.97179929374843
-1.05878750247849,2.34142283940872,4,0.62529190160483,-2.26214198957547,1.81234993502415
-0.316809727682817,3.42706401057129,4,2.29041632744282,-0.0278862763206226,4.16822824341726
0.421784848107059,5.56355022065431,4,5.86307972961054,0.432697183022861,5.57160088915551
3.68158456713612,8.55431015991217,8,9.78975431251193,1.27009757765065,7.44434303898572
0.144216704376733,4.7242155704869,6,4.46581247323847,-0.344595892540898,3.33708520858493
0.830012732899379,6.63835466554582,6,7.61074337177187,1.08491213240185,7.15413821299404
-7.9519478577326,0.694352042286989,1,0.0918417145414931,-2.20101602908401,1.83092535118671
2.07127348258286,8.07836496062925,8,9.62240928701855,0.517360393311367,5.81871502471806
0.111502022142492,4.62413776478044,4,4.29799792891392,-0.184836248938208,3.72976908097926
-0.293867631758091,3.48232737867393,5,2.38225804198431,0.0928316148846295,4.53008528107928
3.0676204138178,8.39910155475673,8,9.75990741329523,2.75938054774137,8.31782536801306
1.91420887361401,8.00363874291662,7,9.56041447169376,2.05284327810943,8.07003743155719
-0.350506221123847,3.34830395906342,3,2.15991678740996,-0.523316136974965,2.97425832865299
0.920629121608738,6.83743150971304,7,7.92651540046424,0.884683344631076,6.75657356294486
5.46399830786478,8.93357026215348,9,9.85174912783672,0.907853129597575,6.8069949126789
-5.56008206304548,1.06223561499334,1,0.14825087216328,-0.802677991226499,2.5664140676848
1.80970960660073,7.94532155920161,7,9.50400531407197,1.65931678196823,7.84480078671902
-1.17888498284981,2.26017647534187,3,0.533450187063336,-0.907694875066811,2.45543935533238
0.975746648036711,6.95037150029568,7,8.10390935463967,1.29722895985284,7.48082695538863
0.429167785585427,5.58511061113237,5,5.89866630962733,0.870407929397389,6.72494715642269
-0.39673589514589,3.24505646365958,1,1.98968977249706,-0.326210055313678,3.37911206140476
-5.56008206304548,1.06223561499334,1,0.14825087216328,-1.3451257928435,2.14958067364221
-1.2219381965844,2.23443388968847,3,0.506887928658249,-1.14595506632007,2.26470334230578
-1.39425465259343,2.14488655849785,3,0.425798960003362,-1.66796849583825,2.00934231183062
-0.246894294264929,3.59945948301952,5,2.57752617296658,-0.574736113842511,2.88523063332289
-0.299939843034865,3.46757353398824,4,2.35771872779483,-0.0294069170112874,4.16378102240891
0.122112337095187,4.65655966667089,5,4.3523841423201,0.390067862017886,5.44406564272784
0.487039173001904,5.75191860083164,6,6.17336804223998,0.46810995049502,5.6760476288426
0.0519868702667561,4.44329931576075,4,3.99435710149992,0.0746099473793834,4.47453756038185
-2.3364832162129,1.81885588603406,2,0.277548087840082,-0.978746471592976,2.39070930426528
0.136686025748141,4.7011517917129,6,4.4271546477471,-0.309358292574571,3.41838232664332
-0.257196721377308,3.5733235879226,5,2.533892705447,-0.00898692828095696,4.22376822500035
0.827975967690563,6.63369447805791,6,7.60331090088898,0.216496579082175,4.91150483603224
0.95702249702179,6.91271189169912,8,8.04491937341082,1.17413660052695,7.30312545381577
0.144216704376733,4.7242155704869,6,4.46581247323847,0.336017714920364,5.28001208424604
0.0931622555034075,4.56820544597454,4,4.20413327015682,0.249320873093356,5.01314677139237
7.86159653781516,9.3013503209212,9,9.90815828545851,1.96710199335429,8.03003433061401
-0.288340830820049,3.49583460225444,3,2.40473598661381,-0.794769512208009,2.57559375732343
-0.399419592472316,3.23923685612371,2,1.98012801481338,0.230579431892297,4.95512798620834
-6.68848240698037,0.870257275150174,1,0.11840397294658,-0.611765816927888,2.82523716152974
-0.999971096514664,2.38727734436814,4,0.681701059226616,-0.811212973260585,2.55664331136072
-0.332295994163412,3.39050689586701,3,2.22978235920183,0.379840628352406,5.4132079674269
-2.51452994387368,1.76820704673882,2,0.26665484510986,-0.587261275516991,2.86455737459296
-3.04426005726322,1.6248948002893,2,0.240092586704773,-1.42286706182978,2.1117799244308
-4.40494987465474,1.29686457192683,1,0.185706373298589,-1.11954041463081,2.28250605579458
0.9487248418269,6.89578907605132,8,8.01835711500574,0.885280687213434,6.75788765827457
-6.68848240698037,0.870257275150174,1,0.11840397294658,-1.45149770832855,2.09862743907239
0.47773552756843,5.72537689272406,6,6.1297345747204,0.694938296606676,6.30272096273933
6.59321994476348,9.12529685032395,9,9.88159602705342,1.89879757395323,7.99523931611216
0.880562563304586,6.75142421736025,7,7.79053214436845,1.39349366542702,7.59874858177475
0.133227190058046,4.6905631465341,6,4.40940331561668,-0.20338714774466,3.68111997626469
-1.02657630117002,2.36598099730093,4,0.655138800821529,-1.11880841056675,2.28300947497832
-7.9519478577326,0.694352042286989,1,0.0918417145414931,-1.14783703312247,2.26346132980343
0.562626507038798,5.96326828067201,8,6.51973340061295,0.361905208673974,5.35887557087019
0.838280803699539,6.65719011819962,6,7.64076640202429,0.465688501838327,5.66895300335678
-1.42408493704904,2.1311509661474,2,0.415046214116756,-2.69037672642357,1.687534900026
2.01827567942194,8.05461087230982,7,9.60404793921334,0.853749908443795,6.68750661870912
0.918129479516861,6.83216096286966,6,7.91820298134108,0.67746506373642,6.25745510726216
-1.2219381965844,2.23443388968847,3,0.506887928658249,-0.455159945487481,3.10277954433593
0.48969309991299,5.75946957924836,6,6.18577615515108,0.649902064352359,6.18494345268769
-1.16273803795359,2.27025219221439,4,0.544202932949942,-1.37298409242975,2.13565952099079
-0.387252645349611,3.26577498570285,2,2.02376148233296,0.455121073772161,5.63790836417957
-0.358863625359658,3.3292226936719,3,2.12837888697666,0.246185900101501,5.00344583379916
4.31460242684451,8.70031106641657,9,9.81429362670141,1.03862339385279,7.06998506795441
-1.35904365470845,2.16168973623749,3,0.439585528306241,-0.968100325598979,2.39992951717378
0.144216704376733,4.7242155704869,6,4.46581247323847,0.311036062401488,5.20348326878547
3.26480958499936,8.45066813666764,9,9.77066015918183,1.94675011227297,8.01996276117915
0.495061725176174,5.77471666583328,6,6.21082354337529,0.460257154984228,5.65301371477916
-7.9519478577326,0.694352042286989,1,0.0918417145414931,-2.16747387606639,1.84122590410332
0.95702249702179,6.91271189169912,8,8.04491937341082,1.10711751049782,7.19283944734926
-1.05878750247849,2.34142283940872,4,0.62529190160483,-0.199165654632809,3.69212466559551
-3.28796915292294,1.562033137009,1,0.229339840818168,-1.84192236982964,1.94667039441087
1.94435233665989,8.01905596670322,7,9.57420103999664,1.34662961975779,7.54353112799282
-0.377004451962451,3.2884336560987,3,2.06107648662465,-0.507092304673439,3.00375514350775
2.1345113724205,8.10508610481556,7,9.64150344034865,1.42427671996416,7.6328649930468
4.31460242684451,8.70031106641657,9,9.81429362670141,1.17896397852287,7.31069423147038
0.40837252397597,5.5242316593037,4,5.79813651348758,0.577490245982639,5.98828573072337
-0.360404192910327,3.32572521925748,2,2.12260178311827,-0.309227243627454,3.418690503
-5.56008206304548,1.06223561499334,1,0.14825087216328,-1.21063868675884,2.22388779947969
0.118782919686047,4.64638163476711,5,4.33531293320561,0.62381395121857,6.11509698777793
0.359651052367648,5.3798904052075,4,5.55923491498574,0.0661512237605637,4.44884280163457
-0.304990561422419,3.45537096813556,3,2.3374335862618,-0.330282078948376,3.36973015960572
1.96948909868136,8.03148942198917,8,9.58495378588324,2.60825748594937,8.27185684157375
-0.347324121476139,3.35561691077184,3,2.17201235449624,-0.659906412982368,2.75223063856607
2.2934174375976,8.16599692192628,8,9.67881844464034,0.973466871023689,6.94357897080617
-0.325476891222297,3.4065292147515,3,2.25634461760692,0.0582963281586687,4.42503846226544
-1.68662353966135,2.02519968158407,2,0.347743813764748,-1.75790164838105,1.97618472952365
-0.919634132535094,2.45774732005726,5,0.773542773768109,-0.130000080098203,3.87779362854452
0.0956608607187551,4.57581653885775,4,4.21690896025903,-0.204302078036799,3.67874009766581
-7.9519478577326,0.694352042286989,1,0.0918417145414931,-0.722219507392617,2.66572527079387
-4.40494987465474,1.29686457192683,1,0.185706373298589,-1.59767843820923,2.03665475892475
-0.307381305835026,3.44961698480305,4,2.32787182857813,-0.870889695038981,2.49211765544959
4.31460242684451,8.70031106641657,9,9.81429362670141,1.09302040222748,7.16839516370251
1.60720433570521,7.80434875543823,6,9.34486119917847,0.576864920219578,5.98655035819274
0.383629324653614,5.45121103329674,3,5.67737335631195,0.742445310815754,6.4229487200251
-1.68662353966135,2.02519968158407,2,0.347743813764748,-0.648740133993297,2.76867299768292
-1.10337358181416,2.30947610471924,4,0.587836400469521,-0.857965818093992,2.50554585108353
-0.293867631758091,3.48232737867393,5,2.38225804198431,-1.34066591299218,2.15185111990816
0.49147308521912,5.76452893305512,7,6.19408857427424,0.705788649005379,6.33055003631642
-6.68848240698037,0.870257275150174,1,0.11840397294658,-0.257153599960772,3.54448898965527
-0.297568945938266,3.47332338079676,3,2.3672804854785,-0.892949736974536,2.46986166826575
0.939495415747983,6.87679815941433,8,7.98851021578904,0.814559093287051,6.59717591029038
0.0573607765585081,4.45953823483534,4,4.02164082927677,0.486112113923738,5.72856312991673
0.939495415747983,6.87679815941433,8,7.98851021578904,1.34037687745958,7.53585453500652
0.122112337095187,4.65655966667089,5,4.3523841423201,0.0584411232082597,4.4254767575947
-1.63218085013127,2.04539799964179,3,0.358496559651353,-0.740251072644022,2.6422971417996
0.104188466809747,4.6018151155234,4,4.26054242777861,0.50407665080104,5.78055175926491
0.428562948851039,5.58334656473377,6,5.89575533188747,0.244714919827881,4.99889333137024
0.928049152522975,6.85300148270581,8,7.95105471465373,0.434589957442747,5.57721971793847
4.31460242684451,8.70031106641657,9,9.81429362670141,0.639870473738363,6.1582232534456
0.857876720745601,6.70130099432145,6,7.71096212794896,0.552738555361685,5.91913542431953
0.10800917305469,4.61347402214538,5,4.28010609993988,-0.559061745095314,2.91165669291717
-1.68662353966135,2.02519968158407,2,0.347743813764748,-0.672033415406474,2.73470344299603
-0.253759557307689,3.58201591646914,5,2.54840074312163,0.281815049397927,5.11354410868821
2.1345113724205,8.10508610481556,7,9.64150344034865,0.796217685612583,6.55383454606777
-6.68848240698037,0.870257275150174,1,0.11840397294658,-0.595635915224649,2.85095265634947
0.869185278069769,6.72641409118386,6,7.75085795584771,0.406969605782337,5.49484899484322
0.117877936091214,4.6436157618094,6,4.33067353119084,-0.570501359043524,2.89230914311252
-1.1356319897994,2.28772140091911,3,0.563297086280036,-0.640130464085917,2.78155168354909
0.862213747154535,6.71096211698494,5,7.72631864165822,0.994834094430117,6.98605283496618
-1.76757487219831,1.99641596046577,2,0.333957245461868,-2.2315416199409,1.82161871465256
-4.40494987465474,1.29686457192683,1,0.185706373298589,-1.77532029760301,1.96996057997408
0.46577286083302,5.69109013547202,6,6.07332541709861,0.0922825009690014,4.52840767193485
4.31460242684451,8.70031106641657,9,9.81429362670141,0.715071617171445,6.35418684741969
0.957833023699885,6.91435725686976,7,8.04750019701789,1.18971212316338,7.32736680910545
-0.352353215801514,3.3440713331421,4,2.15291820116615,-0.788746728481559,2.58266698285185
-0.285708663791122,3.50229365614717,4,2.41548873250042,0.0922895142279084,4.52842909691656
-7.9519478577326,0.694352042286989,1,0.0918417145414931,-2.29608592013314,1.80213523526621
-1.29219895090557,2.19556779066817,3,0.469432427522941,-1.27517238177372,2.18663843077512
0.803124448559787,6.576194616095,5,7.51146918634749,1.07991755637187,7.14528437380739
-6.68848240698037,0.870257275150174,1,0.11840397294658,-1.36481558222787,2.13969576936186
0.788137068050578,6.54095321070201,5,7.4550600287257,0.387637978230456,5.43674270456964
-0.308439711317971,3.44707418442978,3,2.32364701795893,-0.90401550771247,2.45900480793398
-3.04426005726322,1.6248948002893,2,0.240092586704773,-0.990399931049399,2.38079964132087
-0.406497518027149,3.22398088287591,2,1.95508062658918,-0.686642363382822,2.71403913022433
0.835985048254481,6.65197341856351,5,7.63245398290113,0.150384775044864,4.70692513109801
0.365543024873714,5.39746342431842,4,5.58836034483069,0.884856281688772,6.75695408446809
-2.3364832162129,1.81885588603406,2,0.277548087840082,-0.336124558115696,3.35634251835476
0.461950385305032,5.68009728144931,7,6.05522960091377,0.0931197209247323,4.5309655663763
-7.9519478577326,0.694352042286989,1,0.0918417145414931,-1.36343995184595,2.14037916827627
-0.204131089658555,3.71049842803531,6,2.76323254626517,-0.00722366204963372,4.22897449202294
-0.304990561422419,3.45537096813556,3,2.3374335862618,-0.671420919374038,2.73558051490833
-0.346436169731124,3.35766224069564,2,2.17539614579565,-0.145309710677464,3.83585556499074
0.388102925268935,5.46445808758142,4,5.69929621270227,0.177893470806806,4.79195255702448
-1.54969265997316,2.07756528236783,2,0.377590712981447,-0.873445083893928,2.48949702201047
1.79225510172695,7.93475218985274,7,9.49311207134175,1.8148071181232,7.94812493698507
0.47773552756843,5.72537689272406,6,6.1297345747204,0.573578987907552,5.97742137109549
0.158292802103648,4.76735458360807,6,4.53809051561869,0.314431430329248,5.21390628013919
0.50147917701239,5.79289319570683,6,6.24067044259199,0.601667340214127,6.05490542597919
0.469814098755259,5.70269270722131,5,6.09241957042871,0.982630607425017,6.96191621292408
0.10800917305469,4.61347402214538,5,4.28010609993988,-0.0533725664465978,4.09413960476298
-1.24108692316131,2.22347534635311,3,0.495994685928027,-0.313960638608911,3.40758660229364
-0.279238155019532,3.51824291212746,4,2.44205099090551,-1.32829888316224,2.15820965120188
2.2934174375976,8.16599692192628,8,9.67881844464034,1.53967149160174,7.74682101115768
0.0578653029247693,4.46106389074333,4,4.02420400071662,0.0765886467640182,4.48055686383433
-2.51452994387368,1.76820704673882,2,0.26665484510986,-0.447157500915288,3.11866595204586
0.850416475428372,6.68459619877155,6,7.68439986954387,0.478337338456252,5.70593289350106
0.433133186051278,5.596665871568,7,5.91773147463709,0.750648189815611,6.44327746105813
0.900584341215221,6.79480867668031,7,7.85921300011224,-0.137278103627153,3.85779962254359
0.121142022391819,4.65359302521971,5,4.34740850029189,-0.0981319289438652,3.96651701803619
-0.399419592472316,3.23923685612371,2,1.98012801481338,-0.316807124011282,3.40093613519418
-7.9519478577326,0.694352042286989,1,0.0918417145414931,-2.4059314389753,1.76951384031076
-1.2219381965844,2.23443388968847,3,0.506887928658249,-0.467380851360168,3.07884255088165
-0.919634132535094,2.45774732005726,5,0.773542773768109,-0.00213503107548044,4.2440219474696
-0.336259394564337,3.38124894231787,3,2.21444349765976,-0.248867567770667,3.56510917701471
0.433077908966367,5.59650491386712,5,5.91746594301673,0.475584205346725,5.69790086803916
1.58110824956345,7.78280120353406,6,9.31829894077338,1.38689170421933,7.59121300439329
-3.04426005726322,1.6248948002893,2,0.240092586704773,-1.12002149869189,2.28217550288439
3.68158456713612,8.55431015991217,8,9.78975431251193,1.21042504365349,7.35880274711937
0.0578653029247693,4.46106389074333,4,4.02420400071662,0.201869870085121,4.86619237470026
0.905119689645376,6.8045239767119,6,7.8745695138215,0.860134505106632,6.70192450623535
0.795169181239483,6.55754099400098,5,7.48162228713079,0.915245947627822,6.82284426046899
0.457868869221625,5.66833994852135,6,6.03586991596331,0.450401495071377,5.62400047945945
-1.24108692316131,2.22347534635311,3,0.495994685928027,-1.64002058552897,2.02003949664805
-2.51452994387368,1.76820704673882,2,0.26665484510986,-0.712472563298321,2.67868270733008
5.46399830786478,8.93357026215348,9,9.85174912783672,2.13492040599848,8.1051904069316
-0.314057087595727,3.43362536473591,4,2.30130957017304,0.268190119931814,5.07148641108854
-1.48327092633571,2.10511292645357,3,0.395952060786662,-1.49835849592845,2.07788013288197
-0.315953729626221,3.42910237795645,3,2.29380011874223,-0.770724118485004,2.6042651151163
-0.366221124729143,3.31257534934344,3,2.10089117198901,-0.335438672780532,3.35790968897925
2.23238101341415,8.14352084774693,8,9.66604275453813,1.11508945670159,7.20647022750841
-1.42408493704904,2.1311509661474,2,0.415046214116756,-1.41151686078813,2.11710196103928
0.45270695940638,5.65344183846403,5,6.01133060177382,-0.567635122585504,2.8971257349564
-2.51452994387368,1.76820704673882,2,0.26665484510986,-0.924186498928333,2.43972562207353
-0.259751829389457,3.56687974564721,4,2.52313995956039,-0.924621872735994,2.43931662961761
0.0329388103835482,4.38591960334821,4,3.89792927130297,0.0405842070291965,4.37157556882568
0.0921889140813446,4.56524135729263,4,4.19915762812861,-0.16651761195963,3.77853298731096
4.31460242684451,8.70031106641657,9,9.81429362670141,1.57169899694166,7.7748915000574
0.514880659302626,5.83067514395405,7,6.30266525791678,1.10206743627463,7.18413268076276
7.86159653781516,9.3013503209212,9,9.90815828545851,2.03161778855899,8.0604745922459
0.905119689645376,6.8045239767119,6,7.8745695138215,1.27428259957474,7.45006734912063
-5.56008206304548,1.06223561499334,1,0.14825087216328,-0.88417075103529,2.47861974164568
2.01827567942194,8.05461087230982,7,9.60404793921334,1.18779147484265,7.32440561114632
0.986360619669923,6.97139268248613,9,8.13676108795232,0.92102473685277,6.83515248554801
0.472093497999118,5.70922809378717,6,6.10317231631532,0.316267393962548,5.21953959716707
0.385633726451095,5.45714877081573,4,5.68720064561599,0.290406831732457,5.1400291138887
0.885403351975465,6.76198726193912,6,7.8072671134695,0.219915847165451,4.92209742696212
-2.51452994387368,1.76820704673882,2,0.26665484510986,-1.00325632662898,2.37008357491941
1.68138525397998,7.86102480358897,6,9.41216359953048,1.33904179830376,7.53420581164767
0.954417155178528,6.90741379493012,7,8.03660695428766,1.19581854902563,7.3367292560429
0.954417155178528,6.90741379493012,7,8.03660695428766,0.583846834162037,6.00589136823952
-1.39425465259343,2.14488655849785,3,0.425798960003362,-0.679177982133145,2.72453645253025
0.40788673977649,5.52280400618007,4,5.79577732925853,0.0590870730423623,4.42743228671167
-1.48327092633571,2.10511292645357,3,0.395952060786662,-1.44387017330821,2.10209438515174
7.86159653781516,9.3013503209212,9,9.90815828545851,2.46591023152902,8.2262158420942
-0.3226962625185,3.41309656369,3,2.26723786033714,-0.222170499335167,3.6326360665339
0.864039567886467,6.71501821592379,7,7.73276213966286,1.11959971625628,7.21412054659314
-0.269805831730865,3.54167295077876,5,2.48109834276962,-0.484213810812834,3.04651199798418
0.116290664793067,4.63876534091502,5,4.3225372431034,0.281688084143668,5.11315250216712
-0.399419592472316,3.23923685612371,2,1.98012801481338,-0.662433206191515,2.74855046465715
4.31460242684451,8.70031106641657,9,9.81429362670141,0.990527423512295,6.97757190929044
0.9487248418269,6.89578907605132,8,8.01835711500574,0.76336323439179,6.47453286130773
-1.1356319897994,2.28772140091911,3,0.563297086280036,-1.18342022661315,2.24060590947671
2.01827567942194,8.05461087230982,7,9.60404793921334,0.702426469570851,6.3219497949836
2.59153377074121,8.26426311461099,8,9.72245191215992,1.27008613505408,7.44432733901447
-6.68848240698037,0.870257275150174,1,0.11840397294658,-0.509710897884618,2.99894812467635
-0.268704053187824,3.54442361776989,4,2.48568445842508,-0.457649670599193,3.0978711974247
0.0889142162876692,4.55527257396604,5,4.18242265902756,0.282515269733647,5.11570372710621
1.79225510172695,7.93475218985274,7,9.49311207134175,0.549925199409131,5.91121670303194
0.403420900013523,5.50966806996903,5,5.77406671812927,0.395422993700496,5.46018516894593
-1.39425465259343,2.14488655849785,3,0.425798960003362,-0.386820735283034,3.24384707704171
-0.362274572175462,3.32148733285183,3,2.11560319687445,-0.115907714724973,3.91679573063576
-0.453700533953404,3.12569352718595,1,1.79442164151479,-0.657527546050349,2.75570899412441
0.853998173124329,6.69262986115779,6,7.69717555964608,0.523228663348023,5.83549629187808
0.0388444486793502,4.40367810379735,4,3.92777617051967,-0.583604561145157,2.87055242731524
-0.268704053187824,3.54442361776989,4,2.48568445842508,-0.736410319383941,2.64722891913006
-0.355199367319191,3.33756637574431,3,2.14216545527954,-1.07320799291694,2.31550291842991
0.9487248418269,6.89578907605132,8,8.01835711500574,0.560156520267754,5.93995766854024
-1.02657630117002,2.36598099730093,4,0.655138800821529,-1.46477733172546,2.09265328786354
0.116290664793067,4.63876534091502,5,4.3225372431034,-0.214184068371477,3.65315407396243
-0.332295994163412,3.39050689586701,3,2.22978235920183,-0.669101030750285,2.73891036624332
0.118782919686047,4.64638163476711,5,4.33531293320561,0.119676986392492,4.61234561133348
0.835273299935091,6.65035402465473,6,7.62987315929407,1.17872894488489,7.31032688329544
-0.371445420441519,3.30084093474756,2,2.08153148703855,-0.285157143104563,3.47601607260881
0.490930006873539,5.7629857438096,7,6.19155325900948,0.840597132408456,6.65754016314547
0.0364417325887569,4.39644949747926,4,3.91562731707408,0.320385222557449,5.23216737264879
0.877031540692584,6.74368969814896,6,7.77826452830096,1.02514218284972,7.04459226700941
-2.00640144844289,1.91786857604704,2,0.304110346245169,-0.0738357963664427,4.03537906305958
-3.04426005726322,1.6248948002893,2,0.240092586704773,-0.983059724838101,2.38701941558745
0.158292802103648,4.76735458360807,6,4.53809051561869,-0.0721643980962445,4.04015306250067
0.885403351975465,6.76198726193912,6,7.8072671134695,-0.0372110827753566,4.14100949446487
-2.00640144844289,1.91786857604704,2,0.304110346245169,-0.791624642068695,2.57927819674157
0.819836219438772,6.61499093911614,6,7.57346400167228,1.32125376400125,7.51191286542003
-1.1356319897994,2.28772140091911,3,0.563297086280036,-0.979347836399665,2.39019328331787
0.065231843462946,4.48336007024368,4,4.06165950185193,0.234887520291441,4.96846935416093
0.90595753445699,6.80631419011449,8,7.87739821688173,1.26682725190322,7.4398451170563
0.0666070671526934,4.48752651893349,3,4.06865808809575,-0.43450117821647,3.14413402290175
1.96948909868136,8.03148942198917,8,9.58495378588324,1.48910337042644,7.69946509831092
0.47041348267741,5.70441185476643,7,6.09524827348894,0.182432689241872,4.80600114626802
0.0416931087938827,4.41225449943936,4,3.94218957547917,-0.0945517014428339,3.97660016542689
-3.28796915292294,1.562033137009,1,0.229339840818168,-1.23964991690403,2.20674566464796
-0.311648087442059,3.43938319680583,3,2.31087132785672,-0.306334492656606,3.42550403701456
6.59321994476348,9.12529685032395,9,9.88159602705342,1.10756303255366,7.19360488697861
0.474179008862114,5.71520193292031,7,6.11299960561936,0.672189711123711,6.24368093267572
6.59321994476348,9.12529685032395,9,9.88159602705342,1.13327269973884,7.23704149582617
0.145185833894072,4.72718455561547,6,4.47078811526668,-0.0667664316229887,4.05560257931255
-7.9519478577326,0.694352042286989,1,0.0918417145414931,-0.89635087451723,2.46650323148305
-1.63218085013127,2.04539799964179,3,0.358496559651353,-1.54641051366494,2.05750708531344
-0.304693228537779,3.45608757470428,5,2.33862457446474,-0.424163445284802,3.16524806459368
-5.56008206304548,1.06223561499334,1,0.14825087216328,-0.40007848671243,3.21552520110632
0.115319880660912,4.63579924791657,5,4.31756160107519,-0.676124424868066,2.72886743160835
-1.39425465259343,2.14488655849785,3,0.425798960003362,-0.0899373892931841,3.98962888196407
-5.56008206304548,1.06223561499334,1,0.14825087216328,-1.42129152900275,2.11251492131913
-0.306136429233086,3.45261134867419,4,2.33284747060634,-1.61214411932883,2.03092020270158
2.70092419414381,8.29699096207286,8,9.73334515489014,1.16901009959201,7.29503287923349
0.40837252397597,5.5242316593037,4,5.79813651348758,1.22601416708075,7.38186434175608
-0.311648087442059,3.43938319680583,3,2.31087132785672,-0.791403794809275,2.57953766759606
-0.277416906144664,3.52275033633713,5,2.44956044233632,-0.298932834632729,3.44303249575431
1.58110824956345,7.78280120353406,6,9.31829894077338,1.98403357008955,8.03823504036024
7.86159653781516,9.3013503209212,9,9.90815828545851,1.09815654190578,7.17735159512501
-3.28796915292294,1.562033137009,1,0.229339840818168,-0.615577644942695,2.819253178774
0.497371157256156,5.78126401814198,7,6.2215762892619,-0.0345602745673491,4.14873430319974
0.123058402559304,4.65945246866834,6,4.35723578959593,0.0509588462877033,4.4028536532952
-1.68662353966135,2.02519968158407,2,0.347743813764748,-0.876338984270379,2.48654282929832
0.079009308599515,4.52515544178529,4,4.1318552277766,-0.155546609898727,3.80807232860093
0.91168563718355,6.81851519853114,7,7.89666850124754,0.92912199689719,6.85227914595092
0.0782331146447394,4.52279767724238,5,4.12789594877776,0.108303966821386,4.57744043417427
6.59321994476348,9.12529685032395,9,9.88159602705342,1.903856344018,7.99791681478611
0.547344306737152,5.9211798168895,8,6.45091613008006,0.969260745268643,6.93510125594614
-1.10337358181416,2.30947610471924,4,0.587836400469521,-0.961990439197469,2.40529453165287
0.850416475428372,6.68459619877155,6,7.68439986954387,0.560148485109216,5.93993515884527
-0.3226962625185,3.41309656369,3,2.26723786033714,-0.30633196023452,3.42551001096949
0.866325484906831,6.72008715219149,6,7.74080902716566,0.976039526202227,6.94874542189426
-1.63218085013127,2.04539799964179,3,0.358496559651353,-1.55464966253667,2.05409746149351
-1.48327092633571,2.10511292645357,3,0.395952060786662,-1.05683178231165,2.32774292958721
0.487039173001904,5.75191860083164,6,6.17336804223998,0.931882360483853,6.85808564907579
0.0103267436971077,4.3182119719007,2,3.78411141401185,-0.391848434353295,3.23305275639042
0.080614507529312,4.53003250530527,5,4.14004480222335,-0.410214706182242,3.19418103100543
-0.340025751825077,3.37248857740465,3,2.19993545998513,-0.87654702612568,2.48633100752334
-0.298705322051544,3.47056573734194,4,2.36269436982304,0.199331528700294,4.85832961987756
0.47823742076104,5.72681149996302,6,6.13209375894945,-0.537766099149157,2.9485582096401
0.880126919812918,6.75047130756522,7,7.78901727418757,0.785522894387067,6.52825327640514
0.88781632678204,6.76723508395093,7,7.81557953259266,1.3534305362756,7.55179680551106
3.68158456713612,8.55431015991217,8,9.78975431251193,1.36826807019992,7.56952958914542
2.17472459288705,8.12127159138144,8,9.65225618623525,1.88758095142621,7.98924143577429
0.91168563718355,6.81851519853114,7,7.89666850124754,1.34147847520072,7.53721237121902
0.788137068050578,6.54095321070201,5,7.4550600287257,1.37275091360465,7.574806921269
0.111502022142492,4.62413776478044,4,4.29799792891392,0.201172255527469,4.86403140304376
0.403420900013523,5.50966806996903,5,5.77406671812927,0.677310776579965,6.25705296297787
0.0752250432341735,4.51366375169953,5,4.11255708723569,0.131740336319114,4.64944780630147
-6.68848240698037,0.870257275150174,1,0.11840397294658,-0.501270360322046,3.01450640066321
0.0824881255050799,4.53572697949451,4,4.14960655990702,-0.195429916933469,3.70189571163846
0.433077908966367,5.59650491386712,5,5.91746594301673,0.294693733444517,5.15323210802611
-1.32901307366025,2.17657025387143,3,0.452361218408449,-1.72716966329941,1.98731457020752
-2.51452994387368,1.76820704673882,2,0.26665484510986,-0.803956203504404,2.5649418289729
-0.299939843034865,3.46757353398824,4,2.35771872779483,-0.0344432460372336,4.1490755761687
0.162102522563712,4.77903506719715,7,4.55765418777996,-0.355392293981391,3.31280823948087
0.0757037158049465,4.51511686385542,5,4.11499741399914,0.0622450649607904,4.4369981947697
-1.48327092633571,2.10511292645357,3,0.395952060786662,-0.546985591399936,2.93244058475313
-0.999971096514664,2.38727734436814,4,0.681701059226616,-0.979604761224213,2.38997297567142
-4.40494987465474,1.29686457192683,1,0.185706373298589,-1.26633081838958,2.1915564933031
-1.10337358181416,2.30947610471924,4,0.587836400469521,-1.77532266592728,1.96995973767666
0.163465403704103,4.7832139894984,6,4.56465277402378,0.227503672737096,4.94560170466998
0.453301329479335,5.65515890069316,7,6.01415930483405,0.16421346838513,4.74964154490893
1.91420887361401,8.00363874291662,7,9.56041447169376,2.66809930001052,8.29032031578914
-1.16273803795359,2.27025219221439,4,0.544202932949942,-0.0975472679138352,3.96816207393821
-1.39425465259343,2.14488655849785,3,0.425798960003362,-0.517400893293988,2.98493407991943
0.920629121608738,6.83743150971304,7,7.92651540046424,0.978698911860785,6.95407095493182
7.86159653781516,9.3013503209212,9,9.90815828545851,3.20422430824346,8.44396240788283
0.40788673977649,5.52280400618007,4,5.79577732925853,0.112888903653888,4.59150294821565
-0.384285026360883,3.27230769670536,3,2.03451422821957,-0.00378489929914115,4.23913951157385
0.431428949942608,5.5917018436126,6,5.90954190019035,0.13869114295085,4.67085834714479
0.100457853941245,4.59043727299328,5,4.24144827444851,0.122158743546657,4.61997228208048
-0.3226962625185,3.41309656369,3,2.26723786033714,-0.370297078583287,3.27978533303583
-3.75180500610762,1.44735080896753,2,0.210245687488073,-1.00668716704161,2.36726155656338
0.960926467580023,6.92062434670755,8,8.05732748632193,1.98523742215683,8.03881215034908
0.0103267436971077,4.3182119719007,2,3.78411141401185,0.339496603031035,5.29063801597761
-0.336259394564337,3.38124894231787,3,2.21444349765976,-0.136411914351839,3.86017380364236
-1.17888498284981,2.26017647534187,3,0.533450187063336,-0.420681806912031,3.17242209255097
-1.32901307366025,2.17657025387143,3,0.452361218408449,-1.08139854535329,2.30949745110981
-0.282344709793385,3.5105728956626,4,2.4292753008033,0.129512968763285,4.6425916870198
0.457868869221625,5.66833994852135,6,6.03586991596331,0.550394933258047,5.91253967963117
0.469814098755259,5.70269270722131,5,6.09241957042871,0.0742839371928663,4.47354613060986
0.497371157256156,5.78126401814198,7,6.2215762892619,0.447358818333895,5.61502040809362
-0.3226962625185,3.41309656369,3,2.26723786033714,-0.512197325028594,2.99440017731334
-3.04426005726322,1.6248948002893,2,0.240092586704773,-0.746467255403895,2.63438149083063
-4.40494987465474,1.29686457192683,1,0.185706373298589,-0.837057805027914,2.52789935492033
0.825036290501591,6.62695433514813,5,7.59255815500238,0.893113724212108,6.77505030229007
-0.329407926904835,3.39727830581993,3,2.24100575606485,-0.978558579930139,2.39087063535522
3.68158456713612,8.55431015991217,8,9.78975431251193,1.30240942280605,7.48762602876853
7.86159653781516,9.3013503209212,9,9.90815828545851,0.590019956084858,6.02292769973275
0.91168563718355,6.81851519853114,7,7.89666850124754,0.889857572099322,6.76793152838444
0.102821273806183,4.59764464873625,5,4.25354384153479,-0.301786157312242,3.43625921232576
0.088452446526007,4.55386731129749,5,4.18006347479851,0.164335401834245,4.75001846036626
0.0797052134799641,4.52726962042446,6,4.13540540020858,0.282107735833367,5.11444683503234
2.70092419414381,8.29699096207286,8,9.73334515489014,1.70617147587196,7.87847016215701
0.487039173001904,5.75191860083164,6,6.17336804223998,0.499146468662997,5.76632662351527
0.482404387333662,5.73871006749109,7,6.15165743111072,0.137812812188753,4.66815161262371
0.445474172772278,5.63251390467927,6,5.97684430054236,-0.00951561527617579,4.22220800434728
0.90134500900919,6.79644102937561,6,7.8617938237193,0.814964654680928,6.59812664618222
0.162102522563712,4.77903506719715,7,4.55765418777996,0.316998992811599,5.22178384093753
-1.16273803795359,2.27025219221439,4,0.544202932949942,-1.00257175502493,2.37064854781573
-1.05878750247849,2.34142283940872,4,0.62529190160483,-1.70648170754457,1.99492026741138
1.01467801751232,7.0263113669564,8,8.22231332758625,1.15302780129568,7.26944005870914
-0.288340830820049,3.49583460225444,3,2.40473598661381,-0.246454443726796,3.57114478372078
-3.04426005726322,1.6248948002893,2,0.240092586704773,-0.827669072281056,2.53819664939638
-0.332227550511327,3.39066712368111,5,2.2300478908222,-0.0406662586945123,4.13095615353893
0.803124448559787,6.576194616095,5,7.51146918634749,0.57447913078239,5.97992382447828
-0.293033500172592,3.48436116977239,4,2.38564183328372,-0.925702608247153,2.43830266574379
0.121142022391819,4.65359302521971,5,4.34740850029189,-0.297293231574232,3.44693374044988
0.480632791521688,5.73365404164209,6,6.14334501198756,0.683246887606178,6.27249443845917
0.497371157256156,5.78126401814198,7,6.2215762892619,0.418074278066124,5.52806158993666
-0.371445420441519,3.30084093474756,2,2.08153148703855,0.201320512679192,4.86449065043955
-3.28796915292294,1.562033137009,1,0.229339840818168,-1.47074633892802,2.08999298052712
1.91420887361401,8.00363874291662,7,9.56041447169376,0.877881266508109,6.74155698868242
0.819836219438772,6.61499093911614,6,7.57346400167228,0.409774390549842,5.50324948749479
0.0113718224066049,4.32133059516744,4,3.78935258766043,0.483733008522046,5.72164642167238
-3.75180500610762,1.44735080896753,2,0.210245687488073,-0.803234464409587,2.56577273521206
0.129414486174174,4.67889489562125,5,4.38983964345541,0.0622450649607904,4.4369981947697
-3.28796915292294,1.562033137009,1,0.229339840818168,-1.36893198225334,2.13765712330593
0.547344306737152,5.9211798168895,8,6.45091613008006,1.2338821012313,7.39331027244957
-0.225071183233382,3.65562051127746,5,2.67139083172367,-0.555889012729633,2.9170812956902
-1.85707236348769,1.96602313360597,2,0.321181555359661,-0.499648580348027,3.01751698756634
-1.05878750247849,2.34142283940872,4,0.62529190160483,-0.596171973070655,2.85008774057232
0.481370176517251,5.73575897567618,6,6.14680578383489,0.137386453218841,4.66683783426935
0.065942197905005,4.48551204010798,4,4.06527429679634,-0.52061823915267,2.97911625292869
0.506772120722267,5.80784388721015,7,6.26520975678147,0.16118268390682,4.74027430851516
2.07127348258286,8.07836496062925,8,9.62240928701855,0.215942710867527,4.90978896939351
0.431428949942608,5.5917018436126,6,5.90954190019035,0.85682672595831,6.69446528650131
0.402424057002325,5.50673313026202,4,5.76921507085345,0.972877244153493,6.9423928504796
2.17472459288705,8.12127159138144,8,9.65225618623525,1.3531486039055,7.55145588072285
-1.54969265997316,2.07756528236783,2,0.377590712981447,-1.36531671055779,2.1394470785318
2.39002940671813,8.19967390014237,8,9.69588965375483,1.54085664235396,7.74788551673688
2.70092419414381,8.29699096207286,8,9.73334515489014,1.3236516956094,7.51495365959493
1.80970960660073,7.94532155920161,7,9.50400531407197,1.44350049830808,7.65333939607119
-2.3364832162129,1.81885588603406,2,0.277548087840082,-1.49925760408582,2.07749090294495
2.1345113724205,8.10508610481556,7,9.64150344034865,1.08907202746759,7.16147065593363
-0.308439711317971,3.44707418442978,3,2.32364701795893,-0.614441643082992,2.82103282177442
0.914897521998508,6.82532740533932,8,7.90742124713415,0.77437652457171,6.50135181783441
3.0676204138178,8.39910155475673,8,9.75990741329523,1.47694658010248,7.68749642865096
0.91168563718355,6.81851519853114,7,7.89666850124754,1.07328004465549,7.13343341369865
0.446445748736545,5.63532869901938,5,5.98148370255712,-0.0856094016511477,4.00188277422642
7.86159653781516,9.3013503209212,9,9.90815828545851,1.3874003975376,7.59179642427632
0.446445748736545,5.63532869901938,5,5.98148370255712,0.881258912221665,6.74902572673448
1.6385304456166,7.82907815966731,6,9.37470809839517,1.38099662825028,7.58441779684381
-1.32901307366025,2.17657025387143,3,0.452361218408449,-1.20607651220861,2.226645889012
-0.308439711317971,3.44707418442978,3,2.32364701795893,-0.308973453225261,3.41928744154973
0.109931259876435,4.61934158545633,5,4.28995104141112,-0.364292921332806,3.29301920772793
-0.247496623648863,3.59792471521069,5,2.57496300152672,-0.367110771169373,3.28679674001891
0.0481295013639666,4.43165631633471,3,3.97479342933865,-0.306561037829413,3.42496968412518
0.158292802103648,4.76735458360807,6,4.53809051561869,0.201577105131143,4.86528548505952
1.88811535462583,7.98981623714607,7,9.54763878159155,1.42190059574766,7.63029048501914
0.457868869221625,5.66833994852135,6,6.03586991596331,0.01107983534928,4.28325170042126
-0.356320445229483,3.33500991211846,2,2.13794064466034,-0.179728928684275,3.74329334824417
-0.919634132535094,2.45774732005726,5,0.773542773768109,-0.71646811650908,2.6733459283922
0.127291160201354,4.67239854907513,5,4.37894640072519,0.514097300340982,5.80936288319939
-0.268704053187824,3.54442361776989,4,2.48568445842508,-0.355770313887998,3.31196363295172
0.414039954728707,5.54086920002315,4,5.82562422847523,0.634813118251644,6.14468692503259
0.0462429371603441,4.42596609810582,4,3.96523167165498,0.429080806085803,5.56085454207307
0.860912234665109,6.70806676771018,7,7.72171487383556,1.60525633625147,7.80280911869869
-0.39673589514589,3.24505646365958,1,1.98968977249706,-0.953712671505312,2.4126500689463
0.0440926215715017,4.41948374778527,4,3.95433842892476,-0.0852848481658652,4.00280298770244
0.0921889140813446,4.56524135729263,4,4.19915762812861,-0.38693801883316,3.24359452350841
0.113600594671938,4.63054707487389,5,4.30875067480052,0.311602593850302,5.20522283231279
0.449298600891794,5.64358745771928,5,5.99509413982428,1.00250633559197,7.00106126796587
-1.10337358181416,2.30947610471924,4,0.587836400469521,-0.581509629150265,2.87400201622848
-2.00640144844289,1.91786857604704,2,0.304110346245169,-0.748643682878746,2.6316293156841
-1.16273803795359,2.27025219221439,4,0.544202932949942,-1.01353055978133,2.36167918015738
1.79225510172695,7.93475218985274,7,9.49311207134175,0.679937819496899,6.26389443972612
2.59153377074121,8.26426311461099,8,9.72245191215992,2.41409542358631,8.20886561224692
2.23238101341415,8.14352084774693,8,9.66604275453813,1.50426805565919,7.71407168658353
-1.42408493704904,2.1311509661474,2,0.415046214116756,-0.643394468477622,2.77664855435067
0.903799234599568,6.80169968824435,7,7.87010624284246,1.07094134345518,7.12923473856883
-0.299939843034865,3.46757353398824,4,2.35771872779483,0.0193160353836708,4.30780864815416
-3.04426005726322,1.6248948002893,2,0.240092586704773,-0.71200216777262,2.67931331416012
-3.28796915292294,1.562033137009,1,0.229339840818168,-0.511042940911849,2.99650968021389
1.58110824956345,7.78280120353406,6,9.31829894077338,0.573630186551752,5.97756374033557
0.88781632678204,6.76723508395093,7,7.81557953259266,0.743298087336515,6.42506809895319
-1.02657630117002,2.36598099730093,4,0.655138800821529,-1.13211690004222,2.27394259215585
-0.266092029271248,3.55095620702777,4,2.49657770115531,0.198665863821623,4.85626773759028
-1.63218085013127,2.04539799964179,3,0.358496559651353,-0.803234464409587,2.56577273521206
-1.2219381965844,2.23443388968847,3,0.506887928658249,-1.44891828365919,2.09979692483521
-0.407230815015484,3.22240799578424,3,1.95249980298211,-0.0799933139841074,4.01783154485013
-0.418600596226993,3.19820541997207,2,1.91282561446137,-0.517434567369344,2.9848730496321
-0.00241001464406859,4.28029337303462,4,3.72035918609182,0.335824178191728,5.27942070559006
3.0676204138178,8.39910155475673,8,9.75990741329523,1.59069914834267,7.79088034986268
-0.430629879097698,3.17297859589255,2,1.87155133117084,-1.54802204121207,2.05683834247745
7.86159653781516,9.3013503209212,9,9.90815828545851,1.18226367659369,7.3158390311533
2.70092419414381,8.29699096207286,8,9.73334515489014,1.68369593695044,7.86261854661251
0.42687327738085,5.57841637983462,5,5.88761904380003,0.00656415263525897,4.26982216597405
-0.407230815015484,3.22240799578424,3,1.95249980298211,-0.837419105853226,2.52750634070399
-0.334764420649752,3.38473627062406,4,2.22022060151816,-0.538382000758013,2.94747470524484
0.880126919812918,6.75047130756522,7,7.78901727418757,1.13327269973884,7.23704149582617
-1.42408493704904,2.1311509661474,2,0.415046214116756,-0.248867567770667,3.56510917701471
0.89632493022603,6.78564661613657,6,7.84472261460481,0.45187979197272,5.62835960266144
3.0676204138178,8.39910155475673,8,9.75990741329523,1.82545099089116,7.95439112258414
-0.424276131731117,3.18625442894028,1,1.8932619423001,-0.437527985621875,3.13800502136817
-0.304693228537779,3.45608757470428,5,2.33862457446474,-0.409348270129653,3.1959950190725
1.68138525397998,7.86102480358897,6,9.41216359953048,0.89769246854538,6.78502285986675
0.9487248418269,6.89578907605132,8,8.01835711500574,1.33386425302106,7.52777974773247
-0.919634132535094,2.45774732005726,5,0.773542773768109,-0.551861239849517,2.92400462299952
-0.308439711317971,3.44707418442978,3,2.32364701795893,-0.843026562928911,2.52143730451288
0.120247605190203,4.65085871362107,6,4.34282238463643,0.507633116915347,5.79079292145634
-0.282344709793385,3.5105728956626,4,2.4292753008033,0.0201700657131317,4.31035954639636
-1.17888498284981,2.26017647534187,3,0.533450187063336,-2.13651833416373,1.85080575521009
0.89632493022603,6.78564661613657,6,7.84472261460481,1.0563988160638,7.10285707015233
0.903799234599568,6.80169968824435,7,7.87010624284246,0.447717950002696,5.61608089643424
4.31460242684451,8.70031106641657,9,9.81429362670141,1.44409286285871,7.65396038209907
-1.54969265997316,2.07756528236783,2,0.377590712981447,-1.20958240483568,2.22452483491877
-0.285708663791122,3.50229365614717,4,2.41548873250042,-0.239233975174299,3.58928572658463
0.0757278107862562,4.51519001295436,5,4.11512025867555,0.0850452920523234,4.50631782726512
0.104188466809747,4.6018151155234,4,4.26054242777861,0.0827822973477255,4.49941869323157
2.2934174375976,8.16599692192628,8,9.67881844464034,1.05708740326073,7.10411652036045
0.986360619669923,6.97139268248613,9,8.13676108795232,0.810380679131806,6.58736142187413
0.795169181239483,6.55754099400098,5,7.48162228713079,0.713260201390753,6.34958706483041
-1.85707236348769,1.96602313360597,2,0.321181555359661,-0.904335545097883,2.45869380435105
-0.268704053187824,3.54442361776989,4,2.48568445842508,-0.0989863316697681,3.96411408455902
-3.04426005726322,1.6248948002893,2,0.240092586704773,-1.36816525786987,2.13803612619675
0.125926832448163,4.66822508095907,6,4.37194781448137,0.201875088573166,4.86620853991044
0.764153859740388,6.48369033074666,4,7.36321831418421,0.904699511303282,6.80019868158483
-5.56008206304548,1.06223561499334,1,0.14825087216328,-0.749734376935019,2.63025383580428
0.489368891713627,5.75854762418251,6,6.1842612849702,-0.27530863027141,3.49988135938566
0.827975967690563,6.63369447805791,6,7.60331090088898,0.369470022476589,5.38182449737427
-1.54969265997316,2.07756528236783,2,0.377590712981447,-1.68412983060004,2.00324709184416
0.111502022142492,4.62413776478044,4,4.29799792891392,0.127578879670566,4.63664030860002
0.835273299935091,6.65035402465473,6,7.62987315929407,0.437700506413195,5.58644499989957
-5.56008206304548,1.06223561499334,1,0.14825087216328,-0.873925226453471,2.48900587868445
-0.36333468773881,3.31908940093117,4,2.11164391787562,0.137814738914955,4.66815754980311
0.986360619669923,6.97139268248613,9,8.13676108795232,1.30118886525778,7.48602889739032
0.810948284536247,6.59442363251719,4,7.54061226835964,1.32839050765931,7.52093018524642
-1.42408493704904,2.1311509661474,2,0.415046214116756,-0.470397931226315,3.07299322494266
1.79225510172695,7.93475218985274,7,9.49311207134175,1.70388778452639,7.87688390683462
-2.3364832162129,1.81885588603406,2,0.277548087840082,-0.771378812435818,2.60346906445475
-0.292143265612052,3.48653363125259,4,2.38925662822813,-1.01791618673359,2.35813399716414
0.438614463751901,5.61260931821391,5,5.94402820142181,0.779671850157685,6.51416236728972
-3.04426005726322,1.6248948002893,2,0.240092586704773,-0.905071711441485,2.45797905164631
-7.9519478577326,0.694352042286989,1,0.0918417145414931,-0.391842917620571,3.23306456459047
-1.05878750247849,2.34142283940872,4,0.62529190160483,-0.520248706855236,2.97978310772659
-0.334764420649752,3.38473627062406,4,2.22022060151816,0.203351021679975,4.87078057425287
1.68138525397998,7.86102480358897,6,9.41216359953048,1.35755293774336,7.55676477568794
-3.28796915292294,1.562033137009,1,0.229339840818168,-0.168497593796885,3.77322833920855
1.60720433570521,7.80434875543823,6,9.34486119917847,2.23456253644139,8.1445830316432
-3.04426005726322,1.6248948002893,2,0.240092586704773,-0.0927508419878145,3.98168054138076
-4.40494987465474,1.29686457192683,1,0.185706373298589,-0.581175919590621,2.87455252603058
-1.39425465259343,2.14488655849785,3,0.425798960003362,-0.369895841755479,3.28066680288948
-1.05878750247849,2.34142283940872,4,0.62529190160483,-1.10298554815636,2.29402852491418
0.122164117309478,4.65671798837557,7,4.35264967394047,0.601664463126927,6.05489755405892
0.819788370494259,6.61488061654175,6,7.57328787063656,0.757342198235514,6.45977118128233
-0.252675471938022,3.58476317469893,4,2.55298685877709,-0.325181097423463,3.38148940286051
-1.68662353966135,2.02519968158407,2,0.347743813764748,-1.4349091865275,2.10620141802711
-0.487635632252877,3.05877005227225,1,1.68584495787225,-0.706515285348763,2.68670504135478
-0.307381305835026,3.44961698480305,4,2.32787182857813,-0.364285528029663,3.29303556080673
-0.325476891222297,3.4065292147515,3,2.25634461760692,-0.897071201605629,2.46579440803232
-0.290315548471579,3.49099992746001,4,2.39668909911102,-0.889318464223181,2.47346861199975
-0.302309714045295,3.46184004547629,4,2.34818633214841,-0.966048064212803,2.40172555392625
-0.362274572175462,3.32148733285183,3,2.11560319687445,-0.424756346103996,3.16402953787034
0.40837252397597,5.5242316593037,4,5.79813651348758,0.137378929595858,4.66681465178108
-1.1356319897994,2.28772140091911,3,0.563297086280036,-1.44467896628661,2.10172551391788
-1.24108692316131,2.22347534635311,3,0.495994685928027,-1.42892436806989,2.1089652674076
-0.34251755415282,3.36671281843284,4,2.19037370230146,-0.282184728614066,3.48319406123875
0.908033747946708,6.81074427698106,7,7.88439680312555,0.682587655837417,6.27078272061978
0.416657647416884,5.54854234160971,6,5.8382978730067,0.606584196158643,6.06833858563108
2.07127348258286,8.07836496062925,8,9.62240928701855,1.47304657575452,7.68360708869762
-0.346436169731124,3.35766224069564,2,2.17539614579565,-0.0137872060874631,4.20961558489538
0.514880659302626,5.83067514395405,7,6.30266525791678,0.546614683645378,5.90188352979335
0.0994854399062726,4.58747258316331,5,4.2364726324203,0.333505899368929,5.27233494786183
-0.371445420441519,3.30084093474756,2,2.08153148703855,-0.794769512208009,2.57559375732343
-0.304990561422419,3.45537096813556,3,2.3374335862618,0.303859184114015,5.18143153957735
0.46577286083302,5.69109013547202,6,6.07332541709861,0.347400197253075,5.31474767146584
0.995894000376744,6.99007129009302,8,8.16590416996446,0.374770018243121,5.39787473479354
2.70092419414381,8.29699096207286,8,9.73334515489014,1.55766392866754,7.7627668202176
-0.366855862811683,3.31114581874558,3,2.09853198775996,-0.17822291065339,3.74729191166567
0.134590930835841,4.69473764287531,5,4.4164019018605,0.101216212688321,4.55572753392411
-1.85707236348769,1.96602313360597,2,0.321181555359661,0.0551910643975071,4.41564351122892
0.868439600809442,6.72476593225328,6,7.74824149804854,0.649048546487855,6.18267678463046
-0.326650293445572,3.40376373310458,4,2.25175850195146,-0.298166077677238,3.44485607726659
0.437111792128317,5.60824186867074,6,5.93682562796719,0.412839035745385,5.51241925918912
-1.42408493704904,2.1311509661474,2,0.415046214116756,-1.15282379605614,2.26018681923278
2.70092419414381,8.29699096207286,8,9.73334515489014,1.60275630224087,7.80077992767408
-2.51452994387368,1.76820704673882,2,0.26665484510986,-1.19605791651886,2.23276435474921
-0.23120164893856,3.63973595568218,5,2.64482857331859,-0.131776300238149,3.87290458459142
0.390300013394254,5.470956931563,5,5.71004895858888,0.514854291779187,5.81153376382983
-1.10337358181416,2.30947610471924,4,0.587836400469521,-1.65802767186528,2.01312392639275
0.070449392769814,4.4991739857447,4,4.08822176025702,0.0415244990730725,4.37440594852069
-0.356320445229483,3.33500991211846,2,2.13794064466034,-0.104055406152437,3.94988458434961
0.434088125387247,5.59944595441995,6,5.92231759029255,1.06547299636676,7.11937054993248
2.2934174375976,8.16599692192628,8,9.67881844464034,1.59684843697474,7.79595280535546
2.39002940671813,8.19967390014237,8,9.69588965375483,1.55622880731256,7.76151168898768
-0.302309714045295,3.46184004547629,4,2.34818633214841,-0.362010277533097,3.29807483054418
5.46399830786478,8.93357026215348,9,9.85174912783672,1.60156458520374,7.79980983416754
0.0811168148019641,4.53155896760502,5,4.1426079736632,-0.0851210751670483,4.00326740538068
-0.302309714045295,3.46184004547629,4,2.34818633214841,0.0975888370516085,4.54462812206797
0.866325484906831,6.72008715219149,6,7.74080902716566,0.811339718973909,6.58961716870912
0.547344306737152,5.9211798168895,8,6.45091613008006,0.163793507702283,4.74834341305162
0.939495415747983,6.87679815941433,8,7.98851021578904,-0.0598197562042093,4.07555410269128
-2.51452994387368,1.76820704673882,2,0.26665484510986,-1.01796565035693,2.35809415535152
-6.68848240698037,0.870257275150174,1,0.11840397294658,-1.20490617176677,2.22735623685882
0.91168563718355,6.81851519853114,7,7.89666850124754,1.90052615305209,7.99615612439393
0.481426764772111,5.73592048370722,8,6.14707131545526,0.486841680055614,5.73068271531963
-1.1356319897994,2.28772140091911,3,0.563297086280036,-0.940637854481838,2.42447576380153
0.043844692654973,4.41873657495414,4,3.95308281820939,-0.064218659532578,4.06291102629134
-1.17888498284981,2.26017647534187,3,0.533450187063336,-0.43166984803871,3.14988894595196
0.065231843462946,4.48336007024368,4,4.06165950185193,0.356045074362169,5.34106680233782
0.0999465212319949,4.58887827064992,5,4.23883181664935,0.199325785749244,4.8583118310648
-1.42408493704904,2.1311509661474,2,0.415046214116756,-2.8040709910826,1.65559001460824
0.880126919812918,6.75047130756522,7,7.78901727418757,0.645812866656854,6.17407240579746
0.495023920245178,5.77460942917249,6,6.21064741233957,0.792249483454824,6.54436928800094
-6.68848240698037,0.870257275150174,1,0.11840397294658,-0.417846052575022,3.1782887163707
0.110135903505538,4.61996639033397,5,4.2909993426701,0.172020893646078,4.77378363172691
3.68158456713612,8.55431015991217,8,9.78975431251193,1.65021593291246,7.83797645439407
-0.424276131731117,3.18625442894028,1,1.8932619423001,-0.470577528988038,3.072645783378
0.117877936091214,4.6436157618094,6,4.33067353119084,0.322704769121962,5.2392761353945
0.0713915957342455,4.50203158809966,4,4.09302127124951,-0.294392725396555,3.45385142104551
-0.282344709793385,3.5105728956626,4,2.4292753008033,-0.400880520577916,3.21382655544758
0.447451323135969,5.63824083432125,5,5.98628321354962,0.257999667212864,5.03999131169802
-0.304990561422419,3.45537096813556,3,2.3374335862618,-0.380090497605799,3.25839957470584
7.86159653781516,9.3013503209212,9,9.90815828545851,0.936208473517042,6.86715296302443
0.0397510709287669,4.40640693132548,3,3.93236228617513,-0.0192018724854912,4.19368865243098
0.112054130623128,4.62582380932234,6,4.30082663197414,0.260783631897354,5.04859848417223
-2.3364832162129,1.81885588603406,2,0.277548087840082,-1.83937383138373,1.94754777529682
0.995894000376744,6.99007129009302,8,8.16590416996446,1.02575692107225,7.04575883489873
-7.9519478577326,0.694352042286989,1,0.0918417145414931,-1.22567106616311,2.21492125084408
0.371593967293224,5.41547856379775,4,5.61820724404739,0.234929420867881,4.96859910161252
-1.48327092633571,2.10511292645357,3,0.395952060786662,-0.995156827328727,2.37680849765796
-0.365517777433293,3.31416063452007,3,2.10350762978818,-0.273829746948003,3.50348538028625
0.457868869221625,5.66833994852135,6,6.03586991596331,0.693028040858164,6.29779922316622
0.975746648036711,6.95037150029568,7,8.10390935463967,1.28576181729767,7.46558716902911
0.0578653029247693,4.46106389074333,4,4.02420400071662,0.241719411564931,4.98962138548895
-0.266092029271248,3.55095620702777,4,2.49657770115531,0.0409926624466171,4.37280495178803
-0.298705322051544,3.47056573734194,4,2.36269436982304,-0.251552658363314,3.55840943870456
0.361584001054432,5.38565883458767,3,5.56879667266941,0.660668731256815,6.21342726169193
2.17472459288705,8.12127159138144,8,9.65225618623525,1.52176387636647,7.73048811227375
0.13904252113481,4.70836750958401,6,4.43925021483338,0.490650365664221,5.74173675668123
0.481370176517251,5.73575897567618,6,6.14680578383489,0.565486772423768,5.95486815967176
1.85564287760457,7.97195207259361,7,9.53056757247706,2.41192457666514,8.20812866285321
-1.35904365470845,2.16168973623749,3,0.439585528306241,-1.12428997886533,2.27925306710207
1.68138525397998,7.86102480358897,6,9.41216359953048,0.504723671886869,5.78241619036454
-2.00640144844289,1.91786857604704,2,0.304110346245169,-0.692512974258823,2.70587205970634
0.079009308599515,4.52515544178529,4,4.1318552277766,0.0503002945852842,4.4008650437963
0.10800917305469,4.61347402214538,5,4.28010609993988,0.0990348047157313,4.54905156980773
6.59321994476348,9.12529685032395,9,9.88159602705342,0.998217915482031,6.99268808530829
0.966220557716334,6.93130344339152,7,8.07406245542297,1.34156246285124,7.53731580022241
5.46399830786478,8.93357026215348,9,9.85174912783672,2.09541517183206,8.08861324220265
-2.3364832162129,1.81885588603406,2,0.277548087840082,-1.04385612777513,2.33766777576078
-1.48327092633571,2.10511292645357,3,0.395952060786662,-0.751028896942894,2.62862454752498
-0.340025751825077,3.37248857740465,3,2.19993545998513,-0.615227741165176,2.81980099770962
-0.39673589514589,3.24505646365958,1,1.98968977249706,-0.475444941406693,3.06326164824657
-0.372139784982596,3.29928671602575,2,2.07896831559869,-0.567635122585504,2.8971257349564
0.0666070671526934,4.48752651893349,3,4.06865808809575,0.397359643866212,5.46600808304389
0.764153859740388,6.48369033074666,4,7.36321831418421,0.85351038642721,6.68696408603773
-0.304693228537779,3.45608757470428,5,2.33862457446474,0.115539181633586,4.59963740390802
0.110135903505538,4.61996639033397,5,4.2909993426701,0.0615572839664939,4.43491405743819
-0.27510295994114,3.52848861868411,4,2.45912220002,-0.176751139033402,3.75120419245871
-1.35904365470845,2.16168973623749,3,0.439585528306241,-0.843232810895936,2.52121517234984
0.0367179215348391,4.39728017118808,3,3.91702342463306,-0.484582899246903,3.04581139722093
0.903799234599568,6.80169968824435,7,7.87010624284246,0.916292738371817,6.82507908330494
-5.56008206304548,1.06223561499334,1,0.14825087216328,-1.25552539154189,2.19764387278631
0.838280803699539,6.65719011819962,6,7.64076640202429,1.0125020728992,7.02042219267417
0.923660231544963,6.84380552735388,7,7.9365643291463,0.662747108285252,6.21890234043867
2.23238101341415,8.14352084774693,8,9.66604275453813,0.881093846737686,6.74866128383196
1.7525399354964,7.90970588265049,7,9.46654981293666,0.817621791492827,6.60434743571814
-0.335072397908594,3.38401738321251,2,2.21902961331522,-0.174598136499687,3.7569355728282
-6.68848240698037,0.870257275150174,1,0.11840397294658,-1.42960233969918,2.10865132344652
-6.68848240698037,0.870257275150174,1,0.11840397294658,-1.12337005837953,2.27988131397463
0.970391994375632,6.93967667131228,8,8.08717438553863,0.36177579104621,5.35848256463321
0.903799234599568,6.80169968824435,7,7.87010624284246,0.203515683203273,4.87129065787077
-6.68848240698037,0.870257275150174,1,0.11840397294658,-0.669642666731804,2.73813181604217
-0.00698828480303961,4.26670511982358,3,3.69751087311894,-0.260484009339316,3.5362469557409
2.17472459288705,8.12127159138144,8,9.65225618623525,1.19504345856321,7.3355452782944
0.140405902054431,4.71254285160105,5,4.4462488010772,0.071406335741801,4.4647989024572
0.803124448559787,6.576194616095,5,7.51146918634749,0.957073497070057,6.91032094919606
0.0462429371603441,4.42596609810582,4,3.96523167165498,-0.355083143503061,3.31349924448253
3.0676204138178,8.39910155475673,8,9.75990741329523,1.26175681296802,7.43282831180522
-0.27510295994114,3.52848861868411,4,2.45912220002,-0.222372227654157,3.63211967417802
-4.40494987465474,1.29686457192683,1,0.185706373298589,-0.87415689983912,2.4887690394208
-0.334764420649752,3.38473627062406,4,2.22022060151816,-0.483772424455206,3.0473503010403
0.088452446526007,4.55386731129749,5,4.18006347479851,-0.0873923220713366,3.99683085032901
-1.02657630117002,2.36598099730093,4,0.655138800821529,-0.722589403219581,2.66523762247864
-4.40494987465474,1.29686457192683,1,0.185706373298589,-1.87212204275129,1.93635062765508
-3.04426005726322,1.6248948002893,2,0.240092586704773,-0.35873423690886,3.3053540943566
-4.40494987465474,1.29686457192683,1,0.185706373298589,-2.66451298730933,1.6948621037573
0.864999743670434,6.71714862723792,6,7.73614593096227,0.556668308354895,5.9301765911175
0.446408855443932,5.63522183393658,5,5.9813075715214,0.933195246312681,6.86084162445798
0.89279113394459,6.77801760520153,7,7.83265074170715,0.763314703056184,6.47441415841199
0.40788673977649,5.52280400618007,4,5.79577732925853,1.10778840507844,7.19399192813663
0.0173142966031394,4.33908385245126,4,3.81919948687713,-0.00406988618941586,4.23829650672245
2.17472459288705,8.12127159138144,8,9.65225618623525,1.18911815851828,7.32645189320636
0.547344306737152,5.9211798168895,8,6.45091613008006,0.730353388773355,6.39274831649737
0.0557483972688211,4.4546637243087,3,4.01345125483002,0.568856960297528,5.96427324262575
0.0471478978065319,4.42869527860397,3,3.96981778731044,0.0275937377378693,4.33256817163526
-1.76757487219831,1.99641596046577,2,0.333957245461868,-1.35937692571362,2.14240388489567
-3.28796915292294,1.562033137009,1,0.229339840818168,-2.53917760936898,1.73071118548837
-1.48327092633571,2.10511292645357,3,0.395952060786662,-1.16893784363183,2.24976677741589
-0.325476891222297,3.4065292147515,3,2.25634461760692,-0.216869641073339,3.64623847563175
0.447451323135969,5.63824083432125,5,5.98628321354962,0.0944674672071338,4.53508428603952
-1.16273803795359,2.27025219221439,4,0.544202932949942,-0.659506397603482,2.75281461160025
-0.249143048526787,3.59373378714871,6,2.5679644152829,-0.320723559722318,3.3918190983058
0.854422743451082,6.69358049667437,6,7.69869042982696,1.33449116218601,7.52856055864911
7.86159653781516,9.3013503209212,9,9.90815828545851,0.785370050016847,6.52788604310451
0.0709125503138821,4.5005786235093,4,4.09058094448607,-0.192615860165847,3.70927616499455
0.0782331146447394,4.52279767724238,5,4.12789594877776,-0.316807124011282,3.40093613519418
-3.75180500610762,1.44735080896753,2,0.210245687488073,-0.705683248377773,2.68783174980869
-0.404140809728212,3.22904568458564,3,1.96339304571234,-0.857698814476733,2.5058263715387
-3.75180500610762,1.44735080896753,2,0.210245687488073,-1.44258724052692,2.10268011344209
-2.51452994387368,1.76820704673882,2,0.26665484510986,-0.774422839464418,2.59977923176519
0.481370176517251,5.73575897567618,6,6.14680578383489,0.0279549582947691,4.33365037124046
0.383683462798214,5.45137145985882,5,5.67763888793232,0.443202882712253,5.60273748598754
4.31460242684451,8.70031106641657,9,9.81429362670141,1.6034088784367,7.80131037250359
-3.75180500610762,1.44735080896753,2,0.210245687488073,-1.28073150729974,2.18357460423935
-3.75180500610762,1.44735080896753,2,0.210245687488073,-0.925250911122035,2.43872623279163
1.88811535462583,7.98981623714607,7,9.54763878159155,1.55765380536222,7.76275797661644
-2.3364832162129,1.81885588603406,2,0.277548087840082,-2.07032967187734,1.87154975282468
-1.54969265997316,2.07756528236783,2,0.377590712981447,-1.69196269923398,2.00031574649769
-0.311581284179892,3.43954307260879,5,2.31113685947708,-0.628863461658181,2.79867223848023
-2.00640144844289,1.91786857604704,2,0.304110346245169,-0.872898198887741,2.49005692128259
-2.00640144844289,1.91786857604704,2,0.304110346245169,-0.164137482835602,3.78492044441771
0.379206652128989,5.43809601994825,4,5.65566274518269,0.535321649864716,5.86992416046739
-1.32901307366025,2.17657025387143,3,0.452361218408449,-1.02478480313609,2.3526317294811
