"Est.Theta","Est.ExpScore","SimSum.Score","Scaled.Weighted.Score","True.Theta","True.ExpScore"
-1.66358313904703,3.24649362296585,3,1.25460646502856,-1.98734541214514,2.65379958050121
1.1564338650909,13.6277449068051,12,14.1785117969095,1.09918232915113,13.3199576189866
-1.64934944822758,3.27503292597437,3,1.28993063733123,-1.90062500393598,2.79991367555366
0.0241039024800929,8.35841705822513,9,7.48143639882794,-0.18287985375284,7.49744559913899
-0.646915992241689,5.87666439646895,7,4.44783355744762,-0.51455378719273,6.30125920936055
1.13861094013948,13.5488534750922,15,14.0762452233935,0.915126346612553,12.4561248800915
1.54586091277628,15.2048744970461,17,16.2372647817759,1.55727712252782,15.212342509911
0.903388957138881,12.4586765090671,13,12.673832430617,0.686001765886815,11.3374950015665
0.0241039024800929,8.35841705822513,9,7.48143639882794,0.299249480003874,9.50508070542739
-0.102932563770942,7.84002924796634,8,6.83863385693095,-0.119608020795615,7.74239491937444
0.193727219873124,9.08622783052797,10,8.39260962290262,0.105513447459125,8.65883561105167
0.665228776551475,11.2990449215239,13,11.1968180891374,0.73373953783053,11.5715973944794
-1.25134614020149,4.16295788386148,4,2.37778120317058,-1.41441635682564,3.7702000272166
-0.30302389630722,7.06981773361748,7,5.89347921307755,-0.171162325130349,7.54239757802829
-0.60550930138326,6.01169103802097,6,4.61069361404759,-0.688707118299018,5.73127557057022
-1.27367380203478,4.10839909828856,3,2.31140363353369,-1.18782040654875,4.31340407509366
-1.19543235718723,4.30217435556966,4,2.54694617797609,-0.735859059514312,5.58375559666838
-0.691797441785744,5.7329443276743,5,4.2745896042359,-0.620822930054598,5.94873832827323
-0.932371526982302,5.00863258401266,5,3.40164099352995,-0.982813201725856,4.85785103088409
0.0943123139852999,8.65473573186391,10,7.85126391143682,-0.147935947046056,7.63205237326123
-1.03082360609555,4.73406862840924,4,3.07009024134499,-1.04932873174082,4.67553129431338
-0.150197418852861,7.65299765506902,8,6.60805454731585,-0.275812192380752,7.14749517304686
-1.18517480872132,4.3281194552666,3,2.57844095890077,-1.63193532594082,3.30395343592522
-1.36727422533397,3.88598558959197,2,2.04028566613773,-0.609535508796783,5.98547979486142
0.364045729330764,9.85698266781119,10,9.36600659551134,0.544362928588447,10.6489391926559
0.2358263346595,9.27310866774533,8,8.62797345559848,0.472727258537361,10.3070932053828
0.388464513644185,9.97056997815904,10,9.50993934955177,0.511672183889902,10.4922692669218
-0.715833927998943,5.65709760074771,7,4.18319096882637,-0.21385976568158,7.3794929451426
1.36482589570798,14.5060798085037,15,15.3233105448349,1.1021440485756,13.3334281822279
1.43870234046395,14.7981544008832,15,15.7054741268178,0.840746615502078,12.0955834113825
1.93048268560584,16.5109466564466,17,17.9267409494689,1.24946017452914,13.983326906266
0.354365229084854,9.81215599430927,10,9.30922973642219,1.0370781524435,13.0340857931108
1.37856369319769,14.5611373284418,15,15.3953333534597,1.54962079861679,15.1837671889646
0.290845139317415,9.52098976517263,10,8.94086595058021,0.361691341986377,9.78916327503967
-1.47783939330641,3.63608153364676,3,1.73451017039954,-1.73512355012431,3.10110564742082
-1.0553743385916,4.66752188486601,4,2.98962687248949,-0.713187800208129,5.65432486921116
-0.456316359643635,6.51773094925495,8,5.22240101242303,-0.948938496037424,4.95282994078382
-1.8397952282712,2.91092753170082,3,0.836425275922051,-2.49053358700146,1.95605459743921
-0.787374548928904,5.43595924802788,5,3.91675755247705,-1.16915395389708,4.36085470132989
1.47792049576443,14.9492825065962,16,15.9031989301942,1.30104065302214,14.2012697866126
-1.10094547610096,4.54599760449557,5,2.84256365077895,-2.06781661156937,2.52528851134535
-0.0504151898351283,8.05155661141305,9,7.1002699099551,-0.10854904357025,7.78576966871838
1.50392861714842,15.048044946688,14,16.0323499549331,2.17051451707037,17.1894079687993
-1.27367380203478,4.10839909828856,3,2.31140363353369,-1.96781812437167,2.6860066446618
-0.96044502773072,4.92907363522922,5,3.30563278578738,-0.827923062969384,5.30401470437929
-0.394977350843504,6.73471472200328,6,5.48560469243454,-0.0746989434614766,7.91957858886624
-0.874370039542936,5.17625033383583,4,3.60378326627954,-0.643331167732985,5.87596884907281
-1.37934899131089,3.85802511454117,2,2.00613837485689,-1.27530924564929,4.09654688779412
-1.08513194986259,4.58787451934014,4,2.89326033149513,-0.551918380612247,6.17562480786164
0.810165356298027,12.0077494757857,11,12.098449680387,0.730335363987083,11.5548943090068
-0.885237875307968,5.14450870018251,3,3.5655154131715,-1.03052644525055,4.72651009189849
0.508123938330013,10.5369613158577,11,10.2286237176038,0.541733049213197,10.6362968243573
-0.83474341777556,5.29330469991126,5,3.74486849560039,-0.843530034557434,5.25767380881779
-0.818327530480728,5.34240442716734,4,3.80403502626485,-0.483885301009364,6.40574917106967
-1.33133146755819,3.97019886242812,3,2.14304357363211,-2.00566883504551,2.6239427443989
-1.12564934019468,4.4811961589339,4,2.76407242812226,-0.954118088308696,4.93821369601233
1.7547912204098,15.9437927940011,17,17.1975071171003,1.47031017573637,14.8820346276742
0.865556016214099,12.2765285498119,14,12.4411760483523,0.751447973129677,11.6584859555672
0.598545923206848,10.9737790388673,11,10.7834812713674,0.450202469329732,10.2007810019199
1.15425739343129,13.6181421796174,14,14.1660580561215,1.2116716194989,13.820470404774
-0.438510468219899,6.58018000336397,6,5.29808682521781,-0.0323996232009565,8.0890120234272
-2.24462449171262,2.261326975895,0,0,-1.58120937245358,3.40796327195378
-0.962551035154038,4.92314632213331,3,3.29847808780442,-1.32100174564386,3.98687783197797
-1.3942396893247,3.82377151501542,3,1.96428456511072,-0.968493610023223,4.89782462762712
-0.324813197496422,6.98934321054746,7,5.79536139064115,-0.330806371824281,6.94586151909227
0.476029603512307,10.383571665077,9,10.0338723017701,0.733036586430763,11.5681482274243
-1.85036669241934,2.8918317439761,1,0.812436007576544,-1.74703262483263,3.0784435247522
0.472278622597455,10.3657102127155,10,10.0111988089836,0.535538101627731,10.6065424770138
0.67117985360391,11.3281496799376,12,11.2338120726301,0.501973115167029,10.4459967945256
-0.333618820024077,6.95700990247914,8,5.75597010528457,-0.378013096202071,6.77599251310509
-0.5185242117375,6.30300146616052,7,4.9625187681997,-0.915560427024225,5.04783235786496
0.566085634805308,10.8162760888531,10,10.5833838853728,0.306579016904032,9.53814630918969
0.955605283953925,12.7075732536786,13,12.9923914260035,0.695498747168858,11.3840332173581
0.972189114555759,12.7859194072015,13,13.0928407380355,1.13246061257607,13.4704259875053
-0.825784292493241,5.32005702712458,5,3.77710656100841,-0.285213392673001,7.11273983057847
1.17687047325436,13.7174855506501,13,14.2949723269894,1.51217749433267,15.0426290226403
0.772796339986011,11.8254246961128,13,11.8662708487857,0.400340534394248,9.96765452604348
-0.315445877224332,7.02385811301211,7,5.83742984658664,-0.666669393759948,5.80121378541017
0.348682358372395,9.78589550217822,10,9.27597580924172,0.265221671333446,9.35256411760708
0.446994359532659,10.2456910285815,11,9.85887373367954,0.364643222025633,9.80272542534956
0.588247806815443,10.9237388855577,13,10.7199050019288,0.42630980049258,10.0886824597524
0.171482095782381,8.98847285639061,9,8.26969869220518,0.430128711374906,10.1065524072655
-0.0530151760361864,8.04099247554796,8,7.0871815803579,-0.817062293683479,5.3364474540434
-1.36727422533397,3.88598558959197,2,2.04028566613773,-1.95216006294103,2.71212268371832
0.169158030767537,8.97829973359438,9,8.25691621397523,0.13745116878254,8.79464081006758
-0.63374105305786,5.91937379581776,6,4.49933515306773,-0.407506210033172,6.67136453602463
0.236393089714624,9.27564117914265,9,8.63116630309236,0.25141311006694,9.29114121348123
1.13362295790654,13.5266708889362,14,14.0475096198976,1.63039113715404,15.4804545625159
-1.00430504575098,4.80680493860474,4,3.15798693239107,-0.364917174534493,6.82282035855008
-1.0131655432649,4.78240272082329,4,3.12850421746353,-0.705979445503534,5.67690218793974
0.214137094492774,9.17652305531461,9,8.5062686593697,0.35040062272828,9.7373980458405
1.75320490140899,15.9384440845955,18,17.1905969429969,1.69197065131769,15.6996875393036
0.462821916750522,10.3207429178672,10,9.9541215195129,1.03458911963084,13.0224979867337
-0.132465461431886,7.72279427804884,7,6.69401963063502,-0.0902428623724523,7.85793787680594
0.577306831656687,10.870646395165,11,10.6524542216398,0.257822673845798,9.31961830231182
-0.907549886324545,5.07982690976985,5,3.48751887590557,-1.070382291628,4.61896786581583
1.98237667450308,16.6685324844652,18,18.1284025394059,1.99020262264571,16.6755426298488
0.498341639096146,10.4901044437111,9,10.1691253308441,0.216748842110819,9.13814827354948
-1.56700470891376,3.44439952287702,2,1.49896762595715,-1.37540496553249,3.85946685145897
0.0544247230810865,8.48553046215213,10,7.63987793119357,-0.169581005149127,7.54847826998508
0.739240876193452,11.6613056123321,12,11.6574334502513,0.680418939452367,11.310149480201
0.230420834611153,9.24897663026013,9,8.59755343139379,0.526304860365161,10.5622645058159
-1.52921753170319,3.52457158513634,2,1.59760497162432,-2.07371411851707,2.51613494621454
-1.32994722103982,3.97347172637844,2,2.14703452850139,-1.54624013697015,3.48132585361935
-0.304655032523769,7.06377042617737,7,5.88610223187643,-0.964976451578791,4.90768230318007
-0.448850525975822,6.54386166692208,7,5.25406426463671,-0.798441303703813,5.39240693339525
-0.633646172281776,5.91968223080745,6,4.49970711918565,-0.355458436835897,6.85678406758208
-0.997037973156786,4.82689336491514,4,3.18225361722877,-0.767603836304148,5.48606179558467
-0.269124246627781,7.19634240491984,7,6.04797153676124,-0.239664476742112,7.28223322765647
-1.79074193472655,3.0010617515923,2,0.949341206351763,-1.21661295048897,4.24103179080148
1.69432531764878,15.7370935665332,16,16.9299940863965,2.09219961502151,16.9739475286559
-0.102932563770942,7.84002924796634,8,6.83863385693095,-0.287480020182944,7.10437801488044
0.0532758262486638,8.48069018967273,9,7.63383900281664,-0.584648639269885,6.06707701580351
-0.22205699420754,7.37468909033957,8,6.26623607617493,-0.703015365254382,5.68620557446582
0.924078888218825,12.5576761095097,14,12.8004442984561,0.870048567072144,12.2381544745895
0.714251919637212,11.5389701795052,13,11.5018390594444,0.733314059683849,11.5695097020153
1.57424506211409,15.3093784386504,15,16.3736541199061,1.34689330092628,14.3908229971317
-1.49084129163447,3.60758843621336,3,1.69955796421478,-1.43505431613108,3.72367854056398
0.539153920576793,10.6861552780684,12,10.4180996268377,0.559214232970668,10.7204524363063
1.02035309758218,13.0112785531932,15,13.3823009964176,1.25070366156833,13.9886400833641
0.00525224868139228,8.28004342688819,9,7.38390502315808,-0.29297839275237,7.08412250918885
0.391309916466728,9.98385281253191,10,9.52677635605647,0.375590422693929,9.85312373997821
0.20918923773838,9.15458028836032,10,8.47863732968594,-0.0117548832190084,8.17260932071104
-1.11703432861265,4.50370907533737,3,2.791347258703,-0.810774115131073,5.35529469217265
-1.42581329800242,3.75196817959012,3,1.87647188633932,-1.4724750914299,3.64055830852527
-0.183130834461016,7.52454383642297,7,6.45009874519873,-0.846943587110635,5.24757975956979
-0.76013090698911,5.51936139596473,5,4.01723998454108,-0.706402364077313,5.67557569969105
-1.09776806441158,4.55438704752582,3,2.85272167371427,-1.56539366901016,3.44097492739552
0.393270302008726,9.99300986863921,11,9.53838426252805,0.058520639461133,8.46165633995771
-0.963026334667141,4.92180939136832,4,3.29686427736511,-0.968486436006292,4.8978447186866
0.48211391399572,10.4125739930631,12,10.0706902118955,0.422551434769262,10.0711137042876
0.157715003290898,8.92832046613445,9,8.19414162796948,-0.546394067382291,6.19408431017047
-0.962551035154038,4.92314632213331,3,3.29847808780442,-0.867021091190635,5.18851138450594
-0.362812004777727,6.85059094962526,7,5.62644188771048,-0.944091282432353,4.96653890861419
1.7114475741907,15.7962125430783,15,17.0066044558594,1.05773767976265,13.1298887829385
0.790904156843632,11.913849086858,11,11.9788474392167,0.997879949061265,12.8505078272111
-1.27367380203478,4.10839909828856,3,2.31140363353369,-1.87246575813362,2.84907919502128
-0.31885557321152,7.01128050350721,6,5.82209730612079,-0.270873119793801,7.16580186117814
0.497873768610451,10.4878655923242,9,10.1662825924172,0.617599033227785,11.003359018582
0.190381634804792,9.07148178934692,10,8.37405949864007,-0.217454213321189,7.36589143406918
-1.13808010399792,4.44887236895604,4,2.72490027159356,-0.606793656303118,5.99442987849522
-0.780239301679273,5.45770667489128,5,3.94295903371053,-0.915887274287948,5.04689522836876
0.814183522622721,12.0273145179748,12,12.123377653238,0.44048273078124,10.1550935899589
-1.087830681191,4.58070585930728,4,2.88458333202724,-1.36695912083922,3.87902272125051
0.213166642385084,9.17221662478367,8,8.50084526481685,0.308368310156313,9.54622975444889
0.356776889649769,9.82331251867356,11,9.32335900204879,0.414580699525431,10.0339130654824
-0.300913071757885,7.07764898111374,7,5.90303332699512,-0.746802969676443,5.54992867756392
-0.0589205053064047,8.01703385814374,8,7.0575067229847,0.0853412145590502,8.57380946422064
0.148746814033701,8.88927877525957,8,8.14513312024034,0.235416601463936,9.22032602376958
-0.253125547674074,7.25661508538018,8,6.1216684856466,0.36777903175423,9.81714549821064
1.41209284532916,14.6940786910824,16,15.5692816290197,1.68540494327959,15.6765961914386
-0.609637593035622,5.99812359633032,5,4.59432434514635,-0.455807305833823,6.50249857728813
1.63502768752655,15.5287621820371,16,16.6594369257517,1.73802574332936,15.8597630194729
0.12067209411972,8.76779077465161,9,7.99279523846544,0.316678587933407,9.58383157269684
0.436443953284528,10.1958122542957,10,9.79558533181574,0.541400879969861,10.6347004840084
1.04301952731657,13.1161256794241,15,13.5172518929171,1.75972747675475,15.9340385861906
0.970930238291442,12.7799850095581,13,13.0852289700228,1.35225462726501,14.4127319982008
0.774071578569744,11.83165589103,13,11.8742025548775,1.02208447533287,12.9641374245264
0.348860444893104,9.78671782064636,10,9.2770170357181,0.35541084441872,9.7603473282984
-0.109413902800267,7.81419491521316,8,6.80674215684722,-0.603475060912203,6.00527573841838
-0.388363856533288,6.75842217349675,7,5.51440244389969,-0.201712992527997,7.42558580328202
0.788647819622878,11.902837941269,12,11.9648261677273,1.20467297876387,13.790012929633
-0.676280726041257,5.78232271265314,6,4.33410217476295,-0.514520444739373,6.3013721383328
-0.947249198350968,4.966343142116,4,3.35061367713035,-0.769944778026097,5.47890919579024
-0.603486101908168,6.01834870632073,5,4.6187266250385,-0.779590451779955,5.44951210451437
-1.27367380203478,4.10839909828856,3,2.31140363353369,-0.796014573182435,5.3997325775291
-0.833784362538555,5.29616339528256,5,3.74831348030079,-0.490468916057336,6.38321399897261
0.217852224660814,9.19302115072842,9,8.52704831189999,0.592928324174245,10.8834993484675
-0.35433896928449,6.88135538259438,7,5.66386822084749,-1.24361022536777,4.1740696622288
-1.44537607716443,3.70803958352402,3,1.82269481528886,-1.61890830228781,3.33039310239145
0.253113432983065,9.35055242514803,11,8.72564787026554,0.727286865730576,11.5399368335986
-0.797990377480789,5.40372924384727,6,3.87792571014957,-1.06631017876122,4.62986549952805
0.000850512555108747,8.26181635497368,10,7.36124001195325,-0.333651050151735,6.93554133961586
1.1256647983781,13.4911860957843,14,14.0015601673894,1.27023444672874,14.071707925803
2.12561399972298,17.0780934113683,18,18.6524130203089,2.02560608909921,16.7813237837075
-0.342197525915536,6.92561408801255,7,5.71773750644037,-0.11651394764968,7.75451338811272
0.185208131198672,9.04870966052287,11,8.34541924603485,0.218200284440373,9.14451980142002
0.140163745491017,8.85201944798453,10,8.0983856482061,0.535659940784454,10.6071273146792
0.276247326961975,9.45482340224926,10,8.85727509690443,0.721557022546004,11.5118250255634
-0.496827739311911,6.37728578234094,7,5.05236374819556,-0.666263442195431,5.80250803038713
-1.53929797938256,3.5030322758524,2,1.57112261538784,-1.08118735615523,4.5901507657271
0.173723725723426,8.99829229123368,9,8.28203831901556,0.369713306487955,9.82604689070282
0.216005286486001,9.18481691378906,10,8.51671444592388,0.335874300204729,9.67105440107758
-0.633924951390347,5.9187760207563,6,4.49861425043849,-0.68631455549412,5.73883795253897
-1.00958637745321,4.79224789424124,5,3.1403998074826,-2.26554389929147,2.23761431159274
-1.85036669241934,2.8918317439761,1,0.812436007576544,-1.55825587047553,3.4559644671229
0.398136371371105,10.0157592909859,10,9.56722468617246,0.699972127603027,11.4059620616296
-0.622178036208944,5.95705293858028,6,4.544779519483,-0.99794507694223,4.81588936096697
-1.03079811095182,4.73413812991445,4,3.07017425361967,-1.21151798225033,4.25376625068222
-0.0996243240520252,7.85323867991059,9,6.85494574967243,-0.550406264427146,6.18067356892063
-0.962551035154038,4.92314632213331,3,3.29847808780442,-2.29002473966775,2.20468849434968
-0.252962815531032,7.25723000174777,8,6.1224207032963,-0.43761868032956,6.56572644168588
0.188258570502253,9.06213222211545,8,8.36229969666231,0.672634441315555,11.2720369372691
-0.513926655919195,6.31868829457138,7,4.98148666258385,-0.475516235189338,6.4344781496336
0.324181318775881,9.67314642834302,11,9.13326620097192,0.257486580170013,9.31812361508231
-0.883539547629761,5.14945878165174,5,3.57148357045093,-0.811530736203641,5.35302421918845
0.270076703871536,9.42694007887561,11,8.82206371687536,0.275473413474884,9.39834108244284
-0.989627423919786,4.84744776303783,5,3.20707945239489,-1.18420748609137,4.32255553038119
-0.750357636439219,5.5495232273418,6,4.05357873897759,-1.06560121970406,4.63176487874448
-2.17266623243538,2.3647560111748,1,0.136905198775219,-2.13680912148929,2.42043888746482
-0.535309273517237,6.24597845168921,7,4.89358997153777,-0.173551999468859,7.53321494211071
0.010236703729936,8.30071667808792,9,7.40961983098004,-0.185354605868276,7.48797551762135
-0.461284297584027,6.50038579224759,6,5.20138823790386,-0.0255997826227332,8.1164811674911
-0.502283875886366,6.35854388902159,8,5.02969025540906,-0.16900415911711,7.550697276859
0.916622089477172,12.5220500884051,13,12.7548677743756,1.36424626183845,14.4615445420261
-0.879598147890841,5.1609612763242,5,3.58535130666882,-0.179940086997499,7.50870593048535
-0.249629478430105,7.26983388124566,6,6.13784037400614,-0.0902383551441843,7.85795570233839
0.18548595662894,9.04993161315527,10,8.34695588127758,0.605619174718682,10.9451035012422
0.6681411613197,11.3132873741013,11,11.2149209282558,0.689475714705252,11.3545156168184
-0.266019946461793,7.20800927351312,8,6.06223173640794,0.034714962886907,8.3629636321717
0.760315624286221,11.7644137322832,12,11.7886207212699,0.214527138429782,9.12840130863487
0.00789465253733749,8.29099852281507,8,7.39753066265113,-0.301897389064672,7.05135164371728
0.346690243336679,9.77669959829145,11,9.26433225347198,-0.134896352333739,7.68270785170998
-0.2338952706545,7.32953835714885,7,6.21092342412732,-0.257067666177741,7.21714521360348
1.10723943112043,13.4085931257972,13,13.8946962708249,1.13838121701727,13.4969889945235
-0.123748706906727,7.75726824914461,8,6.73651578428329,0.0693014416975112,8.50661475315765
-1.66358313904703,3.24649362296585,3,1.25460646502856,-1.25017484339697,4.15791790570581
0.579749565361718,10.8824934232606,12,10.6675048348366,0.836612648550015,12.075423579057
-0.937538466787838,4.9939131978193,5,3.38388169095953,-1.6683019818122,3.23113228916847
1.11705727334072,13.4526776283264,14,13.9517204969206,1.35804073113634,14.4363175432761
-0.962551035154038,4.92314632213331,3,3.29847808780442,-1.47343700352171,3.63844254875097
-0.740230768967037,5.58091172715767,4,4.09139599917123,-1.225468089286,4.21897267520472
-0.621456522515183,5.95941010878067,7,4.54762275816763,-0.440085290766959,6.55712635117098
1.44089573712645,14.8066774913816,15,15.7166269393557,1.45837825520367,14.8357186505834
-0.847279251813563,5.25605056871906,6,3.6999716165321,-0.730758139559359,5.59957522322208
-1.326525214126,3.98157205968396,3,2.15691130985,-0.948752996516758,4.95335402785593
0.0167073461384592,8.32760656948147,8,7.44308003540421,0.252119187568213,9.29427537846737
-0.218875829185359,7.38685556341658,6,6.28114744225675,-0.100702503862009,7.81664657784755
-1.09028195229721,4.57420237060007,5,2.87671094205978,-1.34528091500357,3.92959371656857
0.502410521764973,10.5095834849101,11,10.1938589883302,0.453068549344485,10.2142748120948
-0.0215979072117228,8.16928792049594,8,7.24628548349794,-0.127411531755235,7.71188934472009
-1.79074193472655,3.0010617515923,2,0.949341206351763,-0.863291250029932,5.19944565611084
0.0994133669486443,8.67653712689683,9,7.87853874201755,0.483479973828458,10.3580520085312
0.0460823619251199,8.45042686935413,10,7.59609142458079,-0.0617328783772389,7.9712517596271
-1.34847855343764,3.929839257096,4,2.09381278268482,-1.16357399966135,4.3751205368802
0.324152711084411,9.67301523173384,11,9.13310020731476,0.0590191881164607,8.46373177072787
-0.374766633908685,6.80735573896083,7,5.57386936896707,-1.26610810416092,4.1189270531493
-0.847279251813563,5.25605056871906,6,3.6999716165321,-0.297186593482108,7.06864717342191
1.1015783990377,13.3830962207327,14,13.861731221394,1.11492502663882,13.3913828737989
1.8388315038433,16.2213976573027,17,17.5552654862093,1.77701223102121,15.992665380401
0.415286776933236,10.0961613493745,11,9.66917767876292,0.409893244950914,10.0120738249349
-0.197835360567562,7.46768451664648,6,6.38028452200995,-0.397370629287683,6.70719101724993
-1.14421144781873,4.43299863203764,4,2.70565845200373,-1.758360834091,3.05702987045036
1.50181080911124,15.0400458737187,16,16.0218921980325,0.937095976049868,12.5616300017826
2.26192187491862,17.4308121627868,19,19.1068568056673,1.93564366818787,16.5081167133386
0.166101665303202,8.96493261700772,10,8.24012300663923,-0.289396890672819,7.09731184926946
1.21181434466559,13.8691259209279,14,14.492066492653,1.51845018833095,15.0664353685153
-0.830303539334098,5.30654906596329,6,3.76082895015196,-0.824665183045652,5.31372757352712
0.453118773969155,10.2747005228971,10,9.89568693916241,-0.151113431589852,7.61974379718132
-1.27367380203478,4.10839909828856,3,2.31140363353369,-1.69349904210966,3.18152857956068
0.0241039024800929,8.35841705822513,9,7.48143639882794,0.0978066466376059,8.62628295418484
-0.311512475914764,7.03838777480458,6,5.85514535929836,-0.263606612468076,7.19279460685943
-0.325815537727467,6.98565725296789,7,5.79086995111133,0.39195970017639,9.9287820195741
-0.576589250756461,6.10739001692327,6,4.72619320136253,-0.353443896914495,6.86403306952178
-1.45788946591408,3.68016405085887,3,1.78854752400802,-1.36916437062627,3.87390867387973
1.01857977912514,13.0030419903826,14,13.3717073219104,1.44429443740828,14.7807326521442
0.438968676466046,10.2077372073047,9,9.81071527945503,0.132330033985,8.77276660891134
-0.345490973697731,6.91358826044977,7,5.70309719213826,-0.999353658816457,4.81199785340341
0.269655640193413,9.42503927545782,10,8.81966369008289,0.20620322502376,9.09194591970572
1.47427831717171,14.9353594837647,15,15.8849869992573,1.23330693025346,13.9140416467082
0.44936184783615,10.256900330507,11,9.87309800625522,0.124870004825959,8.74096929437611
0.2889182851139,9.51223978750756,10,8.92980895168559,0.517181104504388,10.5185953418859
-1.19858395566304,4.29422819436635,4,2.53729839210215,-1.29591133253737,4.04679645254664
0.18640266859487,9.05396432726659,8,8.35202727990238,0.0555445561464054,8.44927438729555
-1.85036669241934,2.8918317439761,1,0.812436007576544,-1.50683595509261,3.56562636005151
0.721013399044069,11.5720753178603,11,11.5439390559123,0.150490386859253,8.85050551919285
1.04919498343444,13.1445494455167,14,13.553868795547,1.17200976156978,13.6466517689521
-0.922586603043061,5.03660240111855,4,3.43538328657964,-0.80675072703271,5.36738046944882
0.425554529332982,10.1444596844716,10,9.7304383848526,0.0117221636372691,8.26839943574184
0.407655308249716,10.0603422246009,10,9.62375317866146,0.550309698655417,10.6775503783104
0.226617350571228,9.23202058255939,9,8.57618390613513,0.163726418624959,8.90746265737258
-1.25134614020149,4.16295788386148,4,2.37778120317058,-0.169043340203332,7.55054654105072
-0.284265866134021,7.13962968158039,8,5.97868759344185,-0.590668147731367,6.04726641988782
-1.51473338125866,3.5557146650821,3,1.63587282473237,-1.04346893776893,4.69137198314769
0.289588995975206,9.51528497173431,10,8.93365693591163,-0.0825403532425401,7.88844118632952
1.91687043936771,16.4688369031397,17,17.8728040727924,2.32915699044582,17.5871404117588
0.109929835134736,8.72159956389499,9,7.93494176023712,-0.0301509953223024,8.09808862241721
-0.0931007782606653,7.87933189788636,8,6.8871778544175,-0.0643717240267315,7.9607164268675
0.526753488696853,10.6264344769875,10,10.3422492378646,1.29575203112256,14.1791543177727
0.14469584285428,8.87168049861547,9,8.12305051084386,0.0931112325555912,8.60649154499611
1.96244394657911,16.6085612703154,17,18.0516863075191,1.94728350043616,16.5442761079948
-0.389447550199266,6.75453327312591,8,5.50967797305473,-0.115565429071239,7.75823105078001
-1.22786470198987,4.22097015813515,4,2.44830883230891,-1.37878135862101,3.85167195632192
2.15650620856504,17.1612935580369,18,18.7591618826726,3.16211207423138,18.8776252590722
-0.0389689622988734,8.0981784153769,8,7.15805866596961,-0.203672962403543,7.41813490141693
-0.889019627821942,5.13349968297667,5,3.5522417508611,-0.760354953268042,5.50825521495053
-0.990880797436037,4.84396639491803,4,3.202874878293,-0.939739623585688,4.9788716130719
1.36878691037327,14.5219898438988,16,15.3441215874432,1.2786986678259,14.1074840255842
-0.38274883611502,6.77859822117641,7,5.53891716278231,-0.803612534147842,5.37682168646156
0.709608083968259,11.5162331293454,12,11.4729263041801,0.832391154843869,12.0548265541872
-0.597395087579591,6.03842601528931,5,4.64295339007788,-1.09858524627689,4.54405209728366
0.348860444893104,9.78671782064636,10,9.2770170357181,0.656445304778526,11.1928495898498
-1.4551800707285,3.6861848977321,3,1.79592450520914,0.0854619949730188,8.57431683098437
-1.08872990199224,4.5783192622497,4,2.88169444428111,-0.932399062062172,4.99972917436914
-1.56700470891376,3.44439952287702,2,1.49896762595715,-1.96329576671921,2.69352286871194
0.541533419315533,10.6976293725168,11,10.432673388983,0.817579028974905,11.982480612546
-2.0207561184748,2.60000063099145,2,0.442170457452016,-2.19317299394337,2.33836673683166
1.03166302070722,13.0636954508481,13,13.4497447716387,0.788562612750802,11.8404740288157
0.286815206787584,9.50269520080297,10,8.91774878561421,0.972198948937743,12.7290407483305
0.229118703141002,9.24316945175237,10,8.59023426751501,0.338350333326727,9.68234228697649
0.48440692525781,10.4235137063222,10,10.0845786175494,0.344908055859948,9.71227874653138
0.577306831656687,10.870646395165,11,10.6524542216398,0.921693116631825,12.4877151582558
0.0933019693856774,8.650421985932,9,7.8458681881692,0.509903023410999,10.483821503409
1.71004322198547,15.7913811202234,17,17.0003464642939,2.10764413375021,17.0174027304042
-0.712937515873127,5.66619577942564,5,4.19415390666562,-0.0329350120595132,8.08685196071747
0.117446187095728,8.75390241366286,10,7.9753964057433,0.136470506453415,8.79044914412096
0.814222669114064,12.0275050838606,13,12.1236204684805,0.284574983514773,9.43910708507028
0.681745516803706,11.3798417811526,12,11.2995204648545,1.09866585338419,13.3176070101655
0.636249848351623,11.1574670447088,11,11.0168860109811,0.90749110927112,12.4193388835401
0.228597143321316,9.2408440792961,10,8.58730357769236,0.217529250426412,9.14157372731734
-0.109043564105312,7.81566946659135,7,6.8085620803987,-0.113346450453613,7.7669330233783
-1.26215963481489,4.13646141931934,3,2.34555092481453,-1.73690580377137,3.09770432455662
-1.7196671039912,3.13613886265449,2,1.11770126625334,-1.57463207457933,3.4216581415683
0.985750728549473,12.8497114254966,13,13.1746971685215,0.769988397438557,11.7494297121115
0.179624878967877,9.02417579162406,11,8.31457217317429,-0.235081297375089,7.29944205900854
-0.0945672273603435,7.87346106530736,8,6.87992459548514,-0.885160139956827,5.13558879601447
-0.268779683458917,7.19763670651186,8,6.04955341601423,-0.458287039827899,6.49391224618565
-0.76013090698911,5.51936139596473,5,4.01723998454108,-0.862874917647193,5.20066726450511
0.564267499274693,10.8074748363174,11,10.5722034262136,0.271251172984109,9.37946949586802
0.363519502994566,9.85454291543968,11,9.36291604763955,-0.0116442537436961,8.17305889781167
-1.18207237019661,4.33599160268591,3,2.58799507281834,-1.51138724525439,3.55580067749852
-0.756396275542798,5.53087190775401,5,4.03110772075897,-0.915014961073812,5.04939660799194
0.434212703065156,10.1852793136642,11,9.78222203992512,0.439850652214813,10.1521265157994
-1.44035081381264,3.71928316422677,4,1.83646316299,-1.03792616634532,4.70639483426068
-1.56700470891376,3.44439952287702,2,1.49896762595715,-1.09295947185441,4.5589179169737
0.539699285680058,10.6887846623588,12,10.4214393064357,1.21951496458638,13.8544943667883
0.42914437650616,10.1613741087833,11,9.7518950286696,-0.15489441857056,7.60511536233351
-0.173418556635609,7.56226647020288,8,6.49645118575094,0.0535133219243925,8.44083066281322
-1.41975536811276,3.76565809839398,3,1.89322244442718,-1.75683746057421,3.05990138093697
0.405282921520762,10.0492209594097,9,9.60965102158717,0.308827349505702,9.54830426755985
0.344143602110077,9.76495123310478,11,9.2494578619675,-0.1454111972839,7.64184227083955
1.53914424930496,15.1799510010927,15,16.2047166419872,2.1364445137037,17.0971799518651
-0.362812004777727,6.85059094962526,7,5.62644188771048,-0.583637426667249,6.07040963461999
-0.790768259615941,5.42563947318783,6,3.90432405411137,-0.339955178697304,6.91270903056453
0.463947748130867,10.3260914887088,11,9.960910137422,0.770714359669649,11.7529895992159
-1.56199094874458,3.45494786303649,3,1.51195608472338,-2.42857351739226,2.02898813148951
0.523876896898554,10.612599140827,12,10.3246781390105,0.850512018551934,12.1431634106418
0.181998026231077,9.03459853902649,8,8.32767582936634,0.392310791160179,9.93040862695554
0.0101347746301921,8.30029356931823,8,7.40909345398481,-0.437255359307786,6.56699387627555
-0.897356448607441,5.10929659612631,6,3.52305769440756,-0.778709632395959,5.45219159186511
0.191245677332235,9.07528866247773,10,8.37884812896593,-0.323209560574062,6.97347471834146
1.21131180249858,13.8669613628462,12,14.489250527475,1.39189707280398,14.5730992523228
-1.37934899131089,3.85802511454117,2,2.00613837485689,-1.7481774043373,3.07627321877442
0.472890534294486,10.3686230476191,11,10.0148963197139,0.20196999575175,9.07344420237972
0.783443953545463,11.8774345389603,12,11.9324810533685,0.726440060160662,11.5357820730396
-0.979473708969737,4.87572476713031,5,3.24122674367572,-1.18216092013714,4.32774639485852
-0.189692338873838,7.49913419291999,8,6.41889191811728,0.0195202474375299,8.30038787054016
0.351634653272276,9.79953295508955,11,9.29324436858028,-0.0717852988049722,7.93116998752537
-1.8139120772264,2.95817371722268,2,0.895675818861198,-2.43347469058788,2.02309514756774
0.129396751808829,8.80542619707343,9,8.03996047773098,0.481301269208144,10.347716152857
-0.326626681548954,6.98267542092146,7,5.78723667422461,-0.412303894210497,6.65445343627143
-0.86774379661761,5.19567969720764,4,3.627205116415,-1.06510314540381,4.63309964534325
-0.751658013802024,5.54550266167737,4,4.04873476546576,-0.846525795228195,5.24881438983615
-0.363684919143859,6.84742721137957,7,5.62259390348444,-0.0599568885292113,7.97834765080847
-0.480341550774921,6.43416609690925,6,5.12120057437849,-0.353439122627107,6.86405025544
0.213466095731722,9.17354532544563,10,8.50251856406389,-0.0482244067041908,8.02533406225473
1.92207807219427,16.4849842982828,18,17.8934896586266,2.42790976118966,17.8077134690313
-1.53929797938256,3.5030322758524,2,1.57112261538784,-1.99443438731172,2.64220675154207
-2.0207561184748,2.60000063099145,2,0.442170457452016,-2.32430198654479,2.15955102929695
0.961474915589743,12.7353443214043,13,13.0279871204075,0.837173651519734,12.0781599816495
-1.48142052786984,3.628215032532,3,1.7248623845256,-1.15784187392745,4.38981454137687
0.758014356959324,11.7531594419424,11,11.7742991843588,0.87053075803834,12.2404953970072
-0.813464622285554,5.35701801682749,5,3.82164368585581,-0.167169536502805,7.55775769402095
-0.300913071757885,7.07764898111374,7,5.90303332699512,0.145485411387512,8.82903359975382
-0.104652164624436,7.8331691964879,8,6.83016400698268,-0.581110947440098,6.07874191528158
-1.09060527631291,4.57334511372104,5,2.87567320658666,-0.986031655144277,4.84890203470792
-0.16747772356897,7.58540639155586,7,6.52489874830588,0.651408942240635,11.1682378403593
0.44318673727645,10.2276758615196,11,9.83601408498723,0.0488381514258562,8.42141841913181
-0.459480319443463,6.50668028119044,6,5.20901325314989,-0.194828759569883,7.45179764329912
-0.318837101098005,7.01134859917536,7,5.82218030986738,0.119524268198313,8.71823279196786
-0.632664861746459,5.9228729600649,6,4.50355510341168,-1.35784444446423,3.90021939309786
-1.00430504575098,4.80680493860474,4,3.15798693239107,-1.36667680568136,3.87967782375317
-0.700883394097769,5.70418186044295,6,4.23992774061902,-0.605718875520812,5.99794090930969
-0.264027729800299,7.21550373632149,7,6.0713933868967,-0.169586169297089,7.5484584066217
-0.468941659749407,6.47371771793127,7,5.16908854207526,-0.795785612627036,5.40042413927935
0.441733410433533,10.2208038298351,11,9.82729444022248,0.16442187435803,8.91046228122576
-0.972509534699059,4.89519559673128,4,3.26473579475473,-0.931956095482034,5.00099000522497
-0.336591388816976,6.94611943057036,6,5.74270627808444,-0.58737502844975,6.05809841633551
-1.33133146755819,3.97019886242812,3,2.14304357363211,-0.700019291723775,5.69562097727117
-0.101772017224007,7.84466141560154,8,6.84435356366877,-0.583491913925051,6.07088930614268
-1.74209845801427,3.0929337055852,2,1.06395186648809,-1.92956588062774,2.75026493162708
0.100352024163238,8.68055286336126,9,7.88356360726543,0.275287572919787,9.39750992361384
-0.40822594943778,6.68740556534635,6,5.42816227392398,-0.284661408072664,7.11477719737277
-0.720277699843627,5.64316089848072,5,4.16639814465115,-0.598130896846491,6.02277184252663
0.114620209429829,8.7417479190684,8,7.96017248822482,0.395565936718507,9.94549743777646
-0.780239301679273,5.45770667489128,5,3.94295903371053,-0.995055155065009,4.82388115436077
-1.66358313904703,3.24649362296585,3,1.25460646502856,-1.32758531714977,3.97127699656134
-0.222831778975416,7.37172805771202,8,6.26260742846626,-0.235459469699585,7.29802103539095
1.2393946946059,13.9871901945637,15,14.6457687781346,1.36313674644458,14.4570392658172
-0.501683308313524,6.36060483105149,6,5.03218334330004,-1.17893959281206,4.33592709321863
-0.337140652539512,6.94410846919794,8,5.74025728266983,-0.0767602344372579,7.91138520204378
0.476332433692686,10.3850143032319,11,10.0357036435294,0.210970378830978,9.1128119759947
-0.196812122814181,7.47163129092831,8,6.38512849552177,-0.106421403247403,7.79413379045085
0.0599649965721993,8.50889776720286,9,7.66903827831934,-0.449659472388237,6.52382104350036
0.167550168749967,8.97126606570311,9,8.24807940888137,0.59056933816603,10.8720613523324
-0.860741270158667,5.21627517736525,5,3.65203095158111,-0.571203243544137,6.11149797964738
0.172843071349117,8.9944337569641,10,8.27718929680847,-0.493830800461121,6.3717285418678
-0.286657814949308,7.13070009554995,7,5.96778387323587,0.176070113349489,8.96080633563569
1.41430375973826,14.7027739422362,15,15.5806601645297,1.82855112555954,16.1646529826147
-1.64029669855816,3.29329667000461,2,1.31252011784305,-1.98008818055366,2.66572230164081
-1.13334196657555,4.4611706499995,4,2.73980574328456,-1.48118891170878,3.62143003049266
0.0465120777567914,8.45223264729502,7,7.59834328412693,-0.198952011016512,7.43609059196686
0.248744422618376,9.33094140847106,10,8.70090659497873,0.587468501099276,10.8570327847744
-0.553997166959041,6.18294765827372,7,4.81743572694159,0.0596705573525243,8.46644391550421
-0.113365727777195,7.79847230526266,8,6.78733971623395,-0.335832404697784,6.92763492132354
-1.53926592590034,3.5031005903616,2,1.57120662766252,-1.33422006466487,3.95560582104344
0.28055871556839,9.47433567752356,9,8.88192072755633,0.257443737728133,9.3179330962812
-1.24057495375992,4.18948773174309,3,2.41004097920087,-0.335791069980085,6.92778468202503
0.714251919637212,11.5389701795052,13,11.5018390594444,0.085053311817922,8.57260014416201
-0.244199144878749,7.29040029036673,6,6.16300778514534,0.0538389006470763,8.4421836821103
0.560381464689542,10.7886711852535,10,10.5483170235248,0.187797442031136,9.01168890051619
-1.16656931383866,4.37550327937471,4,2.63593573776932,-0.45476787992013,6.50610010646262
-0.748149542415285,5.55635551822331,6,4.06181030047957,-0.757791056231407,5.51612118818275
0.858069276572883,12.2403309058315,14,12.3949822537771,0.525651182169856,10.5591329973332
0.132600623595409,8.81927362087307,8,8.05732044146894,-0.256360543589246,7.21978192861746
-0.820141384885758,5.33696163569395,4,3.79747660882244,-2.69313724047039,1.74010146095821
0.12822527095731,8.80036656149275,10,8.03361823941617,0.35232299532085,9.74619941621276
-0.220241062697693,7.38163243621683,7,6.27474557278136,-0.137376744329131,7.67305429339276
-0.757007394999742,5.52898709466629,5,4.02883691608615,-0.893047331809393,5.11270793304081
-0.952517167680378,4.95143766934515,3,3.33262537908525,-0.811071856850844,5.35440113919208
1.34285441754435,14.4173053437178,15,15.207216388668,1.26475756439125,14.048486494134
-0.0153307698067879,8.19504797774673,9,7.27827168985446,0.232321141255365,9.20666492310627
-0.288527230552943,7.12372680926778,7,5.95926993081123,-0.289741206152475,7.09604311849183
0.603180859150602,10.9963209158346,12,10.8121218826259,0.528267463007608,10.5716691083108
0.0959870256842077,8.66188922597557,10,7.86021240009058,0.593224738105194,10.884936864271
0.514677405925092,10.568401082599,10,10.2685484286785,0.595708394506354,10.8969844003741
1.06988024028498,13.2393017022211,14,13.676034156638,1.178856048503,13.6768654957526
0.556063978517262,10.7677927082786,11,10.5217955465123,-0.00953292338205552,8.18164222026964
-0.0113659872386432,8.21137337032016,7,7.29854982138296,0.42631537387321,10.0887085261246
0.517152949181944,10.5802872977359,12,10.2836430403163,0.33877918779446,9.68429823165982
1.70441585252797,15.771989856448,17,16.9752243592536,2.03264881610671,16.8020912643428
0.544558316091439,10.712222122782,11,10.4512086080251,0.589551165101555,10.8671258470054
0.480685767538967,10.4057630812154,10,10.0620436614554,0.654303837325753,11.1823832099054
-0.326450278176761,6.98332381603649,6,5.7880267124267,-0.225819980022261,7.33430255144215
1.30667362210756,14.2691721750171,13,15.0136283613021,1.63208408912408,15.4865616012069
0.31923681566804,9.65048638447925,10,9.10459844745592,0.490391322425901,10.390874978278
-0.222631383129736,7.37249383922853,9,6.26354585241547,-0.0590564639620205,7.9819469266965
-1.12538461295067,4.4818865911523,3,2.76490899494287,-1.43564134851276,3.72236235444236
0.433072464826864,10.1798987849232,12,9.7753958780964,0.381768584292479,9.88163728042681
-0.642866871010345,5.88976530540629,7,4.46363039233705,-0.449892136007629,6.5230131912453
1.59535704550912,15.3862542938376,16,16.4738873711371,0.921441949386038,12.4865077208971
1.14665911278404,13.5845498999224,14,14.122504911613,0.70043643167492,11.4082383727847
-0.133489391326523,7.71875178345969,8,6.6890380106919,-0.272977722579551,7.15799714961244
-0.0530151760361864,8.04099247554796,8,7.0871815803579,-0.392845659831554,6.723229436739
0.187498308116866,9.05878569845484,8,8.3580907920176,0.440440029877065,10.1548931298782
-0.979498634513171,4.87565519057225,5,3.24114273140104,-0.576495026319928,6.09398671541222
1.13660813602259,13.5399520175824,13,14.064713124937,1.45602240262889,14.8265449165552
0.472550899550058,10.3670062642704,11,10.0128439948371,0.12237135196884,8.73033693292184
2.04084601006746,16.8403304001114,18,18.3480861855813,1.5036690205178,15.010232126564
1.3797970168687,14.566063359945,15,15.401777929803,1.94997225866606,16.552595199945
-1.90085967216539,2.80222646826827,2,0.699520077146832,-1.64128569636893,3.28509120009853
-0.257017667337912,7.24191901258416,6,6.1036930827253,0.452872955236127,10.2133536199053
0.400416226116243,10.0264275226219,12,9.58075032468665,0.349826778027952,9.73477173828299
-0.684297815204716,5.75676939212722,6,4.30330334342637,-0.387318539148535,6.74285669333822
0.933098588620492,12.6006840506692,12,12.8554862272283,1.04280010507202,13.0606878130478
-0.585323655025456,6.07836626476168,6,4.69115698290309,-0.260387250933705,7.20477613060126
-0.797219411372137,5.40606485858565,5,3.88073978399701,-0.832443330113553,5.29056078884281
-0.214121527612967,7.40506511642921,8,6.3034705634901,-0.631560999902795,5.91393949951729
-0.157735065075604,7.62346255910173,6,6.57170705988003,-0.98327002943301,4.8565800182478
1.25593472683044,14.0573047432559,15,14.7371427844414,1.60030395687612,15.3711610617183
-0.554573055761078,6.18101292555823,6,4.81509874888109,-1.03812012335619,4.70586849948962
0.89461060662308,12.416535578436,12,12.6199735334994,1.04502172107993,13.0710024413839
0.00910596268290816,8.29602378578362,7,7.40378174299186,0.18020057901181,8.97870509534308
0.386847861283436,9.96302749329019,10,9.50037916975805,0.455453749895639,10.2255121149173
0.252220512478705,9.34654229561037,10,8.72058829416424,-0.0230162061121971,8.12693486485415
-0.293791152474981,7.10411767865284,6,5.93533302282373,-0.155879392142396,7.60130774865853
0.620205104533895,11.0792157762086,11,10.9174497369545,0.42671341860299,10.0905702586878
-0.921458006521029,5.03983644833918,5,3.43928445740485,-0.896755448191571,5.10197800083608
0.877688780212644,12.3350876415722,13,12.5159342591706,0.994346392863207,12.83384854371
-0.0710394320601011,7.96802084926321,7,6.99683627705799,-0.867028480011522,5.1884897413386
0.469642976664336,10.3531683087874,11,9.99527860915071,0.358441226713926,9.77424453946887
0.488626321968721,10.4436574598287,12,10.1101528100645,0.634686148514942,11.0866068777035
0.359149691449738,9.83429638311645,11,9.3372705407389,0.442559229514008,10.164844445508
0.16869724770097,8.9762836466796,11,8.25438320628593,0.679908382888811,11.3076491884444
0.407315779834744,10.0587501818152,10,9.621734369991,0.833563711525679,12.0605485818316
1.1660041606913,13.669865997168,13,14.2331571971133,0.811632598821541,11.9534064763496
-0.281337784082645,7.15057167828743,7,5.99205055807358,-0.552580692621496,6.17341437756109
-0.300913071757885,7.07764898111374,7,5.90303332699512,-1.19561506875208,4.29371367928484
0.4449150885042,10.2358513351112,10,9.84638787076167,0.598562169229105,10.910832890063
-0.675349100115335,5.78529779423742,4,4.33768813140108,-0.6286286424922,5.92342743860215
-1.21658370934421,4.24907314013988,4,2.48245612358974,-0.925337626529147,5.0198579545928
-0.178075427397554,7.54416250017511,8,6.47420206758969,-0.0671388952768329,7.9496791137696
-0.595450271966932,6.04484725229346,5,4.65070233739691,-0.254118159527685,7.2281477566952
-0.332502090544307,6.96110440903981,6,5.76095743260042,-0.890670454272205,5.11959495120648
0.73738652035324,11.6522294255797,13,11.6458877944273,0.411636267730753,10.0201914250464
0.0680973107235511,8.54327638599361,8,7.71195868586913,-0.0928241909571027,7.84773363433389
0.820279420293264,12.0569788590544,13,12.1611786305656,0.606015871420694,10.9470310016253
-2.04387000178951,2.56270650213175,1,0.394254818470035,-2.42321890418098,2.03545092589995
0.839771738344034,12.1516787559608,12,12.2819002254123,0.925394259940342,12.5054998550912
1.27138985176624,14.122353347153,14,14.8219735567184,1.01377206116544,12.9252113744936
-0.53313932088283,6.25332846081306,7,4.9024727623061,-0.90516511729139,5.07770830040214
-0.397314692458615,6.72635060269573,8,5.47544666949921,-0.51079385636221,6.31400308419724
1.30712779616734,14.2710467993601,14,15.016076973556,1.36823290665293,14.4777140696245
-0.0304992104094612,8.13279637545786,9,7.20099697531725,0.00445092165618783,8.23864906023443
0.878017581525094,12.3366727878919,14,12.5179583949898,0.813636996559471,11.9632084600356
0.446994359532659,10.2456910285815,11,9.85887373367954,0.859787004767613,12.1882949584044
-0.48990915486204,6.40111036946369,7,5.08119185102917,-0.152468710552496,7.61449805731432
-0.285483520389027,7.13508295082558,8,5.97313550402714,0.352668942829201,9.74778383344131
1.31982153862793,14.3232848523382,15,15.0843233554946,1.39236112574377,14.574959622481
-0.295437160849703,7.09799395172465,8,5.92785916216124,0.562724400346357,10.7373838496112
0.144678648571432,8.87160585216027,7,8.12295685427577,0.235000585951615,9.21848923774486
0.644699972878559,11.198721262706,11,11.0693126993529,0.958138237886177,12.6621656768298
-0.40357159608956,6.70399786280637,6,5.44830481981531,-0.308755191097773,7.0262264057087
0.366224138326508,9.86708611613674,11,9.37880557096633,0.484205896736231,10.3614970034872
-0.757007394999742,5.52898709466629,5,4.02883691608615,-0.739381963443437,5.57284959842485
-1.07429356739935,4.61675587238698,4,2.92821253767989,-1.27887548872828,4.08789939647101
0.615516442479789,11.056371000922,12,10.8884218034834,0.538083989133434,10.618765922766
0.0534997676267088,8.48163350199417,9,7.63501588383848,0.502341908943462,10.4477544078956
-0.825849967846578,5.31986053050753,5,3.77686977848177,-1.1833156209848,4.32481701874322
-0.957673250720547,4.93688344791833,5,3.31505938372261,-1.5992763329352,3.37059207832161
-1.66358313904703,3.24649362296585,3,1.25460646502856,-1.88500190337002,2.82708662131133
-0.25785169654235,7.2387726102248,6,6.09984509849927,0.0986379373625977,8.62979015912849
-0.309851328660191,7.04453042361602,7,5.86263596390165,-0.134059843761633,7.6859653949306
-0.10193530274557,7.84400956777762,8,6.84354864876484,0.372606116845035,9.83936876734417
1.44191163760817,14.8106222108833,16,15.7217887206761,1.51216344097958,15.0425756130607
2.03538503962106,16.8245489769643,17,18.3279059420423,2.60203681790552,18.1468086652511
-0.342306810601665,6.92521479835547,6,5.71725137105519,-0.381585485343972,6.76325799525572
-0.19017005659556,7.49728658708527,7,6.41662327644645,0.0598783802204296,8.46730936634946
2.20122100604002,17.2783641081685,18,18.9097626400037,2.44049081531076,17.834322695947
1.4022529822235,14.6552737830691,15,15.5185028850392,1.61426598316758,15.4220580458853
0.0933019693856774,8.650421985932,9,7.8458681881692,-0.369440254861871,6.80662120019059
-1.81394855142243,2.95810664618419,2,0.895591806586516,-2.92129954747672,1.53391444295873
-0.179868260471419,7.53720087394275,8,6.46564820536673,-0.763547236261045,5.49847324742808
1.5469955449678,15.209077398391,16,16.2427527252297,1.58234889883715,15.3052493819484
-0.455747477509219,6.51971933899253,6,5.22481008803932,-0.338397638572118,6.91834521559707
-0.476113905415169,6.44881281052625,6,5.1389322056637,-0.810328791310879,5.35663136676982
-0.997037973156786,4.82689336491514,4,3.18225361722877,-0.443546637024554,6.54507155165204
0.38360504137723,9.94790762264686,8,9.48121567276023,0.494280742982468,10.4093697273099
-0.770296613438938,5.48812443270591,6,3.97960612513886,-0.637088137899272,5.89608639866516
-0.921365809285611,5.04010071707717,4,3.43960323692359,-0.36434352305646,6.82487679904725
-0.143063556475573,7.6810245510569,8,6.64256212749127,0.0299758845696607,8.34341199941064
-0.513926655919195,6.31868829457138,7,4.98148666258385,-0.284955481451636,7.11369172626637
-0.963607306025829,4.92017561982676,5,3.29489213116629,-0.663762396676162,5.81048653816219
-1.66358313904703,3.24649362296585,3,1.25460646502856,-1.11962266067599,4.48880492647143
-0.494772692846134,6.38435555729406,7,5.06091761041852,-0.83284905302452,5.28935449620644
-0.0417685201221761,8.08675831971767,9,7.14389911560775,-0.281853047773854,7.12514912445704
1.15026361716689,13.6004987473296,13,14.1431805099052,1.5293991606585,15.1078323004617
-0.715197135853679,5.65909691351311,5,4.18560004444266,-1.00740087925489,4.789813240441
-0.597395087579591,6.03842601528931,5,4.64295339007788,-1.19119099426517,4.30488056567169
-0.275073254893563,7.17402210053967,8,6.02069670618051,-0.742263647871114,5.56394060288437
-1.66358313904703,3.24649362296585,3,1.25460646502856,-1.32264078964661,3.98298914221009
1.04804660814199,13.1392684956449,14,13.5470645668288,1.90302734202967,16.4055490013494
-0.507282015533905,6.34141131439108,6,5.00896705867213,-0.763924440519744,5.49731826778932
1.35816706585158,14.4792688701225,15,15.2882436829869,1.22615011129554,13.8831866611074
-1.70553900832183,3.16362399897642,2,1.15184855753418,-1.81123020515407,2.95893131187955
-1.33133146755819,3.97019886242812,3,2.14304357363211,-1.28941599182222,4.06242785856378
0.0604630957962275,8.51100074107078,8,7.67166311677475,-0.223005626158906,7.3449189372074
0.515618230314223,10.5729177716542,12,10.2742842539591,0.802614507341853,11.9092847481314
0.310516694855052,9.61060065640477,9,9.05414994229258,-0.201019343642279,7.42822398052868
-0.578937639331267,6.09957621482872,7,4.71676006168791,0.266118441551074,9.35656249481298
0.385223982719274,9.95545446188061,10,9.49078063800116,0.908790902757963,12.4256053284
-1.85036669241934,2.8918317439761,1,0.812436007576544,-1.21033426054831,4.25672929965448
1.07330973079379,13.2549420811907,15,13.6962145615335,0.758171599509546,11.6914715350581
1.91056717116166,16.4492303793964,17,17.8476819677521,1.79843743869158,16.0646781875068
-0.851167956702693,5.24453628906783,5,3.68609423058727,-1.14233025164169,4.42977701436168
-0.313569269691514,7.03078744493423,7,5.84587809112586,-0.577306110637579,6.09130596262584
-0.63589240273589,5.91238356279628,6,4.49090522291778,-0.140975852170132,7.65906168713341
0.547866983947535,10.7281920740464,12,10.4714934922269,0.660542975789135,11.2128825923005
-0.742291499216253,5.57451325878878,4,4.08368697165052,-0.730818359832386,5.59938826368647
1.33812738945248,14.3980897820661,15,15.1820942836277,1.1878866324002,13.7165854308312
1.27347371069569,14.1310895562341,15,14.833370657626,1.08926099034923,13.2747225099786
1.2360849853723,13.9730980095376,14,14.6274120155833,0.932286100673108,12.5385767292836
-1.53929797938256,3.5030322758524,2,1.57112261538784,-2.2344744181564,2.28023826355997
2.46069680797067,17.8767134276798,19,19.6947347413232,2.0650757604934,16.8965102735205
-0.393358000921325,6.74051398735868,6,5.49264836635288,-0.612145958118857,5.97696777397009
0.583385632144786,10.9001351606181,10,10.6899174567058,0.311391022848056,9.55989556676672
0.101982092628949,8.68752953559843,10,7.89229416677457,0.05326435776574,8.43979613460837
0.298912474583817,9.55767756484295,8,8.98723576553787,0.810722849407482,11.9489570000149
0.486982778117213,10.4358089799204,10,10.1001883687769,0.663307886633395,11.2264039926575
0.167550168749967,8.97126606570311,9,8.24807940888137,-1.00225224574334,4.80399769327073
2.19913892136975,17.2730020097675,19,18.9028524659003,2.52248408686483,17.9996051982947
-1.27367380203478,4.10839909828856,3,2.31140363353369,-1.47471921205887,3.63562390826893
0.205557525923363,9.13849591352657,11,8.45838754605292,-0.164387189422817,7.56847409048466
-0.807430402148993,5.37519525355583,5,3.84354576106588,-0.873665369922494,5.1690772716522
0.0281097804725045,8.37513603206413,8,7.50225789127573,0.39798436200633,9.95671671269722
-0.780239301679273,5.45770667489128,5,3.94295903371053,-0.677292413605619,5.76742200658371
0.773296618083367,11.8278692681813,13,11.8693825262033,0.336486118658904,9.67384280955291
-0.333618820024077,6.95700990247914,8,5.75597010528457,-0.663222160505512,5.81221099889104
-0.0469823094569237,8.06551961291729,9,7.1175727181788,0.0255604614684505,8.32522411299398
-0.338726273121988,6.93830557006291,7,5.73319075007414,-0.466302791539984,6.46621233462824
1.44935439536148,14.8394671313615,17,15.7595321077227,1.82852407026466,16.164563817135
-0.646276477558618,5.87873205696343,5,4.4503266453386,-1.37457771465782,3.861378678851
-0.596934031468877,6.03994782502645,7,4.6447898353285,-0.952770312055257,4.94201371743005
-0.301487077250353,7.07551877861787,7,5.90043437668021,-0.128926845981102,7.70597532088866
-0.850311959681116,5.24706914348087,6,3.68914694963632,-1.52757500486027,3.52104127600559
-0.275073254893563,7.17402210053967,8,6.02069670618051,-1.18890969981472,4.31064799056405
-0.0537968136974775,8.03781843879982,8,7.08324958385718,-0.0764674342125328,7.91254869077867
1.7305883994408,15.8617519380711,17,17.0914439721946,1.511264096891,15.0391569807202
1.76348144349662,15.9730232579913,17,17.2352593450733,1.71604676231845,15.7837844767486
0.990817643946745,12.8734794488605,13,13.2052116566882,1.20031832948809,13.7710154068225
-0.198362172999554,7.46565310145195,8,6.37779143411897,-0.406759954825614,6.67399770693855
0.263510377868931,9.39732497411462,10,8.78467541435914,0.466541064846658,10.2778361643375
0.220060979277006,9.20283878052501,9,8.53941560999559,-0.345259924163349,6.89353724545871
0.327748710517931,9.68951499328332,10,9.15397741015879,-0.47584247585754,6.43335651702947
0.679316952627372,11.3679582205563,12,11.2844141508243,0.733894132231786,11.5723559435577
0.396575760298827,10.0084601955933,11,9.55797096947622,0.565136849305574,10.7490266152668
-0.210176152346676,7.42020055776425,9,6.32202996835659,0.386620758769373,9.90406664046151
-0.162314641198525,7.60555740400452,8,6.54968049099564,-0.0806352245179002,7.8959984487734
-1.7196671039912,3.13613886265449,2,1.11770126625334,-2.47565927142683,1.97325567716591
0.826710428078701,12.0882498547176,12,12.2010342643438,1.07518170765141,13.2102408906385
0.0936585256467931,8.6519441661136,8,7.84777212399536,-0.0977692636190266,7.82821088624084
0.224122307548103,9.22090840403916,10,8.56218147265203,0.122004897832373,8.72877833392606
-2.0207561184748,2.60000063099145,2,0.442170457452016,-2.2894830139543,2.20541085602205
0.831576139670795,12.111892221446,11,12.2311721936637,0.785282787675048,11.8244039070568
0.103445548277088,8.69379630697872,9,7.90013711116522,0.195083222577039,9.04339986512939
-0.797330351927257,5.4057287192489,4,3.88033478576586,-0.32558199378352,6.96484304816618
0.458334995333025,10.2994397041822,11,9.92708364094248,0.0113512302460191,8.26687996165862
-0.922819531941968,5.03593513834745,4,3.43457837167571,-0.877248812968229,5.15861931013605
2.46069680797067,17.8767134276798,19,19.6947347413232,3.21367657397705,18.9238491180048
-1.09776806441158,4.55438704752582,3,2.85272167371427,-0.630767471311846,5.91650593381652
-2.24462449171262,2.261326975895,0,0,-2.04558504330857,2.5601177649308
0.215572421830405,9.18289477762711,9,8.51429350495527,0.203450331204635,9.07991122129288
-0.024699006326819,8.15656197205582,8,7.23048864860852,0.216334435782133,9.13632967071322
-1.19858395566304,4.29422819436635,4,2.53729839210215,-0.953036029348532,4.94126435292697
-0.799949056213301,5.39779905975563,4,3.87078067184829,-0.467014324758674,6.46375759155696
-0.0205371323657217,8.17364414458443,8,7.25169365603344,0.150052421721688,8.84862516535919
-1.08693823342526,4.58307547334689,5,2.88745159668087,-2.40866171930709,2.05315132616042
-0.244758946951964,7.28827822413253,7,6.16041061797515,-0.527842276825964,6.25636812414385
-0.947249198350968,4.966343142116,4,3.35061367713035,-1.8127114686994,2.95622638213859
0.682683988848014,11.3844342281791,10,11.3053584454826,0.472678573219512,10.306862779296
-0.72593634615633,5.62545264656435,4,4.1450613866618,-0.235085908778801,7.29942472999887
1.34773894490236,14.4371177824731,16,15.2331216000273,1.3293348694453,14.3186990301789
-1.1982965425842,4.29495235842907,3,2.53817766955381,-1.1468119010785,4.41820104827184
0.939804424583427,12.6325966752928,13,12.8963440323528,1.35224194569735,14.4126802375366
-2.08749912982628,2.49378675960014,1,0.305265258676797,-3.17397720657953,1.3440451010524
0.982364989946858,12.8338092877368,14,13.154286132083,0.810729080955681,11.9489874790018
1.50699725660169,15.0596219007879,15,16.0474844190482,1.80298511658908,16.0798693776193
1.3797970168687,14.566063359945,15,15.401777929803,1.42929227374555,14.7217804268524
2.08497303353551,16.9658076445748,18,18.5085976474303,1.57190264120908,15.2666631445098
-0.25160941747341,7.2623455324882,7,6.12867872351738,-0.469735236569121,6.45437677583064
-1.29737022930403,4.05113389424169,3,2.24168091929929,-1.61935411259569,3.32948519184679
-0.535121964562332,6.24661264405394,6,4.8943563985358,-1.73383246461471,3.10357176587055
1.22408583020514,13.9218341792507,15,14.560659125815,0.928663504271242,12.521196864232
-0.264027729800299,7.21550373632149,7,6.0713933868967,0.0947038446474348,8.61320096705414
0.591526470108967,10.939663579101,13,10.74013706067,0.331459616832025,9.65094945767822
0.234910853953448,9.26901882558412,8,8.62281739291353,0.87736440173511,12.2736511966362
0.348165201169004,9.78350774434857,10,9.27295244148134,0.467821509440171,10.2838882551293
-0.337159497225325,6.94403948262026,8,5.74017327039515,-0.69177951874733,5.72157528358835
1.18976609080824,13.7737128802917,14,14.3680100710117,1.34589823995699,14.3867508649208
-0.17307861484737,7.5635892209178,6,6.49807705207072,-0.719730375387648,5.63389123291196
0.0935223736353657,8.65136289610221,9,7.84704506919103,0.187466572025443,9.01025061510401
-0.217226627226654,7.39316860115753,8,6.28888588660042,-0.682541754388565,5.75077810138246
1.0784354342035,13.2782810106761,13,13.7263362109234,1.32109079285219,14.2846379120668
-0.130881809436839,7.72904948678207,7,6.70172865815574,-0.394551343902228,6.71718058236111
-2.24462449171262,2.261326975895,0,0,-1.47386875261479,3.63749324064656
-0.922586603043061,5.03660240111855,4,3.43538328657964,-0.480621482885043,6.41694210129765
-0.937282371579141,4.99464193761814,4,3.38476096841119,-0.0144027489254928,8.16185400176397
0.0923920274238014,8.64653815298872,10,7.84101050029907,-0.00887818654216868,8.18430522841811
-0.787374548928904,5.43595924802788,5,3.91675755247705,-0.676931661681316,5.76856714718586
0.768277932624609,11.8033421810401,13,11.8381636485813,0.853841038458512,12.1593690935927
0.4970390733239,10.483871924997,11,10.161211741397,0.814096813757369,11.9654568223722
0.800171081140488,11.9590488139093,12,12.0364115676497,0.75817756084983,11.6915007788098
-0.656257691611343,5.84652457928468,6,4.41149480301112,-0.870102454992062,5.1794915725726
0.0193959696962421,8.33879709568668,9,7.45700909296679,-0.00712395381574822,8.19144316563741
-1.03079811095182,4.73413812991445,4,3.07017425361967,-0.320274385388848,6.98416420074934
1.79470969045408,16.0770684209741,18,17.3694791777236,1.96580565821215,16.6013265122143
-0.196794380057714,7.47169974029715,8,6.38521250779646,0.227759001388452,9.18655596800461
-1.63307571647015,3.30792767107687,2,1.33060756605557,-1.88885863020885,2.8203544536927
-0.423646710359743,6.6326474323567,7,5.36171528681454,-0.843891313894973,5.25660478097825
1.29152791250015,14.2064361750021,15,14.9317043255765,1.64733080322084,15.5413574756951
1.15572554724594,13.6246207215325,13,14.1744598781887,0.722400837038743,11.5159647847919
-0.611428608939801,5.99224475645568,6,4.58723184411381,-0.342072800180084,6.90505128547422
0.109483224728122,8.71968268770832,8,7.93254173344465,-0.029941058411033,8.09893639323627
0.818461202775378,12.0481331701155,13,12.1499059619887,0.746470999531553,11.6340669225624
1.35816706585158,14.4792688701225,15,15.2882436829869,1.18928497514596,13.7227222647806
-1.24057495375992,4.18948773174309,3,2.41004097920087,-1.2853716734465,4.07218570481444
1.01532024384741,12.987889826211,13,13.3522218775505,1.32117712810446,14.2849952691357
-1.0553743385916,4.66752188486601,4,2.98962687248949,-1.04940065545046,4.67533712824296
-0.650387429350402,5.86545036634929,5,4.4343125844679,-0.764315336764467,5.4961215580372
0.710737682782222,11.5217638243273,11,11.4799590633541,0.211298233952676,9.11424821111122
1.65114243340629,15.5859312354269,17,16.7337687111249,2.23007260542056,17.3449224211183
-0.234224005537299,7.32828738943683,8,6.20939145441907,-0.14362411094906,7.64877707902517
0.822013305973365,12.0654124318511,11,12.1719266699672,0.378369217662624,9.86594218558824
-1.77613094406362,3.02839598599211,2,0.983488497632597,-1.91804079775836,2.7699296529185
-0.254631063388,7.2509279542131,8,6.11471183713207,0.387361226703377,9.90749221989593
0.508407342832856,10.5383201255969,11,10.2303491969391,0.512037686437652,10.4940149551323
0.45963103262065,10.3055909251599,12,9.93489055738343,0.48053367970653,10.3440759594192
0.819093100488139,12.0512075953728,12,12.1538238455126,0.949318489543565,12.6200911860699
-0.0207421985402329,8.17280188637697,9,7.25064797797141,0.243617148337381,9.25658348479311
-1.3446486430472,3.9388246030919,2,2.10477572052407,-0.593137370391289,6.03915375947012
2.09672366987858,16.998599897102,17,18.5505746833817,1.36570267677071,14.4674550156033
-0.698637816197584,5.71128005641213,6,4.24848160284198,-0.9837353129459,4.85528574839441
-1.59412028216695,3.38782272352539,2,1.42924491172274,-1.84951152723318,2.88978506981674
-0.225887627440631,7.36005761329152,7,6.24830730902124,-0.123965250838923,7.72535131032868
-0.500473328426858,6.36475858059021,6,5.03720820854791,-0.494203168257001,6.3704573085163
-0.52198673808529,6.29120660286953,6,4.948258568553,-0.804121490066557,5.3752896372574
-0.875087802245659,5.17414918584784,6,3.60125025859024,-0.999543342122902,4.81147400238518
-0.765322898283946,5.50339024603304,5,3.99799816495125,-0.764692764074311,5.49496627016227
-1.89216810131588,2.81746211215329,2,0.718761896736661,-1.43596528115213,3.72163623219112
-0.833129032281717,5.29811746584056,5,3.75066829724829,-0.328278503119835,6.95504138774139
0.0333240472258638,8.39693246633577,9,7.52941099617848,-0.273018280005425,7.1578468046708
1.58366182780869,15.3437575303919,16,16.4184897663324,1.57488532354052,15.2776985203564
-1.10690883926323,4.53028601563829,4,2.82353761726073,-0.653950200267927,5.84186682589363
-1.31951547994501,3.9982071183905,3,2.17719086491295,-1.08003064053516,4.59322885878384
0.292176836752984,9.52703997754357,10,8.94851184620009,0.417974589644589,10.0497430031076
-0.203307880228812,7.44660128385803,8,6.35441367645988,-0.392499981104391,6.72445578404768
-0.275073254893563,7.17402210053967,8,6.02069670618051,-0.504107505463572,6.33671163709172
0.957308172796497,12.7156347578321,14,13.0027231588878,1.20468344931425,13.7900585653573
1.20501528100749,13.8398005955123,14,14.4539221639831,1.43736984198684,14.7535709203876
-0.22590559216477,7.35998904394372,7,6.24822329674655,0.0899558682461766,8.5932091601713
-1.27367380203478,4.10839909828856,3,2.31140363353369,-1.87081249657884,2.85199212410056
-0.0597002799573718,8.01387391758593,8,7.05359373210616,0.409314728701926,10.0093804233181
0.144587361479933,8.87120954961176,9,8.12245962745384,0.20649167055718,9.09320753289935
-0.675974932528721,5.78329911271424,6,4.33527905578479,-1.11961427445075,4.48882684220284
-0.723554517550872,5.63290111113925,5,4.15403600819624,-0.773618016654347,5.46770011431814
-0.774046480073026,5.4766368879069,6,3.96576606020619,-1.06080529911919,4.64462996620661
1.55782986310544,15.2491028460914,16,16.2950051364104,1.09487595291427,13.3003440958622
0.127672540821459,8.79797998691821,8,8.03062682897598,0.0323165762475678,8.3530648466067
1.98895689684824,16.6881753929453,18,18.1535246444463,2.39570056156417,17.738058738838
-1.25779560467367,4.14713810552048,4,2.35853938358075,-1.03451844564383,4.71564987006018
-0.675349100115335,5.78529779423742,4,4.33768813140108,-0.751551310785755,5.53530009727448
0.38448828713576,9.95202455894993,10,9.48643348714163,0.323505669389537,9.61479437037239
-0.362812004777727,6.85059094962526,7,5.62644188771048,0.145733578376171,8.83009741892583
1.46590678561581,14.9032708542996,16,15.8430099633059,1.1324521193839,13.4703878370538
1.23458076591342,13.9666864572579,15,14.6190611452162,1.88525190085619,16.3488901066249
-0.997037973156786,4.82689336491514,4,3.18225361722877,-0.493868687644272,6.37159918977314
0.0619329862572783,8.51720866608801,8,7.67941206409378,-0.041395766017846,8.05276941136656
1.06836067551963,13.2323653092882,14,13.6670856679842,0.576445449176941,10.8036692508765
0.920791322510702,12.5419769641556,12,12.7803583377768,0.956716785489655,12.6553911128976
1.98825225437516,16.6860756308629,18,18.1508392783214,2.13090568439686,17.081965443099
0.426785978792703,10.1502603193495,11,9.73779657580123,0.519964442810795,10.5319082984377
0.423211402371513,10.1334273204001,10,9.71644411677483,0.325356631501924,9.62320018631611
-0.239066621616952,7.30987691492543,7,6.18684888173528,-0.400424946233058,6.69638053922992
0.87979172702009,12.345224212157,14,12.5288785040164,0.784790211028637,11.8219901689716
-0.253399583230874,7.25557967062727,8,6.12040189462584,-0.55483031788456,6.1659106698576
0.355574854351294,9.8177509013061,11,9.31631532813045,0.807987820978909,11.935578159586
0.544811582658316,10.7134442625255,10,10.4527609443048,0.85736452111291,12.1765131058438
0.0767969827493081,8.58015722143019,9,7.75802783811258,-0.586745150997234,6.06017187729979
-1.02531502473654,4.74910448699186,4,3.08826421815667,-0.535623208348587,6.23019026195987
-1.19858395566304,4.29422819436635,4,2.53729839210215,-1.79987956171364,2.97973732136723
0.232189773820234,9.25686938163244,10,8.60750190699429,0.369406172395918,9.82463314605695
-0.519552783894958,6.29949597747309,5,4.95828042007402,-0.180486536651469,7.50661195123499
1.04670777127938,13.1331089808116,13,13.5391289578628,1.29082493613355,14.1585033840579
0.173742677471035,8.99837533909132,9,8.28214268788752,0.47300504473083,10.3084080111049
1.61703356530649,15.4644355809027,17,16.5757257080643,1.93117462158854,16.4941710365189
0.88739020905343,12.3818159285011,13,12.5756147373496,0.59570304820551,10.8969584620267
0.50196821677081,10.5074652817247,11,10.1911693394744,0.0185488471773681,8.29639844143778
-0.502283875886366,6.35854388902159,8,5.02969025540906,0.210965807563961,9.11279195173228
1.12181155651004,13.4739638201182,14,13.9792669567518,0.952639657497003,12.6359459245165
-0.520873626016204,6.2949965406076,6,4.95284051447691,-0.811577564845319,5.35288371972077
0.894283094406457,12.414961830474,12,12.6179625756004,1.08163106304749,13.2398199660013
-0.780788278730827,5.45603103800729,5,3.94094022504007,-0.669654324565779,5.79170389174431
1.3263549671162,14.3500544769535,15,15.1193062050679,1.6002878325847,15.3711021025225
0.493415185883728,10.4665407928359,11,10.139206475415,0.646604016657356,11.1447683265386
-0.633719622941527,5.91944345898973,6,4.49941916534241,-0.502291215614512,6.34289037076977
0.00637480529809826,8.28469620370819,9,7.38969172355582,0.663719377112015,11.2284166018662
-0.070763840892919,7.96913311820591,8,6.99821254849267,-0.201346520169731,7.42697953841657
1.49580697323535,15.0173277438422,16,15.9921884899875,1.49627794971655,14.9819910815546
-0.48990915486204,6.40111036946369,7,5.08119185102917,-0.796179378477944,5.39923483473241
-0.598000047855076,6.0364296621579,7,4.64054431446159,-0.228054484286274,7.32588109048253
0.5703448223641,10.8369030865812,11,10.6095873111075,1.06573867536245,13.166806060145
-2.0207561184748,2.60000063099145,2,0.442170457452016,-1.91989112566828,2.76676300512112
0.631480127028399,11.1341932210565,12,10.9873103254151,0.766938738125206,11.7344740946624
0.27144269151827,9.43310818536321,10,8.82985209456813,0.432799226609118,10.1190594570001
-0.907549886324545,5.07982690976985,5,3.48751887590557,-0.178356184380434,7.51477768747115
-1.13779236079896,4.44961845008266,3,2.72580457501422,-0.839571653849307,5.26939763889673
-0.534690283625511,6.24807441736506,5,4.89612297922706,-0.698654782812233,5.69991292205027
0.415779134718242,10.0984745939439,11,9.67211148498165,0.81101686468755,11.9503950332633
0.20190680842353,9.12234577699721,9,8.43805875210676,0.0163778532326747,8.28748721310933
0.843531798359443,12.1699167508542,13,12.3051582882521,1.03347166676286,13.0172924987315
-0.134206631617634,7.71592098845627,7,6.68554978068675,-0.0978853852570268,7.82775285150336
-2.17266623243538,2.3647560111748,1,0.136905198775219,-2.03294259997127,2.58015293568171
-1.56199094874458,3.45494786303649,3,1.51195608472338,-0.900955945618513,5.08984442802762
-0.116519837645525,7.78593932562008,9,6.77187702691004,0.024982075618011,8.32284367530651
-0.0117309049561695,8.20986985235319,8,7.29668204405611,-0.330511687094508,6.94693121853401
0.88888311904256,12.3889988318636,14,12.5847907116841,1.10372508273935,13.3406128237754
0.187498308116866,9.05878569845484,8,8.3580907920176,0.0413519564732316,8.39039856854517
0.070705914569183,8.55432387811045,10,7.72575581356919,-0.0065553023795459,8.19375792042293
0.473465064349998,10.3713582831445,11,10.0183684129666,0.840897128355672,12.0963172123173
1.71004322198547,15.7913811202234,17,17.0003464642939,2.02591004929193,16.7822220001482
0.98384900320156,12.8407813830319,14,13.1632346207368,1.31334999255167,14.2525408552406
-0.922819531941968,5.03593513834745,4,3.43457837167571,0.0599962411020378,8.4678002095815
0.419211102460028,10.1146067334569,10,9.69257207417866,0.353050937946716,9.74953353577501
-0.790768259615941,5.42563947318783,6,3.90432405411137,-0.434899301953288,6.5752171411793
0.0701685691757771,8.55204742046825,9,7.72291257488456,-0.538837817366627,6.21939835169408
-0.715197135853679,5.65909691351311,5,4.18560004444266,-1.0576684055127,4.65306006615621
-0.264019052899508,7.21553638989831,7,6.07143330669502,-0.222306848395233,7.34755654068917
-0.607917926305149,6.00377236869621,6,4.60113950013002,-0.993932753898755,4.82698786111099
-0.243841069632491,7.29175789297319,8,6.16466938001926,0.132325497512956,8.77274724865275
-0.435670215429312,6.59018206670784,8,5.31021369119443,-0.119484698702568,7.74287768061094
-1.21301947740245,4.25798380041649,4,2.49328079048552,-1.4435814632433,3.70459824168862
-0.37181309850312,6.81801897510757,8,5.58683280176429,-0.150784605302244,7.62101692868482
-1.41975536811276,3.76565809839398,3,1.89322244442718,-1.69229684009045,3.18387947816165
-0.261460332432487,7.22517017620422,7,6.08321169678923,-0.0095284408260585,8.18166045011157
-0.171252228399435,7.57069868345662,8,6.50681628044858,-0.381068809069495,6.76509874804017
0.303851792529317,9.58018254542728,10,9.01568683406121,0.0951049391058236,8.61489128374093
-1.27367380203478,4.10839909828856,3,2.31140363353369,-1.32324746333999,3.98155057958057
1.14765612572094,13.5889637624693,15,14.128226465611,1.00285802595622,12.8739473702171
-0.86774379661761,5.19567969720764,4,3.627205116415,-0.432128752300011,6.58489647001778
1.35816706585158,14.4792688701225,15,15.2882436829869,1.82356003111852,16.1481839167603
-0.35129339800325,6.89243792842783,7,5.67735433126577,-0.169698410003156,7.54802669325257
0.042950081312688,8.43727212381037,10,7.57968896430522,0.863191605019785,12.204846186742
0.762048215141986,11.772886022903,11,11.7994024646727,0.932899217762465,12.5415167909644
0.118430954064252,8.75814053220636,9,7.98070540647154,0.303595809382744,9.52467912305469
0.561740979463313,10.7952483370392,12,10.5566719664195,0.856895100365655,12.1742295742549
-0.468941659749407,6.47371771793127,7,5.16908854207526,-0.420125165700228,6.62694990296431
1.51351325020477,15.0841518732744,15,16.0795485403924,1.22470074628749,13.8769262791921
0.0354700565778856,8.40591432232587,8,7.5406029294924,-0.774105700632061,5.46621323119772
0.408592908038746,10.064739311124,12,9.62932902883242,0.685596891685356,11.3355115469445
-0.0766594463019771,7.94536230752217,8,6.96880511703469,0.103067017002401,8.64849299166305
-1.1386673119524,4.44735012834165,4,2.7230551851967,-1.09480872871525,4.55402707097943
0.813128784813314,12.0221797098992,13,12.116835084028,1.02117871084288,12.9599008649875
0.0889738733661982,8.63195918410784,9,7.82277838435333,0.338355710351029,9.68236680925849
-0.394073239845377,6.73795210157553,6,5.48953668893526,-0.940290768243427,4.97730833297551
0.581184520648227,10.8894546310508,12,10.6763485256545,0.586993202671005,10.8547298488704
0.300937329630066,9.56689950762632,11,8.99889362672521,0.122043794173711,8.72894375834324
-0.048354858566697,8.05993485905139,8,7.11065167201734,-0.0969046013556967,7.83162207693356
0.635432207541837,11.1534767146705,13,11.0118151599609,0.292605529208646,9.47517321607767
-0.269124246627781,7.19634240491984,7,6.04797153676124,-0.227716230721975,7.32715547781163
1.47792049576443,14.9492825065962,16,15.9031989301942,1.76194655615629,15.9415917198524
-0.208879745370983,7.42517868456129,8,6.32813521832572,0.301596065394579,9.51565860593132
0.366621492394131,9.86892967570493,11,9.38114105962636,0.0116763756382149,8.26821186148903
0.000866843103847364,8.26188392702193,10,7.36132402422793,-0.0535481733124638,8.00398971935568
0.32986255248806,9.69922186008123,10,9.1662606959797,0.431900182322129,10.1148478948966
0.947232795009949,12.6678838990386,12,12.941538386795,1.4349501604496,14.7440599210887
0.453636005584533,10.2771523294563,10,9.89879844475418,1.12924053573074,13.4559524641845
-0.611428608939801,5.99224475645568,6,4.58723184411381,-0.295056271372659,7.07647831276759
0.580118151253437,10.8842813678932,11,10.6697762779959,0.355541442533549,9.76094598883584
-0.989652461013775,4.84737820040116,5,3.20699544012021,-0.703480653763308,5.68474441393642
0.907171191508573,12.4768087798918,13,12.6970130799297,1.49892398794668,14.9921120909233
0.0587336004229679,8.5037003250513,9,7.66255142398007,0.279014290172228,9.41418675649863
0.955825430718844,12.7086156425625,12,12.993727313629,0.729636504732375,11.5514653089717
-1.37934899131089,3.85802511454117,2,2.00613837485689,-0.901389078581445,5.08859455454262
-0.086251193922295,7.90679411414119,8,6.92111603445691,0.00174926713835324,8.22761409740926
-0.468682155055065,6.47462015755783,7,5.17018141082241,-0.943590757988619,4.96795618944906
-1.04297207651563,4.70104438028767,5,3.03016553027035,-0.653145184212197,5.84444690898908
-0.487111692665307,6.41076240077891,7,5.09287279484893,-0.581741753650685,6.0766607457058
-0.0158837352561008,8.19277285981878,10,7.27544614185231,0.391832171597469,9.9281912186986
0.780980458220088,11.8654049113894,14,11.9171655674493,0.851280992142891,12.1469074437574
1.55504176357971,15.2388211952509,15,16.2815845675572,1.7633239868753,15.9462762045896
-0.595471348389103,6.04477763607341,5,4.65061832512223,-0.703162358286201,5.68574393711225
1.58846276976084,15.3612294891812,17,16.4412691215429,1.57486983224986,15.2776412426127
-0.268727837330263,7.19783147340722,6,6.04979146031272,-0.116402272680778,7.75495102753917
-1.77927881807726,3.02248801370187,2,0.976111516431477,-1.87456721860004,2.84538079720571
0.50678323263876,10.5305341672893,10,10.2204622843362,1.10788151413681,13.3594799116325
0.965116525106001,12.7525512547088,12,13.0500477683633,0.543561123610866,10.6450840609271
-0.287165600983668,7.12880546932787,8,5.96547056898278,-0.260046315257953,7.20604580761931
-0.362812004777727,6.85059094962526,7,5.62644188771048,-0.216086206171902,7.37106596478867
0.563851336073211,10.8054605982473,11,10.5696447025089,0.514841287798928,10.5074099583533
-0.495748491273061,6.38099788575734,7,5.05685502636889,-0.6027922706303,6.0075090249611
-0.48625357447637,6.41372531925309,5,5.09645875148706,-0.618474788056153,5.95636800829496
-0.684297815204716,5.75676939212722,6,4.30330334342637,-0.362654694036313,6.83093349223019
-0.00917568106906615,8.22040174623287,8,7.30976647077914,-0.175985818621259,7.52387064166079
1.50181080911124,15.0400458737187,16,16.0218921980325,1.6505416164038,15.5528502186951
-0.83376097923841,5.29623311006155,5,3.74839749257547,-0.498942934202478,6.35429206793999
-0.890347779457124,5.12963776083245,3,3.54758525426046,-0.584022949597318,6.06913892201804
-1.4551800707285,3.6861848977321,3,1.79592450520914,-1.40695551177924,3.78713747939054
-0.11093275466716,7.80814944163714,8,6.79928116337142,-0.336099962375715,6.92666558235057
1.66481014069398,15.634095202516,17,16.7963421245269,1.47222926203936,14.8894610548451
0.597519201462279,10.9687872483068,12,10.7771390330526,0.925386462912431,12.5054624043927
1.72204742094911,15.8325787441964,17,17.0536917442217,2.13649419933541,17.0973161547652
0.704696291615805,11.4921846419399,11,11.4423476565325,0.461276506158442,10.2529731532099
-0.874381349619984,5.17621721994898,4,3.60374334648122,-0.431813844614323,6.58599728849616
-0.974910031445106,4.88847712745547,4,3.25662427805825,-0.711985666923321,5.65808538887747
0.255470514379773,9.36114334163695,10,8.73901138250188,0.187591164401938,9.01079219727392
-0.298436455864661,7.08684529066227,6,5.91425417690683,-0.333388224196455,6.93649439162873
0.63670155268671,11.1596716102674,12,11.0196875499283,0.469817403232692,10.293325768643
-0.326833938314556,6.98191367549536,7,5.78630853311542,0.268370198763837,9.36660731262693
0.786619399797885,11.8929372313704,13,11.9522195325381,0.936258566925203,12.5576182640699
0.454394465309472,10.2807481318018,10,9.90336179839816,0.858800288258099,12.1834965280407
-0.104669227545629,7.83310114788579,8,6.830079994708,0.173880991928328,8.95133002907332
-1.21658370934421,4.24907314013988,4,2.48245612358974,-1.20090596546868,4.28038960969936
0.71170763722258,11.5265128915588,12,11.485997991731,0.865666606094976,12.216872842873
0.506822168542747,10.530720797233,10,10.2206992726819,0.435570600727078,10.1320482434455
-0.415100062160141,6.66295518080217,6,5.39848741655078,0.136872027189907,8.7921652063426
-0.672967555956193,5.79290844457266,6,4.34686163805451,-0.754796123973462,5.52532033178279
-0.271682491327824,7.18673794295138,7,6.03623403119232,-0.350358523664049,6.87514574724104
0.226400059538528,9.23105249271985,10,8.57496395088197,0.211552478275084,9.11536208547151
1.35248572816816,14.4563293669512,16,15.2582437050676,0.586652442905115,10.8530788929723
-0.222495172750815,7.37301437825657,8,6.26418375129813,-0.472450793506465,6.44502414551587
0.548640314940363,10.7319259375448,12,10.4762362688492,0.435565670279427,10.1320251271279
-0.0617024663647046,8.00576425438036,8,7.04355237470525,-0.142928015255114,7.6514794647631
-0.180138599691699,7.53615153197585,8,6.46435894484544,-0.541031245771823,6.21204247557509
-0.712134183681683,5.66872120563455,5,4.19719697598773,-0.338818256867354,6.91682282918554
-0.486273674932244,6.4136559045616,5,5.09637473921238,-0.284656748310155,7.11479439822022
-0.414368802418295,6.66555305880688,6,5.40163999788918,-0.467008661769179,6.46377712586708
-0.576050910558512,6.10918230467199,7,4.72835699323298,-0.593525040359802,6.03788078962584
-0.529848738601765,6.2644866185255,7,4.91595887272439,-0.183171556410581,7.49632891522867
-0.115477788602072,7.79007839069233,8,6.77698328719933,0.628286233811163,11.0554063136912
-0.715856138194133,5.65702787810335,7,4.18310695655168,-0.920935189334089,5.03243915762054
-0.406443511411096,6.6937562142335,6,5.43587130144469,-0.333088061414334,6.9375829458348
-0.925761140624672,5.02751448805897,6,3.42442034874039,-1.65081029619267,3.26597642441892
1.5564197427873,15.2439043559381,16,16.2882197519579,1.49616559200579,14.9815610553878
1.01813657912132,13.0009826989214,13,13.3690588840552,0.0188306747653989,8.29755573832822
1.10309964489971,13.3899533503073,14,13.870595697773,0.968826920405948,12.713025922108
-0.328398655385044,6.97616469985555,7,5.77930406389731,0.712033214143599,11.4651066961323
-0.0295174584235338,8.13681562192877,7,7.20598381406276,0.50136590710513,10.4431032548682
0.0491868813985771,8.46347875928463,8,7.61236894228272,0.546862224099421,10.6609598371579
-0.611428608939801,5.99224475645568,6,4.58723184411381,0.050688242216712,8.42909667127023
2.21948498335146,17.3250239380965,18,18.9699516068921,2.19723731804883,17.2600921865524
0.558064559732726,10.7774654054948,13,10.5340824859077,1.08456822386144,13.2532675317617
-1.09441325992401,4.56325843721524,3,2.86346232833537,-0.950223765769914,4.94919989335794
0.433212733977775,10.1805606056767,12,9.7762355088899,0.552203569904833,10.6866690482255
-1.3942396893247,3.82377151501542,3,1.96428456511072,-1.66697799857156,3.23375796634167
1.23484021068993,13.9677926140104,15,14.6205018414799,1.0818425395408,13.2407886840422
-0.25785169654235,7.2387726102248,6,6.09984509849927,-0.454904006412446,6.50562835779374
-0.263999092840045,7.21561150552243,8,6.07152513746113,0.192584426980442,9.03251540975433
-0.0203228302384805,8.17452440095133,8,7.2527865247806,0.0761403327845667,8.53521993493808
-2.24462449171262,2.261326975895,0,0,-1.47632938319165,3.63208694326006
-0.568386580609231,6.13474219543527,4,4.75921778045184,-0.746093801420254,5.55211597152748
-0.459460451098805,6.5067496314661,6,5.20909726542457,-1.34158064827158,3.93827996303781
-1.7196671039912,3.13613886265449,2,1.11770126625334,-1.52822665910509,3.51964814025798
-1.33133146755819,3.97019886242812,3,2.14304357363211,-1.41254547575127,3.77444129495223
-0.270408103314529,7.19152125115064,7,6.04207944994217,-0.222973379207751,7.34504064192358
-0.264019052899508,7.21553638989831,7,6.07143330669502,0.51083590123673,10.4882755973567
-0.542595836287987,6.22134504652494,6,4.86382328339846,-0.344525857702448,6.89618799119008
-1.26215963481489,4.13646141931934,3,2.34555092481453,-0.973705432103086,4.88324585195843
0.265734342061553,9.40734886984925,9,8.79732915515379,0.510100987221744,10.4847666197557
0.43166237226814,10.17324687442,10,9.766956922927,0.660179899735343,11.2111072624023
-0.155784102452379,7.63109940230465,8,6.58110370020531,0.148224906169207,8.84078190041973
0.921205736338582,12.5439565930762,13,12.7828909623053,1.27319563404751,14.084239478825
-0.0136517384473427,8.20195883486343,10,7.28685516320491,-0.314438425330822,7.00545203005433
-0.265914515557817,7.20840575132065,7,6.0627163874288,-0.110456564745636,7.77827615443621
-0.923053636743167,5.03526457806114,5,3.43376947614032,-1.32168852449445,3.98524804461985
0.0474081319529845,8.45599894321929,9,7.60304017148006,-0.00449261693086352,8.20215809243103
1.59587553214641,15.3881331825366,17,16.4763359833909,1.74834884342881,15.8951869119781
0.446994359532659,10.2456910285815,11,9.85887373367954,0.5387471968094,10.6219511743932
-1.03079811095182,4.73413812991445,4,3.07017425361967,-0.311003212819343,7.01800388418143
-0.962551035154038,4.92314632213331,3,3.29847808780442,-1.26017986154875,4.13339927573919
0.131923641249075,8.8163464370754,10,8.05365047255613,0.1558097543495,8.87336557064524
-0.916718927866647,5.05343458534886,5,3.45568691768042,-0.442834926589055,6.54754892802332
-1.22786470198987,4.22097015813515,4,2.44830883230891,-1.58821015335087,3.39343936430672
2.12561399972298,17.0780934113683,18,18.6524130203089,2.69626955856513,18.305220142662
-1.4551800707285,3.6861848977321,3,1.79592450520914,-1.82546487596819,2.9330353554162
-0.585302671360681,6.07843586645982,6,4.69124099517777,0.0189508992049543,8.29804946197307
-1.56700470891376,3.44439952287702,2,1.49896762595715,-2.35564186950361,2.11925295075563
0.575498090260335,10.8618767011431,11,10.6413132104705,0.760691040010495,11.7038304268114
0.130442748347995,8.80994549894432,11,8.04562578329089,0.323629800938872,9.61535794297186
-0.2954556699509,7.09792511298924,8,5.92777514988655,-0.0486241634419385,8.02372996997971
0.826710428078701,12.0882498547176,12,12.2010342643438,0.634481932223034,11.0856109317519
1.53646499451078,15.1699882263336,17,16.1917040534207,1.6574380332581,15.5774802858588
-0.461270157964565,6.50043511104841,6,5.20144797976245,-0.576833775523782,6.09286699479413
0.862572067008142,12.2621070063535,12,12.4227703967525,0.475471897508349,10.3200879139413
-0.305688400213897,7.0599412267391,6,5.88143140041114,0.238993285773774,9.23612796385069
0.121429702645863,8.77105460343287,9,7.99688453592629,0.742160447307738,11.6129166053967
0.903144846459991,12.4575057122521,13,12.6723357951707,1.04470875692712,13.0695498696862
1.24651003443833,14.0174160474841,16,14.6851510828216,1.66086325365253,15.5896854100546
-1.04297207651563,4.70104438028767,5,3.03016553027035,-1.07358371950288,4.6104146753707
0.207121187735209,9.14541892817928,9,8.46710297176716,-0.12708325895108,7.71317095366808
0.947364202785941,12.6685075143051,13,12.9423372402123,0.561920383592984,10.7335046931797
0.431308303589914,10.1715769540501,11,9.76483840798231,1.14750227146589,13.53778660649
-0.935476503556498,4.999783093945,5,3.39096404272489,-0.771105516283194,5.47536525848235
1.15384087024003,13.6163034603498,14,14.1636736096079,1.12801123954728,13.4504221389844
1.07741743322358,13.273649286812,13,13.7203576612121,1.51433502888461,15.0508247864957
-0.0811721926917308,7.92720041551661,7,6.94634438508196,-0.225116017686996,7.33695705731032
0.700911397457928,11.4736542935655,12,11.418786725071,0.682436798638149,11.3200321384912
1.74044530112919,15.8952762543319,17,17.1348030508153,3.17896467354708,18.893036807877
-0.122571422952368,7.76193254072997,8,6.7422673159366,0.0191941086768011,8.29904830826504
0.220060979277006,9.20283878052501,9,8.53941560999559,0.426357346318122,10.0889048300248
-0.730611082505375,5.61085603424988,5,4.12747426175333,-0.900413408214257,5.09141034177668
0.151922523127213,8.90309084714963,8,8.16246835080316,-0.121632653486861,7.7344721947732
-1.11704691364559,4.5036761213084,3,2.79130733890467,-1.67092239519511,3.22594124641302
-0.0202656523456069,8.17475927293265,7,7.25307812912033,0.122039287328965,8.72892459082136
-0.520114259087772,6.29758302317603,6,4.95596759607371,-0.0900300507274822,7.85877955115585
-1.00430504575098,4.80680493860474,4,3.15798693239107,-0.70598519938665,5.67688413927028
-0.489889022691191,6.40117979245059,7,5.08127586330386,0.0582332994201223,8.46046031895168
0.125443995351015,8.78836195585941,8,8.01857227642449,0.246971701600894,9.27144282283805
-1.27367380203478,4.10839909828856,3,2.31140363353369,-1.15331771144396,4.40144002684821
-1.51473338125866,3.5557146650821,3,1.63587282473237,-1.66828396577513,3.23116800503536
0.361662277715342,9.84593497869216,10,9.35201232743357,0.452432916714048,10.2112813326539
1.59587553214641,15.3881331825366,17,16.4763359833909,2.0449928259487,16.8382676289422
-0.108572358712525,7.81754591250895,8,6.81087809491649,-0.5981255191641,6.02278946717504
0.108826387784653,8.71686401966396,8,7.92901273646956,-0.0113956090468155,8.17406940488382
-0.513926655919195,6.31868829457138,7,4.98148666258385,-0.615508168552406,5.96601756905394
0.169934346075754,8.98169705603484,9,8.26118474978054,-0.0164514538279008,8.15353912316175
-0.908656323307234,5.07663630982451,5,3.48367089167953,-0.45585363894209,6.5023380698694
0.810272684235357,12.0082721863574,12,12.0991156339348,0.719635438297432,11.502397980463
-0.0332500195749405,8.12154197830978,9,7.1870349405588,0.129866225712624,8.76225617237472
-0.63374105305786,5.91937379581776,6,4.49933515306773,-0.223267473687121,7.343930738181
-0.860741270158667,5.21627517736525,5,3.65203095158111,-0.788505319819282,5.42244905747468
2.19913892136975,17.2730020097675,19,18.9028524659003,1.93192211316033,16.4965059922141
-1.85036669241934,2.8918317439761,1,0.812436007576544,-1.2433660063822,4.17467152900251
0.0711966542594446,8.55640324868144,9,7.72835298073938,0.175953196984987,8.96030005223476
-0.60117539682454,6.02595931293568,6,4.62790981020974,-0.495842938920694,6.36486143486724
0.948297485959569,12.6729359275471,14,12.948010208749,1.0447164950289,13.0695857866897
-0.712134183681683,5.66872120563455,5,4.19719697598773,-0.60870050001922,5.98820442915782
0.517256056949548,10.5807824827089,11,10.2842718948844,0.217746875844247,9.14252910833008
-0.499623930826681,6.36767569280177,6,5.040737205523,-0.042855493270169,8.04689924068817
0.312377571122372,9.61910395225112,10,9.06490383809087,0.65765032343876,11.1987400063744
0.365872134041485,9.86545312411877,12,9.37673685770061,-0.15900639842085,7.58922842658598
0.396171520849813,10.0065700081704,11,9.55557466147655,1.10194152810594,13.3325075601347
-0.0371243006809546,8.10570932947095,6,7.16739754750125,0.0277274142504078,8.33414673377951
0.0883665952193372,8.62937077623269,9,7.81954179074025,-0.140314045973398,7.66163332970852
1.26004077895597,14.0746305653544,14,14.7597322649533,0.932456066805006,12.5393918048486
0.631106532500291,11.1323706663497,11,10.9849943108973,1.05328360643476,13.109292048932
1.32643543715557,14.3503836942329,15,15.119736468566,0.85926778666587,12.1857700734458
0.353716839260112,9.80915773798565,11,9.3054327374703,0.260012461320005,9.32936073877296
-0.39618038913834,6.73040872897984,7,5.4803750384465,-0.587762372216427,6.05682359725384
2.15132208421578,17.1474627482432,18,18.7414025801022,1.71355086455656,15.7751085886191
-0.892166682413793,5.12435260781362,4,3.54121257837611,-0.908672708594119,5.06761220582486
-0.555250757419669,6.17873673069259,7,4.81234935906356,-0.555583659596152,6.16339935378745
-0.678198443456459,5.77620232674288,6,4.32672519356183,-0.122292842955633,7.73188997693556
-2.0207561184748,2.60000063099145,2,0.442170457452016,-2.89886684223873,1.55261712917365
0.213889162262356,9.17542271972934,10,8.50488290339578,-0.349748551606954,6.87734419868827
1.34946889011768,14.4441241698649,15,15.242283250516,1.49618113803676,14.9816205559141
0.4855852979468,10.4291376069621,10,10.0917185188286,0.244168250420112,9.25902354471649
0.311288130303472,9.61412519003343,9,9.058607241611,0.44997835415328,10.1997262612239
0.395412418144569,10.0030210362639,12,9.55107546731345,0.108257040186556,8.67044467938286
-0.383018085859768,6.77762974249994,7,5.53774028176047,-0.407460817827625,6.67152468195355
-0.746122051946533,5.56263475722742,6,4.06937557386701,-0.541784090018734,6.20951919397839
0.565850200131593,10.8151362621477,11,10.5819359279393,0.764023358540405,11.7201755015532
-0.962551035154038,4.92314632213331,3,3.29847808780442,-0.706873087374888,5.67409954461733
-0.0690061646010866,7.97622952500117,8,7.00699391683253,-0.0376458516993928,8.06786295098708
0.313358581064984,9.62358851099438,11,9.07057562724085,0.853210355648795,12.1562995063096
-1.85036669241934,2.8918317439761,1,0.812436007576544,-1.39351389524724,3.81781285600215
-0.459460451098805,6.5067496314661,6,5.20909726542457,-0.514924955626738,6.30000218184911
0.40422070141708,10.0442436210114,11,9.60333980519847,0.726756858938466,11.537336406736
-0.427308378141047,6.61969365597854,7,5.34600246419979,-0.928543343807797,5.01071216221798
-1.26743188693095,4.1235925922403,3,2.32989323547382,-0.745670336589855,5.55342237832093
0.100289142867983,8.68028380747041,9,7.88322693022267,-0.404812976507272,6.68087111278035
1.01170183793891,12.9710505202714,12,13.3305712041487,1.71511311039299,15.7805401901947
0.51976937271713,10.5928558095539,12,10.2996044353502,0.730859925032477,11.5574681176486
0.228597143321316,9.2408440792961,10,8.58730357769236,-0.0202477182371021,8.13814708311652
0.869263760914842,12.294437719205,14,12.4640356970446,1.10373440978878,13.3406551954345
0.666780143567954,11.3066313195297,13,11.2064607133706,0.637490292727421,11.1002847964005
1.51402878057051,15.0860895749625,16,16.0820811649209,1.50582825528377,15.0184651379878
-0.472652900547498,6.46082191104293,5,5.15347259892188,-1.22599502286082,4.2176629678227
1.18166118930957,13.7384102092164,13,14.3221467569065,0.557543713951098,10.7123984484308
-0.187234170673526,7.50864641590384,8,6.43057286193704,0.350787256379365,9.73916780039959
1.37547693090953,14.5487963394046,16,15.3791884492912,1.19627762093427,13.7533556409476
1.23233615952294,13.9571111497291,15,14.6065906814414,0.986837934181009,12.7983912754222
0.0771827414461719,8.58179506495226,9,7.76007431806826,-0.18755117661946,7.47957689858028
-0.402564784614464,6.70759100982428,7,5.45266731428877,-0.128961564154438,7.70583985832472
0.649860104698597,11.2239261854309,10,11.1013449784966,0.757901859985193,11.6901483054737
-1.53929797938256,3.5030322758524,2,1.57112261538784,-1.25480397296225,4.14655891232714
0.516751452332159,10.5783591597444,11,10.2811944280625,0.384413222332958,9.8938583552762
-0.67349144920571,5.79123358914208,6,4.34484282938404,-1.26683307181936,4.1171600799535
-0.151336684479144,7.64852846904028,9,6.60255340414195,-0.646210542792461,5.86670747756813
1.98650245825443,16.6808575799565,18,18.144165858089,2.16749970817137,17.1813417137773
-0.300913071757885,7.07764898111374,7,5.90303332699512,-0.155475093765146,7.60287048564981
1.72204742094911,15.8325787441964,17,17.0536917442217,1.54733381866917,15.1752130034429
1.26807063785119,14.1084212198387,15,14.8037999197092,1.25621676734834,14.0121613000664
-1.30556914026918,4.0314724212557,4,2.21772952269381,-0.552920825388748,6.17227942647431
0.0071209870291748,8.28778997028626,9,7.39353970778185,0.0295326256506976,8.3415849001169
-0.455747477509219,6.51971933899253,6,5.22481008803932,-0.851230528388732,5.23492419542045
1.9764328423082,16.6507229985724,17,18.1056231841955,2.40724423589949,17.7632765802162
2.52355184078348,18.0007859250842,19,19.8630948012248,2.9189739230593,18.6178699567655
-1.27367380203478,4.10839909828856,3,2.31140363353369,-0.905171850431152,5.07768890506053
0.743001045103014,11.6797083188646,12,11.6808442546875,0.85133604878926,12.1471754922109
-0.249619894594851,7.26987014177365,7,6.13788473962267,-0.306116533653382,7.03588634509561
0.463472963662664,10.3238357342723,11,9.95804703242355,0.145738716699221,8.83011944634364
0.741925882123397,11.6744465662409,13,11.6741504275572,0.460191963781431,10.247855228232
0.663805214705125,11.2920840481118,12,11.1879706329292,0.836257275004393,12.0736900788073
0.070705914569183,8.55432387811045,10,7.72575581356919,0.201384483563827,9.07088719145818
-1.41975536811276,3.76565809839398,3,1.89322244442718,-1.37531593355728,3.85967257202453
0.345203120554727,9.76983808831317,10,9.25564488220374,0.166508310096776,8.91946561123667
-0.687501691905775,5.74658188025609,6,4.29102521924614,-0.559173173351692,6.15144368140719
-0.035866171850915,8.11084846697105,7,7.17377111335867,0.392891026944741,9.93309721865091
-0.668931491257557,5.80582400283804,5,4.36242995429251,-0.843375535188082,5.25813102448066
0.38640854620525,9.96097841394754,11,9.49778200258786,0.733733660015566,11.5715685537886
-1.33133146755819,3.97019886242812,3,2.14304357363211,-1.20039479289183,4.28167543407633
-1.3942396893247,3.82377151501542,3,1.96428456511072,-1.30095395425923,4.0346951317135
-0.800632884171265,5.39572987581364,6,3.86828758395732,-0.423103564865797,6.61649760671774
-0.63374105305786,5.91937379581776,6,4.49933515306773,-1.39256852191738,3.81997809221925
0.310181775349166,9.6090707189349,9,9.0522151458968,-0.0224790260481778,8.12910957769532
-0.174549923977801,7.55786537097484,8,6.49104179959292,-0.350094180626842,6.87609842744551
0.11874554763155,8.75949472958068,8,7.98240184734022,-0.079656745284772,7.89988182465206
-0.990382310488684,4.84535075101577,4,3.20454682786638,-0.608361405826235,5.98931115395526
1.66481014069398,15.634095202516,17,16.7963421245269,1.50455810114554,15.0136230777568
0.19472277397245,9.09061885143648,10,8.39813404103212,0.478141671688886,10.3327364663685
-0.907549886324545,5.07982690976985,5,3.48751887590557,-0.679646061569698,5.75995494132701
0.0103747805518868,8.30128985995653,8,7.41033291511785,0.0271894219907766,8.33193088596317
-0.258629201544867,7.23584032752856,8,6.09625914186114,-0.00615301225064205,8.1953957573972
-0.0272420846928951,8.14613615440775,9,7.2175494287255,0.397716167617396,9.95547216036931
0.867414956961401,12.2855090860097,13,12.452638596137,0.821820361948427,12.0032077711062
-0.024596905327014,8.15698074556072,8,7.23100842382505,-0.426756771319032,6.60369316865108
-1.49084129163447,3.60758843621336,3,1.69955796421478,-1.64020074390995,3.28727490694263
0.236701042558283,9.27701743258391,10,8.63290144138498,-0.0596261120998442,7.97966973619961
-1.30556914026918,4.0314724212557,4,2.21772952269381,-1.2596252503802,4.13475533055501
-0.615487759247032,5.97893721872251,6,4.5711778634448,-0.779251054800611,5.45054444495314
-0.246551024821306,7.28148787933535,7,6.15210057365284,-0.0220406228466916,8.13088470177423
-1.22786470198987,4.22097015813515,4,2.44830883230891,-0.844296570752527,5.25540582239474
0.673757616425112,11.3407592032922,12,11.249840119933,0.722447851635806,11.5161954406333
-0.907549886324545,5.07982690976985,5,3.48751887590557,-0.993988958334099,4.82683225472853
0.905549775488589,12.4690374509203,12,12.6870775818653,0.692917036476515,11.3713796553402
-0.5413641852846,6.22550370713664,6,4.86884814864633,-0.537667710839145,6.22332500001227
0.0889437396709239,8.63183073264258,9,7.82261776332989,0.612403215698244,10.978081123005
-0.6256998778112,5.94555736280543,5,4.5309139462671,-0.698190384076218,5.70137419995113
-0.447905831218022,6.54717364690037,7,5.25807810186849,-0.171862125019621,7.53970770271557
-1.00958637745321,4.79224789424124,5,3.1403998074826,-1.25425280547062,4.14791004350099
1.21236411721106,13.8714933658101,14,14.4951464852087,1.78786719296089,16.0292415318053
0.707687980802281,11.5068320681527,12,11.4609722560215,0.328503297125832,9.63750111626258
-0.261442091819171,7.22523888658026,7,6.08329570906391,0.201094723752868,9.06962195310932
0.746293593883652,11.695820567497,12,11.7013424620808,1.00375159531237,12.8781510332357
-1.66358313904703,3.24649362296585,3,1.25460646502856,-1.60270265605503,3.36354555529266
-1.29737022930403,4.05113389424169,3,2.24168091929929,-0.553052521851776,6.17184002397263
1.01406508573928,12.982050828238,13,13.3447140226336,1.51435101134981,15.0508854695913
0.596765475506485,10.9651231136203,10,10.7724836465064,0.874199779775518,12.2583016031264
2.27665081352488,17.4666639494575,19,19.1534167011426,2.08715222264897,16.9596451243743
-1.27367380203478,4.10839909828856,3,2.31140363353369,-0.924276620691626,5.022887831461
-0.244758946951964,7.28827822413253,7,6.16041061797515,-0.184950553556281,7.48952112913063
0.00649951671163131,8.28521321844718,8,7.39033476608546,-0.152427212640908,7.61465864191319
1.7864999694723,16.0498667022668,18,17.3344123158756,1.28000935271186,14.1130118751986
2.12561399972298,17.0780934113683,18,18.6524130203089,2.40139237031959,17.7505283235696
2.14221959470043,17.1230496030049,17,18.7100693626688,2.9428125740059,18.6467489172799
1.7547912204098,15.9437927940011,17,17.1975071171003,1.66714533627465,15.6120225008335
0.213072661433964,9.17179964863328,9,8.50032015105363,-0.142922886381252,7.65149937855246
-0.461284297584027,6.50038579224759,6,5.20138823790386,-0.877415118862637,5.15813435892591
-0.773815566202574,5.47734373791257,5,3.96661766637263,-1.03004736308916,4.72781476366089
1.7864999694723,16.0498667022668,18,17.3344123158756,1.88932435516335,16.3619178851506
1.19878912493538,13.812870067057,15,14.4189047896753,1.43041078997719,14.7261893597684
-0.54299153916787,6.22000940194448,7,4.86220947295914,-0.397055367105628,6.70830756222297
-0.771033657843486,5.48586504387015,7,3.97688404177321,-0.976058285789923,4.87667551050245
0.118721666906995,8.7593919278749,9,7.98227306364037,0.0345997769702002,8.36248804361538
-0.46774873301411,6.47786694728423,7,5.17411340732313,-0.45219649307366,6.5150158812101
0.23459070755123,9.26758886621222,9,8.62101469603371,0.0989646357595175,8.63116876501599
0.956300744299782,12.710866026451,13,12.9966113763474,1.04777359944727,13.0837681218536
0.932038283789825,12.5956332155481,13,12.8490208734062,0.399636150163561,9.96438387921307
0.0447001148489015,8.44462008335797,9,7.58885061479397,0.159188498850938,8.88790683558222
1.24916348220785,14.0286633663007,15,14.6998088572416,0.680051005289467,11.3083476286711
-1.68834997016563,3.19734907698008,1,1.19370236728035,-1.77487560770515,3.02606171795919
-1.53288450235498,3.51672339761564,2,1.58795718575038,-1.4721264158198,3.64132549064171
-0.435392644322133,6.59116014526184,5,5.31139962104009,-0.478229534314504,6.4251539484441
-1.77613094406362,3.02839598599211,2,0.983488497632597,-2.93950404439153,1.51897257245974
-0.394073239845377,6.73795210157553,6,5.48953668893526,0.206233206183485,9.09207704679621
0.237627946707154,9.28116058722932,9,8.63812515520852,0.276186789649234,9.40153206201631
-0.446054111334886,6.55366913406261,6,5.26595049183595,-0.517834889994884,6.29015344650691
0.750674346356853,11.7172549287452,13,11.7286133012836,1.32777412422265,14.3122603756277
-0.997037973156786,4.82689336491514,4,3.18225361722877,-1.47211317686872,3.64135462267321
0.00713727572776965,8.28785751416634,9,7.39362372005654,-0.466180119030718,6.46663561417746
1.21992698397842,13.904002983493,14,14.5374495071065,1.33411344955478,14.3383843286676
1.2867892470062,14.1867194060724,14,14.905965922549,1.84910297929892,16.2320417015706
1.03076303894358,13.0595317128534,13,13.4443856948726,1.36678436507396,14.4718422525443
0.343249074970292,9.76082648222299,10,9.24423586085114,0.223224745399456,9.16659944790599
-1.12538461295067,4.4818865911523,3,2.76490899494287,-1.42354592989689,3.74956061756743
0.409917452651064,10.0709528059292,10,9.63720840768381,0.494286484569379,10.40939704169
0.282677885968759,9.48393563426483,11,8.89404784996544,0.883765886914782,12.3046753831389
-0.53320147966949,6.25311782786935,6,4.90221819630846,-0.0954304731228968,7.83744005046252
0.237126944815427,9.27892102053845,11,8.63530146817745,0.65015844320965,11.1621287349195
1.14665911278404,13.5845498999224,14,14.122504911613,0.91275285911241,12.4446959161264
0.95787261084447,12.7183059900466,14,13.0061468507605,0.732563548265695,11.5658271821449
-0.428457977478904,6.61563059450316,5,5.34107447841329,-0.257364175082094,7.21603979241066
0.00713727572776965,8.28785751416634,9,7.39362372005654,-0.372695242415333,6.79498043933882
-0.797593651097699,5.40493101349239,5,3.87937366758313,-1.85133751127846,2.88652625909541
-1.33133146755819,3.97019886242812,3,2.14304357363211,-0.983278271155902,4.85655709005008
0.370940716180818,9.88898167638085,11,9.4065452532922,0.13438682887516,8.78154740637236
-0.0663127874789801,7.98711221131536,8,7.02046257088938,0.0807133904399032,8.55438481398189
1.22402373706693,13.9215681927296,15,14.5603128745916,1.15791871782733,13.5841926905947
0.877702426874643,12.335153433888,13,12.5160182714453,0.900043602075354,12.3834017849375
-1.0553743385916,4.66752188486601,4,2.98962687248949,-0.730383555383015,5.60073826080036
-0.114174207705578,7.79525843615306,8,6.78337426886108,-0.362351624860967,6.83202079806101
0.739867313986297,11.6643716185526,13,11.6613337387315,0.903810007968357,12.4015828670968
0.0508600936734665,8.47051887760327,8,7.62115031062258,-0.139990851250157,7.66288941505707
-1.73109890316707,3.11405363689382,2,1.09023735999626,-1.01365704242531,4.77262208185463
-0.937282371579141,4.99464193761814,4,3.38476096841119,-0.968439750192913,4.89797546535241
0.312392104396616,9.61917038003832,10,9.06498785036555,-0.0503948709948097,8.01662736915332
0.210412715549691,9.16000302097411,9,8.48546524076516,0.412260792200723,10.0231009066307
0.378780747534434,9.92543757096154,11,9.45273904786732,0.767317720480362,11.7363327249698
0.84312227786556,12.1679308838985,12,12.3026256637236,0.804612814141973,11.9190644749077
1.30135772486807,14.2472018493572,15,14.9849336308212,1.77525292365536,15.9867197310652
0.444085177446618,10.2319252718166,11,9.84140608946205,0.843479930543703,12.1089070646887
0.359884267283242,9.8376982109569,10,9.34157928965019,0.213824767758434,9.12532136975739
-0.213582666321341,7.40713102945212,6,6.3060035711794,-0.523416260879407,6.27129430346048
1.6299551546492,15.5106810004667,17,16.6359146749526,0.778374833321491,11.7905474632381
-0.662862424990561,5.82528691566349,5,4.38589172422629,-0.715495709595434,5.64711051244054
-0.169086152610544,7.5791365388928,7,6.51718972078517,-0.52276425844106,6.27349527304696
2.14469901129573,17.1297156613214,17,18.7186232248917,1.90086419745373,16.3986824763976
0.11933007064546,8.76201123422547,8,7.98555442867862,0.246124992965153,9.26769072379463
0.000622784164273559,8.26087410681056,7,7.36006852506453,0.241187900009043,9.24583291544961
-0.0123298994918319,8.20740231117092,8,7.29361678690119,0.495759558224287,10.4164060708749
0.536710009042028,10.6743753273515,10,10.4031376129359,0.475112861726815,10.318387538142
-1.16682872648649,4.37483973863468,4,2.6351308228654,-0.950281372392001,4.949037241074
0.813245065961835,12.0227458350252,13,12.1175564087607,0.837180017178147,12.0781910303387
-0.597395087579591,6.03842601528931,5,4.64295339007788,-0.726331810080526,5.61333005432734
-0.997037973156786,4.82689336491514,4,3.18225361722877,-0.896445378590057,5.10287455850324
0.0408493336707959,8.42845734071679,8,7.56869981683174,-0.79228537109273,5.41100482050591
0.323767668041584,9.67124950402162,10,9.13086617417945,0.846585852531748,12.124041304998
-0.784446940788318,5.44487403420323,5,3.92749820709814,-1.18708937190637,4.31525450687591
-0.299139792994914,7.08423274564912,6,5.91106633798602,-0.601895635847861,6.01044268492804
1.38182823199497,14.5741702390144,15,15.4123841169028,1.74737258775988,15.8918440481502
-0.264027729800299,7.21550373632149,7,6.0713933868967,-0.228267861075964,7.3250772619512
-0.454218322142003,6.52506635554452,7,5.23128862821907,-0.726711135846715,5.61215030328589
1.48706672240108,14.9841456297501,16,15.9487966098055,1.73659491362329,15.8548398891261
1.56708609846116,15.283145427327,16,16.3394307846157,1.19126664111584,13.7314128377834
-0.106218381217021,7.82692468926987,8,6.82245497946197,-0.429894603243412,6.59270918537208
-1.33133146755819,3.97019886242812,3,2.14304357363211,-1.29650265307419,4.04537585826481
-1.03616707718739,4.71952007362555,5,3.05250311643652,-0.339005229496526,6.91614617576401
-0.468941659749407,6.47371771793127,7,5.16908854207526,-0.778467975739893,5.4529268959965
-1.2540131134078,4.15641017119384,3,2.36981760965223,-0.61166068015288,5.97854946990661
-1.66358313904703,3.24649362296585,3,1.25460646502856,-2.32487760467781,2.15880255622299
-1.50983924606899,3.5662896590603,4,1.6488612834986,-1.55593804095772,3.46084415252461
-1.00958637745321,4.79224789424124,5,3.1403998074826,-0.965882673595297,4.90514091170921
0.606286922947676,11.0114338011494,12,10.8313239437739,0.804466900383534,11.9183504250238
-1.33133146755819,3.97019886242812,3,2.14304357363211,-1.54718890095193,3.47931746676698
-0.86774379661761,5.19567969720764,4,3.627205116415,-1.09910989566327,4.54266771509433
0.351403970710581,9.79846697401005,10,9.29189450585937,0.254753819347071,9.30597636311433
0.246856897973206,9.32247698078086,8,8.69022936912032,0.320313234879084,9.60030767953578
-0.22590559216477,7.35998904394372,7,6.24822329674655,0.198877400483286,9.05994398274827
-1.48768344702607,3.61449158632852,3,1.70802781416306,-1.70558974537388,3.15797315366419
-0.46774873301411,6.47786694728423,7,5.17411340732313,-0.592493588360133,6.04126814427409
-1.08247466589823,4.59494192935225,4,2.90181419371809,-1.29715592581868,4.04380690488442
0.198797018701022,9.1086031864482,9,8.42076344134226,-0.0848488571239087,7.87929052093093
0.869090891423679,12.2936029863082,12,12.4629701544493,0.917103502012735,12.4656409757275
-0.35109545958663,6.89315865597037,6,5.67823143717382,0.0824665238793478,8.5617397664906
-1.3446486430472,3.9388246030919,2,2.10477572052407,-1.68170115342288,3.20466768324841
0.472145650095906,10.3650772844855,10,10.0103953825833,0.257448978136987,9.31795640005089
0.811134323428582,12.0124683315136,13,12.1044617569299,1.15847970439572,13.5866862826307
0.225963876709843,9.22910937714084,9,8.57251533862815,-0.113057751790332,7.76806568367553
0.264429591972467,9.40146726455385,9,8.7899043201773,-0.0120844954509206,8.1712699408144
-0.161496480658635,7.60875406160497,8,6.55361248749635,-0.0141934787041259,8.16270367633123
-0.461474812164812,6.49972130699441,6,5.20058332299994,-0.994466546631109,4.82551017363771
-1.00570229019186,4.80295023312025,5,3.15333005262964,-0.719587630708469,5.63433645744693
-1.64982213862543,3.27408168701393,3,1.28875375630939,-2.75863864534827,1.67715319134869
-0.657493805331641,5.84254531432823,5,4.40669743968594,-0.0507204017835775,8.01532208462013
0.332906483206925,9.71320984090912,10,9.18396288168811,0.384145558537914,9.89262103887825
-0.715958035968836,5.65670800731589,6,4.18272152849688,-0.956651370692074,4.93107736610469
-0.152574222129211,7.64367585357525,7,6.59658074882152,0.590373775998669,10.8711133205368
-0.0770079168566535,7.94395883264759,9,6.9670692057579,-0.164091291929666,7.56961437853637
0.594512756393871,10.9541737936364,10,10.758572328162,1.11123427574735,13.3746768509093
0.33334173769523,9.7152109678392,11,9.18649550621662,0.143369462488862,8.81996672978149
0.692557959034027,11.4327608498774,13,11.3667950234512,1.36750179782092,14.4747509210469
-0.331344869989485,6.96534921690421,6,5.7661281282199,-0.671558132936968,5.7856444791282
0.272069007871316,9.43593715116173,11,8.83342433684796,0.263692543543941,9.34574892203253
-0.270731766220619,7.19030619364886,7,6.04059455556012,-0.860144921550395,5.20868314789659
0.594752553896445,10.9553391862709,11,10.7600529743205,0.982749022946454,12.7790495327913
-0.83474341777556,5.29330469991126,5,3.74486849560039,-1.11346156205073,4.50492884791447
-0.728849225457029,5.61635387830848,6,4.13409844882255,-0.314739833420709,7.00435147199286
-0.946911550198803,4.96729972393144,4,3.35176804850766,-1.51150874095057,3.55553870125226
-1.19543235718723,4.30217435556966,4,2.54694617797609,-1.36770106697055,3.87730149859979
1.06836067551963,13.2323653092882,14,13.6670856679842,1.28388279704723,14.1293293140773
-1.66358313904703,3.24649362296585,3,1.25460646502856,-2.89916635761035,1.55236528134236
-0.835918765290737,5.28980295453425,5,3.74064854525644,-1.23452099856648,4.19651728995343
0.898014826934416,12.4328870270956,15,12.6408693256872,1.13735974642987,13.4924106515253
-0.239444385120283,7.30844213505241,6,6.18509234316209,0.166799189017946,8.92072129992069
-0.90439755227629,5.08892595959721,5,3.49849235109586,-0.885330912264895,5.13509254368901
0.543241360615657,10.7058679578196,12,10.4431377196033,0.481666346022444,10.3494477165045
-0.597395087579591,6.03842601528931,5,4.64295339007788,-0.722346336579935,5.62573665993389
-0.60550930138326,6.01169103802097,6,4.61069361404759,-0.343107082739537,6.90131327941426
0.0933177036938481,8.65048915373177,9,7.84595220044388,-0.232535027513013,7.30901495510924
-1.60736677419092,3.36047212201225,3,1.39550261867306,-1.77802569615612,3.02018833070658
1.22859500540062,13.9411305488871,15,14.5857812308554,1.91419721875647,16.4408794956938
0.0532758262486638,8.48069018967273,9,7.63383900281664,-0.65131814818186,5.85030570881834
0.849284230355526,12.1977986832135,11,12.3407205048533,0.733043211822975,11.5681807361289
-0.109413902800267,7.81419491521316,8,6.80674215684722,0.698554746988088,11.399013461239
0.77911643730673,11.856301089557,13,11.9055756247881,1.12460326784616,13.4350762817802
0.993573061064327,12.8863892464025,15,13.2217895345686,0.583930372230173,10.8398939089748
-0.0411912880869339,8.08911208321254,8,7.14681728339829,-0.116220028257337,7.75566525602037
1.8388315038433,16.2213976573027,17,17.5552654862093,1.32838024181363,14.314761373686
1.33848493382714,14.3995446593692,16,15.1839962704434,1.03854365119424,13.0409039650429
-1.04297207651563,4.70104438028767,5,3.03016553027035,-1.66070725873368,3.24622001021942
0.986157086621615,12.8516189238996,14,13.1771457807753,1.25550982413205,14.0091483955384
-1.41975536811276,3.76565809839398,3,1.89322244442718,-1.51140127063016,3.55577043430448
0.858168667652566,12.2408117525214,12,12.3955958054789,0.802661192473126,11.9095132431827
2.23377506716466,17.3610584248362,18,19.0165115023674,1.70451290676711,15.7436104583395
0.362589066756109,9.85022995909206,10,9.35745273328838,0.897844716106809,12.3727811453414
0.12780905327449,8.79856937945988,10,8.03136558364418,0.370404168289597,9.8292274048757
2.09672366987858,16.998599897102,17,18.5505746833817,1.3010510947052,14.2013133987645
-1.27525804297301,4.10455014539836,4,2.30671908248705,-2.29498440378722,2.1980881252895
-0.774046480073026,5.4766368879069,6,3.96576606020619,-1.05704009175308,4.65475006038815
1.30135772486807,14.2472018493572,15,14.9849336308212,1.73786917773553,15.8592244727392
-0.597395087579591,6.03842601528931,5,4.64295339007788,-0.99552589687154,4.82257865207189
-0.640060985301602,5.89885684106705,5,4.4745933301763,-0.223299713397989,7.34380907356884
-0.617117436252923,5.97360081577038,5,4.56474044274661,-0.298990973490337,7.06201895043225
2.02457254713837,16.793140246754,19,18.2877444770966,2.59491231235562,18.1341397943857
0.211491128829129,9.1647845109206,11,8.49148609529883,0.593230797596599,10.8849662516143
0.57415856945541,10.8553834301977,10,10.6330642302944,1.07081972073905,13.1901956428068
-0.757007394999742,5.52898709466629,5,4.02883691608615,-0.367424333346308,6.81383775674333
0.476332433692686,10.3850143032319,11,10.0357036435294,0.0850584051500773,8.57262153740699
-1.08513194986259,4.58787451934014,4,2.89326033149513,-1.52744232252779,3.52132498842619
-0.487656378804435,6.40888223185529,6,5.09059731941858,-0.0745833538936387,7.92003821735683
-0.0434534223217603,8.07989054369409,9,7.13538517318311,-0.730443734886292,5.60055139861633
0.391295724264752,9.98378653680808,10,9.52669234378179,0.773568236241705,11.7669830899526
-1.44035081381264,3.71928316422677,4,1.83646316299,-0.859161774552532,5.21157222262768
0.591526470108967,10.939663579101,13,10.74013706067,0.437662259042861,10.141857658258
0.0904451647847919,8.63823244859167,8,7.83062310303557,-0.108298978429693,7.78675239581534
0.971572977299717,12.7830151774293,12,13.0891155560201,1.7784051055598,15.9973691758731
-0.0342800194365632,8.11733069894742,10,7.18181115178848,-0.362307497588084,6.83217912139716
0.0241039024800929,8.35841705822513,9,7.48143639882794,0.188128355169647,9.01312753056933
1.33105808291059,14.3692755622088,15,15.1444283101082,1.3528611970317,14.4152074078038
-0.960420310028292,4.92914323657966,5,3.30571679806207,-1.27079789087384,4.10750752095556
1.84213222961155,16.2320676901514,17,17.5689825803599,2.68387147977125,18.2853288857772
-1.21658370934421,4.24907314013988,4,2.48245612358974,-1.40081026023626,3.80113604076955
0.118876011644186,8.76005636506472,10,7.98310543326401,0.0975184144917114,8.62506713632232
-1.1498301678014,4.41849234229215,5,2.68807132709526,-1.52178066136673,3.5334495654946
0.0925811919405662,8.64734545240813,9,7.84202020394316,-0.0585943512653532,7.9837945702185
-1.24379080270274,4.18155262072355,3,2.40039319332693,-1.36697050558254,3.8789963052749
0.498566280251325,10.4911794685473,13,10.1704903273599,0.630862536701082,11.0679633512959
-0.109430999966303,7.81412684532656,8,6.80665814457254,0.251082192275124,9.28967256713666
-0.874381349619984,5.17621721994898,4,3.60374334648122,-1.63055650741496,3.30674303463024
-0.0933121356127998,7.87848555469748,9,6.88613217635547,-0.254829984886093,7.22549136603914
1.32248428827811,14.3342046150358,14,15.0985926672883,1.0560405568451,13.1220446625159
0.225522145006994,9.227141808942,8,8.57003596509547,-0.0876033111671912,7.86838176516034
1.0753339714581,13.264164410143,14,13.708115923322,0.703435691015836,11.4229437246756
0.541946828690388,10.6996233201294,12,10.4352060135115,0.26000782680953,9.3293401124727
1.18539674628711,13.754696492447,13,14.343302458716,1.52847722747776,15.1043542385087
0.405660300367952,10.0509895946999,11,9.61189366742143,0.271286434375287,9.37962699426329
-1.5060193158608,3.57456180476271,2,1.65901930643392,-1.99464892853373,2.64185672840261
1.43621549480723,14.7884807998091,17,15.692815677558,0.716246941629132,11.485775435645
1.29437455457105,14.2182602732217,14,14.9471416583132,1.24353607990101,13.9579742722403
0.368781865372228,9.87895633300179,9,9.39384362753521,0.901499311066672,12.3904303519605
0.753063025608565,11.7289407496548,13,11.7434819951862,0.679902738317004,11.3076215463877
-1.38559385303136,3.84362930358397,3,1.98855124994842,-1.78767293736374,3.00226777905716
-0.0402170987164489,8.09308558125752,8,7.15174383428999,0.289659648575238,9.46193234682607
-0.59926239009065,6.03226557987446,7,4.63551944921371,0.0144399533523505,8.27953835423666
-0.294330379447568,7.10211114734873,8,5.93288402740911,-1.36322491456716,3.88769524076459
1.85531812089495,16.2745146555233,16,17.6235280156689,1.234688301901,13.9199859745203
-0.946339161818026,4.96892167844001,4,3.35372535454797,-0.940126303965174,4.97777478327167
0.843531798359443,12.1699167508542,13,12.3051582882521,1.04224030630728,13.0580875190631
-0.133287061373813,7.71955046837,7,6.69002221459438,0.34752259376673,9.72423073650301
0.582357190429054,10.8951444321428,10,10.6835770364466,0.493184721467459,10.4041563012168
0.688139523305012,11.4111338296264,11,11.3393003443149,0.612193714114875,10.9770622593458
-0.520114259087772,6.29758302317603,6,4.95596759607371,-0.646694352403609,5.86515238822716
0.176869693091217,9.01208500785777,9,8.29937354957838,-0.493468634391751,6.37296512231907
0.588961639493626,10.9272054632671,12,10.7243092038545,0.476205091241971,10.3235607429031
-0.371372605484257,6.81961034273978,8,5.58876759816007,-0.525235568236038,6.26515580585499
0.114529403698392,8.74135755168401,10,7.95968358312855,0.424247724350963,10.0790409313188
-1.0553743385916,4.66752188486601,4,2.98962687248949,-0.544277420668692,6.20116769413923
1.20378546676228,13.8344869464164,15,14.4470119898797,0.669242887056098,11.2554388378077
0.803537893960269,11.9754604905065,11,12.0573160098309,0.676478667450843,11.2908554730524
-0.493916647087639,6.38730225000266,5,5.06448303912864,-0.692189999367909,5.72028022966454
0.203690779420415,9.13023544538469,11,8.44798930330085,0.680269890557296,11.3094195508794
-0.715197135853679,5.65909691351311,5,4.18560004444266,-1.12453382879132,4.47598528636705
-0.728635231743337,5.61702192693697,6,4.13490336372647,-2.42100802014207,2.03812688368774
-0.621748795417633,5.95845517359896,7,4.5464709031148,-0.161032872930838,7.58140745671348
-0.151336684479144,7.64852846904028,9,6.60255340414195,0.239709520530288,9.23929451706257
-0.551380362521774,6.19174471434574,7,4.82806218167831,-0.279992889839754,7.13202492926729
1.1456247319231,13.579968684542,15,14.1165667819578,1.48388323309252,14.934423934995
0.555105979263606,10.763161886803,12,10.5159132002676,0.552343221487967,10.6873415766117
-0.275932131837636,7.17080375234874,8,6.01676470967979,0.159300999108632,8.88839128993467
0.177832914391125,9.01631077761424,10,8.30468526057132,-0.467777339289091,6.46112598248816
-0.974910031445106,4.88847712745547,4,3.25662427805825,-1.47342200250321,3.63847553601228
-1.48142052786984,3.628215032532,3,1.7248623845256,-1.41166434063592,3.77644020207016
-1.7196671039912,3.13613886265449,2,1.11770126625334,-1.64816091451535,3.27128341162245
-0.104669227545629,7.83310114788579,8,6.830079994708,0.467689747829388,10.2832653883423
0.563854247104812,10.805474687269,12,10.5696626000329,0.475107174487696,10.3183606048484
-1.52921753170319,3.52457158513634,2,1.59760497162432,-1.08464274907351,4.58096554308666
0.537101043064444,10.6762598335429,12,10.4055311561383,0.634692345649046,11.0866371009781
-0.132968776334141,7.72080699597125,9,6.69157063522041,-0.465865340749192,6.4677218423646
0.705199510124257,11.494648392828,12,11.4454803375639,0.418009241838647,10.049904705076
0.556063978517262,10.7677927082786,11,10.5217955465123,0.12957971528607,8.76103450227133
1.04830930043695,13.1404767086318,14,13.5486212440349,1.04274181480448,13.0604170748716
0.547626032591043,10.7270287863369,11,10.4700158813858,0.193286214551366,9.03557140776298
-0.754312102798135,5.5373036793823,5,4.038856668078,-0.86660787818484,5.18972186972819
0.582108677148255,10.8939385706147,11,10.6820450667383,0.692231199378271,11.3680184926038
-0.860741270158667,5.21627517736525,5,3.65203095158111,-0.666804582647049,5.80078282710299
1.03494332986699,13.0788608915103,14,13.4692664203917,0.961116280641093,12.6763507007877
-0.1731056163643,7.56348414909475,7,6.49794790119534,-0.611320964383118,5.97965690926232
-0.87936958882783,5.16162892333427,5,3.58615622157275,-0.587426790289477,6.05792804730179
1.00544676932951,12.9418942856337,14,13.2930952666844,1.11793616735866,13.4049948201294
0.220908758894663,9.20660883754651,10,8.5441651195454,-0.0646951962466266,7.95942565860185
1.24551824190712,14.0132086653119,14,14.6796683721444,1.48875500050043,14.9531513743843
-1.25134614020149,4.16295788386148,4,2.37778120317058,-1.00368607163008,4.80004418553824
1.3263549671162,14.3500544769535,15,15.1193062050679,1.18936362067997,13.7230673037833
0.389950423223565,9.97750525158971,10,9.5187302001204,0.721697457738232,11.5125139968768
0.354646128047728,9.81345507901474,11,9.31087492227564,0.549979877020278,10.6759626787064
1.72051634505755,15.8273368810391,17,17.0469063597692,1.69437631962458,15.7081312771251
-0.292113055032638,7.11036469845858,6,5.94295803806976,-0.810780344900843,5.35527599483622
-0.39520957599812,6.73388336961986,7,5.48459498879045,-0.394514603542694,6.71731083382278
-0.774640804532377,5.47481793075912,5,3.96357459705052,-0.832855396496812,5.2893356375141
1.6299551546492,15.5106810004667,17,16.6359146749526,1.76602483701066,15.9554527913052
-0.104661119805909,7.83313348229504,8,6.83011991450632,0.15037667613622,8.85001728863045
-1.24570954213709,4.1768239515244,4,2.39464344481835,-1.2845347419609,4.07420738880937
-1.4876521473765,3.61456006333334,3,1.70811182643774,-1.23461496046868,4.1962847314698
-0.175287872355451,7.55499567309369,7,6.48751486341197,-0.131420711571428,7.69624900608156
0.629919919591475,11.1265822505432,11,10.9776387038429,1.16786301048514,13.6283092330894
0.601184843774916,10.9866118798472,13,10.7997859746083,0.685590453560798,11.3354800073473
0.509807211190092,10.545032996679,10,10.2388735713053,0.880313425037797,12.2879476374411
-0.835918765290737,5.28980295453425,5,3.74064854525644,-2.06820638125529,2.52468243848824
-0.0971954667576304,7.86294670506914,7,6.86693613671892,-0.827173039443631,5.30624957688664
-1.09776806441158,4.55438704752582,3,2.85272167371427,-1.18419845794182,4.32257841813227
0.391431696310651,9.9844215183491,10,9.52749725868571,0.187802616404912,9.01171139466503
0.545632904479156,10.7174079032153,11,10.4577954940233,0.496858079763709,10.4216344895153
-0.822528836011131,5.329804326159,6,3.78885213808165,-0.480980724192511,6.41570943324258
0.608558099016626,11.0224877307154,13,10.8453689822789,1.01670847416791,12.9389740368292
0.0749868832072492,8.5724747664117,9,7.74842930635569,-0.21757255105983,7.36544393641718
1.1099841003154,13.4209345785632,14,13.9106567253765,0.757738310547467,11.689345996004
0.0968448013364006,8.66555473205789,7,7.86479803694605,0.254791554490364,9.30614402515233
0.592635511177239,10.9450517352469,11,10.746982696641,0.785239567631136,11.8241921216832
-1.2540131134078,4.15641017119384,3,2.36981760965223,-0.788662641494991,5.42197239324307
-0.751658013802024,5.54550266167737,4,4.04873476546576,-0.218120041615363,7.36337383054289
-1.09776806441158,4.55438704752582,3,2.85272167371427,-0.911823016293548,5.05855781824762
-0.36256414773761,6.85148946161321,7,5.62753475645763,0.159630259229187,8.88980927096396
1.56539239714829,15.2769268350859,16,16.3313166681196,1.37477930872662,14.5042029001162
0.527290517238633,10.6290181646913,9,10.3455306029028,0.352317578880824,9.74617461056394
0.0271022478623515,8.37092883969608,8,7.49701781631611,-0.0983486158951869,7.82592585090733
-0.00304447905902878,8.24571059087778,7,7.3412183345871,0.750357936535142,11.6531379394497
-0.821120511517306,5.33402540885422,6,3.79393850595968,-0.455086034224221,6.50499757550236
-0.227536659059493,7.35376533666032,7,6.24059828150052,-0.779194900824629,5.45071526227975
0.103599110249722,8.69445406151899,9,7.9009603404584,0.176244551350177,8.96156174167301
0.00137263720604282,8.26397697394085,9,7.3639263530388,-0.300838664059147,7.05523613590076
0.339026877903262,9.74137126017579,10,9.21960716155351,0.478511217606434,10.3344879009104
-1.21304711824563,4.25791463936341,4,2.49319677821084,-0.669289069652479,5.79286695915311
-0.506090049631784,6.34549399045981,6,5.01390508657672,-0.179830231972576,7.5091269406445
1.98650245825443,16.6808575799565,18,18.144165858089,2.13406432478258,17.0906493685757
0.782663922164325,11.8736257773114,13,11.9276318470801,0.520380430473197,10.5338986857962
0.797052842099283,11.9438439198346,13,12.017045883308,0.75445708186604,11.6732489526542
-1.49084129163447,3.60758843621336,3,1.69955796421478,-1.72302828199632,3.12428014765154
-0.726576126402144,5.62345322681244,6,4.14265231104551,-0.409234716468166,6.66526830829147
0.714386773021354,11.5396304473827,13,11.502678690238,0.487277257127443,10.3760792346759
0.818066971000471,12.0462149621494,13,12.1474615364149,0.857723605373955,12.1782597920926
-2.0207561184748,2.60000063099145,2,0.442170457452016,-2.23095435839689,2.28512689224879
0.108337728677219,8.71476744434294,9,7.92638789801416,-0.0950314725141181,7.83901530867617
2.14295326882313,17.1250233902806,18,18.7126019871973,2.58545888669338,18.1171754436968
-0.50824582283841,6.33811155307568,7,5.00497610380285,-0.680001090731858,5.75882921934943
0.349718515796898,9.7906805432609,10,9.28203474458387,-0.168713551927993,7.55181535356896
1.37547693090953,14.5487963394046,16,15.3791884492912,1.02880944927196,12.9955534180593
-2.08749912982628,2.49378675960014,1,0.305265258676797,-2.96488222333206,1.49848881371499
0.687345283500108,11.4072465153212,12,11.3343584828136,0.939348054038706,12.5724149475308
0.0193959696962421,8.33879709568668,9,7.45700909296679,0.350746332489465,9.73898046809736
0.562832408513739,10.8005294905917,11,10.5633806495719,0.78263462251444,11.811426509941
1.39054038120992,14.6088569208603,15,15.4577671313563,2.16713909949225,17.1803756489638
-0.324129120030975,6.99185961110858,5,5.79842782404851,-0.406401306172609,6.67526346532867
0.49134766673506,10.4566585557067,12,10.1266593897964,0.294600232594552,9.48414576864268
0.982378303412303,12.8338718499053,13,13.1543664255649,0.54955925792746,10.6739380421733
-0.645996196322095,5.87963842983241,5,4.45141951408575,-1.00225963826057,4.8039773031941
0.923482819187858,12.5548306067566,12,12.7968034433492,0.624128523289525,11.0351496993562
-0.963607306025829,4.92017561982676,5,3.29489213116629,-0.3529673955272,6.86574847248062
-1.07429356739935,4.61675587238698,4,2.92821253767989,-1.28940572006992,4.06245261724322
-0.456336200938016,6.51766160691337,8,5.22231700014835,-0.565093556078125,6.13176142654157
0.22795269089518,9.2379713066981,9,8.58368309538902,0.813694521440504,11.9634897439456
-0.0832636529591086,7.91879296366743,8,6.93594920630279,0.33873511703141,9.68409721946445
0.191631789886348,9.07699016624946,9,8.38098850553315,0.100780821996211,8.63883550302342
-1.68834997016563,3.19734907698008,1,1.19370236728035,-1.75686120006259,3.05985661342512
0.37051036321608,9.88698273092047,10,9.40401262876369,0.362272892523984,9.79183422616972
0.53098798215666,10.6468135675047,11,10.3681316629789,0.925716081123461,12.5070455697101
-0.433105571158907,6.59922318807707,6,5.32117662903368,-1.05278651407623,4.66620386993615
-0.690676328713596,5.7365010705098,6,4.27887603756522,-0.91809739183698,5.04056198233637
-0.315514902835001,7.02360333148614,7,5.83711923243052,-0.108984671948045,7.78405790448809
-0.415490815315025,6.66156729353056,7,5.39680322419519,0.0349975089786878,8.3641303096286
0.440824558772679,10.2165075121494,9,9.82184311641758,1.08016171946096,13.2330871995174
0.675376851378671,11.3486806645815,11,11.2599093162785,0.208354938604733,9.10136003542157
-0.560817928234816,6.16006219017659,6,4.78979432857027,-0.631607783424062,5.91378821766642
-0.17513065834061,7.55560697489405,8,6.48826615618604,0.230277210489629,9.19765202135932
-0.0576255479713164,8.02228341839123,8,7.06400776426735,0.1801960340484,8.97868538696373
-1.0228607120669,4.75581597705225,4,3.09637573485315,-0.603480450311274,6.00525811306944
-1.51473338125866,3.5557146650821,3,1.63587282473237,-0.785631915125058,5.43116071498311
-0.441033923371712,6.57130295136731,5,5.28732507864804,-0.562980069463873,6.1387824206598
0.33334173769523,9.7152109678392,11,9.18649550621662,0.308486366214673,9.54676325099602
-0.362812004777727,6.85059094962526,7,5.62644188771048,-0.749624164404108,5.54123368748537
0.0619254161232044,8.51717668659004,8,7.67937214429546,-0.0197148951391342,8.14030621316158
-0.0770247829501905,7.94389090835328,9,6.96698519348321,-0.48098642647219,6.41568986832676
0.0211720728450586,8.34619517886032,8,7.46621898497953,0.651414479525197,11.1682648935069
1.14547235782893,13.5792936628389,14,14.1156918558753,1.21950426946788,13.8544480509544
0.552968890345504,10.7528340003393,10,10.5027942159199,-0.154936081237288,7.60495428015498
-0.214878561625232,7.40216345302186,7,6.29991298392056,-0.364217493499944,6.82532865154308
0.498259832283969,10.4897129673258,12,10.1686282603425,-0.00416749390532815,8.20348268103211
0.0228545541756743,8.35320742469223,9,7.47494954448867,-0.106127801299617,7.79528847830112
-0.669555577187766,5.80382545794617,7,4.36002087867622,-0.925765827252714,5.01863556077378
-0.219124608193143,7.38590358605452,8,6.27998058618755,0.5235116306089,10.5488862700926
-0.797330351927257,5.4057287192489,4,3.88033478576586,-1.26081471706776,4.13184746443226
-1.51473338125866,3.5557146650821,3,1.63587282473237,-0.796172396823778,5.39925591992315
-0.578708698940431,6.10033763611038,6,4.7176792589379,-0.108008707883192,7.78789323312482
0.132240607879363,8.8177168792849,9,8.05536865186741,0.424609020675597,10.0807298367819
-1.0553743385916,4.66752188486601,4,2.98962687248949,-0.99906333498205,4.81279973188123
0.722794135353693,11.5807938124534,12,11.5550270403977,0.554739261008325,10.6988830824918
2.57699565351529,18.100075303587,20,20,2.94581639546255,18.6503305597853
0.41153667595737,10.0785514175495,11,9.64684454832699,0.314402461765603,9.57352311036452
-1.26743188693095,4.1235925922403,3,2.32989323547382,-1.27953717537976,4.08629656972346
-1.04297207651563,4.70104438028767,5,3.03016553027035,-0.550028035627924,6.18193689488773
-0.60550930138326,6.01169103802097,6,4.61069361404759,-0.592887180021713,6.03997539975126
-1.68304390472208,3.20782295623683,2,1.20669082604658,-1.12264060129279,4.48092370459137
0.691283392436743,11.4265219518613,13,11.3588633173593,0.847810702131084,12.1300079313099
0.46063035790495,10.3103351017582,11,9.94091179507788,0.621557338986218,11.022627984293
-0.0770247829501905,7.94389090835328,9,6.96698519348321,0.395570779754963,9.94551989738776
-0.551359686027734,6.19181426116666,7,4.82814619395299,-0.727232170188798,5.61053012481811
-0.331344869989485,6.96534921690421,6,5.7661281282199,-0.358663234460249,6.84526322058093
1.09572608005413,13.3566786511382,14,13.8275880026141,0.420084856927146,10.0595931942276
-0.480577530119126,6.43334927339474,7,5.12021178491055,-0.517226362563616,6.29221210076574
-0.159646124025184,7.61598712854686,7,6.56251015512743,-1.00686102473099,4.79129898270077
-1.85036669241934,2.8918317439761,1,0.812436007576544,-1.36581011463749,3.88168952359405
1.14588452670275,13.5811194851634,13,14.1180584048649,1.38620732024511,14.5502576900446
-0.82609879888704,5.31911609525403,5,3.77597271755911,-1.02220779758012,4.74920458806104
0.159247459685636,8.93500307733047,11,8.20253272936351,-0.25412279942856,7.2281304393058
-1.38559385303136,3.84362930358397,3,1.98855124994842,-1.24963189459926,4.15925185715578
0.449848483893777,10.2592051440849,10,9.87602280833655,0.956782544059097,12.6557045698711
-0.513449160909313,6.32031917633622,6,4.98345880878267,0.222641181221847,9.16403315881474
-1.07817323347543,4.60640080128486,4,2.91568192993598,-1.40781709514889,3.78517828610033
-1.85036669241934,2.8918317439761,1,0.812436007576544,-3.2948186535054,1.26533869675406
0.232606176820196,9.25872793584587,9,8.60984465682418,0.764413495440006,11.7220890220244
-0.551643188450566,6.19086073236893,7,4.82699433890016,-0.621257401099239,5.94732741654144
1.09650580157292,13.3602017970238,14,13.832140754947,1.44944860546093,14.8008955377442
-0.382398395240834,6.7798588918797,6,5.54044913249056,-0.457564930994915,6.49641178485344
0.409390244218887,10.0684794045927,10,9.63407184385824,0.345603593778634,9.71545738609186
1.23571522267965,13.9715223372356,14,14.6253596907065,1.226757254148,13.885807973201
-0.520114259087772,6.29758302317603,6,4.95596759607371,-0.37036722119762,6.80330467375226
-0.613245545070214,5.98628531891044,6,4.58004233982388,-0.746952962249675,5.54946613754414
0.55438414950851,10.7596731248431,11,10.5114815871881,0.856724387587785,12.1733990908304
-0.0814045179774903,7.92626618602334,7,6.94518920966754,0.0326418579647195,8.35440689637233
1.3121033358401,14.2915583038196,15,15.0428711213242,1.20644744070779,13.7977439514528
0.0236417385841351,8.35648963166584,8,7.47903637203546,0.0206460417776006,8.3050130379312
-0.46774873301411,6.47786694728423,7,5.17411340732313,-0.528634587669535,6.25369887023546
0.63656686702666,11.1590142617121,12,11.0188521974549,0.378097431122536,9.86468799335402
0.828430732444612,12.096610515337,13,12.2116914367177,0.630812507835016,11.0677194711917
-1.77613094406362,3.02839598599211,2,0.983488497632597,-1.02538935301675,4.74051467215991
-0.64815905363521,5.87264696022062,5,4.4429895839358,-0.2633096167987,7.19389935609476
2.57699565351529,18.100075303587,20,20,2.23393604479766,17.3547557538505
0.0765842024687115,8.57925389504584,9,7.75689915630397,-0.290080273832256,7.09479387963984
1.57103032025452,15.2976088325959,16,16.3583007994441,1.80025068509309,16.0707391691231
0.716356512226663,11.5492746508728,10,11.5149429214555,0.342495239674249,9.70125720768095
0.0369053106157397,8.41192504710316,9,7.5480935340957,-0.14064237219654,7.66035744692114
1.13985767648163,13.5543909088237,15,14.0834198313319,1.41157006747079,14.6516284829066
1.94520418106435,16.5561289421728,18,17.9845871665273,2.25306834383471,17.4029898091896
-0.335326934739882,6.95075044630177,8,5.74834628972179,-0.587085942491902,6.05904997896719
0.801349027431797,11.964791400059,13,12.043726003247,0.739861882645132,11.6016381690745
-0.294877450277169,7.10007584464685,7,5.93039998834196,0.216339631207729,9.13635246907223
-0.169597346904857,7.57714460617588,9,6.51474072537055,-0.55591842087439,6.16228364294253
-1.27962732494506,4.0939500784255,4,2.29381650862522,-1.28406217346452,4.07534928381586
0.060188338225976,8.50984067168996,9,7.67021515934118,0.173768523868408,8.95084336111443
0.169158030767537,8.97829973359438,9,8.25691621397523,0.0582281954801453,8.46043907542502
-0.974816678709588,4.88873826331558,5,3.25693956629047,-1.42245922542055,3.75201237426776
-1.21658370934421,4.24907314013988,4,2.48245612358974,-1.1232513430963,4.47933012880031
-1.79074193472655,3.0010617515923,2,0.949341206351763,-2.25808011898895,2.24776802918106
-0.565107984727992,6.14570067127485,6,4.77245061642578,0.147891692919956,8.83935234374634
-0.0469284784336224,8.06573869999953,9,7.11784424028018,0.2322051672704,9.20615336509215
-0.523537796700905,6.28592838900631,8,4.94187757663766,-0.81449122905193,5.34414743116035
-0.829391796351951,5.30927207135049,5,3.76411031519022,0.12732772318987,8.75143617784064
1.25252504293435,14.0428931036821,15,14.7183558776522,1.46602516748372,14.8654297904756
1.03737127688842,13.0900747410286,14,13.4837038971426,0.742544992801895,11.6148034558438
0.897746732757407,12.4315997176216,14,12.6392241398338,1.18208612065687,13.6910900435801
1.72204742094911,15.8325787441964,17,17.0536917442217,1.78628409195429,16.0239188793733
0.670656846616631,11.3255914902367,12,11.2305603821871,1.07461035906837,13.2076171045066
0.933492245191733,12.6025589220031,13,12.8578862540207,1.39983632132011,14.6048740247882
-0.0054911777303645,8.23560452206461,8,7.32865775641453,-0.171744540336428,7.54015962563794
-0.777139057346882,5.4671770848185,5,3.9543689592986,-1.55483321936021,3.46317221824533
0.670723309517061,11.3259165775005,10,11.2309735967343,1.38119923731303,14.5301042956416
-0.937538466787838,4.9939131978193,5,3.38388169095953,-1.38054743205234,3.84759993527308
-0.300913071757885,7.07764898111374,7,5.90303332699512,-0.415374804046921,6.64364492707044
0.33334173769523,9.7152109678392,11,9.18649550621662,0.217196369886306,9.14011250477501
-1.69555589939509,3.18317282444869,2,1.17611524237188,-1.73820376392658,3.09522942257411
0.335140401593726,9.72348308477497,9,9.19696506335426,0.182216815380313,8.98745104885801
-1.79074193472655,3.0010617515923,2,0.949341206351763,-1.87142282823543,2.85091642224958
0.526275856590992,10.624136755945,11,10.339331070074,-0.12994509331567,7.70200303167148
0.945261981038386,12.6585285234629,13,12.9295547619824,0.656493033878808,11.1930828886093
-1.26215963481489,4.13646141931934,3,2.34555092481453,-1.64717822382632,3.27325380566305
-1.08513194986259,4.58787451934014,4,2.89326033149513,-1.45778807205852,3.6729926712603
0.153308759875358,8.90912442871066,10,8.17004195915304,0.435248067910783,10.130536117395
0.921205736338582,12.5439565930762,13,12.7828909623053,1.10795726910999,13.3598235015875
-0.963607306025829,4.92017561982676,5,3.29489213116629,-0.562218366881207,6.14131422843454
-1.41975536811276,3.76565809839398,3,1.89322244442718,-1.79821691024012,2.98279669163394
0.766683194563,11.7955468139842,13,11.8282421224067,1.23786532442922,13.9336436764523
-1.22786470198987,4.22097015813515,4,2.44830883230891,-0.849994854689607,5.23856963835157
-0.937282371579141,4.99464193761814,4,3.38476096841119,-1.04884021323279,4.67685027393398
2.06762164168994,16.9169050502235,18,18.4460242340283,2.26178090021563,17.424699261956
-0.835918765290737,5.28980295453425,5,3.74064854525644,-1.37876824680323,3.85170220152939
-0.715197135853679,5.65909691351311,5,4.18560004444266,-0.180821551608522,7.505328383835
0.51082479094748,10.5499137698583,11,10.2450715094916,0.257029220427479,9.31608988777535
-0.315776451495479,7.0226379856049,7,5.83594235140869,-0.491482891900433,6.3797483114927
0.16419371522625,8.95659476240074,9,8.22964954879983,0.0579868704836987,8.45943467898605
0.575453842333064,10.8616621920167,10,10.6410406995411,1.03805227238286,13.0386182202187
0.693412146309349,11.4369421296309,12,11.372110872143,0.659520615737746,11.2078837125758
0.6952085094811,11.4457356519395,13,11.3832906232205,1.08061096194131,13.235146087926
0.136057617645546,8.83423127653006,7,8.07607595818011,0.383800412535994,9.8910256892827
-1.09629752247452,4.55827400780039,4,2.85742775944341,-1.08874440801621,4.57008143762079
0.814222669114064,12.0275050838606,13,12.1236204684805,0.612051086770469,10.9763686401333
-0.811260243443199,5.36365278113579,5,3.82963810504967,-0.907806098442298,5.07010516437185
0.0871955653356583,8.62438095722205,10,7.81330277614135,0.195205881808955,9.0439343848191
0.0917032885372267,8.64359924246451,9,7.83733485387425,0.171787448330207,8.94227389403541
-0.571386515052341,6.1247280615416,6,4.74712616080398,-0.595750334150789,6.03057752190629
-0.0808659421265237,7.92843203121224,9,6.94786730596639,-0.0507619250102007,8.0151555990323
-0.551359686027734,6.19181426116666,7,4.82814619395299,-0.940796731700839,4.97587354383308
-1.1386673119524,4.44735012834165,4,2.7230551851967,-1.52076272564834,3.5356333009945
0.336671879503785,9.73052966997677,10,9.20588400401005,0.603909435559178,10.9367973424601
2.57699565351529,18.100075303587,20,20,1.99493637405744,16.689818924287
-1.5060193158608,3.57456180476271,2,1.65901930643392,-2.08895573624281,2.49264437773833
-0.716275877847325,5.6557103491041,4,4.18151940241377,-0.463122897512473,6.47719091343373
-0.883539547629761,5.14945878165174,5,3.57148357045093,-1.06087286329483,4.64444852769052
-0.62572123329584,5.94548770845066,5,4.53082993399241,0.0278449560414021,8.33463091156865
-0.874381349619984,5.17621721994898,4,3.60374334648122,-0.356069646552625,6.85458579236681
-0.262840533322417,7.2199724675365,8,6.07685670124786,-0.239074069481194,7.28444849176815
-0.336732465413113,6.94560288144193,7,5.74207720622131,-0.452383422186488,6.51436744764772
2.08955386187822,16.978622653693,18,18.5250001077059,1.30786005772187,14.2297091260153
0.126308973729781,8.79209422720274,8,8.02324984777485,0.296968544161227,9.49480615727332
0.994993943446775,12.8930421537138,13,13.2303337617285,0.960665741240694,12.6742054029583
0.0543268589426924,8.48511809014536,9,7.63936342094614,0.00391104268625671,8.23644309576979
-0.836143020118699,5.28913503373639,5,3.73984363035251,-1.76108326915359,3.05190444349501
0.18421221725486,9.04433024101947,10,8.33991220735924,0.362007429027406,9.79061494604589
-0.646276477558618,5.87873205696343,5,4.4503266453386,-0.53879505114847,6.2195418351157
-0.668909730417945,5.80589369832721,5,4.3625139665672,-0.262763119287109,7.19593249851125
0.935788228544341,12.6134903464001,13,12.8718805220985,0.849935468983858,12.1403560055736
-0.691797441785744,5.7329443276743,5,4.2745896042359,-0.911771286515893,5.05870639450846
-1.12538461295067,4.4818865911523,3,2.76490899494287,-1.13798329595722,4.44102834052123
0.89769575550469,12.4313549315874,13,12.6389113046188,1.28027702054462,14.1141403735231
-2.24462449171262,2.261326975895,0,0,-2.77176171480508,1.66491910894111
-1.02531502473654,4.74910448699186,4,3.08826421815667,-1.1726581963599,4.35191486186599
-0.47847022621142,6.44064626520999,5,5.12904529306073,-0.68564696619055,5.74094938877843
-0.470038481697244,6.46990449897472,7,5.16447078308988,-0.663621698115674,5.8109356183521
0.969561868629644,12.7735320260619,14,13.0769526297016,0.847344754137617,12.1277382675109
-1.4551800707285,3.6861848977321,3,1.79592450520914,-1.13253069544558,4.45517386720324
-0.480341550774921,6.43416609690925,6,5.12120057437849,-0.32827315494367,6.95506081847916
-1.40210459285288,3.80578065609787,4,1.94229245478647,-1.07359277400003,4.61039050255664
-0.416936928917418,6.65643279642716,8,5.39057278013828,-0.416953668709121,6.63809273839594
-0.0920761000248913,7.883435938172,6,6.89224870543768,0.284281568814414,9.43779104966851
-0.146648022513056,7.66693322121141,8,6.62521047573731,-0.546438743619864,6.19393486392167
0.728983464136986,11.6110953674614,12,11.5935659954984,0.916659916420952,12.4635063401073
-0.119298483745505,7.77490993364985,7,6.75827204165564,-0.0353283495524657,8.07720075499365
0.081456828482932,8.59995596878036,10,7.78276966100401,0.30333884184842,9.52351967039414
1.30135772486807,14.2472018493572,15,14.9849336308212,2.29446672614606,17.5047106088986
0.567939092040696,10.8252507226714,12,10.5947847050732,0.375635083496602,9.85332967662221
0.185826783603861,9.05143081079549,9,8.34884119013311,0.862359176967656,12.2008001817195
-1.27367380203478,4.10839909828856,3,2.31140363353369,-1.34671140941272,3.92623992741845
-0.234205976719351,7.32835599235915,8,6.20947546669376,-0.873844942810476,5.16855281405716
-0.110367596920004,7.81039855278584,8,6.80205680677831,-0.0953241434914064,7.83785981946103
-1.85036669241934,2.8918317439761,1,0.812436007576544,-1.37394062051909,3.8628515786645
-0.070763840892919,7.96913311820591,8,6.99821254849267,-0.0644077321470439,7.96057273460574
-1.19543235718723,4.30217435556966,4,2.54694617797609,-0.837075986912423,5.27679956499294
-0.388383122738408,6.75835302126601,7,5.51431843162501,-0.589643871600741,6.05063403207622
-1.00430504575098,4.80680493860474,4,3.15798693239107,-1.39428516282592,3.81604714107536
0.31367096204262,9.62501678367873,10,9.07238205823833,0.596091327288479,10.8988423086105
-0.46774873301411,6.47786694728423,7,5.17411340732313,-0.211264787064945,7.38932326799479
-0.337159497225325,6.94403948262026,8,5.74017327039515,-0.0194467920025194,8.14139278271245
0.600797500762009,10.9847280191079,11,10.7973924314059,0.316562422331784,9.58330528948764
0.274958120788343,9.44899361333372,8,8.849912429554,-0.24675690469325,7.25565839257126
0.895023542140192,12.4185196463651,13,12.6225088443432,0.81791519617362,11.984123760249
-0.257017667337912,7.24191901258416,6,6.1036930827253,-0.211477382409923,7.3885175704656
1.30247221554836,14.2518123665818,14,14.9909548685156,0.761608524423375,11.7083308595734
-1.50983924606899,3.5662896590603,4,1.6488612834986,-1.3134310477613,4.0048801484166
0.438998152964124,10.2078764742454,11,9.8108919799469,0.397095300812517,9.95259139665351
0.0829535003458489,8.60632155089536,9,7.79072606324615,-0.284242842330406,7.1163223888645
-0.623565068548532,5.95252353056169,5,4.53931620513183,-0.699511712718996,5.69721724054116
-1.37934899131089,3.85802511454117,2,2.00613837485689,-0.721646083624673,5.6279186447749
1.72442410135942,15.8407083074086,17,17.0642139190468,2.00621687942538,16.7236752888967
-0.275073254893563,7.17402210053967,8,6.02069670618051,-0.0576601695737483,7.98753056830221
0.173669927036752,8.99805654443414,10,8.28174204914135,0.406802956187386,9.99769134341373
0.0142397025578022,8.31734483183605,6,7.43030923782904,0.287182700186598,9.45080866657931
-0.070780663002572,7.96906522212338,8,6.99812853621799,-0.0969438463523801,7.8314672287005
0.0101401330801814,8.30031581193343,8,7.40912112527002,0.0246951262659358,8.32166286495747
-1.19543235718723,4.30217435556966,4,2.54694617797609,-1.58819431587318,3.39347215962761
-0.829391796351951,5.30927207135049,5,3.76411031519022,-0.496034106733733,6.36420928667428
0.891033517686652,12.3993413428376,12,12.5980040097974,0.873359351794884,12.2542238518095
0.0200108640664261,8.34135783639263,9,7.46019684304961,0.280069421521233,9.41891197901535
-0.30789660628191,7.0517636145969,7,5.87145725203983,-0.520625169387563,6.28072013264337
-0.00356508167379982,8.24355953428659,9,7.3385446690175,-0.193321670214702,7.45754446655389
-0.283211674823941,7.14356772024811,7,5.98349669585062,-0.173847777747536,7.53207891457899
0.382024942617051,9.94054490800327,11,9.47188442822042,0.25699191865162,9.31592403227626
0.295339933338302,9.54142009418911,10,8.9666861448235,0.0349582616936252,8.36396824465614
0.462507474160327,10.3192493075137,12,9.95222578794625,-0.113380651377099,7.76679884941949
-0.83376097923841,5.29623311006155,5,3.74839749257547,-1.3009643893626,4.03467012029318
2.57699565351529,18.100075303587,20,20,2.40345793000259,17.7550364640165
-0.109430999966303,7.81412684532656,8,6.80665814457254,0.147676827621206,8.83843060966475
0.0543268589426924,8.48511809014536,9,7.63936342094614,0.53837135330117,10.6201460226036
2.57699565351529,18.100075303587,20,20,2.77565622827768,18.4260847270704
1.1201724054572,13.4666294710865,13,13.9697746705796,0.660329012601875,11.2118363714531
-0.184649350208971,7.51865793189429,7,6.4428688501563,-0.0873153511086095,7.86952171460823
0.599405870846876,10.9779604573868,11,10.788793929102,0.821411200529146,12.0012086063989
-0.0117309049561695,8.20986985235319,8,7.29668204405611,0.0767975425252425,8.53797235743384
-0.196812122814181,7.47163129092831,8,6.38512849552177,0.338176376355659,9.68154896594449
0.139367402397735,8.84856775282831,10,8.09405615737526,0.100734792977456,8.63864114086316
-0.59926239009065,6.03226557987446,7,4.63551944921371,-0.965608890090308,4.90590859595014
1.79470969045408,16.0770684209741,18,17.3694791777236,1.36488993949815,14.4641572150813
0.922845932926785,12.5517898040044,12,12.7929128138263,1.24424078916481,13.960993608226
1.43419069559467,14.7805964788914,16,15.6824985014569,1.66099828916923,15.5901662056233
0.0151608089543298,8.32117425730938,9,7.43507473800929,0.0301882187386371,8.34428733220042
1.83270189431441,16.2015356746308,18,17.5297251211291,1.9516315572586,16.5577227992075
-0.104644056942939,7.83320153086088,8,6.830203926781,-0.0343448850739766,8.0811656406036
-1.37934899131089,3.85802511454117,2,2.00613837485689,-0.700703303179719,5.6934703887333
0.350275458127475,9.79325309816848,10,9.28529225237309,0.028126846995777,8.33579215520186
1.02001182959636,13.009693834902,14,13.3802626818672,0.73980756819157,11.6013716617553
0.673073079964512,11.3374105471897,12,11.2455835881781,0.760746599695326,11.7041029607084
0.606409693903593,11.0120312634385,10,10.8320830707479,0.493551911676354,10.4059027612458
0.335889579498766,9.72692980224087,10,9.20132755782773,0.369981044050262,9.82727939563781
0.0532758262486638,8.48069018967273,9,7.63383900281664,-0.0762190636442506,7.91353572389426
0.955625996790963,12.7076713310509,13,12.9925171177333,0.91188302746118,12.4405060104286
1.38135993231736,14.5723018500403,15,15.409939691329,1.02226700318734,12.9649910176443
0.0877539433029152,8.62675999257919,9,7.81627734307068,0.193241676322382,9.03537744097695
-0.516571063530412,6.3096620306749,6,4.97057214576212,-0.371998336985777,6.79747158892579
-0.364485760728856,6.8445256247752,7,5.61906490650936,0.169335396044255,8.93167493810593
-0.394627133228648,6.73596862249113,8,5.48712761331896,-1.25630327089702,4.14288535086269
-0.642866871010345,5.88976530540629,7,4.46363039233705,-0.538043405873936,6.22206404525522
0.779393935940987,11.8576564657958,13,11.9073011041235,0.796121752895666,11.8774988102664
0.704641769780209,11.4919177045088,12,11.4420082443112,0.249272861143539,9.28164533660508
-0.563274606362578,6.15183504764592,6,4.7798585888531,0.0969782320288361,8.62278886300082
0.773469909157229,11.8287160228873,13,11.8704603615601,1.43484914397144,14.7436626340282
0.476332433692686,10.3850143032319,11,10.0357036435294,0.525519355885325,10.5585015226795
-2.08749912982628,2.49378675960014,1,0.305265258676797,-2.799535170243,1.63943176566741
-0.496634282191902,6.37795106501795,7,5.05316866309949,-0.0509693373200865,8.01432402411878
1.24776759100764,14.0227481817168,15,14.6920998297209,1.11205671574873,13.3784016718156
-0.109413902800267,7.81419491521316,8,6.80674215684722,0.110826214062185,8.68132546008345
-1.09776806441158,4.55438704752582,3,2.85272167371427,-0.857769579545984,5.21566543992606
1.37547693090953,14.5487963394046,16,15.3791884492912,1.34750847607256,14.3933395925412
-0.225887627440631,7.36005761329152,7,6.24830730902124,0.374675518821332,9.84890558816167
0.693325616969725,11.436518561497,10,11.3715723688582,0.663713037738194,11.2283855953146
1.66486203397808,15.6342775050781,16,16.796578878398,1.76349546724898,15.9468591801197
-0.921365809285611,5.04010071707717,4,3.43960323692359,-1.2746740267855,4.09808874620604
0.256702067978883,9.36667999799497,9,8.74599803384632,0.866188412733355,12.2194078444662
-1.08247466589823,4.59494192935225,4,2.90181419371809,-1.5494803057233,3.4744710537825
0.545378231299992,10.7161788120645,10,10.4562343204445,0.21807978490712,9.14399071876705
0.855598984962694,12.2283772750802,11,12.3797303431647,0.939341095835705,12.5723816344664
0.792144851441331,11.9199028645824,11,11.9865564667375,1.01677324414421,12.9392774624509
0.71898951652383,11.5621662250188,11,11.5313372163258,0.595320215898338,10.8951011508576
-0.835815140399792,5.29011161350514,5,3.74102051137435,-1.24937441595233,4.15988456906652
0.708685576774952,11.5117164082285,11,11.4671829715482,0.748962155134667,11.6462897316957
0.750288791620374,11.7153686185052,12,11.7262132744911,1.08112543288974,13.2375035004573
0.981674183294579,12.830562733671,14,13.1501195245993,0.384768118263954,9.89549906164977
1.52453402501126,15.1254779872376,15,16.1335552506123,1.75001936282943,15.900903572982
0.190642166398692,9.0726295525461,10,8.37550323622881,-0.232240314060491,7.31012351629083
-1.83533493503406,2.91901933117108,1,0.846583298857378,-1.7734914312518,3.02864593724821
0.978201583657067,12.8142326493213,14,13.1291640270427,0.810227035053644,11.9465318796475
-1.27367380203478,4.10839909828856,3,2.31140363353369,-0.837117446123986,5.27667653542581
0.363668061335095,9.85523164425518,10,9.36378848801312,-0.177778468390096,7.5169931598582
1.58282492299627,15.3407079695612,14,16.4145133755596,1.4971775822647,14.9854334724398
1.10789180543494,13.411527745076,14,13.8984911916759,1.08502743164819,13.2553686539128
0.545555750297747,10.7170355401496,10,10.4573225236572,0.602739421810911,10.9311144278342
1.29281722064799,14.2117934604203,14,14.9386985119546,0.866967346650483,12.2231916172112
-0.143195990091593,7.68050360201954,7,6.64192057503409,-0.0558691185826057,7.99469675580559
0.16869724770097,8.9762836466796,11,8.25438320628593,0.447484509282952,10.1879937181757
0.270076703871536,9.42694007887561,11,8.82206371687536,0.662599480550764,11.2229393274206
0.206668809360102,9.14341570322696,9,8.46458102814156,-0.437854556695287,6.5649036872726
-0.523537796700905,6.28592838900631,8,4.94187757663766,-0.460635570875479,6.48578769248453
-0.932371526982302,5.00863258401266,5,3.40164099352995,-1.19053413462914,4.30654055703081
0.0436133300264481,8.44005643039757,9,7.58316039594372,-0.161366788508279,7.58011927993676
1.49003169643607,14.9954166612574,17,15.9635364474897,1.9806460664533,16.6465983168778
0.283471236016626,9.48753109650883,10,8.8985900740636,-0.177443023811584,7.51827975784087
0.366399101574537,9.86789784963255,10,9.37983390158105,0.219989727734244,9.15237923869979
-1.09776806441158,4.55438704752582,3,2.85272167371427,-1.14233999943108,4.42975180969166
0.333843178254444,9.7175166932472,10,9.18941367400716,0.450333181910531,10.2013961952163
0.0958312940555382,8.66122385445677,9,7.85938003046694,0.116476496498857,8.70528827819923
-2.17266623243538,2.3647560111748,1,0.136905198775219,-2.54557957415801,1.89404990243753
0.169635434870804,8.98038885663153,8,8.25954105243064,0.0371549257064181,8.3730423353842
-1.0553743385916,4.66752188486601,4,2.98962687248949,-0.866547754057294,5.18989801829693
0.418644863176248,10.111944167875,11,9.68919501807355,0.581834046153836,10.8297438352081
-1.52032591562806,3.54366270536648,2,1.6210667415581,-1.34079251531084,3.94013212504885
-0.14465539833267,7.67476442602756,8,6.63485309997056,-0.598811763958513,6.02054069543166
0.518131426859365,10.5849869076052,12,10.2896112771625,0.911397203894171,12.4381655056277
0.0675305598554722,8.54087745935563,8,7.70896298939398,0.440798848283799,10.156577678289
2.27665081352488,17.4666639494575,19,19.1534167011426,2.43822608039861,17.8295574529573
0.166101665303202,8.96493261700772,10,8.24012300663923,0.08562912861008,8.57501894966771
0.304348187132156,9.58244604203765,9,9.01854866086229,-0.229867842406309,7.31905179971443
0.54109021951714,10.6954918915772,12,10.4299584619994,0.804459882771414,11.9183160831209
0.0604079924012747,8.51076807734945,9,7.67137271211826,0.0298578779760017,8.34292555292022
-0.534690283625511,6.24807441736506,5,4.89612297922706,0.113311413352294,8.6918595618156
0.624052629608985,11.0979700314711,11,10.9412805453654,1.02153650948231,12.9615745552235
0.281260594761875,9.47751456347138,11,8.88593633326895,0.389558992968475,9.9176638637808
-1.27367380203478,4.10839909828856,3,2.31140363353369,-1.56415640764411,3.443569145351
0.444627041848163,10.2344885869969,9,9.84465867263354,0.574381439167294,10.7936880801537
0.688139523305012,11.4111338296264,11,11.3393003443149,0.528927217229538,10.5748314480782
0.80749211176458,11.9947281979082,11,12.0818606968538,1.10313558256228,13.3379344874756
0.0996332422378728,8.67747767934601,9,7.87971562303939,-0.168709013022372,7.55183281738016
-0.610362808587869,5.99574261641248,6,4.59145179445777,-0.69508253778709,5.71116056878718
-0.0253923316130742,8.15371864731693,8,7.22695965163343,0.377794146700688,9.86328856646564
0.33416515915887,9.71899739674138,11,9.19128770374961,0.481022149454144,10.3463923864104
0.347150625180457,9.77882434458947,10,9.26702247723144,0.564848972711238,10.7476370238794
1.17873496542602,13.7256342727935,14,14.3055540387716,1.27226100302489,14.0802859680261
-1.3942396893247,3.82377151501542,3,1.96428456511072,-2.32069453862488,2.16424890228408
-0.323906972449878,6.99267692885218,7,5.79942381333429,-0.528507717800384,6.25412623278949
1.36400622183841,14.5027838778365,16,15.3189994824029,1.74987327871475,15.9004038358257
0.328666908197721,9.69373069517698,11,9.15931194908043,0.166918495660752,8.92123636718977
-0.658481942062863,5.83936582581389,6,4.40286433216173,-0.235341102538429,7.29846579217664
0.0512940365145545,8.47234536072949,8,7.62342869827402,0.145852646750666,8.8306078614842
-0.363703980981081,6.84735813667039,7,5.62250989120976,-0.442512922020154,6.54867000587556
-1.50983924606899,3.5662896590603,4,1.6488612834986,-2.32061958630301,2.16434664094689
0.296619735201717,9.54724211479502,8,8.97404492386048,0.645802836547144,11.1408560949174
0.360354503783823,9.83987623402798,10,9.34433801580244,0.480898627376345,10.3458065929941
0.646949099116867,11.2097061030723,12,11.0832729160557,-0.0246623967883583,8.12027295342784
-0.0707102939327712,7.96934924292745,8,6.9984799744079,0.287134832093618,9.4505937819956
0.571242436226422,10.8412517791696,11,10.615111729237,0.335749185034002,9.67048424284924
1.2000051311659,13.8181354846581,13,14.4257504256463,1.18274017700381,13.693968001833
-0.196812122814181,7.47163129092831,8,6.38512849552177,-0.286802433996088,7.10687697819746
0.710347166059054,11.5198517898197,13,11.4775277345258,1.34000210450059,14.3625843493241
1.46590678561581,14.9032708542996,16,15.8430099633059,2.00836772643441,16.7301043175039
-0.965614364440578,4.91453483609969,4,3.28808290902524,-1.28479234675512,4.07358503352769
-0.385095944035845,6.77015918303008,8,5.5286626435464,-0.0271207398344421,8.11033140322816
-0.12109012952958,7.7678040766532,9,6.74950812572342,-0.0664555603067863,7.95240372193585
0.992460629430282,12.8811785470167,13,13.2150979976915,0.925217186927125,12.5046493214478
0.176595773612328,9.0108835261586,9,8.29786336127376,-0.565228777819764,6.13131241966076
0.0831502802526833,8.60715872287843,8,7.79177250852492,-0.105479049016768,7.7978403332553
-0.874381349619984,5.17621721994898,4,3.60374334648122,-0.960549006558386,4.92011340294313
-1.0992241734431,4.55054087528083,4,2.84806479395285,-0.905001838005464,5.07817865693438
0.350313794175602,9.79343018939687,11,9.28551649679387,0.676112443504845,11.2890624819237
0.974838809548323,12.7984031495237,15,13.1088547507569,0.892999917032599,12.3493648140676
0.542186521421854,10.7007794634483,11,10.4366744988731,1.10728115469359,13.3567565992508
0.0843121000412298,8.61210263649215,8,7.79795254918722,-0.534955254339783,6.23243438235537
1.20003226942447,13.8182529641196,12,14.4259031672426,0.703062615203599,11.4211144358142
2.14224392635334,17.1231150788978,17,18.7101533749435,2.48270744420852,17.9211739533859
0.689903424563252,11.4197673436278,13,11.3502760862493,1.08131962124426,13.2383931952713
0.661124142634688,11.2789757086061,13,11.1713098392479,1.11183727516485,13.3774079446965
-1.27367380203478,4.10839909828856,3,2.31140363353369,-1.31351299118481,4.00468493835428
0.436265108359709,10.1949677877889,12,9.79451392696971,1.02900997039974,12.9964891008192
0.942952040837891,12.6475571971144,13,12.9155027439034,0.858846408300399,12.1837208267149
0.0105404081033082,8.30197744559178,8,7.41118833532048,0.0329722362508799,8.35577012623401
-1.05940488151591,4.65666916778495,5,2.97650014277979,-0.976051047397003,4.87669571304574
0.395412418144569,10.0030210362639,12,9.55107546731345,0.0671761871669715,8.49773891858716
0.113082588281671,8.7351393654186,9,7.95189614790362,0.58664639385984,10.8530495866079
2.24310790183452,17.3843672760163,19,19.046667838779,2.4079476743784,17.7648041066747
-0.394073239845377,6.73795210157553,6,5.48953668893526,-0.754408021330373,5.52651326527873
-1.37681354780793,3.86388249307073,4,2.01329307283986,-1.22485557688457,4.22049550603331
0.891445774746704,12.4013236099028,13,12.6005366343259,0.986508668443563,12.7968345976317
-0.212557893029582,7.41106098451933,6,6.31082229962996,0.238998515751594,9.23615108350401
-0.857891113922375,5.22467640931622,4,3.66215732259976,-0.844303834047016,5.2553843357469
1.51122875858047,15.0755598701718,17,16.0683181766379,1.12733249341089,13.4473674520449
0.685570319141968,11.3985594839184,12,11.323314976473,0.862351827657452,12.2007644582173
0.261913582282046,9.3901319859496,9,8.77559603532694,0.811023922091496,11.9504295506728
-0.662071917378621,5.82782568396028,5,4.38895223032732,-1.10252764437533,4.53365761646363
-1.13893360395564,4.44665994880583,5,2.72221861837609,-1.76505613354188,3.0444393185278
0.897202094003892,12.4289842981877,12,12.6358816837968,1.49893963715309,14.9921719134843
-0.907549886324545,5.07982690976985,5,3.48751887590557,-1.07017287304897,4.61952780526292
-0.251912158863623,7.26120101671516,7,6.12727855252291,-0.395486367436747,6.71386635015714
0.35146314427188,9.79874040786916,10,9.29224075708283,0.370283454987092,9.82867163195553
-0.486273674932244,6.4136559045616,5,5.09637473921238,0.0305498755332994,8.3457783832977
-1.32969927217049,3.97405820069743,4,2.14774965936125,-0.325965140228302,6.96344974209538
-0.576789541551169,6.10672329338315,6,4.72538828645861,-0.528221948781382,6.25508892628747
-0.746122051946533,5.56263475722742,6,4.06937557386701,-1.42433653729303,3.7477777419232
-0.963607306025829,4.92017561982676,5,3.29489213116629,0.0857499150795791,8.57552639132629
-0.141711644149563,7.68634393535484,9,6.64911329961726,-0.220652473763921,7.35380375962322
-1.37678379330962,3.8639512751507,4,2.01337708511454,-1.26106401272104,4.13123822771075
0.929099812759547,12.5816286896815,14,12.831096043634,0.475476923489794,10.3201117177926
-0.526361920929624,6.27632648416635,5,4.9302702705079,-0.511750454254642,6.31075903826275
-0.200033995365855,7.45920906154042,7,6.36988341038815,-0.528831746833487,6.25303477935139
0.204976061905008,9.13592238176058,10,8.45514788846694,0.00948913308588747,8.25925507243919
0.438998152964124,10.2078764742454,11,9.8108919799469,0.495798162038837,10.416589783567
0.34792953278009,9.78241975586722,10,9.27157485091276,-0.0535526716847425,8.00397170084819
0.407675844952906,10.0604385251519,9,9.62387529416284,0.89073686267032,12.3384194489402
-0.327518180485404,6.9793992586401,7,5.7832449358653,-0.55712681633396,6.15825745812069
-0.429294868381407,6.61267390221558,7,5.33748852177516,-0.43564608508715,6.57260987677802
-0.444623452394682,6.55869087614146,6,5.27203711153093,-0.161691615219188,7.57886631162083
0.385829275912629,9.95827690260932,11,9.4943579320636,0.581064071407992,10.8260166172811
1.07015969037597,13.2405768918003,15,13.6776793424914,1.36687583032074,14.4722131299255
-0.228503757865176,7.35007691928596,7,6.23607973976337,0.0582697363292657,8.46061197706734
0.970930238291442,12.7799850095581,13,13.0852289700228,1.19127694970179,13.7314580267631
0.0354861585579683,8.4059817398686,8,7.54068694176708,-0.467137377431243,6.46333313553732
-0.974816678709588,4.88873826331558,5,3.25693956629047,-0.611454157262336,5.97922269585414
-0.00358144192013306,8.24349194229145,9,7.33846065674281,0.843016018975479,12.106646036454
0.519555729378459,10.5918293065567,11,10.2983008147363,0.314361575140364,9.57333800295726
0.235708960437935,9.27258424296499,9,8.62731230104168,0.631650646222452,11.0718054082147
2.08955386187822,16.978622653693,18,18.5250001077059,2.13964076622626,17.1059317442056
-0.318598245232924,7.01222916134589,6,5.82325365921462,-0.339610733787443,6.91395517657128
-0.989627423919786,4.84744776303783,5,3.20707945239489,0.0319963946228329,8.35174398445401
-1.07547214562939,4.61360818912396,3,2.92440367422991,-0.904739836722595,5.078933471437
-0.56901469690249,6.13264444636494,6,4.75668477276255,-1.57263567671478,3.42582442459037
-0.322082728158715,6.9993912377683,6,5.80760634368527,-0.662507479897136,5.81449287910529
-0.907549886324545,5.07982690976985,5,3.48751887590557,-1.05185589547215,4.66871277381644
1.23571522267965,13.9715223372356,14,14.6253596907065,1.8250749343639,16.1531868846788
-0.499623930826681,6.36767569280177,6,5.040737205523,-0.59817492312689,6.02262755359172
-0.181790001180175,7.52974373247246,9,6.45648655487798,-0.452832062442849,6.51281135907999
0.481717547451283,10.410683496031,11,10.0682901851031,0.246089795968217,9.26753477421651
-0.17148609606885,7.56978805820791,7,6.50569684851437,-0.602239509652013,6.00931745506605
1.39147494341308,14.6125696503377,14,15.4626249805829,0.884420164819743,12.3078443196916
0.181066078692768,9.03050453393383,10,8.32252857541643,-0.084725990532307,7.87977736604927
0.31561798348187,9.63392185285691,9,9.08364533437665,0.434855788739469,10.1286971741538
0.0430227463419767,8.43757713989934,9,7.58006924645411,-0.478958653241557,6.42264999738963
-1.10094547610096,4.54599760449557,5,2.84256365077895,-0.654406819989851,5.84040373137516
0.656675741478122,11.2572309368973,13,11.1436727961674,0.364259782986609,9.80096308394667
-0.103705504225921,7.83694521697423,9,6.83482600023545,-0.182470656444609,7.49901226553639
1.5298012973394,15.1451575838005,16,16.1592675127831,1.45141434834917,14.8085732589858
0.451132999007643,10.2652901052767,11,9.88374470744636,0.273649354244033,9.39018522452858
0.269632375323772,9.42493425805495,10,8.81953109234684,0.786168146840346,11.8287421975741
0.330338563671713,9.70140852072277,11,9.16902786199913,-0.145773304429319,7.64043764069843
-2.0207561184748,2.60000063099145,2,0.442170457452016,-1.84139950960656,2.9043058043674
1.23402049680181,13.9642972860868,15,14.6159494677986,1.14562029134496,13.5293810793608
0.123285565420375,8.77905320632492,9,8.00690688770502,-0.306838487875543,7.03324239825043
0.0604630957962275,8.51100074107078,8,7.67166311677475,0.260301391035611,9.33064670650204
-0.308115753045673,7.05095242467915,8,5.87046791496727,-0.601454109635506,6.01188768141257
0.567658005441861,10.8238895173559,11,10.5930555069451,0.314698541959432,9.57486363390594
-0.379607867884896,6.78990360191188,6,5.55265634564627,-0.148187302196452,7.63107820130036
-0.963607306025829,4.92017561982676,5,3.29489213116629,-1.09415104131047,4.55576601783222
0.0877381744273371,8.62669280136483,9,7.816193330796,0.36522523811215,9.80540083459252
-0.750335089629943,5.54959295862939,6,4.05366275125227,-1.21093121406242,4.25523481840288
0.410863014440675,10.075389722626,10,9.64283502314166,-0.167134469919089,7.55789268986104
1.24492484895604,14.0106904852204,15,14.6763870071061,1.66800794423578,15.6150848204875
0.184541379861816,9.04577754361597,9,8.34173213091072,0.328200530372539,9.63612450877127
-0.657493805331641,5.84254531432823,5,4.40669743968594,-0.563020065251827,6.13864950047918
-1.03082360609555,4.73406862840924,4,3.07009024134499,-1.73641741683856,3.0986360373842
0.798456782030504,11.9506902650865,13,12.0257655280727,0.990482903704459,12.8156137191096
-2.08749912982628,2.49378675960014,1,0.305265258676797,-2.67373355188388,1.75936610050201
0.920048222407788,12.5384267370283,14,12.775816503394,0.98360868317413,12.7831178659813
-0.493916647087639,6.38730225000266,5,5.06448303912864,-1.11346988316363,4.5049070398865
-0.0635342769176564,7.99834966266817,8,7.03437282669247,-0.645899374056537,5.8677078157396
-0.137457461081215,7.70309977781147,7,6.66975294579732,-0.718888185378796,5.63651842857815
-0.468941659749407,6.47371771793127,7,5.16908854207526,-0.339949791681137,6.91272851870354
0.0344481862872362,8.40163659588722,8,7.53527242824696,-0.193029419253044,7.45865923182762
-1.29723185232583,4.05146640003421,4,2.24208591753044,-1.61396065976759,3.34048390239286
0.521000451350211,10.5987716101251,10,10.307117323165,0.281555655785733,9.4255704947487
-0.763491266265739,5.50902042483584,5,4.00478132333002,-0.836309626675215,5.27907412406897
1.108603109354,13.4147265941676,13,13.9026279769168,1.20645670998445,13.7977843205359
0.185036825240707,9.04795626342141,9,8.34447184221042,-0.206822736221916,7.40617178755814
0.862139945267375,12.2600179293513,14,12.4201043588175,1.19956680886685,13.7677332325312
0.216371144771993,9.18644170971901,10,8.51876092587956,0.34457263806872,9.71074610900224
0.154484510411443,8.91424398498823,9,8.17646871503639,0.507319990817217,10.4714934095417
-1.51473338125866,3.5557146650821,3,1.63587282473237,-1.23390660293355,4.19803819553721
-0.750357636439219,5.5495232273418,6,4.05357873897759,-0.409941816244361,6.66277559401779
-0.19202010523688,7.49013443497836,7,6.40784190810659,0.155151633837537,8.8705350903793
-0.283211674823941,7.14356772024811,7,5.98349669585062,-1.12849560368974,4.46566525439148
-0.0527187689980353,8.04219633769464,9,7.08867297841003,-0.367699980583151,6.81285068190444
1.70400979785338,15.7705887009149,16,16.9734087882478,1.96952949118126,16.6127232100749
1.13207142316332,13.5197616974181,14,14.0385611312438,0.907750379563513,12.4205889874387
1.10011944157507,13.3765160452479,14,13.8532255583842,1.14179192873044,13.5122624811005
0.0675464557453888,8.54094473681247,8,7.70904700166866,0.314101089248468,9.57215875111903
-0.0624701745543167,8.00265623431075,8,7.03970439047921,0.507325770314781,10.4715209855956
0.191260833735996,9.07535544913874,10,8.37893214124061,0.233209947821399,9.21058606306975
0.228791646883973,9.24171122900087,10,8.58839644643951,0.420205703465202,10.06015744614
-0.625993834199148,5.94459863138904,5,4.52975759317327,0.116439720313408,8.70513216319196
0.761402182822292,11.7697270469828,10,11.7953823449662,0.782874851124267,11.8126038342553
0.260860248528323,9.38538898441685,10,8.76960950429172,0.646957615744815,11.1464950836833
-0.599696583877697,6.03083381130495,6,4.63379173958912,-0.706455762523098,5.6754082314593
-1.11463176830926,4.51000377479743,3,2.79897227394903,-1.00333469993227,4.80101278993126
1.15273471201172,13.6114188364656,14,14.1573395255206,1.14624717631491,13.5321816659398
-0.808824383063391,5.37099177931662,5,3.83848097601969,-0.76721875079073,5.48723907819095
-1.85036669241934,2.8918317439761,1,0.812436007576544,-1.61095225142063,3.34663281664264
0.768926148137382,11.8065105555944,12,11.8421962777381,0.98591202492197,12.7940134528547
2.12561399972298,17.0780934113683,18,18.6524130203089,2.13608809269485,17.0962027523793
0.482127788076088,10.4126401692404,12,10.0707742241702,0.16625403092683,8.91836801862498
1.17336187602511,13.7021337613494,14,14.2750399292564,0.968368361881448,12.7108469437444
1.65433563094083,15.5972104028528,16,16.7484264855449,1.72321219603082,15.8086377028535
0.779017166331554,11.8558162171952,14,11.9049583542936,0.958325136319109,12.6630562378261
0.0013770117708219,8.26399507808748,9,7.36394886268333,-0.0906829404449786,7.85619755692868
1.98825225437516,16.6860756308629,18,18.1508392783214,1.60298470511663,15.3809575586683
0.300937329630066,9.56689950762632,11,8.99889362672521,0.345176748690068,9.71350660629959
-1.56700470891376,3.44439952287702,2,1.49896762595715,-0.683259714356306,5.7485044774436
-0.438470117754442,6.58032202070335,7,5.29825900287977,-0.742635655416518,5.56279129071656
0.686024739575273,11.4007834647262,11,11.3261422245271,1.41155794412374,14.651580302858
-0.262187461126962,7.22243154338534,7,6.07986323684498,-0.397015679523702,6.7084481306517
2.38081267290759,17.7073646342656,18,19.4688399827547,2.8014126354002,18.4629682343578
-0.0527187689980353,8.04219633769464,9,7.08867297841003,-0.230243610902579,7.31763717126019
0.170742788586347,8.98523586997592,10,8.26563125652869,0.0116814527612358,8.26823266019031
0.029212907082936,8.37974405222015,9,7.50799759766623,-0.455217178405205,6.50454314769989
0.070705914569183,8.55432387811045,10,7.72575581356919,0.353355550791602,9.75092893634434
0.660147358817606,11.2742004895467,11,11.1652405833343,1.1771426593918,13.6693122140147
-0.125270473292377,7.75124205571381,8,6.72908554574137,0.309088102441308,9.5494828063456
-0.679296180732444,5.77270115012373,6,4.32250524321788,-1.27006925928291,4.10928002486407
-0.780765430549127,5.45610076923374,5,3.94102423731475,-0.751558057793927,5.53527933200567
-1.22786470198987,4.22097015813515,4,2.44830883230891,-1.70576661648886,3.15762975437583
-0.595450271966932,6.04484725229346,5,4.65070233739691,0.247090995959422,9.27197154533756
0.48211391399572,10.4125739930631,12,10.0706902118955,0.643115538818351,11.1277361663754
0.366472752697102,9.8682395617673,11,9.38026679515804,0.0170669484589404,8.29031500876874
1.33856779839225,14.3998818082909,14,15.1844370334576,1.38676892838657,14.55251487007
-0.0379839781424813,8.10219905671016,9,7.16304441044143,-0.159587441954583,7.58698537760408
-0.0907931146575089,7.88857664745599,7,6.89860092376194,-0.217458800466274,7.36587408729275
0.0105404081033082,8.30197744559178,8,7.41118833532048,0.168634529698306,8.92864703997378
-0.342137919914563,6.92583187542048,7,5.71800266382926,-0.493593597549707,6.37253842840166
-0.676280726041257,5.78232271265314,6,4.33410217476295,-0.795280032244525,5.40195145401397
-1.4081459667499,3.79200840682907,4,1.92545272278324,-1.35712495891797,3.90189667491218
-0.798312882185037,5.4027524622976,6,3.87674882912773,-0.842911682250979,5.25950390529757
0.0460823619251199,8.45042686935413,10,7.59609142458079,-0.358485353176001,6.84590232405369
0.902590910470086,12.4548487100931,13,12.6689393959316,1.60018163012935,15.3707137580846
0.100236698503388,8.68005941329524,8,7.88294614061711,0.620867681753378,11.019270036119
1.63560760043745,15.5308266788338,16,16.6621222918766,1.11461062003186,13.3899606638548
0.561211287779064,10.7926856000682,11,10.5534165194244,0.287140117769813,9.45061750975766
-1.34590066973624,3.93588537861995,4,2.10118976388594,-2.00649521308499,2.62260451408447
0.247024958174807,9.32323043422394,9,8.69117975579458,0.706036000393733,11.4356944762306
1.05926232833507,13.1907530773414,14,13.6134202804936,0.90506148263191,12.4076209186367
-0.239444385120283,7.30844213505241,6,6.18509234316209,-0.779633660362124,5.44938068806431
0.90619932811038,12.4721510427221,12,12.6910581638274,1.18275039265021,13.694012946076
0.472145650095906,10.3650772844855,10,10.0103953825833,0.299025198572026,9.50407009826506
-0.792176412219318,5.42136200259115,6,3.89917042756858,-0.0438708410513439,8.04281785019988
-0.963607306025829,4.92017561982676,5,3.29489213116629,-0.726484974235644,5.61285367200197
0.590797539375091,10.9361225494769,12,10.7356382134208,0.525646023641987,10.5591082866103
-1.37085928237328,3.87766670605134,4,2.0301276432024,-1.00279701481419,4.80249529149321
-0.764805598986439,5.50497989536542,6,3.99991335148702,-0.965890779047723,4.90511818559712
-0.0705491322417147,7.96999974370532,8,6.99928488931182,-0.0352110715702921,8.07767349631009
1.11293633374426,13.4341944508078,12,13.9278079261618,0.606699264467185,10.9503517795054
-0.712937515873127,5.66619577942564,5,4.19415390666562,-0.493101448066517,6.37421902008221
1.87541562348255,16.3386593471256,18,17.7058877791352,3.13179362274835,18.8491281906554
0.514677405925092,10.568401082599,10,10.2685484286785,0.129323896486699,8.75994379938695
-0.139112290944752,7.69657890024401,8,6.66171993480642,-0.192324932872356,7.46134690759783
0.290073577103185,9.5174854555981,11,8.93643759448505,0.340260536351312,9.69105639943755
1.1440666805181,13.5730644703346,15,14.107618293304,1.26595475078552,14.0535672817627
-0.2338952706545,7.32953835714885,7,6.21092342412732,0.39803150846333,9.9569355048685
-0.952517167680378,4.95143766934515,3,3.33262537908525,-0.939286529132275,4.9801570686693
0.306761900454845,9.59345688693135,11,9.03247083971769,0.47240651447523,10.3055751841659
0.0282176703539557,8.37558663735988,8,7.5028191425896,0.0614759341126034,8.47396421062236
1.02875262808542,13.0502260158249,13,13.4324095410759,0.840283774895326,12.0933268205357
0.890591616160131,12.3972163506958,13,12.5952890828139,0.645948140098056,11.1415656007439
-0.967736156741951,4.90857722871864,4,3.28089096289595,-0.270278013397493,7.16800983055634
0.43704220526535,10.1986373256279,10,9.79916962363109,0.564843007451712,10.7476082300986
-0.109430999966303,7.81412684532656,8,6.80665814457254,-0.268446627262904,7.17480763364747
-0.780765430549127,5.45610076923374,5,3.94102423731475,-1.08972501202807,4.56748237971471
-1.5060193158608,3.57456180476271,2,1.65901930643392,-1.17699645954094,4.34086779567552
-0.907549886324545,5.07982690976985,5,3.48751887590557,-0.65956424345901,5.82389725498159
0.11751587263653,8.75420227269979,9,7.97577202235771,-0.00898868273699016,8.18385576571248
0.584169293354397,10.9039384910382,13,10.6947493806821,0.460548434607582,10.2495372504116
0.0871955653356583,8.62438095722205,10,7.81330277614135,0.525936644609653,10.5605004800579
1.49213425726386,15.0034002353605,15,15.9739765590505,1.3536874520886,14.418578264243
-1.85036669241934,2.8918317439761,1,0.812436007576544,-1.26080348369062,4.13187491864574
-0.337159497225325,6.94403948262026,8,5.74017327039515,-0.439804413069211,6.5581052549602
0.921205736338582,12.5439565930762,13,12.7828909623053,1.4644466236107,14.8593048125861
-0.088202082929169,7.89896559295065,8,6.91143987372072,-0.131381305737286,7.69640262650609
0.173654671323018,8.99798969436196,10,8.28165803686666,-0.432842711574159,6.58240117735275
-0.296082162884402,7.09559535432615,7,5.92493191120192,-1.6213238555843,3.32547635659438
1.45390480771602,14.8570548855961,16,15.7825444980114,1.48098335545197,14.9232574152269
2.0448866024776,16.8519715903422,17,18.3629728038903,2.0505605630825,16.8544911957224
-0.448475576423383,6.54517604430181,6,5.25565716089988,-0.41265796684567,6.65320659073066
-0.157959644750174,7.62258381014311,9,6.57062589099676,-0.4207519000259,6.62474948828794
-0.441911240123191,6.56821878290311,7,5.28358635175795,0.645808360943207,11.1408830699148
0.951112853521127,12.686288166274,14,12.9651165954228,0.960607544205977,12.6739282721449
0.19472277397245,9.09061885143648,10,8.39813404103212,0.270691245265663,9.3769687614259
2.24310790183452,17.3843672760163,19,19.046667838779,1.91623207431418,16.4472929014786
0.281654420137412,9.47929852918198,10,8.88818990918348,0.637349418894211,11.099597545669
-0.494495022075684,6.38531124850684,7,5.06207396351235,-0.372690423762834,6.79499766182325
-0.646276477558618,5.87873205696343,5,4.4503266453386,-0.0640076163698345,7.96216951802661
-0.673469645121217,5.79130328806363,6,4.34492684165873,-0.609143976329626,5.98675725213966
-1.00430504575098,4.80680493860474,4,3.15798693239107,-0.814538806882367,5.34400486506826
1.58648896251686,15.3540507873214,17,16.4319103351856,1.32768740661221,14.3119025004931
-0.699235133304765,5.70939129084628,6,4.24620548371687,-0.700336660391409,5.69462306836108
1.5578123980327,15.2490384800905,16,16.2949211241357,1.29182800143663,14.1627112306913
1.17695443809578,13.7178526563381,15,14.2954490166845,1.28065026218999,14.1157137498727
0.924917258977596,12.5616776202288,12,12.8055644550918,-0.0249493546509018,8.11911206035933
1.85336023876078,16.2682300577116,17,17.6154544530976,1.49927212641434,14.9934428298067
-0.728635231743337,5.61702192693697,6,4.13490336372647,-0.51455378719273,6.30125920936055
1.83252190931525,16.2009515369829,18,17.5289738570106,1.55727712252782,15.212342509911
-0.13461870640396,7.71429494596059,6,6.68354617279562,-0.400026425953523,6.69779036523174
0.0369053106157397,8.41192504710316,9,7.5480935340957,0.213940098740549,9.12582705471956
-0.6992130833791,5.70946100592964,6,4.24628949599155,-1.39819328118847,3.80711048926906
-1.1668198079272,4.37486254969022,4,2.63515849415062,-1.41441635682564,3.7702000272166
-0.719575211302109,5.64536229175479,6,4.16905065500731,-0.688707118299018,5.73127557057022
-0.179859890365757,7.53723336478198,8,6.46568812516505,0.16966520207296,8.93310001717019
-1.30036830711628,4.04393527928287,2,2.23291241087701,-0.982813201725856,4.85785103088409
-0.535288740810117,6.24604796915706,7,4.89367398381245,-0.810322559460417,5.3566500739708
-2.24462449171262,2.261326975895,0,0,-2.16678098103295,2.37639909511893
0.174113043752691,8.9999984102801,10,8.28418247465847,0.0692576347721953,8.50643173487232
-0.760853788498874,5.51713556423591,6,4.01455833132362,-0.968945062856753,4.89656044997147
0.249825508378841,9.33579162119048,9,8.70702517614537,-0.21385976568158,7.3794929451426
0.488215227176717,10.4416940965631,11,10.1076601053343,0.517464710484857,10.5199514908111
0.552353219113109,10.7498592904057,13,10.4990156240597,0.660680230055443,11.2135537380811
-0.646323250496596,5.87858081315734,7,4.45014428191876,-0.279316756177771,7.13452530698447
-1.29737022930403,4.05113389424169,3,2.24168091929929,-1.73512355012431,3.10110564742082
-1.00430504575098,4.80680493860474,4,3.15798693239107,-0.936764731713288,4.98731629697696
-0.997037973156786,4.82689336491514,4,3.18225361722877,-1.16915395389708,4.36085470132989
1.10845040158234,13.4140399179657,13,13.9017399447433,1.11841284405508,13.4071481760261
0.0619094845003221,8.51710938483718,8,7.67928813202078,0.43461743384383,10.1275798969202
-1.22786470198987,4.22097015813515,4,2.44830883230891,-1.47388203921639,3.63746403007233
-0.676280726041257,5.78232271265314,6,4.33410217476295,-0.643331167732985,5.87596884907281
-0.639092752712425,5.90199656654157,5,4.47837944020158,-1.04174893040799,4.69602972870683
-0.907549886324545,5.07982690976985,5,3.48751887590557,-1.03052644525055,4.72651009189849
-0.850311959681116,5.24706914348087,6,3.68914694963632,-0.843530034557434,5.25767380881779
-0.0493750407533498,8.05578557973699,9,7.10550998491472,0.306150201393323,9.53620972629462
-1.02531502473654,4.74910448699186,4,3.08826421815667,-0.954118088308696,4.93821369601233
0.195792314060787,9.0953377319092,9,8.40407126645188,0.450202469329732,10.2007810019199
1.17581010740071,13.7128483579398,14,14.288951089295,1.08861079531059,13.2717521128696
0.404543591412183,10.0457564753337,9,9.60525807488026,0.256436264709367,9.31345365375072
-2.17266623243538,2.3647560111748,1,0.136905198775219,-3.29366531671163,1.2660566740041
0.00994865009593088,8.29952100246561,9,7.40813233580208,-0.397759023988942,6.70581564414875
-1.00430504575098,4.80680493860474,4,3.15798693239107,-1.43565556489666,3.72233048472213
-0.348756995282372,6.90167754619813,7,5.68859932855743,-0.350478866310839,6.87471206860985
0.953157991839457,12.6959812040642,13,12.977536515715,1.13246061257607,13.4704259875053
1.54258343236806,15.1927221008386,15,16.2213956006689,1.51217749433267,15.0426290226403
-0.204113630888587,7.4435006431986,6,6.35060966463675,-0.0953196417806114,7.83787759169526
-0.227865498586149,7.3525110281375,8,6.2390616462578,0.265221671333446,9.35256411760708
0.000866843103847364,8.26188392702193,10,7.36132402422793,0.42630980049258,10.0886824597524
0.393463773243786,9.99391383084704,10,9.53953019465029,0.0280188624584728,8.33534730203671
0.127947403642658,8.79916673399681,8,8.03211432415393,0.171127604748475,8.93942088258461
-1.22786470198987,4.22097015813515,4,2.44830883230891,-0.686366472299357,5.73867377554273
-0.872210746463372,5.18257543805878,4,3.61140828152557,-1.39973163484845,3.80359754634189
-1.22786470198987,4.22097015813515,4,2.44830883230891,-1.45827050898744,3.67192340044765
0.484597298348529,10.4244221886137,11,10.0857319877934,0.420519069083139,10.0616206867771
-0.459460451098805,6.5067496314661,6,5.20909726542457,-0.145812943305792,7.64028389054431
1.29616215422797,14.2256776486342,15,14.9568264306168,0.953151674979217,12.6383890254758
-0.513926655919195,6.31868829457138,7,4.98148666258385,-0.249196642735372,7.24653248950156
-0.689966474160948,5.73875397211044,6,4.28159115864969,-1.37540496553249,3.85946685145897
0.12822527095731,8.80036656149275,10,8.03361823941617,0.119774665629371,8.71929687134073
-1.27367380203478,4.10839909828856,3,2.31140363353369,-2.07371411851707,2.51613494621454
-1.65278746848705,3.26811971832073,3,1.28137677510827,-1.14680324881874,4.41822337334882
-1.33133146755819,3.97019886242812,3,2.14304357363211,-1.99230559017474,2.64568249485646
2.04059164501052,16.8395965464611,17,18.3471477616321,1.87499212025819,16.3159462399831
2.46069680797067,17.8767134276798,19,19.6947347413232,2.09219961502151,16.9739475286559
0.00478816449078978,8.27812041167918,8,7.38151347794728,-0.584648639269885,6.06707701580351
0.883816806065543,12.3646143974145,13,12.5536425273324,0.870048567072144,12.2381544745895
0.927216617284374,12.5726482223933,14,12.8196030100068,1.13212551072653,13.4689206496116
0.381973139513257,9.94030357462046,10,9.47157857685317,0.564805608219498,10.7474277080082
-0.963607306025829,4.92017561982676,5,3.29489213116629,-1.75838471596236,3.05698487395058
0.104932324708175,8.7001660418243,9,7.90810964129084,-0.18027566980259,7.50741993891534
-1.68304390472208,3.20782295623683,2,1.20669082604658,-2.01051373230993,2.61610714941049
-0.219124608193143,7.38590358605452,8,6.27998058618755,0.0513393029539013,8.43179985651811
-1.60784328261289,3.35949177181042,2,1.39429270553799,-1.56539366901016,3.44097492739552
-1.60784328261289,3.35949177181042,2,1.39429270553799,-1.32925067902135,3.96733863341256
0.390988270600779,9.98235082762231,11,9.52487242023031,-0.0111091128873942,8.17523384971666
-0.841048411094334,5.2745414664775,6,3.72225650544404,-0.944091282432353,4.96653890861419
1.11675829443409,13.4513376704204,14,13.9499867258094,0.997879949061265,12.8505078272111
0.00796423314135591,8.29128712976666,7,7.3978896561728,-0.270873119793801,7.16580186117814
-1.66358313904703,3.24649362296585,3,1.25460646502856,-1.6833782268321,3.2013691615362
2.14295326882313,17.1250233902806,18,18.7126019871973,2.40354905428137,17.7552351358792
-0.963260592707685,4.9211505732137,5,3.29606901218813,-0.243832243479221,7.26660870308119
0.175333061228054,9.00534629788059,9,8.2909036996301,0.414580699525431,10.0339130654824
-0.63374105305786,5.91937379581776,6,4.49933515306773,-0.418049517608262,6.63424104586983
-0.294507635287016,7.10145164512845,8,5.93207911250519,-0.384457788471368,6.75303134544844
-0.986175373211903,4.85704655362624,4,3.21867171318243,-1.26683307181936,4.1171600799535
-0.646276477558618,5.87873205696343,5,4.4503266453386,-0.247010055257652,7.2547111045436
0.835665207585799,12.1317488348198,12,12.2564878083311,0.844408289127712,12.1134313244657
-0.949930714116203,4.95875144138843,5,3.3414520266416,-0.976915906692449,4.87428233387328
-0.481968009356309,6.42853780624573,6,5.11438751864075,0.323163122144654,9.61323927449776
1.014666944391,12.9848509742444,15,13.3483144149982,0.424729943033094,10.0812951336861
-0.22590559216477,7.35998904394372,7,6.24822329674655,0.134681422543099,8.7828055711092
0.931088532753175,12.5911078843477,14,12.8432284796008,0.751067590030489,11.6566197028254
0.258189541286363,9.37336992632153,9,8.7544404918233,0.392930484024303,9.93328006377243
-0.774053983560279,5.47661392019405,6,3.96573838892097,-0.907428630955951,5.07119131506783
0.639087706649545,11.1713186830497,12,11.0344886527474,0.460191963781431,10.247855228232
0.768856985593511,11.8061725061897,12,11.84176601424,0.836257275004393,12.0736900788073
0.286815206787584,9.50269520080297,10,8.91774878561421,0.965492329561669,12.6971744410484
0.449848483893777,10.2592051440849,10,9.87602280833655,0.166508310096776,8.91946561123667
0.801821788138066,11.9670959567861,11,12.0466614213511,1.45060688831961,14.8054203262817
0.549934183754932,10.7381741365115,12,10.4841728182976,0.437537380597403,10.141271854279
-0.923029321388687,5.03533422266044,5,3.43385348841501,-0.80794289112455,5.36379717954238
2.1542059329858,17.1551631815325,19,18.7512894927051,1.59668256959042,15.3579088507107
-0.256459118421507,7.24402670305484,6,6.10627084585451,-0.916048073451768,5.04643423817239
0.240705894038746,9.29492708763197,10,8.65548366072693,0.22036483397501,9.15402732951109
0.000374496225700867,8.2598468754306,9,7.35879139969942,0.133990406361123,8.77985454214855
-0.6905390232797,5.73693679049769,5,4.27940115132844,-0.577511478110605,6.09062732962659
-0.446054111334886,6.55366913406261,6,5.26595049183595,-0.316601538571508,6.99755634755569
-0.581319711410686,6.09165806855487,7,4.70720144972935,-0.356064221603188,6.85460530154285
-0.456512949049409,6.51704392291886,7,5.22156864279939,-0.141012591492254,7.65891894320495
-0.746205859137573,5.56237509266826,5,4.06906272747415,-0.634431325045127,5.90466314207907
0.406249229777689,10.0537500220388,10,9.6153939497318,0.397716167617396,9.95547216036931
0.19472277397245,9.09061885143648,10,8.39813404103212,0.286835910792774,9.44925196804391
-0.184784342817222,7.51813484579115,8,6.44222635523127,-0.581400011972246,6.07778816263103
0.836317583086007,12.1349157397548,14,12.2605256672557,0.535908208203222,10.6083190626058
0.71929585053164,11.5636660699263,12,11.5332446149554,0.36765281624387,9.81656483837374
0.0271022478623515,8.37092883969608,8,7.49701781631611,-0.0220406228466916,8.13088470177423
-1.49084129163447,3.60758843621336,3,1.69955796421478,-1.73769131660351,3.09620631892102
1.50690186977917,15.0592622777069,16,16.0470143030728,1.6049371750306,15.3880854160369
0.207234297933062,9.14591984779118,9,8.46773360947996,0.252124433162226,9.2942986654805
-0.292113055032638,7.11036469845858,6,5.94295803806976,-0.299330957606278,7.06077053707984
0.300332505513853,9.56414434701013,9,8.99541061552244,0.403844639537923,9.9839346127521
-0.60532206748356,6.01230692650324,6,4.61143672008496,-0.698190384076218,5.70137419995113
-1.33133146755819,3.97019886242812,3,2.14304357363211,-1.71338025915523,3.14288008207815
0.677180436596164,11.3575046122989,11,11.2711258514997,0.682895792612261,11.3222802853419
0.67248980216536,11.3345573136792,12,11.2419568152211,0.328503297125832,9.63750111626258
-0.787279263241338,5.43624921979564,3,3.9171069155021,-1.04211389648545,4.69504110133651
0.858844691547281,12.2440820946017,12,12.3997687616275,1.05235715630669,13.1050038814944
-2.08749912982628,2.49378675960014,1,0.305265258676797,-2.66363720122515,1.76950424973355
0.613186290694988,11.0450217134938,11,10.8740009828133,0.308709261359804,9.54777056964902
0.0919357278383491,8.64459100675087,9,7.83857521924276,-0.164672809926565,7.56737351933683
1.38633957247041,14.592148906324,14,15.4359063677019,1.37980116334458,14.5244700941991
0.227659795921659,9.23666585871818,8,8.58203790953558,0.0621324889819654,8.47670023405721
1.21339761569198,13.8759423031618,15,14.5009346878249,1.28000935271186,14.1130118751986
2.20122100604002,17.2783641081685,18,18.9097626400037,2.40139237031959,17.7505283235696
0.649799607758152,11.2236306325818,11,11.1009693618822,0.768045411349594,11.7399014446558
1.17158480304429,13.6943494874136,15,14.2649345285178,1.66714533627465,15.6120225008335
-0.611428608939801,5.99224475645568,6,4.58723184411381,-0.142922886381252,7.65149937855246
1.37413971206814,14.5434447082564,15,15.3721874633561,1.26161251501267,14.0351261945085
0.593450991963069,10.9490141279208,12,10.7520169280122,0.656843345816079,11.1947952367694
0.296206370529147,9.54536141666709,9,8.97166776476662,0.403797539621931,9.98371568078639
-0.704658964757846,5.69226279145727,4,4.22556467531562,-0.397055367105628,6.70830756222297
-1.12313056143726,4.48776884421053,5,2.77203602164062,-1.55630989370537,3.46006089485535
-0.487131800602476,6.41069298411971,7,5.09278878257425,-0.457524046255034,6.49655332561727
0.531724026644373,10.6503574172663,12,10.3726326001095,0.423184375437139,10.0740711853678
1.09714565945107,13.363092181366,14,13.8358759913839,1.11969675303623,13.4129461429295
0.134636705433995,8.82808126409319,8,8.06836394780956,0.124337968753395,8.73870460661909
1.07622690417111,13.2682303538453,14,13.713363474834,0.680051005289467,11.3083476286711
0.0543268589426924,8.48511809014536,9,7.63936342094614,-0.0824292012121925,7.88888196660228
-0.516513662810752,6.30985785642134,6,4.97080892828876,-0.0253474155414748,8.11750188807642
1.76872010978482,15.990585975814,16,17.2579328378598,1.48885028470428,14.9535172520395
0.081456828482932,8.59995596878036,10,7.78276966100401,0.750114007514245,11.6519411452651
0.176646770666465,9.01110720449371,10,8.29814450941692,0.276186789649234,9.40153206201631
1.69658812934239,15.7449331055931,17,16.9401574974055,2.20007259428899,17.2675054748507
-1.14421144781873,4.43299863203764,4,2.70565845200373,-1.47211317686872,3.64135462267321
-0.180371536217073,7.53524745409635,7,6.46324817857426,-0.406754423262643,6.67401722787871
0.810550774390447,12.0096265173259,12,12.1008411132701,1.33411344955478,14.3383843286676
-0.72593634615633,5.62545264656435,4,4.1450613866618,-0.798377723297904,5.39259876869997
-0.080381571183438,7.93038024631507,7,6.95027638158268,0.223224745399456,9.16659944790599
-0.529208829696547,6.26665824262357,6,4.9185837111798,-0.285218684309964,7.1127203011987
-0.989652461013775,4.84737820040116,5,3.20699544012021,-0.766833788026263,5.48841617703866
-0.311030775298444,7.04016862646306,6,5.85731693822077,-0.0954304731228968,7.83744005046252
-0.324675439684606,6.98984990435418,7,5.79597882863389,-0.0924925774958742,7.84904402114446
0.506367054280471,10.5285394024781,12,10.2179292766469,0.732563548265695,11.5658271821449
0.0375674558901215,8.41469904190056,9,7.55155074217474,0.192579250254444,9.03249286985467
-0.611131323494095,5.99322026403962,6,4.58840872513565,-0.187215757118795,7.48085895689218
-0.597395087579591,6.03842601528931,5,4.64295339007788,-0.562341987776659,6.14090327576413
0.704960566863331,11.493478528425,12,11.443992842386,0.783018261034233,11.8133066573559
-0.52013465699296,6.29751353539755,6,4.95588358379903,-0.847874677883446,5.24482906749246
0.0132227983347691,8.3131185334431,8,7.42505018974358,0.403803058393609,9.98374133324264
-0.305697233991697,7.05990849915051,6,5.88139148061282,-0.730383555383015,5.60073826080036
-0.529582286724466,6.26539079321134,7,4.91705174147155,-0.230196449878792,7.31781470451896
1.11636407269475,13.4495706113167,13,13.9477003772141,0.903810007968357,12.4015828670968
0.22204681750189,9.21167131544813,9,8.5505431286109,0.754463829683299,11.6732820572176
-1.22786470198987,4.22097015813515,4,2.44830883230891,-2.36427383840285,2.10831472741211
0.27125465348047,9.43225895208582,10,8.82877975374898,-0.159263314463925,7.58823657632201
-0.555250757419669,6.17873673069259,7,4.81234935906356,-1.16737546150688,4.3653975583954
1.5093241609894,15.0683899331253,14,16.0589460625974,1.51344873856459,15.0474590029434
0.266077829424312,9.40889763812519,10,8.79928436166492,0.247095611461472,9.27199200203403
-1.18207237019661,4.33599160268591,3,2.58799507281834,-1.13727958678127,4.44285192394039
-0.080381571183438,7.93038024631507,7,6.95027638158268,-0.292863070868901,7.0845469296752
-0.25733248022226,7.24073125587871,7,6.10224045975726,-0.303678174069742,7.04482126815776
-0.45372868988157,6.52677914409655,6,5.23336395026228,-0.715495709595434,5.64711051244054
-1.04297207651563,4.70104438028767,5,3.03016553027035,-1.05336137999532,4.66465459380554
0.474638120945317,10.3769440340607,11,10.0254590086303,0.867135004912954,12.2240059784578
0.567489671046945,10.8230743584145,13,10.5920199764107,0.389249551396904,9.91623132948962
1.2190597913069,13.9002807550667,15,14.5326051504339,1.03465173267233,13.0227896029014
0.407718634397018,10.0606391746639,11,9.624129731249,0.70634926473444,11.4372306699288
1.20404059100262,13.8355894934979,14,14.448445768582,1.35358903626478,14.4181768249809
0.601984266670704,10.99050017481,11,10.80472627026,-0.326305883314842,6.96221079943046
1.62013126673968,15.4755464141212,16,16.5901900921174,1.7227253913321,15.8069517743483
-0.794155746548788,5.4153539581351,4,3.89193171731093,-0.896445378590057,5.10287455850324
0.790743617935948,11.9130657132349,12,11.9778498890908,1.06451977588691,13.1611887436316
-0.882110626440182,5.15362655919785,5,3.57650843569881,-1.18708937190637,4.31525450687591
1.23516259934627,13.9691669582403,16,14.6222918589477,1.17258002593767,13.6491717564012
0.829279067515981,12.1007327160375,13,12.2169461334341,1.74737258775988,15.8918440481502
-0.174156403629852,7.55939598810018,7,6.49292303594746,-0.228267861075964,7.3250772619512
-1.22786470198987,4.22097015813515,4,2.44830883230891,-1.5969287532732,3.37542757256359
1.03166302070722,13.0636954508481,13,13.4497447716387,1.21533965443331,13.8363965508618
0.95343959616537,12.6973154650548,15,12.9792462397009,1.74837234155883,15.8952673550513
-0.362812004777727,6.85059094962526,7,5.62644188771048,-0.549649868181376,6.1832002034727
0.133972715573278,8.8252083482321,9,8.06476158215095,-0.339005229496526,6.91614617576401
-1.04297207651563,4.70104438028767,5,3.03016553027035,-1.38055905034656,3.84757315892642
-0.96578179474229,4.9140645118688,5,3.28751514996517,-1.61307455427446,3.34229398322669
-0.456316359643635,6.51773094925495,8,5.22240101242303,-0.0806739661402842,7.89584471869461
-0.613292943565884,5.98612991521459,6,4.57985486291269,-0.760789101231072,5.50692410111061
-0.750357636439219,5.5495232273418,6,4.05357873897759,-0.939234158902624,4.98030566281494
0.245945173479526,9.31839017604713,10,8.68507450582545,-0.0367846719034683,8.07133199074104
-0.63374105305786,5.91937379581776,6,4.49933515306773,-1.49915123848734,3.58226946782143
-0.423646710359743,6.6326474323567,7,5.36171528681454,-0.282529671894297,7.12264922956661
-0.339051183361084,6.9371169292598,8,5.73174334024519,-1.18921437773526,4.30987736190816
0.411153561003807,10.0767532800424,11,9.64456422126978,0.198877400483286,9.05994398274827
0.303262570301049,9.57749618745574,10,9.01229043482217,-0.384102936661477,6.75429418050607
-1.02045910821771,4.76239071437175,4,3.1043215449005,-1.35703882915239,3.90209750270298
0.10438662310641,8.69782775210107,9,7.90518289058923,0.34460363309377,9.71088772930846
0.277072338779197,9.4585552744687,10,8.86198842794999,0.560265495091896,10.7255220993715
-1.02580363431916,4.74776925973628,5,3.08665040771735,-0.348135032058216,6.88316200369568
0.144602785722872,8.8712765097001,9,8.12254363972852,0.209064291662029,9.10446503209906
2.04086878406129,16.8403960981754,18,18.348170197856,1.35948484885439,14.4421945318984
0.0975448619021426,8.66854705035505,8,7.8685416809557,0.689802531856158,11.3561170324392
0.618791186999726,11.0723255666329,11,10.9086945513963,-0.0692233457576724,7.94137193523606
0.185470767851238,9.04986480595554,10,8.3468718690029,-0.019277103818158,8.14208054754726
-1.37934899131089,3.85802511454117,2,2.00613837485689,-1.4886269781957,3.6051699088843
-1.24057495375992,4.18948773174309,3,2.41004097920087,-0.994466546631109,4.82551017363771
0.582357190429054,10.8951444321428,10,10.6835770364466,0.0227648994523228,8.31372289980761
0.259911195439234,9.38111682836825,10,8.76421749981689,-0.234746096046012,7.30070177531827
-1.41281704731487,3.78138808400844,3,1.91246426401701,-1.35349082781952,3.910377778373
1.59185452945597,15.373550501847,16,16.4573300134367,1.16350549804077,13.6090001541661
0.816460168684821,12.0383958301485,13,12.1374976869272,0.933290733538917,12.5433939942103
0.38448828713576,9.95202455894993,10,9.48643348714163,0.788606145509653,11.8406873045286
-0.656031204484056,5.84725390612875,5,4.41237408046278,-0.884304972988802,5.13807441013857
0.891445774746704,12.4013236099028,13,12.6005366343259,0.598556085579484,10.9108033616698
0.733444499858392,11.6329336681952,13,11.6213431074044,0.143369462488862,8.81996672978149
0.204808871891234,9.1351824935009,9,8.45421650741486,0.0614810169025183,8.47398538949574
1.05113558313673,13.1534686611603,14,13.5653618291743,0.753547917878404,11.6687885853862
0.264851495088071,9.40336888510627,11,8.79230484722747,0.281893928355807,9.4270864349947
-0.874381349619984,5.17621721994898,4,3.60374334648122,-1.11346156205073,4.50492884791447
-0.64566157332361,5.88072067315971,6,4.45272444605731,-0.314739833420709,7.00435147199286
0.897396042178595,12.4299156945698,12,12.6370719815355,0.493143125635258,10.4039584690828
-0.83474341777556,5.29330469991126,5,3.74486849560039,-0.631999242746111,5.91252248453496
0.631782415946486,11.1356679593124,13,10.9891843551576,1.3926532150618,14.576130398307
0.0735321643603483,8.56630398823083,9,7.74072027883498,-0.0696667322694713,7.93960567775033
-0.0637525652549576,7.99746641762931,8,7.0332794103407,-0.0278056621896346,8.1075630741245
0.211205932634679,9.16351984605843,8,8.48989359686033,0.220359627429242,9.15400445231813
0.293786385509575,9.53435567456159,9,8.95775750896353,-0.294938684516239,7.07691074276644
1.64568921768611,15.5666316047636,16,16.7086821873519,1.47162432701057,14.8871207758932
-1.13808010399792,4.44887236895604,4,2.72490027159356,-0.722346336579935,5.62573665993389
0.525423044727321,10.6200346588543,9,10.3341213208033,0.330550658375286,9.64681330513748
-0.22976339841067,7.34527475112779,8,6.23019716987872,-0.253856842984322,7.22912310873248
0.690152521061215,11.4209865930653,12,11.3518261270311,0.811475698086735,11.9526391192742
-1.0670472863364,4.6361469459684,4,2.95167430761367,-1.38631004128355,3.83433803559181
-0.962551035154038,4.92314632213331,3,3.29847808780442,-0.429580004998587,6.5938098502528
1.14804855465402,13.5907005803358,15,14.1304779419964,1.2707211404344,14.0737687184851
0.0812759423465946,8.59918684627721,8,7.78180837837745,-0.166878650186272,7.55887756973636
-0.886775977103064,5.1400288884605,4,3.56011414082856,-1.38140268883367,3.84562926392381
-1.27367380203478,4.10839909828856,3,2.31140363353369,-1.61412908651561,3.34013994884807
-0.270408947000533,7.19151808369193,5,6.04207557902755,-0.38180828118496,6.76246435390693
0.0933019693856774,8.650421985932,9,7.8458681881692,-0.672366676588257,5.78307248623203
-0.0654215491335349,7.99071555686076,9,7.02492268398622,0.309434474301063,9.55104846863603
1.65707860726085,15.6068863308762,17,16.7609987642728,1.42364838660773,14.6994998784024
-0.0705491322417147,7.96999974370532,8,6.99928488931182,0.161441484704271,8.89761221610767
-0.127243250708343,7.74343473647308,7,6.71946028944094,0.0485554270414317,8.42024548175817
0.259911195439234,9.38111682836825,10,8.76421749981689,0.198545818003704,9.05849732813078
-0.912726798899335,5.06491213409447,4,3.46953057786047,-0.778862488138433,5.45172652685613
-0.835918765290737,5.28980295453425,5,3.74064854525644,-1.82741494526125,2.92950477001653
0.621894772152673,11.0874509920789,12,10.9279140675748,0.528874200958206,10.5745773140516
-0.822528836011131,5.329804326159,6,3.78885213808165,-0.0552134164491256,7.99732140191504
-0.947249198350968,4.966343142116,4,3.35061367713035,-0.761510388226026,5.50471314701468
0.818220659349918,12.0469627722066,13,12.1484144881831,0.904680233665507,12.4057816493863
0.491888459694427,10.4592430183272,11,10.1299407548347,0.799274461289072,11.8929351354586
2.42865033166183,17.8103585777554,19,19.60574518153,2.59491231235562,18.1341397943857
1.32132187830903,14.3294392718818,16,15.0923654631743,0.712722864769858,11.4684893280785
-0.535288740810117,6.24604796915706,7,4.89367398381245,-0.339126833814022,6.91570611503674
0.815292976607978,12.0327150260428,11,12.1302589766695,0.683306321680112,11.3242911072611
-0.611428608939801,5.99224475645568,6,4.58723184411381,-1.34741106360548,3.92460045250283
1.59587553214641,15.3881331825366,17,16.4763359833909,2.07308270894606,16.9195171076679
0.0925811919405662,8.64734545240813,9,7.84202020394316,0.303643912246179,9.52489617630432
1.50690186977917,15.0592622777069,16,16.0470143030728,1.16414543822354,13.6118380641062
0.987463818711435,12.8577513141515,13,13.1850181707428,1.1906939325691,13.728901985706
0.498645385045362,10.4915580374455,11,10.1709710101724,0.437662259042861,10.141857658258
-0.836143020118699,5.28913503373639,5,3.73984363035251,-0.108298978429693,7.78675239581534
0.134668614980688,8.82821934424787,9,8.06853709086512,-0.618081197381107,5.9576475841696
-0.122158330697114,7.76356963940265,8,6.74428612460706,-0.292264265206751,7.08675100693942
0.26727672206079,9.41430463544948,9,8.80611052349365,0.309429143942042,9.55102437319523
-0.637520959354007,5.90709620416827,5,4.48452906989347,-0.446809681568404,6.53372185154758
-0.237631990392613,7.31532760252101,6,6.19352227331205,-0.751177645950304,5.53645021759995
0.860589068283991,12.2525190013349,12,12.4105347280421,0.429229876698657,10.1023448199246
0.613293943899915,11.045545991536,11,10.8746671459431,0.397673892492378,9.95527599179951
-0.459480319443463,6.50668028119044,6,5.20901325314989,0.0167800433212434,8.28913757358458
-1.18207237019661,4.33599160268591,3,2.58799507281834,-1.36697050558254,3.8789963052749
0.160707560014628,8.94137322674842,10,8.21053216154071,0.630862536701082,11.0679633512959
1.69145951812426,15.7271533383878,17,16.9171053625818,0.997871586685945,12.8504684228261
0.543400483436474,10.7066356352322,11,10.4441127992222,0.522481061043473,10.5439523199517
-0.819925309786778,5.3376097780195,5,3.79825760647105,-0.978176812784801,4.87076547357548
-0.283202926104252,7.14360040850176,7,5.98353661564894,-0.0876033111671912,7.86838176516034
0.385050786388882,9.95464694057289,11,9.48975715700229,0.703435691015836,11.4229437246756
-0.421862601512118,6.63896577427152,7,5.36938022185889,0.124704151438885,8.74026327226108
0.161154403191056,8.94332331853974,8,8.21298115695533,0.679593179779654,11.3061056219553
1.21279112984947,13.8733317860445,15,14.4975382885858,1.48974044193473,14.9569345838078
0.868946705724544,12.2929067387436,13,12.4620813947689,0.874150185467727,12.2580609876179
0.0767969827493081,8.58015722143019,9,7.75802783811258,0.136582474499183,8.79092766191267
-0.513926655919195,6.31868829457138,7,4.98148666258385,-0.103140837187873,7.8070424405875
-0.469287389664253,6.4725155710181,5,5.16763273850177,0.0188357681361842,8.29757665477457
-0.241137596668483,7.30201363094942,7,6.17722267869317,-0.0671439868852996,7.94965881482007
1.57424506211409,15.3093784386504,15,16.3736541199061,2.19685746243404,17.2590977302732
-1.63307571647015,3.30792767107687,2,1.33060756605557,-1.45038165511408,3.6894412734158
1.50638807254148,15.0573249182943,15,16.0444816785443,1.95189600567826,16.5585395573619
0.361647963986399,9.84586865354348,10,9.35192831515888,0.386660434507953,9.90425017143829
0.0365040000927502,8.41024409754401,9,7.54599865276003,-0.726858522241615,5.61169196331324
0.303103055438589,9.57676901240233,10,9.01137107007401,0.33111080027614,9.64936205700316
0.34064075654609,9.74880508028718,9,9.22901738446144,0.34752259376673,9.72423073650301
-0.0477472358915219,8.06240688027051,8,7.11371510791098,0.0850973178109283,8.57278498134947
1.22453800292875,13.9237709186589,13,14.5631803321358,1.59913515471601,15.3668862065742
-0.780788278730827,5.45603103800729,5,3.94094022504007,-0.646694352403609,5.86515238822716
-0.295437160849703,7.09799395172465,8,5.92785916216124,-0.493468634391751,6.37296512231907
-1.55458465336566,3.4705796687714,3,1.53119790431321,-1.36668971355115,3.87964786948808
0.206819364524245,9.14408236115742,10,8.46542030522687,0.654455872841219,11.1831262112935
-1.0553743385916,4.66752188486601,4,2.98962687248949,-1.4375757950833,3.71802789865029
-0.543224907134041,6.21922179920844,6,4.86125784928989,-0.544277420668692,6.20116769413923
0.574369142438135,10.8564040942823,11,10.6343608670606,0.336139006388065,9.67226075603664
-0.907549886324545,5.07982690976985,5,3.48751887590557,-1.04820179971297,4.6785744091826
-0.150686469982665,7.65107894846336,9,6.60569275284479,-0.48387959337236,6.40576873258805
-1.25779560467367,4.14713810552048,4,2.35853938358075,-0.869160836063754,5.18224660623673
1.53458508412502,15.1629906826469,16,16.1825637583414,1.84117241470216,16.2061191735028
0.717750580371111,11.556100231457,11,11.5236229848963,0.943984091326198,12.5945979260833
-1.38559385303136,3.84362930358397,3,1.98855124994842,-0.75150286971568,5.53544918609802
-0.0353139497272895,8.11310486380438,9,7.17656966945611,-0.222422701378849,7.34711919701436
1.8006137721849,16.0965638485713,18,17.3946012827639,1.48388323309252,14.934423934995
-1.74206321032398,3.09300117986567,2,1.06403587876278,-2.47797828759057,1.97056123571434
0.57164025186924,10.8431792630081,12,10.6175603414908,0.983143458901456,12.7809163213158
0.462507474160327,10.3192493075137,12,9.95222578794625,0.467458824564825,10.2821738109823
-0.325815537727467,6.98565725296789,7,5.79086995111133,-0.746373369931877,5.5512536181424
-0.749372914531597,5.55256934710814,4,4.0572487078904,-1.64816091451535,3.27128341162245
0.920048222407788,12.5384267370283,14,12.775816503394,0.467689747829388,10.2832653883423
0.0554719079414297,8.48994385542426,8,7.64538465864059,0.475107174487696,10.3183606048484
-0.299139792994914,7.08423274564912,6,5.91106633798602,-0.26773011128988,7.17746844582084
-1.00430504575098,4.80680493860474,4,3.15798693239107,-0.596440940315202,6.02831231494191
0.763054411438438,11.777805908547,14,11.8056636218575,0.750687328152883,11.6547540337602
0.133259480595815,8.82212305279225,9,8.06089306999691,0.12957971528607,8.76103450227133
-1.68834997016563,3.19734907698008,1,1.19370236728035,-1.13383578022176,4.45178483502727
0.943063939556331,12.6480888246896,13,12.9161836117455,0.754838447700136,11.6751199135965
-1.10187492694151,4.54354590127129,4,2.83959494400457,-1.00680807328038,4.791444730828
-0.31615835058787,7.02122861220718,8,5.83422417209741,-0.0138340497304985,8.1641631650714
1.28565866931116,14.1820090288011,13,14.8998176160799,1.40617327262894,14.6301548874292
-1.06866891698854,4.63180176091723,4,2.94641731923664,-0.682802882396528,5.74995108786156
0.920805068935032,12.5420426330697,12,12.7804423500515,1.11793616735866,13.4049948201294
0.109805061879948,8.72106400193048,9,7.934271202726,-0.0646951962466266,7.95942565860185
-0.737794476236443,5.58848367208589,5,4.10051891660179,-0.817863623688122,5.33404932028437
0.868613763110725,12.2912989484234,13,12.4600290698921,1.18936362067997,13.7230673037833
0.133856787398407,8.82470682005054,10,8.06413272758288,0.499315403234835,10.4333348913705
-1.15143808660601,4.4143481334627,5,2.68304646184738,-0.961248238250477,4.91814850372992
-0.427308378141047,6.61969365597854,7,5.34600246419979,-0.810780344900843,5.35527599483622
0.452353905944128,10.27107538044,11,9.89108643438364,1.03319174181453,13.0159882065729
0.256019081905961,9.36360926513164,10,8.7421230599195,0.394950451869284,9.94264337269523
0.967139483236194,12.7621023225173,15,13.0622948552816,1.15855673159283,13.5870286242663
0.694559133683294,11.4425568014878,12,11.3792491293674,0.719255619563185,11.5005346839081
0.393477956884845,9.99398010330949,10,9.53961420692497,0.636991781028385,11.0978528637838
-0.646266238975178,5.87876516458924,5,4.45036656513692,-0.486589774311196,6.39648507896844
0.120635565886621,8.76763342901214,8,7.99259810259696,0.111398383453499,8.68374995338383
-0.249819427572548,7.26911523357487,7,6.13696109655448,-0.0135476961369435,8.16532605481464
0.923217414317065,12.553563491779,13,12.7951821877357,0.869211177198913,12.2340887143616
-0.576050910558512,6.10918230467199,7,4.72835699323298,-0.827173039443631,5.30624957688664
-0.305166196242815,7.06187609459484,7,5.88379150740529,-0.206163085014109,7.40867609042239
0.7706823738655,11.8150940542624,12,11.8531214122045,0.836205665262443,12.0734383220616
-0.872210746463372,5.18257543805878,4,3.61140828152557,-0.480980724192511,6.41570943324258
-1.0553743385916,4.66752188486601,4,2.98962687248949,-0.928231951015115,5.01159998370971
0.282739098060989,9.48421301753008,8,8.8943982690318,0.583970688937086,10.8400891500059
0.440492549148118,10.2149382637765,10,9.81985201665345,0.710054478735713,11.4554017005355
-0.563274606362578,6.15183504764592,6,4.7798585888531,-0.751122458751284,5.53662009615114
0.481992657140025,10.4119956338033,9,10.0699559712212,0.30645616572975,9.53759147204096
0.672633709317088,11.3352612607692,12,11.2428516076175,0.824554881781546,12.0165664812932
1.5318508805524,15.1528027296311,15,16.1692551537084,1.08867280891602,13.2720354514511
-1.37085928237328,3.87766670605134,4,2.0301276432024,-1.26538380068261,4.12069302576629
-1.79074193472655,3.0010617515923,2,0.949341206351763,-2.43417238285362,2.02225801616708
-1.12541119679679,4.48181725422886,3,2.76482498266819,-1.33553088181876,3.95251573215392
-0.599998090962667,6.0298397334616,6,4.6325921982544,-1.64704623033934,3.27351854683405
-0.423646710359743,6.6326474323567,7,5.36171528681454,-0.552252474764576,6.17450971491718
-0.611428608939801,5.99224475645568,6,4.58723184411381,-0.779194900824629,5.45071526227975
0.000850512555108747,8.26181635497368,10,7.36124001195325,0.176244551350177,8.96156174167301
-1.79074193472655,3.0010617515923,2,0.949341206351763,-1.69470372955248,3.1791744066245
0.981967061163531,12.8319392404627,13,13.1518861052905,0.792392828924205,11.859236791975
-0.312308133296727,7.03544693372251,8,5.85155940266023,-0.663627287114162,5.8109177789535
-0.787602731271603,5.43526489674116,6,3.91592098565644,-1.02464465949104,4.74254755585833
-0.362812004777727,6.85059094962526,7,5.62644188771048,-0.0765112518745166,7.91237456673005
0.0772917505294138,8.58225793087708,8,7.76065267656798,-0.0135089116285754,8.16548356856722
-0.487111692665307,6.41076240077891,7,5.09287279484893,-0.115859340452112,7.75707895061503
-1.8397952282712,2.91092753170082,3,0.836425275922051,-2.23095435839689,2.28512689224879
2.09672366987858,16.998599897102,17,18.5505746833817,2.58545888669338,18.1171754436968
1.2000239401698,13.8182169075554,15,14.4258562880702,1.48096815682849,14.9231988523396
-0.434831011557033,6.59313950041352,6,5.31379964783256,-0.298386392254259,7.0642393392578
0.861859683545669,12.2586629315308,13,12.4183751606893,1.02880944927196,12.9955534180593
-0.757007394999742,5.52898709466629,5,4.02883691608615,-0.890613457690112,5.11976018748134
-1.63307571647015,3.30792767107687,2,1.33060756605557,-2.29906776555781,2.1926716148157
-0.0705323117595757,7.97006763874108,8,6.9993689015865,-0.406401306172609,6.67526346532867
0.384480063848496,9.95198622467056,10,9.48638490168027,0.294600232594552,9.48414576864268
0.959738428099104,12.7271331231942,12,13.0174612267897,1.04832978643456,13.0863467485086
-1.36727422533397,3.88598558959197,2,2.04028566613773,-1.1776288296365,4.33925940314676
-0.447899319859572,6.54719647919347,7,5.25810577315371,-0.462846733957126,6.47814499649586
-0.196812122814181,7.47163129092831,8,6.38512849552177,-0.3529673955272,6.86574847248062
-0.963607306025829,4.92017561982676,5,3.29489213116629,-1.28940572006992,4.06245261724322
1.60964273858064,15.4378639157149,15,16.5411252433988,1.59782855633731,15.3621047786278
0.701100462998903,11.4745799128251,12,11.4199636060928,0.813694521440504,11.9634897439456
1.22117953641095,13.9093767781377,13,14.5444436934846,0.33873511703141,9.68409721946445
-1.22786470198987,4.22097015813515,4,2.44830883230891,-0.535205488985147,6.23159360218526
1.10430046389729,13.395363258843,13,13.8775898841511,1.06986235310344,13.185791868206
0.200608650154976,9.11660740484782,10,8.43083656354826,-0.314018922436984,7.00698399975417
0.393463773243786,9.99391383084704,10,9.53953019465029,0.535665811296598,10.6071554939688
-0.679296180732444,5.77270115012373,6,4.32250524321788,-0.91809739183698,5.04056198233637
-0.351076501239573,6.89322768941816,6,5.6783154494485,-0.108984671948045,7.78405790448809
1.30135772486807,14.2472018493572,15,14.9849336308212,0.835791610317661,12.0714184702144
-0.48990915486204,6.40111036946369,7,5.08119185102917,-0.339493539341977,6.91437920311178
-0.811482094355674,5.36298475925525,5,3.82883319014575,-0.733842292606656,5.59000622223957
1.13498380155506,13.5327273188176,13,14.0553543385798,1.10668117993091,13.3540344002177
0.228806598430068,9.24177788920445,10,8.58848045871419,0.399941389515771,9.96580110898057
-0.494194248205833,6.386346576551,5,5.06332668603481,-0.555451598162992,6.16383953582038
0.221845138422147,9.21077404716798,10,8.54941267105745,0.663671054496947,11.2281802512353
-0.989652461013775,4.84737820040116,5,3.20699544012021,-0.785631915125058,5.43116071498311
0.40422070141708,10.0442436210114,11,9.60333980519847,-0.122329339658358,7.7317472437484
-0.368054866026806,6.83160502609987,7,5.60335208389461,0.308486366214673,9.54676325099602
0.748696336946787,11.7075772856372,11,11.716300225704,0.289443157210165,9.46095976450689
-0.724015028591311,5.63146040225965,6,4.15230009691944,-0.584703500094299,6.06689625113276
-1.12538461295067,4.4818865911523,3,2.76490899494287,-2.0253399403989,2.59228141650665
0.361239029868582,9.8439738939961,9,9.34952828836641,0.651414479525197,11.1682648935069
2.08497303353551,16.9658076445748,18,18.5085976474303,1.94993815481557,16.552489760919
0.165482619711534,8.96222679261983,8,8.23672400771114,0.420200154270164,10.060131535651
1.32924887127632,14.3618863883851,14,15.1347702413943,1.05291512459437,13.1075866595951
-2.17266623243538,2.3647560111748,1,0.136905198775219,-1.36414661727149,3.88555313607407
0.487737031662927,10.4394104707774,12,10.1047608055896,0.698607673454495,11.3992729211602
0.0970943874130861,8.66662147594162,10,7.8661326053394,-0.195418701113309,7.4495489190723
0.0545347271009174,8.48599400442554,9,7.6404562896933,-0.047941700582262,8.02646860277624
0.808809775462011,12.0011469663915,13,12.0900379957207,1.47461595815013,14.8986882160205
-0.0592257636290945,8.01579673372862,9,7.05597475327645,-0.0944596743668704,7.8412731550034
1.47743044186489,14.9474104960153,15,15.9007503179404,1.51330434756483,15.0469105381066
-1.22786470198987,4.22097015813515,4,2.44830883230891,-1.29592172449634,4.04677148327115
0.731490395565721,11.6233678945049,12,11.6091757467259,1.13735006887796,13.4923672666482
-0.00821318324332215,8.22437128716104,8,7.31469865708118,-0.65065086230389,5.85244659519712
0.721716170473758,11.5755161075265,13,11.5483149426451,0.63770092795445,11.101312397151
0.383919230640383,9.94937199622215,10,9.48307161048045,0.40683987223492,9.99786308140792
0.0344102701178368,8.4014779007311,9,7.53507468411116,-0.241859593636135,7.2740010516634
1.10173687139662,13.3838107363827,14,13.8626548644621,0.587334020303131,10.8563811750559
0.858168667652566,12.2408117525214,12,12.3955958054789,0.847810702131084,12.1300079313099
-1.48768344702607,3.61449158632852,3,1.70802781416306,-1.42434888937025,3.74774989275927
-0.52198673808529,6.29120660286953,6,4.948258568553,-0.761121204201361,5.50590602552008
1.6740323875578,15.666426127226,16,16.8383191604783,1.39982435137753,14.6048262034164
-0.689868338012702,5.7390654855424,5,4.28196658543702,-0.374977000976125,6.78682860018216
0.498511956199536,10.4909194953397,11,10.1701602300508,0.153086796818555,8.86165855787129
-1.63307571647015,3.30792767107687,2,1.33060756605557,-1.00686102473099,4.79129898270077
-1.66358313904703,3.24649362296585,3,1.25460646502856,-1.36581011463749,3.88168952359405
0.144602785722872,8.8712765097001,9,8.12254363972852,0.624517852494147,11.0370460928515
-0.86076493102554,5.21620547847467,5,3.65194693930643,-0.969349032838535,4.89542945307993
0.00847886294846337,8.29342192854844,7,7.40054514937878,0.0696273482576221,8.5079764237825
2.07166877858153,16.9283623328592,17,18.4606820084483,2.3341984109186,17.5989057234355
-0.307193986189183,7.05436487474046,8,5.87462985691654,-0.151108308997205,7.61976362942383
-0.215437270399353,7.40002247542649,8,6.29728814546515,-0.238625720908756,7.28613105135841
-2.24462449171262,2.261326975895,0,0,-3.2948186535054,1.26533869675406
0.794525162424623,11.9315153236062,12,12.0013447058017,0.764413495440006,11.7220890220244
0.994882200317768,12.8925190516324,14,13.2296619245361,0.912204020435588,12.442052295888
-0.610362808587869,5.99574261641248,6,4.59145179445777,-0.522811436469126,6.27333599508286
0.0135713951934882,8.31456715186519,8,7.42685275655523,0.34250061946896,9.70128177324299
-0.080381571183438,7.93038024631507,7,6.95027638158268,0.254452878283592,9.30463931636455
1.30840998031675,14.2763369906799,13,15.0229871476594,1.226757254148,13.885807973201
-0.174677926366823,7.5573675463828,9,6.49042994805649,-0.37036722119762,6.80330467375226
0.91736543919096,12.5256043524898,14,12.7594140431184,0.856724387587785,12.1733990908304
-0.823207122249969,5.32777228082381,5,3.78640352582782,-1.13362085387273,4.45234281143419
0.0133439905235611,8.31362213642709,9,7.42567683591215,0.510095207985054,10.4847390280121
-1.39846029369711,3.81410827095831,2,1.95247298736633,-1.92979907611867,2.74986849795438
-1.07429356739935,4.61675587238698,4,2.92821253767989,-1.47557074225416,3.63375303949385
1.25832946909441,14.0674134233107,15,14.7503220420453,1.0948677605184,13.3003067527684
-0.151336684479144,7.64852846904028,9,6.60255340414195,0.129329020700608,8.75996564594344
-0.427308378141047,6.61969365597854,7,5.34600246419979,-0.290080273832256,7.09479387963984
1.56517384122736,15.2761240430721,17,16.3302691341269,1.80025068509309,16.0707391691231
-1.22786470198987,4.22097015813515,4,2.44830883230891,-1.14164096026497,4.43155959388931
-0.997037973156786,4.82689336491514,4,3.18225361722877,-0.509863024058882,6.31716090741157
0.731754614621427,11.6246613281334,13,11.6108209325793,0.700291802203283,11.4075293029747
0.523884822867078,10.6126372520652,12,10.3247265403905,0.823796652515788,12.0128627516034
0.82389139879528,12.0745453644896,12,12.1835666201264,0.712729418303948,11.4685214725073
-0.416494542255624,6.65800320317822,7,5.39247834740042,0.267811167365974,9.3641128684644
-0.963607306025829,4.92017561982676,5,3.29489213116629,-0.847456542156353,5.24606421532124
0.0331859448790127,8.39635467991276,9,7.52869109348242,0.101638241273697,8.64245659422717
0.285325606244316,9.49593837844386,9,8.90921173252646,0.287556710406128,9.45248774670979
0.345882968833624,9.77297452663397,9,9.25961588490283,0.227302023441326,9.18454334692746
1.40312341506778,14.6587134499465,16,15.5230038221699,1.71231173122969,15.7707976622079
0.927809804579154,12.5754774220294,15,12.8232236536666,1.1545065546661,13.5690131321138
0.216020306682171,9.18488361563558,10,8.51679845819856,0.476200070054945,10.3235369575651
-1.37934899131089,3.85802511454117,2,2.00613837485689,-2.25808011898895,2.24776802918106
0.475913634178084,10.3830192287374,10,10.0331710190009,1.21677724673334,13.8426314814946
-0.1556162322967,7.63175676410553,7,6.5819125957407,-0.168669229730279,7.55198588805321
-0.912726798899335,5.06491213409447,4,3.46953057786047,-1.31479150464351,4.00164020753601
0.882786863465232,12.3596542500992,13,12.5473073290812,0.592406251069573,10.8809676156715
0.216371144771993,9.18644170971901,10,8.51876092587956,0.483929826456268,10.360186793443
1.04328071855644,13.1173291117207,14,13.5188019336989,1.23382248409269,13.9162606031722
-1.29191909813346,4.0642492407998,3,2.25765423376844,-0.400730918880854,6.69529825716451
-0.647478282639659,5.87484687565861,6,4.44564209429195,0.0463778515286583,8.4112151696354
2.03351939757431,16.819144915304,18,18.3209957679389,1.71369974605452,15.7756263832528
-0.573380553731319,6.11807856332832,7,4.73909764785408,-0.890193718291024,5.12097716284086
1.80003747490836,16.0946633686764,17,17.3921526705101,2.32984751564872,17.5887551228951
-1.44035081381264,3.71928316422677,4,1.83646316299,-1.9925889220138,2.64521961688841
0.363929702340682,9.8564447003134,9,9.36532512325584,0.37191468213282,9.8361835742379
0.540541818020273,10.6928472569415,10,10.4265993828697,1.08625708647088,13.2609932158787
-0.003352163744234,8.24443923464541,9,7.33963808536927,-0.209316800295332,7.39670862302612
0.43388395087013,10.183727857555,11,9.780253727323,0.0410265739641205,8.38905210589198
0.91895408542432,12.5331982713213,14,12.7691279740223,0.537753083001593,10.6171768058873
1.37547693090953,14.5487963394046,16,15.3791884492912,1.84100122681865,16.2055584824903
-0.908680485912437,5.07656665063931,5,3.48358687940485,-1.25543458168835,4.14501347910381
-1.31951547994501,3.9982071183905,3,2.17719086491295,-1.16801830082933,4.36375509440666
1.2850740968633,14.1795725549441,15,14.8966374637285,1.3416721413416,14.3694358550548
-0.234458545043414,7.32739496575,8,6.20829858567192,0.0902778039485145,8.59456368696353
-0.00200710122239457,8.24999803703409,8,7.34654771186806,-0.615374470840122,5.96645272005378
-1.37934899131089,3.85802511454117,2,2.00613837485689,-1.79821691024012,2.98279669163394
1.15097003290522,13.6036216340551,16,14.1472294418801,1.23786532442922,13.9336436764523
-0.72593634615633,5.62545264656435,4,4.1450613866618,-1.44450372046621,3.70253954752387
1.28980650001838,14.1992785566637,15,14.9223602174192,1.14218897253186,13.5140391087597
-0.163927856807127,7.5992571349941,8,6.5419315436766,-0.361965149393654,6.83340751327091
-0.818327530480728,5.34240442716734,4,3.80403502626485,-0.487037448404042,6.39495251334166
0.693395380432411,11.43686005924,13,11.3720065319266,0.706766539816737,11.4392769418707
-0.942585272836709,4.97956942254259,5,3.36657413168193,-0.505220370669809,6.3329279866197
0.176160396734064,9.00897406616149,8,8.29546333448129,0.0831599816497567,8.56465024821233
0.00683932844079456,8.28662208424926,10,7.39208708481381,-0.00138037466718426,8.21484379588885
0.589810072220457,10.9313261024032,11,10.7295443946909,0.394466325094532,9.94039877648949
1.47448244865574,14.936140424376,16,15.8860085312457,1.55497283114263,15.2037523919205
1.69658812934239,15.7449331055931,17,16.9401574974055,2.49146096923683,17.9387153584958
-0.265448996605966,7.21015654358246,7,6.06485657486335,-0.311313636996381,7.01686898468428
-1.14658318084072,4.42687064758206,3,2.69822935003058,-0.907806098442298,5.07010516437185
-0.150793021845781,7.65066095570445,8,6.60517824259736,0.195205881808955,9.0439343848191
0.690569889165636,11.4230294968723,11,11.3544232942012,0.559639563152697,10.7225034539637
-2.24462449171262,2.261326975895,0,0,-1.82834211437044,2.92782757459699
-1.66358313904703,3.24649362296585,3,1.25460646502856,-2.1976266314095,2.33201735006774
-0.932371526982302,5.00863258401266,5,3.40164099352995,-1.52076272564834,3.5356333009945
1.0356547203438,13.0821475279718,12,13.4734976406184,1.26152591450275,14.0347580476179
-0.244199144878749,7.29040029036673,6,6.16300778514534,-0.365304204514298,6.82143317030312
0.991638511967635,12.877326554314,11,13.2101515736883,1.32176543093143,14.2874299901543
-0.0955325539968621,7.86959810649092,8,6.87515239500535,0.0278449560414021,8.33463091156865
-1.42584372372617,3.75189952617215,3,1.87638787406464,-1.30086880150438,4.03489923519868
-1.79074193472655,3.0010617515923,2,0.949341206351763,-1.46528841347677,3.65639870481667
0.845538155731053,12.179644310699,12,12.3175645862867,1.30786005772187,14.2297091260153
0.385829275912629,9.95827690260932,11,9.4943579320636,0.145857182959333,8.83062730847665
0.0302197936148269,8.38395156249024,8,7.51323879659034,-0.633735338797965,5.90691145275462
-0.487111692665307,6.41076240077891,7,5.09287279484893,0.00391104268625671,8.23644309576979
-0.599239217947995,6.03234199804838,5,4.6356116631406,-0.292299742918131,7.08662040761703
0.0303219758235027,8.38437863510596,8,7.51377081054612,0.362007429027406,9.79061494604589
0.364507866305185,9.85912556491536,12,9.3687211393341,0.434980363247197,10.1292811392509
-0.146107648439619,7.66905638863669,7,6.62782462683156,-0.262763119287109,7.19593249851125
-1.14421144781873,4.43299863203764,4,2.70565845200373,-1.23918527076415,4.18498572224768
-1.12724008712692,4.47704916087064,4,2.75904756287439,-1.14170617970755,4.43139090491377
1.49625767504524,15.0190352947759,15,15.9944212277458,2.04786994469728,16.8466584302144
-1.21658370934421,4.24907314013988,4,2.48245612358974,-0.628587210723628,5.92356157570101
0.0748406934452706,8.571854507924,10,7.747654397776,-0.0696622420146313,7.9396235635953
0.6681411613197,11.3132873741013,11,11.2149209282558,0.570620569080008,10.7755102779469
-0.129707505021629,7.73369011935236,7,6.70744836489355,0.262682461133652,9.3412488927907
1.91003932899648,16.4475854417236,17,17.8455740196446,2.42174529312994,17.7945530234085
-0.414359544270296,6.66558595412971,6,5.4016799176875,0.0847654183327542,8.57139098084646
1.3530361191215,14.4585542724733,15,15.2611532653444,1.58795203937035,15.3258736694697
-1.79074193472655,3.0010617515923,2,0.949341206351763,-2.02618122179517,2.59093635934329
0.494655779953859,10.4724724915615,11,10.1467378415411,0.203415628974277,9.07975958454663
-0.346405139428729,6.91025292656932,6,5.69903715263347,-0.657202929793406,5.83145040248209
0.416701334218579,10.1028081132385,11,9.67760760891287,0.517918698938971,10.5221225480006
2.03405058864629,16.8206842292166,18,18.322964080541,1.66929563161706,15.619654028617
-1.95481619955287,2.70939139833275,1,0.581856697961442,-1.93168164754448,2.74667023085464
-1.01598248979226,4.77466561477865,5,3.11915509006359,-1.68572807615555,3.19675258397988
0.478891415543441,10.3972085835572,11,10.0511837984293,0.375635083496602,9.85332967662221
-0.38283393205472,6.7782921241596,7,5.53854519666439,0.0713760017794126,8.51528504849356
2.05827937568067,16.890339733125,18,18.4120428142496,1.4489658463075,14.7990089682784
-0.497067001005716,6.37646305315575,6,5.0513683481278,-0.682392486587679,5.75125088442847
0.121624742460207,8.77189497919033,9,7.99793748487512,0.17358976391519,8.95006987448246
-0.222831778975416,7.37172805771202,8,6.26260742846626,-0.0850138740559714,7.87863669253929
1.22116448746176,13.9093122315651,13,14.5443596812099,0.969416187898096,12.7158256041056
-0.964006778339508,4.91905250058281,4,3.29353638765962,-1.28018784625145,4.08472092823384
0.127219946186837,8.7960260973852,10,8.02817783356136,0.881098309109506,12.2917514175617
-0.913491168640961,5.06271293056158,3,3.46687806750432,-1.12447407295919,4.47614109066748
0.0982810618890088,8.67169458959925,8,7.87247969528106,-0.034631917375135,8.08000831665715
-0.414927580791575,6.66356787218856,8,5.39923092227288,-0.211477382409923,7.3885175704656
0.487268035059002,10.4371709903181,11,10.101917566905,-0.284358025225906,7.11589715240992
-0.225897055916774,7.36002162579333,7,6.24826321654487,-0.437223202852711,6.56710606150695
0.109281671437511,8.71881770227285,7,7.93145874903434,-0.101721662159499,7.81263131109447
0.160619700585191,8.94098982771277,9,8.21005068250236,0.204407101101068,9.0840926553207
-0.480541199882545,6.43347502256672,7,5.12036400755788,0.0352890328457136,8.3653341757121
-0.564226750959645,6.14864865125052,6,4.77601060462706,-0.820498457893603,5.3261698913761
-2.24462449171262,2.261326975895,0,0,-1.73510059261655,3.10114948299099
-0.677302687152413,5.77906050732735,6,4.33017017826223,-0.0576601695737483,7.98753056830221
-0.0290211591137314,8.13884796853807,7,7.20850555186933,0.0528184172218392,8.43794332371417
0.537101043064444,10.6762598335429,12,10.4055311561383,1.03298246436855,13.0150130125542
-0.613292943565884,5.98612991521459,6,4.57985486291269,-0.57366672468975,6.10334140683147
1.51775319526916,15.1000750978565,16,16.1003595830007,1.08508487395397,13.2556314580343
0.342780949946027,9.75866831765114,11,9.24150364623114,0.702747871507794,11.4195711863462
-0.0157830960966842,8.19318689669896,8,7.27596034087115,-1.13853158789235,4.43960792011283
-0.283211674823941,7.14356772024811,7,5.98349669585062,-0.174097521530066,7.53111978916467
-0.0654529590655853,7.99058854492669,8,7.02476546791606,-0.270615232723989,7.16675861797007
-0.561379168807994,6.15818192671613,6,4.78752352389745,0.0370395776770404,8.37256568063422
-0.874370039542936,5.17625033383583,4,3.60378326627954,-0.686784423230939,5.73735221313163
0.872777094258909,12.3113968691057,14,12.4856857088322,1.34007450618897,14.3628814919628
-1.53929797938256,3.5030322758524,2,1.57112261538784,-1.52742795249572,3.5213557168074
0.973628351438666,12.7927013978951,14,13.1015403151596,0.893792774441202,12.3531984050763
0.245945173479526,9.31839017604713,10,8.68507450582545,0.131997549491407,8.77134774600952
1.8288820120326,16.1891270023899,17,17.5137646665775,2.53846080719949,18.0301917849431
-0.679296180732444,5.77270115012373,6,4.32250524321788,-1.04771383672749,4.67989256956626
-2.17266623243538,2.3647560111748,1,0.136905198775219,-2.42313431732154,2.0355532252855
-1.33133146755819,3.97019886242812,3,2.14304357363211,-1.56636993558799,3.4389291492556
1.65523609196243,15.600388123846,17,16.7525556179141,1.20023467136049,13.7706500926222
-0.979473708969737,4.87572476713031,5,3.24122674367572,-0.823693567734067,5.31662693410622
-0.456336200938016,6.51766160691337,8,5.22231700014835,-0.173509911362255,7.53337660409175
0.927216617284374,12.5726482223933,14,12.8196030100068,0.965949608581492,12.699349030331
0.86682054344252,12.2826377962835,13,12.4489736611307,0.35610896353509,9.76354776900375
0.148755833701715,8.88931798433262,10,8.14518232620805,0.239254340214149,9.23728202951676
0.616299858557836,11.0601873300261,11,10.8932710097719,0.062019243008582,8.47622826702893
-0.0258916386309245,8.15167141348152,9,7.22441882545271,-0.420747002697368,6.62476668040908
0.241927654946169,9.30039515464236,9,8.6623791628897,0.0432542574220263,8.39827345534222
0.690898756804119,11.4246392300919,11,11.3564697741569,0.93333565479153,12.5436093674292
1.78118642844799,16.032203491308,17,17.3116329606651,1.73495589929419,15.8491964965788
0.20255725357921,9.1252218802799,9,8.44167873415238,-0.10342924452935,7.80590699835119
0.647340769491274,11.2116192205288,10,11.0857042448841,1.14585662523754,13.5304369768154
2.57699565351529,18.100075303587,20,20,1.9516315572586,16.5577227992075
0.120850579166815,8.76855962740554,8,7.99375852819179,0.378061082697471,9.8645202665602
-1.23799538295735,4.19586166847045,3,2.4177899265199,-0.700703303179719,5.6934703887333
0.439038253878648,10.208065939658,10,9.8111323718887,0.511013227895814,10.4891223599369
1.51863257734381,15.1033738593753,15,16.1046706454327,0.999002554451521,12.8557967601904
0.529523156156963,10.639762182909,11,10.3591759789097,0.397405722525369,9.95403166139965
2.02457254713837,16.793140246754,19,18.2877444770966,2.03268895195178,16.8022093516537
0.723511753236767,11.5843072304273,12,11.5594954018043,0.965085837231887,12.6952411434045
0.242868438744778,9.30460708041494,10,8.66769087388264,0.0350019904754866,8.36414881534373
0.923203661598188,12.5534978303754,13,12.795098175461,1.02226700318734,12.9649910176443
-0.0614924362029374,8.00661469438609,8,7.04460532365408,-0.371998336985777,6.79747158892579
-0.610692894624976,5.99465913793157,5,4.59014463641245,-0.273395454156826,7.15644873895482
-0.403017644392872,6.70597465206476,7,5.45070484660778,-0.538043405873936,6.22206404525522
0.907705109637482,12.479367201494,12,12.7002841321029,1.21099808296493,13.8175432404236
0.323179522140079,9.66855275906654,9,9.12745425551291,0.184701149754998,8.99823552312015
1.26662103291354,14.1023301016746,14,14.7958551835241,1.43484914397144,14.7436626340282
0.00356602519867614,8.27305772341019,8,7.37521765188984,0.202090079436328,9.07396868485538
0.133701994958319,8.82403718688493,10,8.06329309678938,0.697869845748676,11.3956559465184
-1.03614152190885,4.71958956668001,5,3.0525871287112,-0.555786326444643,6.16272387699414
1.79470969045408,16.0770684209741,18,17.3694791777236,2.06750114469929,16.9034922323312
1.55782986310544,15.2491028460914,16,16.2950051364104,1.06524160467147,13.1645155984041
-0.0592090224443462,8.01586457752247,9,7.05605876555113,0.374675518821332,9.84890558816167
0.789749081147984,11.9082124754889,12,11.9716698484285,1.24882564260235,13.980614548978
-2.08749912982628,2.49378675960014,1,0.305265258676797,-2.13685893645541,2.42036493747733
0.415624133817747,10.0977463231581,11,9.67118784191345,0.412696183511005,10.0251295662879
0.189167864203293,9.06613580875732,10,8.36733520969554,0.769839597024687,11.748700029994
-1.33133146755819,3.97019886242812,3,2.14304357363211,-1.5494803057233,3.4744710537825
-0.828472870382984,5.31201764456722,5,3.76741885533615,-0.355499259003115,6.85663723122251
1.48633904496604,14.9813771478911,15,15.9451759661456,1.01677324414421,12.9392774624509
-0.408624777115015,6.68598518735915,7,5.42643816177007,-0.712355329221461,5.65692880959429
-1.10190123530007,4.5434765206966,4,2.83951093172989,-2.36627924937132,2.10578341262534
-0.0452003918709888,8.07277403048367,9,7.12656388504493,-0.0711334323650246,7.93376492327018
-0.252962815531032,7.25723000174777,8,6.1224207032963,0.260348764685364,9.3308575683774
0.261913582282046,9.3901319859496,9,8.77559603532694,0.116471392597363,8.70526661200806
-0.482438111841695,6.42691171855429,6,5.11241920603863,-0.595408241990859,6.03169982451474
0.606736600777133,11.0136221882263,12,10.8341044791074,1.2167015970021,13.8423034808162
1.05153704436268,13.1553130554999,13,13.567738631294,1.10245988410052,13.3348637717507
0.973929496491812,12.7941201008337,13,13.1033602387111,1.15903228475152,13.5891419431822
-0.35129339800325,6.89243792842783,7,5.67735433126577,-0.447571450415083,6.53107424785018
-1.08513194986259,4.58787451934014,4,2.89326033149513,-0.986964974180763,4.8463093448137
-0.394064062623915,6.73798496858669,6,5.48957660873358,-0.666663810134604,5.80123158553394
-0.284671327401634,7.13811545497702,7,5.97683850505318,-0.507083198203996,6.32659816905452
1.2668903841488,14.1034621928579,15,14.7973317513298,0.760312471508204,11.7019734444248
0.145243127525375,8.87405667180188,10,8.12603186973367,0.745996209473432,11.631737336304
0.455827994617866,10.2875460573497,9,9.91198902930465,0.470411521925991,10.2961359328694
-1.19858395566304,4.29422819436635,4,2.53729839210215,-0.640716395558234,5.88438850698958
-0.492843282075612,6.39099843360409,5,5.06895547303628,-0.486299751637806,6.3974780821552
1.43594677516656,14.7874348537792,16,15.6914469901107,1.21168095965227,13.8205109907239
0.0228545541756743,8.35320742469223,9,7.47494954448867,0.0167412645054699,8.28897843737398
0.0619094845003221,8.51710938483718,8,7.67928813202078,0.603386779143837,10.9342586106396
0.180085383551356,9.02619769097973,9,8.31711400788311,-0.205980340378377,7.4093699669703
0.332032028363903,9.7091901805331,10,9.17887570977297,0.422865098927217,10.0725792694764
-0.290467581870122,7.11649410258754,7,5.95044016109138,-0.426272006240805,6.60539124899869
0.921205736338582,12.5439565930762,13,12.7828909623053,0.753980943491604,11.6709130228831
-0.613352903443409,5.98593333138165,5,4.57961770706885,-0.598811763958513,6.02054069543166
1.20404059100262,13.8355894934979,14,14.448445768582,1.64954570655756,15.5492872095475
-0.312308133296727,7.03544693372251,8,5.85155940266023,0.260563848083947,9.33181495276009
-1.75891609218861,3.06088918266492,3,1.02402715541346,-1.52927261604199,3.51741303879756
-0.234458545043414,7.32739496575,8,6.20829858567192,0.23571153936627,9.2216283795529
-0.979498634513171,4.87565519057225,5,3.24114273140104,-0.683676786227913,5.74718400895058
0.426808135659733,10.1503647029833,11,9.7379289894559,0.113311413352294,8.6918595618156
-0.076497883198748,7.94601306583447,8,6.96961003193862,0.180566188647073,8.98029058989652
-0.835918765290737,5.28980295453425,5,3.74064854525644,-1.17813394568742,4.33797501860092
-2.24462449171262,2.261326975895,0,0,-2.48340840627692,1.96427036534149
-1.62755583508342,3.31914957258212,2,1.34447530227346,-1.88565792261557,2.82594037465621
1.08103481327529,13.2900997064217,15,13.741593293256,1.10313558256228,13.3379344874756
-0.0242275978333504,8.15849560642376,9,7.23288867540099,-0.31202701702506,7.01426138031197
0.161212967308516,8.9435789220218,8,8.21330215757568,0.152501198617032,8.8591422408886
-0.907549886324545,5.07982690976985,5,3.48751887590557,-1.16294325391342,4.37673547822505
0.149141318804528,8.89099381950463,10,8.14728546261996,0.331156659883349,9.64957074612678
-0.0157830960966842,8.19318689669896,8,7.27596034087115,-0.0320698532261973,8.09034270133231
-0.456883244450455,6.51574998704503,7,5.22000098563056,-0.528507717800384,6.25412623278949
-0.977768468807464,4.88048662366929,4,3.24697649218431,-0.48094507495651,6.41583174920628
1.40751340485897,14.6760405641797,15,15.5456773149564,1.4979405703037,14.9883519303767
1.51402878057051,15.0860895749625,16,16.0820811649209,1.45768040971515,14.8330022285022
0.484583431707572,10.4243560142069,11,10.0856479755187,-0.0710924643848236,7.93392802732166
-0.115477788602072,7.79007839069233,8,6.77698328719933,0.0714966621533805,8.51578951731693
-1.45445631592063,3.68779461255296,2,1.79789665140796,-1.65843337951413,3.25074962920391
0.300146787750751,9.56329844209403,8,8.99434125755312,0.296963234558538,9.49478224853607
-0.108347376259066,7.8184419541641,8,6.81198406491381,0.106495395860015,8.66298933286124
0.0374666253875038,8.41427658192177,9,7.55102422391835,0.409714730138458,10.0112426665475
-0.399479237858894,6.71861161488221,8,5.46604876740207,0.169330851333738,8.93165530167799
-0.611131323494095,5.99322026403962,6,4.58840872513565,-0.286802433996088,7.10687697819746
-1.13367151850322,4.46031437781744,4,2.73876800781144,-1.32332904597365,3.98135716106398
-0.564226750959645,6.14864865125052,6,4.77601060462706,-0.511467070198084,6.31171993415693
1.21637255969605,13.8887374174974,14,14.5175832241241,0.722869979846564,11.5182664305259
-0.227536659059493,7.35376533666032,7,6.24059828150052,-0.0271207398344421,8.11033140322816
0.233293283754792,9.26179525754031,9,8.6137111867019,-0.0664555603067863,7.95240372193585
-0.468318433758621,6.47588517225814,6,5.17171338053066,-0.856837939628358,5.21840595554397
1.48726015032281,14.9848813828811,16,15.9497588256695,1.58036138242226,15.2979214940435
-0.288585973907413,7.12350776448126,7,5.95900250489601,-0.960549006558386,4.92011340294313
1.0893210175872,13.3276975744961,14,13.7901458214715,1.30708528236359,14.2264824236882
0.348860444893104,9.78671782064636,10,9.2770170357181,0.892999917032599,12.3493648140676
-1.3942396893247,3.82377151501542,3,1.96428456511072,-1.01732079286915,4.76257721224021
0.975526631373868,12.8016421786263,12,13.1130101241142,1.11312208982376,13.3832249642795
1.4022529822235,14.6552737830691,15,15.5185028850392,1.06187776647642,13.1490046050535
-0.597395087579591,6.03842601528931,5,4.64295339007788,-0.124625629638099,7.72277046036594
-1.17480835407948,4.35446878062108,3,2.61041667125918,-1.32854614980379,3.96900435988652
1.21825454866932,13.8968231635648,14,14.5281053989492,1.02900997039974,12.9964891008192
-0.489889022691191,6.40117979245059,7,5.08127586330386,-0.0200400659908548,8.1389884939111
1.50690186977917,15.0592622777069,16,16.0470143030728,1.30834848610114,14.2317427033741
0.339614780880645,9.74407886434872,11,9.22303457221902,0.0671761871669715,8.49773891858716
-0.684820882855399,5.75510521943402,6,4.30129763600607,-1.06131685469938,4.64325636237242
-0.604848012053787,6.01386650222731,5,4.613318452503,-1.14702488324407,4.41765152756999
-0.336622396929306,6.94600589260271,8,5.74256800714097,-0.169038782026914,7.55056407696595
-0.513704088049662,6.3194484348361,6,4.98240585983383,-0.555164931975123,6.16479511908571
1.24442201518081,14.0085560901517,14,14.6736058101585,1.47235889300496,14.8899624694039
1.00110487782553,12.9216215667989,14,13.26704580943,0.889762919833055,12.3337075107918
0.630903071054196,11.1313781187254,11,10.9837330313527,1.12733249341089,13.4473674520449
0.0760014770701631,8.5767803511373,10,7.75380860843217,-0.0330457070400135,8.08640540406833
-0.295947652528127,7.09609551576718,8,5.92554230047183,0.257491215564697,9.31814422867284
0.518987517024042,10.589099381774,10,10.2948339221866,0.568356192998844,10.7645713567006
0.0208733055721493,8.34495039669932,9,7.46466927695725,-0.217234450443657,7.36672252398542
1.14626760687177,13.5828161721034,12,14.1202576264169,1.49893963715309,14.9921719134843
-1.19858395566304,4.29422819436635,4,2.53729839210215,-1.07017287304897,4.61952780526292
-0.989652461013775,4.84737820040116,5,3.20699544012021,-0.836146128159392,5.27955948555501
-0.162314641198525,7.60555740400452,8,6.54968049099564,-0.530669088673261,6.24684851750401
0.722954242200025,11.5815776891336,13,11.5560239701658,0.663314213486737,11.2264349369087
-0.963607306025829,4.92017561982676,5,3.29489213116629,-0.624080408342986,5.93816591976339
1.42829948307215,14.7576156995666,15,15.65242617732,1.69609785837746,15.7141681999449
-0.0645763554463382,7.9941337809508,7,7.0291539042129,-0.220652473763921,7.35380375962322
-0.992234215102692,4.84020939776948,5,3.19833729798561,-1.26106401272104,4.13123822771075
-0.163927856807127,7.5992571349941,8,6.5419315436766,-0.309473501623836,7.02359832998193
0.133856787398407,8.82470682005054,10,8.06413272758288,0.129574607087273,8.76101272216174
-0.622476753371574,5.95607724401704,6,4.54360263846116,0.0720673581983098,8.51817581970886
-0.172367922046263,7.56635513148134,7,6.50147689817042,-0.86560903691162,5.19264882235288
0.867825750480763,12.2874932304128,14,12.4551712206655,0.801717497704656,11.9048942746786
0.993844760575254,12.8876616331029,14,13.2234235876251,0.611711291607399,10.9747162173347
-0.633719622941527,5.91944345898973,6,4.49941916534241,-0.43284828393519,6.582381704559
1.30237258748786,14.2514003117149,14,14.9904167246592,0.764797752761145,11.7239736815177
0.313422071942146,9.62387879455543,11,9.0709427664678,0.406797437775063,9.99766567123182
0.731233538737975,11.6221104946937,13,11.6075764003286,0.581064071407992,10.8260166172811
1.28224283176245,14.1677628592466,13,14.8812240996576,1.36687583032074,14.4722131299255
-0.514665973824785,6.31616377885639,6,4.97843394353479,0.0582697363292657,8.46061197706734
1.78085016667716,16.0310841740012,16,17.3101891944208,1.19127694970179,13.7314580267631
2.02457254713837,16.793140246754,19,18.2877444770966,2.08866577858624,16.9639391658254
1.94466545550218,16.5544821342272,18,17.9824792184198,1.43483493418622,14.7436067470177
-0.989652461013775,4.84737820040116,5,3.20699544012021,-0.774099656281332,5.46623165773391
1.87506133165247,16.3375343637114,17,17.7044440128908,2.13964076622626,17.1059317442056
-0.190152364031365,7.49735500854259,7,6.41670728872114,-0.339610733787443,6.91395517657128
-0.0432283504553819,8.08080771882534,9,7.13652213440663,0.0319963946228329,8.35174398445401
0.313516513194718,9.62431059456597,10,9.0714888916482,-0.00924156172835055,8.18282720017819
0.575723092808659,10.8629675091445,10,10.6426989664444,0.279019571068741,9.41421040215098
-0.198959343884542,7.46335085368776,6,6.37496605947337,-0.662507479897136,5.81449287910529
0.348598420606694,9.78550793156589,11,9.27548506600986,0.249267613866103,9.2816220634665
0.566507906788476,10.8183205621122,12,10.5859810480338,0.692960426207797,11.3715923045921
0.0543268589426924,8.48511809014536,9,7.63936342094614,-0.59817492312689,6.02262755359172
-1.85036669241934,2.8918317439761,1,0.812436007576544,-1.35377300336074,3.90971870908272
0.970944130695296,12.7800505106595,13,13.0853129822974,1.21025252390194,13.8143020730254
-0.287033028145691,7.1293000836814,6,5.96607447800054,-0.372571996618276,6.79542094536441
-0.453748508942289,6.52670980834347,6,5.2332799379876,-0.387003878610492,6.7439752959864
1.96007950833381,16.60140092985,18,18.0425246570303,1.85293759725398,16.2445389768893
-0.453748508942289,6.52670980834347,6,5.2332799379876,-0.478958653241557,6.42264999738963
1.51402878057051,15.0860895749625,16,16.0820811649209,1.56552752995898,15.2430280774861
-0.963607306025829,4.92017561982676,5,3.29489213116629,-1.27209672506317,4.10434946421264
0.570242348097044,10.8364066620679,11,10.6089566733947,0.779683673388732,11.7969631309218
-0.162628953212427,7.6043295982667,8,6.54817030269101,0.273649354244033,9.39018522452858
1.96244394657911,16.6085612703154,17,18.0516863075191,1.65700181515327,15.5759245808265
1.92207807219427,16.4849842982828,18,17.8934896586266,1.58324271973881,15.3085427858538
-0.85330744862488,5.23820986442133,5,3.67846921534123,-1.84139950960656,2.9043058043674
0.605985601024724,11.0099674585699,13,10.8294608319815,1.02567739110771,12.9809304461284
-1.37934899131089,3.85802511454117,2,2.00613837485689,-1.85131260146901,2.88657069122123
-1.00430504575098,4.80680493860474,4,3.15798693239107,-1.26169959111035,4.12968531245176
0.134748482534293,8.8285649563243,7,8.06897046616485,0.276181511538172,9.4015084500216
0.757675654122138,11.7515029124963,11,11.7721912362513,0.757895094048322,11.6901151144999
-0.14465539833267,7.67476442602756,8,6.63485309997056,-0.206827313235667,7.40615441341551
1.3530361191215,14.4585542724733,15,15.2611532653444,1.70176172964511,15.733996945657
-1.00430504575098,4.80680493860474,4,3.15798693239107,-1.09415104131047,4.55576601783222
0.423004182823302,10.1324519483835,12,9.71520691120804,0.851287422583174,12.1469387510651
-0.119202343042816,7.7752913662989,7,6.75874250559056,-0.108003585498907,7.78791336644025
-1.27367380203478,4.10839909828856,3,2.31140363353369,-1.2610540995028,4.13126245255246
-0.0200224560824599,8.17575831206782,7,7.25431849448885,-0.563020065251827,6.13864950047918
-1.29189046300044,4.06431822779272,3,2.25773824604313,-1.73641741683856,3.0986360373842
1.17180230806681,13.6953025594209,13,14.2661717340845,0.990482903704459,12.8156137191096
1.34818751760491,14.4389350599075,15,15.2354978660635,0.98360868317413,12.7831178659813
0.416824093324875,10.1033850457274,10,9.67833932925167,0.435605507530317,10.1322119042426
-1.85036669241934,2.8918317439761,1,0.812436007576544,-2.69330588219914,1.73993528391275
-1.00430504575098,4.80680493860474,4,3.15798693239107,-1.98497210705482,2.65769252545899
-0.712134183681683,5.66872120563455,5,4.19719697598773,-1.61396065976759,3.34048390239286
-0.798312882185037,5.4027524622976,6,3.87674882912773,-1.25953425663482,4.13497784991815
-1.56700470891376,3.44439952287702,2,1.49896762595715,-2.54470123130736,1.89501914326255
-0.0866636682206334,7.90513848895572,8,6.91906955450123,-0.768143643949139,5.48441181933613
0.392577727770983,9.98977429652052,10,9.53428264313824,0.34457263806872,9.71074610900224
-1.97850500909001,2.66958045438651,2,0.531160017245254,-2.92161896642223,1.5336504618567
-1.37934899131089,3.85802511454117,2,2.00613837485689,-1.2910055702033,4.05859788285948
0.22857357605619,9.24073901355732,10,8.58717116403768,0.155151633837537,8.8705350903793
1.29487741608092,14.2203474276867,15,14.9498667689732,1.09304063567485,13.2919753447552
0.555103937150327,10.7631520162712,13,10.5159006621618,0.876766637772005,12.270752445364
0.606848331327323,11.0141659491428,11,10.8347953754124,0.907750379563513,12.4205889874387
-0.623565068548532,5.95252353056169,5,4.53931620513183,-0.50206149274229,6.34367216098252
0.877429454295449,12.333837365724,13,12.51433775133,1.02526539033259,12.9790057800532
0.0095740603107772,8.29796630198455,9,7.40619823379568,0.380675799925022,9.87659014924492
0.992254492008019,12.8802127909741,15,13.2138578284768,1.7621628991886,15.9423276760821
-1.10966247884296,4.52304586612965,3,2.81476910883845,-0.472771536117466,6.44392011953004
-1.01598248979226,4.77466561477865,5,3.11915509006359,-0.837068784503278,5.27682093825507
0.310769679069258,9.6117564046505,9,9.05561154513585,0.646957615744815,11.1464950836833
-0.712937515873127,5.66619577942564,5,4.19415390666562,-1.0417576746532,4.69600604019058
0.890591616160131,12.3972163506958,13,12.5952890828139,0.0950733402670876,8.61475810967686
0.336986254482159,9.73197653281011,12,9.20771536750698,0.254082200711122,9.30299261573124
-0.889019627821942,5.13349968297667,5,3.5522417508611,-1.08912729827387,4.56906645944509
0.259911195439234,9.38111682836825,10,8.76421749981689,0.352445162403299,9.74675891493197
-0.137457461081215,7.70309977781147,7,6.66975294579732,-0.481584218109623,6.41363904133944
0.963908540405727,12.7468453590081,13,13.0427318822371,0.758328445999699,11.6922409545501
-0.229363375789369,7.3467995282447,7,6.23206494720557,-0.699069802906772,5.69860725621113
-0.0527187689980353,8.04219633769464,9,7.08867297841003,-0.389209731947055,6.73613635959917
0.168712531772114,8.97635051506823,11,8.25446721856062,-0.246719550515567,7.25579817898968
1.2158994957242,13.8867039034368,14,14.514937121308,1.60298470511663,15.3809575586683
0.582891409661605,10.8977367586777,11,10.6868704273394,0.989884188304612,12.8127860544335
0.216170416221879,9.18555024077708,10,8.51763808899207,0.0847705225921217,8.57141241789884
-1.12724008712692,4.47704916087064,4,2.75904756287439,-1.34700324660382,3.92555600683408
-0.922586603043061,5.03660240111855,4,3.43538328657964,-1.35205838684617,3.9137249078637
0.96280585614583,12.7416351635746,14,13.0360519784147,0.842968160576886,12.1064127748709
-1.0383444866945,4.71360201877605,3,3.04534841845356,-2.07270759711694,2.51769463492467
-0.0380005722846984,8.1021313090976,9,7.16296039816675,-0.26589747355665,7.18427715353268
0.976567908842673,12.806544435352,13,13.1192995637169,1.1771426593918,13.6693122140147
0.38516042080509,9.95515810266701,11,9.49040502138674,0.309088102441308,9.5494828063456
0.867087369036853,12.2839267235134,14,12.4506188469842,1.18230921807614,13.6920717994566
0.272973173839821,9.44002204718208,11,8.83858265407727,0.461314656951722,10.2531532110707
0.57415856945541,10.8553834301977,10,10.6330642302944,0.247090995959422,9.27197154533756
-0.433105571158907,6.59922318807707,6,5.32117662903368,-0.362346203993209,6.83204024734185
1.40617455524968,14.6707598363451,16,15.538767140853,1.38676892838657,14.55251487007
-0.575070884447985,6.11244611176933,6,4.73229738669972,-0.159587441954583,7.58698537760408
0.117446187095728,8.75390241366286,10,7.9753964057433,0.20105272140929,9.06943855956325
0.751117292386021,11.719421985842,12,11.7313705533937,0.71540028594428,11.4816223147165
-0.582705391164482,6.08705556968466,6,4.70164564152183,-0.884369138811376,5.13788787448214
-0.826425288809057,5.3181394502003,5,3.77479583653727,-0.551966146553702,6.17546537238684
0.523447048952898,10.6105323401657,13,10.3220533005551,0.00647708655295286,8.24693168569322
0.831394625609808,12.1110105260401,11,12.2300481773896,1.11461062003186,13.3899606638548
-0.235168267968731,7.3246949388602,6,6.20499220379637,0.287140117769813,9.45061750975766
0.866236325743922,12.2798154635807,14,12.4453712954721,0.836766485053928,12.0761739653768
0.448448504156924,10.2525752243989,12,9.86760951519675,0.706036000393733,11.4356944762306
0.664335666447944,11.2946777675894,10,11.1912673085771,0.511060313118717,10.4893472047956
-1.79074193472655,3.0010617515923,2,0.949341206351763,-1.06973220749305,4.62070622504453
-0.719850018651475,5.64450104670937,6,4.16801291953419,-0.51754849587779,6.29112226001347
-0.634750770139706,5.91609220499333,6,4.49537765682541,-1.18224340338377,4.32753708887646
-0.208571396801883,7.42636307360343,7,6.32958784129376,-0.726484974235644,5.61285367200197
0.308206588347299,9.60005090478881,10,9.04080893910154,0.330767391774547,9.64779943173843
-1.79074193472655,3.0010617515923,2,0.949341206351763,-1.49639188181944,3.58826169716409
1.47289797396093,14.9300768575306,16,15.8780768251539,1.7017400966771,15.7339213060142
0.978201583657067,12.8142326493213,14,13.1291640270427,0.606699264467185,10.9503517795054
-0.925586151624036,5.02801509719178,4,3.42502425775815,-0.493101448066517,6.37421902008221
-1.63307571647015,3.30792767107687,2,1.33060756605557,-1.82397265934112,2.93573976971837
-0.283739702532036,7.1415950242551,9,5.98108762023432,-0.192324932872356,7.46134690759783
0.283044431815076,9.48559671551029,9,8.89614631142562,0.340260536351312,9.69105639943755
-0.0721249656819698,7.96364075007006,7,6.99141678537931,0.0407822271894166,8.38804107478055
-0.137661205581303,7.70229671103445,8,6.66876360872475,-0.589848591801797,6.04996084381244
0.0648790844923778,8.52966041840287,10,7.69495698223261,0.0920971394218496,8.60222121340656
1.66481014069398,15.634095202516,17,16.7963421245269,1.83940470249128,16.2003270940883
0.13657305055631,8.83646288305648,9,8.07887451427755,0.840283774895326,12.0933268205357
-0.0368415962011381,8.10686390997395,8,7.16882941321386,-0.222716754002614,7.3460092329856
-0.864727142540472,5.20454421359815,4,3.63789063776205,-1.21115158689292,4.25468321949373
-0.178165075839061,7.54381428475851,6,6.47377418699604,-0.850466341448954,5.23717844335639
0.00616284017666419,8.28381751288442,9,7.38859885480866,-0.266194678614884,7.18317265656076
-1.49084129163447,3.60758843621336,3,1.69955796421478,-1.22172366957835,4.22828904234055
1.08351930539737,13.3013852406124,14,13.7561644016928,0.935643318962397,12.5546703150069
2.23605243429815,17.3667626151627,18,19.0238884835685,2.53039174740329,18.0148091314859
-0.369661796416053,6.82579354396291,6,5.59628555129892,-1.01364855110251,4.77264538186796
-0.467939782128182,6.47720230902947,7,5.17330849241921,-0.434537065935677,6.57648209088477
-1.07429356739935,4.61675587238698,4,2.92821253767989,-1.38129579327152,3.84587552533998
-1.24057495375992,4.18948773174309,3,2.41004097920087,-1.36843235512612,3.87560562133384
-0.227627701061752,7.35341805550797,8,6.24017282939421,-0.432842711574159,6.58240117735275
-0.642866871010345,5.88976530540629,7,4.46363039233705,-0.760361723695537,5.50823445469695
1.5531216654248,15.231733024729,17,16.2723316436239,2.0505605630825,16.8544911957224
0.0705486164404452,8.55365744402284,9,7.72492344394555,0.246976929115837,9.27146599119254
-0.613789998942537,5.98450042315395,6,4.57788907529072,-0.587421451323956,6.05794561982255
-0.641539161478171,5.89406596700005,5,4.46881624727872,-1.20157484731168,4.27870754906566
0.171708217461442,8.98946306132704,11,8.27094296752164,0.699553127885096,11.4039079012266
-1.0525504343134,4.67513772208556,5,2.99883772894595,-0.896938956987251,5.10144744784819
-0.0644178566535589,7.99477491178518,9,7.0299475492341,0.134646532444236,8.78265655432098
0.415368207664691,10.0965439161398,10,9.66966287272782,-0.0640076163698345,7.96216951802661
-1.0719236623948,4.62309053229988,4,2.93587747272424,-0.814538806882367,5.34400486506826
1.4488803677695,14.8376328938394,16,15.7571320809302,1.32768740661221,14.3119025004931
0.245060002291343,9.31442348058334,10,8.680071346185,0.064450110899933,8.48636321004561
1.4258523290817,14.7480516740902,14,15.6399107074688,1.15799568772527,13.5845348569616
0.0713459853719941,8.55703606473378,9,7.7291433942895,-0.0249493546509018,8.11911206035933
-1.59246935864093,3.39124469696388,2,1.4334648620667,-1.90062500393598,2.79991367555366
-0.225887627440631,7.36005761329152,7,6.24830730902124,-0.195163385630914,7.45052206636105
0.148765945265291,8.8893619400813,8,8.1452374891123,-0.400026425953523,6.69779036523174
-0.0440242641877088,8.07756466697885,8,7.13250201470016,0.105513447459125,8.65883561105167
0.661124142634688,11.2789757086061,13,11.1713098392479,0.617211077915452,11.001470993294
0.859605397501573,12.2477616532397,13,12.4044640006508,0.810671472247182,11.9487057096869
-0.941365137424837,4.983034208147,6,3.37075496124982,-0.422516632893777,6.6185564391472
0.632749920687878,11.1403882576391,11,10.9951827153826,0.8331577441497,12.0585675661036
-0.311565169959465,7.03819298414929,7,5.8549078339489,-0.21385976568158,7.3794929451426
0.6762651812145,11.3530266917888,11,11.265433734408,0.660680230055443,11.2135537380811
-0.383018085859768,6.77762974249994,7,5.53774028176047,0.361691341986377,9.78916327503967
-1.51473338125866,3.5557146650821,3,1.63587282473237,-0.936764731713288,4.98731629697696
-2.17266623243538,2.3647560111748,1,0.136905198775219,-2.19322932049035,2.33828631092389
2.02463607269275,16.793325406411,18,18.2879812309677,2.17051451707037,17.1894079687993
-1.83533493503406,2.91901933117108,1,0.846583298857378,-1.47388203921639,3.63746403007233
-0.500473328426858,6.36475858059021,6,5.03720820854791,-0.551918380612247,6.17562480786164
-0.597395087579591,6.03842601528931,5,4.64295339007788,-0.417934323179446,6.6346458568864
-0.478098096966429,6.44193548107344,5,5.13060604276789,-0.25145611451605,7.23808800769006
0.458242621056582,10.2990013470075,11,9.92652729845773,0.450202469329732,10.2007810019199
0.953415128118995,12.6971995377559,14,12.9790976892938,1.04162259207515,13.0552176302569
-0.773597334105106,5.47801183338444,5,3.96742258127655,-1.02519437760939,4.74104685441581
0.609651891228123,11.0278122438926,12,10.852134324768,0.501973115167029,10.4459967945256
0.0193959696962421,8.33879709568668,9,7.45700909296679,0.306579016904032,9.53814630918969
-0.180876817957613,7.53328660774365,9,6.46083910295797,-0.285213392673001,7.11273983057847
0.699430136942293,11.466402487572,11,11.4095664816656,0.400340534394248,9.96765452604348
0.505016610462651,10.5220677472886,10,10.2097114525108,0.0186639855067552,8.29687123201935
0.309727349527391,9.60699510247093,10,9.0495903074414,0.430128711374906,10.1065524072655
-0.0886852776944772,7.89702746390536,7,6.90904451246273,0.171127604748475,8.93942088258461
0.127204418619155,8.79595906867716,10,8.02809382128668,0.25141311006694,9.29114121348123
0.176869693091217,9.01208500785777,9,8.29937354957838,-0.364917174534493,6.82282035855008
0.0543268589426924,8.48511809014536,9,7.63936342094614,-0.113385769610149,7.7667787701701
1.09066661740262,13.3337919343682,13,13.798018211439,0.953151674979217,12.6383890254758
-0.0931007782606653,7.87933189788636,8,6.8871778544175,-0.211223152194629,7.38948106369331
-0.300913071757885,7.07764898111374,7,5.90303332699512,-0.455812940232691,6.50247905842017
-0.52013465699296,6.29751353539755,6,4.95588358379903,0.105841510757366,8.66022319256598
-0.122571422952368,7.76193254072997,8,6.7422673159366,-0.239664476742112,7.28223322765647
0.6681411613197,11.3132873741013,11,11.2149209282558,1.30921063845738,14.2353311954764
1.4859742444384,14.9799889072106,14,15.9433603951399,0.870048567072144,12.2381544745895
0.288350245782828,9.50966122401858,10,8.92655068188208,-0.004849173050705,8.20070561185046
1.47252434546004,14.9286464027216,15,15.8762056309174,1.72702317141402,15.8218232392017
0.114837577631725,8.74268241679886,9,7.96134288565659,-0.0117548832190084,8.17260932071104
0.521848724618308,10.6028486513749,11,10.312295082814,0.404197384783337,9.98557435049979
-2.0207561184748,2.60000063099145,2,0.442170457452016,-1.56539366901016,3.44097492739552
0.253676597419366,9.35308216847349,9,8.72883974807749,0.422551434769262,10.0711137042876
-0.442739648327144,6.56530753094264,7,5.28005735478287,-0.944091282432353,4.96653890861419
-0.646915992241689,5.87666439646895,7,4.44783355744762,-0.789445866389769,5.41959979849304
-1.12538461295067,4.4818865911523,3,2.76490899494287,-1.6833782268321,3.2013691615362
-0.712134183681683,5.66872120563455,5,4.19719697598773,-0.915887274287948,5.04689522836876
0.260590636235785,9.38417520256196,11,8.76807753458347,0.311272377689246,9.5593589260293
0.0234866143236862,8.35584276328307,8,7.47823090952692,0.0853412145590502,8.57380946422064
1.77969038541076,16.027222213431,17,17.3052075744777,1.68540494327959,15.6765961914386
1.0087409905528,12.9572566652442,12,13.3128395728635,0.978765551470192,12.7601847743897
1.64491628006456,15.5638922475502,16,16.7051208598164,1.75972747675475,15.9340385861906
-0.373705195657361,6.81118648026379,6,5.57852624872849,-0.603475060912203,6.00527573841838
1.55977635713916,15.2562733381266,16,16.3043639227677,1.20467297876387,13.790012929633
-0.0425343023275498,8.08363643996829,8,7.14002882030898,-0.0431809093862279,8.04559101056662
-0.908680485912437,5.07656665063931,5,3.48358687940485,-0.490468916057336,6.38321399897261
0.200049149183088,9.11413491050215,10,8.42772488613064,0.205910210232311,9.09066444352836
-1.77613094406362,3.02839598599211,2,0.983488497632597,-1.06631017876122,4.62986549952805
-1.04297207651563,4.70104438028767,5,3.03016553027035,-1.34529199068438,3.9295677405805
1.19878912493538,13.812870067057,15,14.4189047896753,0.614633474067102,10.988929277776
0.672890468845991,11.3365172562384,12,11.2444481154581,0.535659940784454,10.6071273146792
-0.178218209326682,7.54360790727707,7,6.47352059533419,0.159517750696489,8.88932472785594
-0.427327971711166,6.61962439048725,7,5.34591845192511,-0.409936310041541,6.66279500228875
-1.49084129163447,3.60758843621336,3,1.69955796421478,-2.26554389929147,2.23761431159274
0.932482502528444,12.5977494439351,12,12.8517297241363,0.699972127603027,11.4059620616296
0.269368262259612,9.42374210526226,9,8.8180258579507,-0.050436400849707,8.0164608382388
-0.974910031445106,4.88847712745547,4,3.25662427805825,-2.29002473966775,2.20468849434968
0.963768852990533,12.746185423224,14,13.0418857678535,0.672634441315555,11.2720369372691
-0.346405139428729,6.91025292656932,6,5.69903715263347,-0.811530736203641,5.35302421918845
-0.980936251779097,4.87164360743588,3,3.23629875788922,-1.06560121970406,4.63176487874448
1.24885591586105,14.0273603490336,15,14.6981106447042,1.06095128107899,13.1447292235393
0.0933019693856774,8.650421985932,9,7.8458681881692,-0.134721082900147,7.68339030919888
-0.436260883992842,6.58810108132,6,5.30769051861539,-0.0902383551441843,7.85795570233839
0.778120467625508,11.8514362811824,12,11.8993825041226,1.39191046036538,14.5731529279683
-0.384763315297891,6.77135468435171,7,5.53011526651444,-0.301897389064672,7.05135164371728
0.0619094845003221,8.51710938483718,8,7.67928813202078,0.322939367807168,9.61222356263731
-0.0821954783858342,7.92308613925086,7,6.94125721316682,-0.122287727550777,7.73190998267036
1.10330166828382,13.3908636799543,14,13.8717725787949,1.35804073113634,14.4363175432761
-0.216814468931696,7.39474691455919,8,6.2908206829962,-0.440085290766959,6.55712635117098
-0.872186966776916,5.18264512876371,4,3.61149229380025,-0.730758139559359,5.59957522322208
-0.939952174638451,4.9870489673356,5,3.37559931792243,-0.383874312565677,6.7551078888687
1.92207807219427,16.4849842982828,18,17.8934896586266,1.7614281827506,15.9398280154486
0.333788023246573,9.71726306354944,10,9.1890926733868,0.362385601195568,9.79235192857239
-1.13808010399792,4.44887236895604,4,2.72490027159356,-1.68456249409152,3.19904176228925
-0.300913071757885,7.07764898111374,7,5.90303332699512,-0.358362758637461,6.84634281416015
0.114648735442302,8.74187055277096,9,7.96032607805357,-0.297186593482108,7.06864717342191
0.00861519850213667,8.29398754171166,9,7.40124873530257,0.140358857263338,8.80707729843778
0.358159249474282,9.829710702909,11,9.33146246619452,0.682902216271336,11.3223117488118
-2.24462449171262,2.261326975895,0,0,-2.02871997994293,2.58688181832456
-1.8397952282712,2.91092753170082,3,0.836425275922051,-2.41245803618361,2.04851685812782
0.415624133817747,10.0977463231581,11,9.67118784191345,0.104047958342546,8.65263903035305
-0.109430999966303,7.81412684532656,8,6.80665814457254,-0.263606612468076,7.19279460685943
0.218050675211034,9.19390296282874,10,8.52815907817117,0.940739287953545,12.579074489414
0.811669062417453,12.0150722833501,12,12.1077794007671,0.818373588872961,11.9863642457637
-0.20535088212662,7.43874130956381,8,6.34477105222663,0.5348760313057,10.6033647384835
0.348598420606694,9.78550793156589,11,9.27548506600986,0.568410366965537,10.7648330137609
-1.33133146755819,3.97019886242812,3,2.14304357363211,-1.50683595509261,3.56562636005151
-0.0301956251823354,8.13403909300055,7,7.20253882936236,0.423981278439271,10.0777955162235
0.123015295265321,8.77788806389708,9,8.00544687973091,0.0117221636372691,8.26839943574184
0.641486846502359,11.1830313468755,13,11.0493733220459,1.13844617976332,13.497280100777
-1.19543235718723,4.30217435556966,4,2.54694617797609,-0.590668147731367,6.04726641988782
-0.224295854518142,7.36613503651402,8,6.25575382114817,-0.342803399142202,6.90241067639107
-0.369807955179166,6.82526513786476,7,5.5956430563739,-0.416948775233519,6.63810994155648
0.175333061228054,9.00534629788059,9,8.2909036996301,0.475878791731003,10.3220151238323
-1.03079811095182,4.73413812991445,4,3.07017425361967,-1.37878135862101,3.85167195632192
-1.66197023055467,3.24971673811307,2,1.25859741989784,-1.58210892046759,3.40609401586789
-0.501683308313524,6.36060483105149,6,5.03218334330004,-0.634080542229424,5.90579623020904
1.13660813602259,13.5399520175824,13,14.064713124937,0.969015543699848,12.7139221433691
-0.262169214818833,7.22250025657577,7,6.07994724911966,-0.147965780413635,7.63193674419146
0.129498920595472,8.80586755659566,9,8.04051374157894,0.279397925145282,9.41590461670792
-1.27367380203478,4.10839909828856,3,2.31140363353369,-1.63756104388255,3.29259329867524
1.20732413499309,13.8497687625499,15,14.4668865434079,0.788562612750802,11.8404740288157
-0.0332500195749405,8.12154197830978,9,7.1870349405588,0.344908055859948,9.71227874653138
-0.0551892378212047,8.03216629686322,7,7.07624821927048,0.392315625838575,9.93043102718922
-0.989652461013775,4.84737820040116,5,3.20699544012021,-1.20452096919683,4.27130520061189
-0.324453154307742,6.99066755916315,6,5.79697520108046,-0.0538782512497473,8.00266764631249
1.04519867378207,13.1261626764878,13,13.530180469209,0.90749110927112,12.4193388835401
-0.676280726041257,5.78232271265314,6,4.33410217476295,-0.782194922940191,5.44159505728592
-1.08247466589823,4.59494192935225,4,2.90181419371809,-1.57463207457933,3.4216581415683
-0.916364223884721,5.05445353521197,4,3.45691595784188,-0.885160139956827,5.13558879601447
-0.448006518576341,6.54682059084584,5,5.25765022127484,-0.00428051472296237,8.2030222044483
-1.35302468523047,3.91919535897997,3,2.08082432391859,-1.51138724525439,3.55580067749852
0.690885853779219,11.4245760724331,12,11.356389480675,1.04217431255469,13.0577809420647
0.663366805941239,11.2899404415893,11,11.1852460708826,1.21951496458638,13.8544943667883
0.27095140833375,9.43088951092307,9,8.82705055562086,0.601027974365218,10.922803441117
0.576951449549719,10.8689231517959,11,10.650265006895,0.49038627269366,10.3908509769471
-0.0051365191702112,8.23706890968495,7,7.33047767996601,-0.1454111972839,7.64184227083955
-0.31995562752305,7.00722612034931,7,5.8171554446195,0.41198827656264,10.021831272448
0.0241039024800929,8.35841705822513,9,7.48143639882794,-0.287520429682195,7.10422900252694
1.17581010740071,13.7128483579398,14,14.288951089295,0.850512018551934,12.1431634106418
0.0641175173360814,8.52644045802736,9,7.69093686252615,-0.0438317390940016,8.04297500171402
0.897862218217675,12.4321542538075,14,12.6399328366072,1.01786416157459,12.9443871042861
0.0587176484330348,8.50363300944813,9,7.66246741170539,0.20196999575175,9.07344420237972
-0.228378197581912,7.35055571918921,7,6.2366662849998,0.270696521167259,9.37699232244142
1.13362360286309,13.5266737601077,15,14.0475133386904,1.05271762260709,13.1066725005191
0.143514022781891,8.86655076765682,8,8.11661461596097,0.481301269208144,10.347716152857
0.820125127770118,12.05622829698,13,12.1602221145941,1.24414604173813,13.9605877162721
1.44019486711088,14.8039549724733,15,15.7130644261743,1.65955321937952,15.5850195294356
-0.286841434262336,7.13001494247608,8,5.96694730641526,0.46549650284119,10.2729004058416
-1.15143808660601,4.4143481334627,5,2.68304646184738,-0.526220516727628,6.26183431936498
-0.77875201082655,5.46224834249914,6,3.94843082964337,-1.15784187392745,4.38981454137687
-0.633719622941527,5.91944345898973,6,4.49941916534241,-0.440526376432729,6.55558930707469
0.120190812118392,8.76571779978215,7,7.99019807580449,0.258158770770894,9.32111316490862
-0.632211150009834,5.92434864711049,5,4.50533478535312,-0.0552179000482399,7.9973034529305
0.352721686188286,9.80455702110671,9,9.29960651622992,0.119524268198313,8.71823279196786
0.592647935834837,10.9451121032608,11,10.7470593942277,0.924828947025238,12.5027843725655
-1.63307571647015,3.30792767107687,2,1.33060756605557,-1.30903833504427,4.01535616135614
-0.547318322914232,6.20541895944987,6,4.84458146380863,0.0560733062644434,8.45147332893615
-0.269124246627781,7.19634240491984,7,6.04797153676124,-0.0145231035606747,8.16136536810122
0.455678576902059,10.2868374033844,10,9.91108967018457,-0.0226910046495523,8.12825135819663
-0.132968697578967,7.72080730689913,6,6.69157101838119,-0.598130896846491,6.02277184252663
1.01929401838627,13.0063600099267,12,13.3759747465302,0.537747204849094,10.6171485780745
0.31230881247024,9.61878967821754,9,9.0645063713272,0.284873710842692,9.44044707391255
1.18845839428225,13.7680252290697,14,14.3606195972566,1.35295799741525,14.4156023873175
1.37547693090953,14.5487963394046,16,15.3791884492912,1.00285061863832,12.8739125188009
-2.24462449171262,2.261326975895,0,0,-2.90160661957379,1.55031554856901
-1.326525214126,3.98157205968396,3,2.15691130985,-1.8747383059572,2.84507990570212
-1.27367380203478,4.10839909828856,3,2.31140363353369,-1.98008818055366,2.66572230164081
-0.76013090698911,5.51936139596473,5,4.01723998454108,-0.918031008805745,5.04075211730736
0.0597169082908887,8.50785047023839,8,7.66773112027403,0.0110311929098489,8.26556913097592
0.581668245291969,10.8918015592281,11,10.6793301354809,-0.127407026054637,7.71190693441574
0.327734247944834,9.6894486002677,10,9.1538933978841,0.458561289943778,10.2401627484463
0.00910596268290816,8.29602378578362,7,7.40378174299186,0.187797442031136,9.01168890051619
1.38921425259731,14.6035859110957,16,15.4508704498069,1.76521854363384,15.9527144820982
-1.79074193472655,3.0010617515923,2,0.949341206351763,-2.69313724047039,1.74010146095821
0.0953740248216027,8.65927034600425,8,7.85693626782896,-0.108294466713103,7.78677012712808
-0.362812004777727,6.85059094962526,7,5.62644188771048,-0.904130453458247,5.08068941595298
1.28374448065542,14.174028374954,15,14.8894013036787,1.26034199730168,14.0297236835631
-0.484482189729142,6.41984479469361,6,5.10386534381567,-0.342189643037962,6.90462893181129
0.311703429359893,9.61602293040976,10,9.06100726840347,-0.00953292338205552,8.18164222026964
1.20796803514461,13.85254692698,16,14.4705000418635,1.41421632129831,14.662138843138
0.410715165858677,10.074695895397,10,9.64195514857009,0.712261067323876,11.4662242737029
0.931088532753175,12.5911078843477,14,12.8432284796008,1.24468526906409,13.9628975053209
1.66481014069398,15.634095202516,17,16.7963421245269,1.70541118979181,15.7467467856155
-0.418553193159073,6.65069761244661,7,5.38361387102134,-0.449892136007629,6.5230131912453
0.28976499261373,9.51608413672132,9,8.9346668009122,0.104043458486499,8.65262000816541
-0.726598440832891,5.62338350046497,6,4.14256829877082,-0.76393123867226,5.4972974538902
-0.427308378141047,6.61969365597854,7,5.34600246419979,-0.576495026319928,6.09398671541222
0.0843121000412298,8.61210263649215,8,7.79795254918722,0.12237135196884,8.73033693292184
-1.34590066973624,3.93588537861995,4,2.10118976388594,-1.78825323843834,3.00119303485892
-0.416093519298951,6.65942701010305,8,5.39420605702501,0.452872955236127,10.2133536199053
0.961136284626209,12.7337433723396,13,13.0259347955307,0.804070506711575,11.916410573312
-0.963607306025829,4.92017561982676,5,3.29489213116629,-0.832443330113553,5.29056078884281
0.678529279963331,11.3641041728538,12,11.2795149773062,1.12862567590283,13.4531866880712
-0.421232412212139,6.6411986189941,6,5.37208907258898,-0.743498493201873,5.56012625515579
1.03724284450973,13.0894817908582,12,13.4829404392503,0.799669023791531,11.894866745409
0.843531798359443,12.1699167508542,13,12.3051582882521,0.42671341860299,10.0905702586878
2.07281077595459,16.9315896869016,18,18.4648111408175,2.11296205917038,17.032257094486
-0.157278107923454,7.62525078874004,8,6.57390725603502,-0.374981826568587,6.78681136752657
0.447677818689177,10.2489263695845,11,9.86297923417926,1.01767093517606,12.9434821994941
-0.76013090698911,5.51936139596473,5,4.01723998454108,-1.52037372316573,3.53646811818598
-0.611428608939801,5.99224475645568,6,4.58723184411381,-1.19561506875208,4.29371367928484
-0.699810381232141,5.70757276637518,5,4.2440140205612,-0.666404946259708,5.80205686617768
-0.52198673808529,6.29120660286953,6,4.948258568553,-0.17207964031887,7.53887175768813
-0.0592090224443462,8.01586457752247,9,7.05605876555113,0.0620147432523109,8.47620951409644
-0.305166196242815,7.06187609459484,7,5.88379150740529,-1.03694349738529,4.70906218810301
-1.22786470198987,4.22097015813515,4,2.44830883230891,-1.48366151367786,3.61601784296515
0.501976176588971,10.5075033997706,11,10.1912177408544,0.313979833191992,9.57160984226719
-0.401646440655162,6.71086966106707,6,5.4566481379037,-0.824492964260336,5.31424139669631
-0.640266881045265,5.89818933974748,5,4.47378841527238,-0.220284701534642,7.35519303559986
1.03464241917652,13.077470437486,13,13.4674764029239,1.4127571670542,14.6563449323013
0.988913488550281,12.8645516668039,14,13.1937487302519,1.39236112574377,14.574959622481
-1.08513194986259,4.58787451934014,4,2.89326033149513,0.235000585951615,9.21848923774486
-0.715197135853679,5.65909691351311,5,4.18560004444266,-1.78609041816706,3.00520052965377
-0.715197135853679,5.65909691351311,5,4.18560004444266,-0.739381963443437,5.57284959842485
0.607839132885961,11.0189881900953,12,10.8409224755308,0.199467191891376,9.06251756184109
-1.6279053977379,3.31843794499368,3,1.3435960248218,-1.5992763329352,3.37059207832161
1.09708618501747,13.3628235518757,14,13.835528835925,0.847407125239096,12.1280420895132
0.498645385045362,10.4915580374455,11,10.1709710101724,0.372606116845035,9.83936876734417
1.79470969045408,16.0770684209741,18,17.3694791777236,2.60203681790552,18.1468086652511
-0.0705323117595757,7.97006763874108,8,6.9993689015865,0.620519867239128,11.0175766362434
2.20916862000865,17.2987513810491,18,18.9360481335119,2.1076908793564,17.0175335457348
0.151059449052239,8.89933568849328,8,8.1577550197576,-0.300961471200377,7.05478547627421
1.24582219703013,14.0144983012031,14,14.6813488922598,1.14648364278749,13.5332378855686
-0.0624869385168184,8.00258837575059,8,7.03962037820453,0.119563918586993,8.71840128277741
-0.617096160531893,5.97367046006389,5,4.56482445502129,-0.637088137899272,5.89608639866516
0.35338639759305,9.80762992692083,11,9.30349794107452,0.347212497067625,9.72281268440365
0.436840650652939,10.1976854983422,11,9.79796199471829,0.730341218237796,11.5549230333779
-1.37934899131089,3.85802511454117,2,2.00613837485689,-1.78827837040702,3.00114649753514
-1.03082360609555,4.73406862840924,4,3.07009024134499,-1.00740087925489,4.789813240441
-0.143701783394299,7.67851421049903,9,6.63947067538401,0.199462630427354,9.06249765578985
-0.797593651097699,5.40493101349239,5,3.87937366758313,-1.32264078964661,3.98298914221009
-0.836143020118699,5.28913503373639,5,3.73984363035251,-0.763924440519744,5.49731826778932
0.894195003880242,12.4145385233401,13,12.617421672428,1.22615011129554,13.8831866611074
-1.13808010399792,4.44887236895604,4,2.72490027159356,-1.03471476855943,4.71511628492761
0.873052752611237,12.3127270360508,14,12.4873839213696,0.802614507341853,11.9092847481314
0.265289287581862,9.40534237702097,11,8.79479614746449,0.266118441551074,9.35656249481298
-0.774937477793754,5.47391012563053,6,3.96248088113175,-1.21033426054831,4.25672929965448
1.1125973806607,13.4326728387314,12,13.9258396135597,1.0930314311842,13.2919333591263
0.405608499609852,10.050746813814,9,9.61158581798295,-0.577306110637579,6.09130596262584
0.537088377594862,10.6761987930292,11,10.4054536274537,0.525146141170083,10.556713843023
-0.213727828114805,7.40657446074905,7,6.30532115645606,0.270913881597651,9.37796304064612
0.80775720037349,11.9960196044859,12,12.0835058827073,0.682442465725181,11.3200598954119
1.04328071855644,13.1173291117207,14,13.5188019336989,1.12379312023018,13.4314251866671
-1.08513194986259,4.58787451934014,4,2.89326033149513,-0.612145958118857,5.97696777397009
0.303247994051216,9.57742973780383,10,9.01220642254748,0.0882166075573198,8.58589386701348
0.872501513257047,12.3100670082654,11,12.4839879052913,0.739101856823233,11.5979089117159
0.0354861585579683,8.4059817398686,8,7.54068694176708,-0.317026866547968,6.99600457152983
-0.774046480073026,5.4766368879069,6,3.96576606020619,-0.340218585320473,6.91175617446062
0.117016471321899,8.75205348482634,9,7.97308039122551,0.242113358774016,9.24992751257281
-0.0411061852717867,8.08945914465786,9,7.14724757555201,-0.424288106998328,6.61234387129528
-0.00669337248772919,8.23064198020875,9,7.32249068834848,0.174132271092253,8.95241742129069
-0.745352678783416,5.56501899096956,5,4.0722481245556,-0.71513100559151,5.6482500907023
1.8972587726011,16.4076127262716,17,17.7943366878243,2.43489270308325,17.8225239364438
-0.164838746413165,7.5957013609732,8,6.53755850682734,0.565136849305574,10.7490266152668
-1.8742491927402,2.84911971371041,1,0.758686607811296,-2.47565927142683,1.97325567716591
-0.243275526463392,7.29390245448848,7,6.16729421847467,-0.0977692636190266,7.82821088624084
-1.18207237019661,4.33599160268591,3,2.58799507281834,-0.803002395755614,5.37865875267128
1.05520326262136,13.1721442010392,12,13.5894310121481,1.23268256057139,13.9113536718205
-0.362545095281688,6.85155853263767,7,5.62761876873231,-0.32558199378352,6.96484304816618
-1.37934899131089,3.85802511454117,2,2.00613837485689,-0.869318976334514,5.18178383276127
0.4970390733239,10.483871924997,11,10.161211741397,0.162100268639002,8.90045149168976
-0.0626603815488215,8.00188632203051,9,7.03875120627353,0.00199339005820415,8.22861080209014
-1.22786470198987,4.22097015813515,4,2.44830883230891,-1.36415953159887,3.88552312918405
-0.711261571367988,5.67146541510333,7,4.20050368974466,-0.467014324758674,6.46375759155696
-0.291013868871231,7.11445875699758,9,5.94795555478208,-0.306111201861579,7.03590587381585
-0.634365740592268,5.91734339087118,5,4.4968865408139,-0.897727927770261,5.09916689638377
-1.97850500909001,2.66958045438651,2,0.531160017245254,-1.77684635440166,3.02238597166286
-1.0383444866945,4.71360201877605,3,3.04534841845356,-1.1468119010785,4.41820104827184
1.14528374111181,13.5784580264792,13,14.1146087608893,1.00326176260839,12.8758468310388
-0.807441385957813,5.37516212236299,5,3.84350584126756,-0.333426986700402,6.93635382635856
0.354646128047728,9.81345507901474,11,9.31087492227564,0.155554401597734,8.87226726200542
0.0872785334050619,8.62473442457797,8,7.81374471854217,0.544559000131495,10.6498820096217
-0.307193986189183,7.05436487474046,8,5.87462985691654,0.35244039912825,9.74673709978524
-0.637234365992808,5.90802641114163,5,4.48565081764127,-0.856830615206393,5.21842750549081
1.24043996205462,13.9916364678837,14,14.65156117194,1.34589823995699,14.3867508649208
-0.60550930138326,6.01169103802097,6,4.61069361404759,-0.990347366850947,4.83692245829667
-0.874487718275159,5.17590579973543,5,3.60336791969389,-0.962151194481545,4.91561203230939
-0.514798382478675,6.31571172861054,6,4.97788731809668,-0.993941099557383,4.82696475525131
0.941414214291174,12.6402494696886,13,12.9061439575462,1.49182498342471,14.9649319242605
-0.969348836586258,4.9040529870711,5,3.2754291682306,-0.676931661681316,5.76856714718586
0.384211687201723,9.95073518523614,11,9.48479932010503,0.814096813757369,11.9654568223722
0.484250285498847,10.4227662300457,11,10.0836296554186,0.407197929400384,9.99952889858831
1.92207807219427,16.4849842982828,18,17.8934896586266,1.96580565821215,16.6013265122143
-0.29233562873222,7.10953590068334,5,5.94194638090319,-0.463564924173988,6.47566401976584
0.767675557783316,11.8003977538774,11,11.8344161016975,1.0374369901837,13.0357555814358
0.319968680318854,9.65383842942512,11,9.10883889511077,0.746470999531553,11.6340669225624
1.11348907353863,13.4366753461285,15,13.9310172273432,1.02623629564637,12.9835409614049
-0.997037973156786,4.82689336491514,4,3.18225361722877,-0.764315336764467,5.4961215580372
1.52080897900189,15.1115324573605,15,16.1153324557632,1.45851088576008,14.8362348308733
0.851150483142459,12.2068390397795,13,12.3522526033097,0.435208243264025,10.1303494170012
0.704682796222488,11.4921185688461,11,11.4422636442579,0.915991938753534,12.4602914932468
0.156512918033944,8.92308081523232,8,8.18756290737656,0.289776894130783,9.46245909730865
0.896569836824601,12.4259477488589,14,12.6320011305153,0.949318489543565,12.6200911860699
-0.198593143573665,7.46476259070095,8,6.37669856537182,-0.593137370391289,6.03915375947012
-1.29723185232583,4.05146640003421,4,2.24208591753044,-0.9837353129459,4.85528574839441
-0.499644148183838,6.36760624813046,6,5.04065319324831,-0.854720560114596,5.22463857682062
1.09666755376431,13.36093253614,13,13.833085073287,1.12331621693333,13.4292753766219
1.59924893476369,15.4003470850273,16,16.4922520436704,1.8990662390864,16.3929691510981
0.783412825401865,11.8772825500111,11,11.9322875437414,0.928110937192737,12.518544579152
-1.3938495860722,3.82466568673593,3,1.96537743385787,-0.562006018111771,6.14202018572512
1.24330396751985,14.0038085645466,13,14.6674198346972,0.833723281585301,12.0613272167553
-0.634365740592268,5.91734339087118,5,4.4968865408139,-1.14703471562268,4.41762616012686
-1.68304390472208,3.20782295623683,2,1.20669082604658,-1.58806541048094,3.39373909969862
0.604593510376836,11.0031936719102,11,10.8208542013397,0.546479497956067,10.6591186943684
-0.999458195708147,4.82019565113749,5,3.17416323007811,-1.87081249657884,2.85199212410056
1.06599978781803,13.2215808212546,14,13.6531745079457,0.928163230904344,12.5187955998373
-0.41640626805117,6.65831659602429,6,5.39285862954931,-0.0944942677191021,7.84113654423891
-0.198352854824368,7.46568902940414,8,6.37783552659533,-0.295361201289605,7.07535700782309
0.416441407395255,10.1015865890034,9,9.67605836203845,0.0120428126423305,8.26971308287304
-0.86076493102554,5.21620547847467,5,3.65194693930643,-0.850818496268976,5.23613954147205
-0.561682989224002,6.15716425072746,7,4.78629448373599,-0.74605166778502,5.55224594516263
0.278233359157397,9.4638085986446,11,8.86862361235067,0.576445449176941,10.8036692508765
-0.530167476745805,6.26340514477714,6,4.91465171467908,-0.282567387511825,7.12250990127171
-0.256801840817026,7.24273338436177,8,6.10468907201109,-0.392975185060298,6.7227699672493
1.35342442935348,14.4601236461578,15,15.2632055902212,1.61424728268058,15.4219900831667
-0.162497057229147,7.60484481021198,9,6.5488040043767,-0.220622396053533,7.35391737266708
-0.712134183681683,5.66872120563455,5,4.19719697598773,-0.586745150997234,6.06017187729979
0.0156971437440457,8.32340458070611,9,7.43785038141618,-0.177333362831934,7.51870039573499
-0.585302671360681,6.07843586645982,6,4.69124099517777,-0.478183054431053,6.42531359408196
-0.730739149532167,5.61045656645972,6,4.12699295680729,-1.16850018848619,4.36252419098927
0.228597143321316,9.2408440792961,10,8.58730357769236,0.0185488471773681,8.29639844143778
-0.71285276633173,5.66646216444323,6,4.19447489262208,-0.499273605364704,6.35316539768891
0.616751320679556,11.0623867172905,12,10.8960656629951,0.289998708618891,9.46345569891975
0.183484971171814,9.04113313149954,9,8.33589208765277,0.298345313353093,9.50100698265345
0.749859078920052,11.7132662317982,11,11.7235383441617,0.646604016657356,11.1447683265386
-1.00430504575098,4.80680493860474,4,3.15798693239107,-1.24476600819002,4.17122224509522
-0.196812122814181,7.47163129092831,8,6.38512849552177,-0.876406159564161,5.16107704610828
-0.221053701980155,7.37852467694379,6,6.27093670933137,-0.0346370022329933,8.07998781537156
-0.949930714116203,4.95875144138843,5,3.3414520266416,-1.29015261824494,4.06065264176785
-0.416194287416185,6.65906921816844,5,5.39377189395667,-0.446583098126707,6.53450951263539
-0.331344869989485,6.96534921690421,6,5.7661281282199,-0.323582736012687,6.97211648992985
0.528504381638246,10.634859063382,13,10.3529487747957,0.81101686468755,11.9503950332633
-0.0248316027935835,8.15601814161116,6,7.22981365994309,0.0740863145426451,8.52662157240685
-1.07429356739935,4.61675587238698,4,2.92821253767989,-0.900955945618513,5.08984442802762
-0.487111692665307,6.41076240077891,7,5.09287279484893,-0.953601348774935,4.93967035950636
-0.198593143573665,7.46476259070095,8,6.37669856537182,-0.397947012495332,6.70515001590767
0.534120360773778,10.661898213721,11,10.3872903745295,0.565605849458778,10.7512906500078
0.272516340701838,9.43795800130395,10,8.83597619791928,0.88164590956563,12.2944049432577
-0.96044502773072,4.92907363522922,5,3.30563278578738,-0.538837817366627,6.21939835169408
-1.68834997016563,3.19734907698008,1,1.19370236728035,-1.64927762537078,3.26904558264834
1.25740426815472,14.0635092512934,15,14.7452317914934,1.64942258630185,15.5488466208044
-1.15143808660601,4.4143481334627,5,2.68304646184738,-1.4435814632433,3.70459824168862
-1.37934899131089,3.85802511454117,2,2.00613837485689,-0.745622304248081,5.55357057477258
-0.0544818478193234,8.03503739772524,8,7.07980459915678,-0.0095284408260585,8.18166045011157
0.157715003290898,8.92832046613445,9,8.19414162796948,1.01215798565505,12.9176409309865
0.595325171366177,10.9581221879464,10,10.7635888203151,1.00285802595622,12.8739473702171
1.93098150489722,16.5124837248573,17,17.928709262071,1.82356003111852,16.1481839167603
0.436687919342882,10.1969642654816,10,9.79704693465901,0.863191605019785,12.204846186742
-1.08247466589823,4.59494192935225,4,2.90181419371809,-1.52861992725087,3.51880762359111
-0.355342567109273,6.87770622277066,7,5.65942806668728,-0.420125165700228,6.62694990296431
-1.0553743385916,4.66752188486601,4,2.98962687248949,-0.581735747017999,6.07668056046272
0.0555791009598981,8.49039571148593,9,7.64594847450348,0.103067017002401,8.64849299166305
-1.19543235718723,4.30217435556966,4,2.54694617797609,-1.83592855645982,2.91413891759037
0.330905569324413,9.70401356460456,9,9.17232453764697,0.928604288482508,12.5209126484485
-0.798312882185037,5.4027524622976,6,3.87674882912773,-1.09814540567971,4.54521295595216
-0.203478350981549,7.44594521236035,8,6.35360876155595,0.122043794173711,8.72894375834324
-0.308376469363191,7.04998744923354,8,5.86929103394543,0.292605529208646,9.47517321607767
0.788699496833174,11.9030901552187,14,11.9651473211819,0.706085929759632,11.4359393199307
-0.0402170987164489,8.09308558125752,8,7.15174383428999,0.0220754397833053,8.3108880860483
0.54825833147106,10.7300815542534,13,10.4738935190193,0.244287003955262,9.259549394759
0.129498920595472,8.80586755659566,9,8.04051374157894,0.303601128270102,9.52470312316662
-0.597395087579591,6.03842601528931,5,4.64295339007788,-0.0280537002007716,8.10656071168598
0.349768785752734,9.79091272758163,11,9.28232874671105,0.817178393811415,11.980522282656
-0.848105981707412,5.25360098707437,5,3.69701933960378,-0.803223417756641,5.37799322197973
0.144602785722872,8.8712765097001,9,8.12254363972852,0.279014290172228,9.41418675649863
-0.679296180732444,5.77270115012373,6,4.32250524321788,-0.37774969637177,6.77693212578472
0.606279938212089,11.0113998103225,12,10.831280755533,0.894389391299226,12.3560827628988
-0.0825073566273529,7.92183248030635,8,6.93970717238501,-0.31462170146315,7.00478280324155
-0.262169214818833,7.22250025657577,7,6.07994724911966,-0.152753783088125,7.61339497462343
0.357322886036855,9.82583935048343,9,9.3265592615819,0.851280992142891,12.1469074437574
0.982977502088682,12.8366873265776,14,13.1579799240204,0.384881771849943,9.89602452461312
-0.724486109944811,5.62998692018225,5,4.15052470101296,-0.340182406803571,6.91188704239473
-0.962551035154038,4.92314632213331,3,3.29847808780442,-1.87456721860004,2.84538079720571
-1.22786470198987,4.22097015813515,4,2.44830883230891,-0.949838857826931,4.95028678827212
0.623015540029283,11.092914200171,11,10.9348561128315,0.514841287798928,10.5074099583533
-0.0259081499482864,8.15160372064249,9,7.22433481317803,-0.618474788056153,5.95636800829496
-0.362812004777727,6.85059094962526,7,5.62644188771048,-0.175985818621259,7.52387064166079
-0.91422134065755,5.06061282957484,5,3.46434505981502,-0.498942934202478,6.35429206793999
0.517152949181944,10.5802872977359,12,10.2836430403163,0.155839615293996,8.87349401293566
0.951197621002774,12.6866900316133,12,12.965631488831,0.925386462912431,12.5054624043927
0.223476824656969,9.218035009805,9,8.55856099034869,-0.0435063215372338,8.04428294346733
0.464523450274505,10.3288270280747,11,9.9643822306747,-0.33141242770682,6.94366191219056
0.818979356005588,12.0506542021103,11,12.1531186253619,0.347176881116118,9.72264982338652
-0.561358402322355,6.15825149070872,6,4.78760753617213,-0.763970330030259,5.49717776906416
-0.416194287416185,6.65906921816844,5,5.39377189395667,-0.284536238117937,7.11523925446261
-0.25785169654235,7.2387726102248,6,6.09984509849927,-0.979697149854991,4.866527674259
-0.96578179474229,4.9140645118688,5,3.28751514996517,-0.478826372640894,6.42310422542234
-0.555496309700654,6.17791215074937,5,4.81135336977778,-0.406882883195824,6.6735639019548
-0.325796785000721,6.98572620043595,7,5.79095396338602,0.211552478275084,9.11536208547151
-0.394073239845377,6.73795210157553,6,5.48953668893526,-0.089666811144334,7.86021631507967
0.73738652035324,11.6522294255797,13,11.6458877944273,0.275175464458855,9.39700855007836
0.589796457646816,10.9312599761483,11,10.7294603824163,0.679599584808827,11.3061369874009
0.382053667019005,9.94067872681338,9,9.47205402227147,0.420795166009617,10.0629100067116
0.459447523610002,10.3047198519371,11,9.93378501312033,0.30330075520926,9.52334782911725
0.199608791361989,9.1121892278731,9,8.42527627387681,-0.567689679394315,6.12314512489299
-0.0701449700250593,7.9716312352887,8,7.00130369798228,-0.333088061414334,6.9375829458348
-0.0913725354292813,7.88625471584092,8,6.89573171664046,-1.06088176866563,4.64442461340696
0.898848662358423,12.4368903932703,12,12.6459857635301,0.968826920405948,12.713025922108
0.868802494279554,12.2922103488965,13,12.4611924583599,0.50136590710513,10.4431032548682
-0.4288898311773,6.61410475620619,6,5.33922388544734,-1.04415789431074,4.68950733114791
-1.03616707718739,4.71952007362555,5,3.05250311643652,-0.824201363494476,5.31511148869497
1.11762871521013,13.4552382617349,14,13.9550337881204,1.08456822386144,13.2532675317617
0.865535358606823,12.2764287365039,12,12.4410486534758,1.20670096367636,13.7988480235952
-0.206044482097671,7.43607418267269,8,6.34149928986912,-0.340526911809795,6.91064094093075
-0.397314692458615,6.72635060269573,8,5.47544666949921,-0.454904006412446,6.50562835779374
-1.83533493503406,2.91901933117108,1,0.846583298857378,-1.60401655151817,3.3608468625125
0.336464166985496,9.7295737741575,9,9.20467409087497,0.880800003657409,12.2903058023374
0.608541274910982,11.0224058369015,12,10.8452649280408,0.0739686328744381,8.52612912448459
0.879682712241463,12.3446988415646,12,12.528207587077,1.07023512544026,13.1875067569307
1.29487741608092,14.2203474276867,15,14.9498667689732,0.97981583211083,12.7651607204797
0.15317518920826,8.90854294629428,8,8.16931203150435,0.660179899735343,11.2111072624023
-0.0493352842182171,8.05594724964489,9,7.10571031580991,-0.537792964613992,6.22290458701623
0.203271980092423,9.12838289577637,9,8.44565745822545,-0.183136379327319,7.49646357255145
0.42823741224691,10.1570993617843,10,9.7464722080877,0.631656125215902,11.0718321197172
0.336415350274826,9.72934912700202,9,9.2043897477051,0.5387471968094,10.6219511743932
1.70675640505476,15.7800612154822,15,16.9856821161542,1.61080843485406,15.4094829003155
1.4961461951756,15.0186129688166,16,15.9938690101028,2.03008980827816,16.7945559768339
0.573623162724136,10.8527884052357,12,10.6297675546466,0.565948475114993,10.7529447486147
-1.47783939330641,3.63608153364676,3,1.73451017039954,-1.66068708747521,3.2462601668634
-0.722406468514292,5.63649402858509,6,4.15836513366025,-0.369629561840934,6.80594379968656
0.0345405043711816,8.40202299452486,9,7.53575390728531,0.407193063032134,9.99950625729686
-0.338932690303105,6.93755040322219,7,5.73227117950695,-0.232575484101763,7.30886278725299
1.03166302070722,13.0636954508481,13,13.4497447716387,1.32865196686784,14.3158823599647
0.19872850363802,9.10830055999979,10,8.42038261158875,0.2920067582161,9.47248092524656
0.264421140165288,9.40142917264687,10,8.78985623497364,0.00145366751396644,8.22640733548063
1.23643713790217,13.9745983994379,15,14.629366317859,0.649302804712564,11.157949089159
-1.39846029369711,3.81410827095831,2,1.95247298736633,-1.35306885791467,3.9113635329075
-0.564247543337082,6.14857908248674,6,4.77592659235238,0.0482682298376188,8.4190541036866
0.392577727770983,9.98977429652052,10,9.53428264313824,0.439845071986843,10.152100323536
0.837446179396451,12.1403937298774,12,12.2675104004956,0.174176787694179,8.95261007307934
-0.811482094355674,5.36298475925525,5,3.82883319014575,-0.88922778325661,5.1237786078399
1.9764328423082,16.6507229985724,17,18.1056231841955,2.32127551267894,17.5686383021501
0.175317814991688,9.00527945391029,9,8.29081968735542,0.634335305605914,11.0848958602748
0.538251615529529,10.6818054952479,12,10.4125748300566,0.918149998913215,12.4706761471575
0.579396601259689,10.8807813398186,10,10.6653297712477,0.246971701600894,9.27144282283805
1.17102811313894,13.6919097617237,14,14.2617675321588,1.75872801954831,15.9306341723725
-0.80647059691581,5.37809099811264,5,3.84703483824265,-0.322641089755343,6.97554411036698
0.748440543599805,11.7063257303882,13,11.7147078755905,0.553011617877441,10.690560658255
0.184562155126009,9.04586889591649,10,8.34184700375502,0.29684792829364,9.49426304297545
-0.575755910777294,6.11016461162119,4,4.72954292307864,-0.745615596019546,5.55359127222446
-0.597395087579591,6.03842601528931,5,4.64295339007788,-0.449929584200582,6.52288317068084
-0.114971029215599,7.79209181700535,9,6.77946732626649,-0.153007667607795,7.61241266653662
1.4288829379529,14.7598944080871,16,15.6554080838145,1.44461527558829,14.7819891089874
1.63502768752655,15.5287621820371,16,16.6594369257517,1.20578385189532,13.7948535033927
-1.07547214562939,4.61360818912396,3,2.92440367422991,-0.486305471018428,6.39745849860534
0.612236597767164,11.0403969019515,12,10.8681245767331,0.843424804742888,12.1086383977187
-0.352073758490494,6.88959703594958,7,5.67389712318673,-0.73308486256506,5.59235510912379
-0.789478127698107,5.42956076239318,5,3.90904852495634,-0.140314045973398,7.66163332970852
1.12625881275731,13.4938387021157,12,14.004994274024,1.05328360643476,13.109292048932
0.46086717155457,10.3114594992865,11,9.94233887534329,0.0513342126601033,8.43177871944157
0.325692109722171,9.68007651116099,10,9.14203456272235,0.211179909956585,9.11372985133824
-0.496309308529554,6.37906873839326,6,5.0545209294662,-0.555583659596152,6.16339935378745
-0.529032449392914,6.26725691410856,7,4.91930733266865,-0.21696200032125,7.3677529547252
0.173714936747584,8.9982537775092,9,8.28198991763557,-0.211597229303723,7.38806339951767
0.546759781528022,10.7228469894126,10,10.4647041703928,0.0925350362421538,8.60406501100849
0.51214051343886,10.5562259535916,11,10.2530872278581,0.541537463757644,10.635356866277
-1.24057495375992,4.18948773174309,3,2.41004097920087,-0.67928472101911,5.76110084378992
0.390883894568386,9.98186345101794,10,9.5242546182499,1.2799991868395,14.1129690128113
-1.13095651999927,4.46737270379739,4,2.7473218700344,-1.39351389524724,3.81781285600215
-0.922819531941968,5.03593513834745,4,3.43457837167571,-1.19111702774281,4.30506746528229
-0.0458553556824366,8.07010706423073,7,7.1232583072065,-0.745670336589855,5.55342237832093
-0.56901469690249,6.13264444636494,6,4.75668477276255,-1.4135329209753,3.77220226951455
-0.811482094355674,5.36298475925525,5,3.82883319014575,-0.736285348648064,5.58243506081773
0.144602785722872,8.8712765097001,9,8.12254363972852,-0.491078069736027,6.38113179871698
0.158758421190658,8.9328701603285,9,8.19985442724562,-0.153121426871124,7.61197254748464
-1.3942396893247,3.82377151501542,3,1.96428456511072,-1.03452606995845,4.71562914707803
0.753087178412184,11.7290589030031,12,11.7436323332473,0.986837934181009,12.7983912754222
-1.19543235718723,4.30217435556966,4,2.54694617797609,-1.06631914290125,4.62984148758106
-1.22786470198987,4.22097015813515,4,2.44830883230891,-0.863707730941909,5.19822383355849
0.372666264592945,9.89699895884185,9,9.41670327622753,0.384413222332958,9.8938583552762
-1.23799538295735,4.19586166847045,3,2.4177899265199,-0.662906834743486,5.8132177101254
0.903134320115111,12.4574552246962,12,12.6722712570382,0.844408289127712,12.1134313244657
1.39227957114556,14.6157649271272,15,15.4668058101508,1.25621676734834,14.0121613000664
-0.811017921272164,5.36438251944612,4,3.83051738250133,-1.24407055876221,4.17293538317892
-0.724015028591311,5.63146040225965,6,4.15230009691944,-0.48356283956407,6.40685439537511
0.489950644447682,10.4499834548073,9,10.1181844252184,0.751067590030489,11.6566197028254
1.51932149999804,15.1059572579932,14,16.1080467480066,1.70543040100232,15.7468138471558
0.574224825879958,10.8557045771745,13,10.6334722105811,0.842960920981745,12.1063774889976
-1.33133146755819,3.97019886242812,3,2.14304357363211,-1.74553908567616,3.0812771617369
-0.93682254871438,4.99595061425511,5,3.38633997254353,-1.69593232889242,3.17677514048851
0.25989640588697,9.38105026294526,10,8.76413348754221,0.392891026944741,9.93309721865091
-0.0255992379559234,8.15287025727026,8,7.2259067026846,0.565185484066633,10.7492613841853
-1.27054064660335,4.11601982972006,3,2.32067809214948,-1.10802544878311,4.51919392164854
-0.349506511139546,6.89894627141753,6,5.68527511109216,-0.449532433246427,6.52426217765283
-0.230839678573399,7.34117338282995,7,6.22517341272901,-0.596047250089059,6.02960355312431
-0.904695474631114,5.08806546723925,5,3.49745461562274,-0.577511478110605,6.09062732962659
-0.459480319443463,6.50668028119044,6,5.20901325314989,-0.356064221603188,6.85460530154285
-1.08513194986259,4.58787451934014,4,2.89326033149513,-0.96054191572889,4.92013333191685
0.474652017952521,10.3770102158564,11,10.025543020905,0.397716167617396,9.95547216036931
-0.555250757419669,6.17873673069259,7,4.81234935906356,-0.426756771319032,6.60369316865108
0.0167235712380153,8.32767407043722,8,7.44316404767889,0.535908208203222,10.6083190626058
0.09210053905079,8.64529426407324,9,7.83945476983459,-0.0220406228466916,8.13088470177423
0.471343176160903,10.361258016003,10,10.0055473071178,0.394945603775228,9.94262089356325
-0.427327971711166,6.61962439048725,7,5.34591845192511,-0.159550897597608,7.58712643918266
-0.744865370863896,5.56652953599665,4,4.07406804810708,-0.706819665976698,5.67426705587985
0.120671705090802,8.7677890988967,10,7.99279313893627,0.589886456799116,10.8687510571381
-0.874381349619984,5.17621721994898,4,3.60374334648122,-1.01227285101735,4.77642146154243
1.19958891979049,13.8163335639859,14,14.4234076758164,1.00375159531237,12.8781510332357
1.45348759078547,14.8554438077817,16,15.7804365499039,1.6385275102883,15.509763699802
0.0735071701142272,8.56619799122847,9,7.74058786518031,-0.12466455863029,7.72261833920764
-0.610930457685685,5.99387945023816,5,4.58920399031263,-0.268666501792381,7.17399125829386
-0.222449085620699,7.37319050988279,8,6.26439959443359,-0.152427212640908,7.61465864191319
0.470544881241966,10.3574592873534,9,10.0007253511442,-0.304243129177901,7.04275038711325
-0.907549886324545,5.07982690976985,5,3.48751887590557,-0.327851302112579,6.95659359398576
-1.09776806441158,4.55438704752582,3,2.85272167371427,-0.514891609390703,6.30011510737165
1.23137711757065,13.953017054046,15,14.6012591176546,1.88932435516335,16.3619178851506
-0.292094572533034,7.11043352487335,6,5.94304205034444,-1.62932931667232,3.30922762512528
0.359044352505425,9.83380861263447,10,9.33665273875849,0.338171639737387,9.68152736544439
0.948554353502628,12.6741545682138,15,12.9495713823277,0.557169911580544,10.710596593992
-0.675349100115335,5.78529779423742,4,4.33768813140108,-0.52560366507191,6.26391434449527
0.324315537310628,9.67376197682593,11,9.13404501242578,-0.0824292012121925,7.88888196660228
0.136557578815321,8.83639589151715,9,8.07879050200287,-0.145817470398147,7.64026633112269
-1.47499845864207,3.64233214554699,3,1.74217510544389,-1.58122504515586,3.40793069647828
-0.798312882185037,5.4027524622976,6,3.87674882912773,-0.517834889994884,6.29015344650691
-0.907549886324545,5.07982690976985,5,3.48751887590557,-0.611314855993464,5.97967682338054
1.01246354544333,12.9745969935583,13,13.335130600016,1.4972882322625,14.9858567737574
0.183814222551472,9.04258049068862,8,8.33771201120425,-0.0638379217622898,7.96284680273546
1.66481014069398,15.634095202516,17,16.7963421245269,1.29183971626816,14.1627603630905
0.657255645271023,11.2600653102957,12,11.147275161826,0.883765886914782,12.3046753831389
-0.105327659751198,7.83047557065737,9,6.82683854946806,0.0344279162613447,8.36177848654988
-0.603486101908168,6.01834870632073,5,4.6187266250385,-0.659774027726814,5.82322656826208
-1.00430504575098,4.80680493860474,4,3.15798693239107,-1.85133751127846,2.88652625909541
0.0516711581381207,8.47393289794741,9,7.62540907266669,0.13438682887516,8.78154740637236
1.11764305023183,13.4553024895333,14,13.9551168961596,0.900043602075354,12.3834017849375
-0.202404616225584,7.45007825734139,6,6.35867961257614,-0.230196449878792,7.31781470451896
0.907171191508573,12.4768087798918,13,12.6970130799297,0.754463829683299,11.6732820572176
0.727334559453898,11.6030229635443,12,11.5832988007465,-0.0503948709948097,8.01662736915332
0.920410300834377,12.5401566766699,12,12.7780296093396,0.767317720480362,11.7363327249698
-0.794155746548788,5.4153539581351,4,3.89193171731093,-0.646700596972698,5.86513231856082
-0.779200139911853,5.4608796010895,3,3.9467817728753,-0.523416260879407,6.27129430346048
2.57699565351529,18.100075303587,20,20,2.66076619088819,18.2475024140972
1.26305541087866,14.0873307841179,15,14.7762933681553,1.77703687567416,15.9927486331505
0.982991434231547,12.8367527840679,14,13.1580639362951,0.943976166478159,12.5945600279009
0.986157086621615,12.8516189238996,14,13.1771457807753,1.44337251263146,14.7771212381603
-0.0205371323657217,8.17364414458443,8,7.25169365603344,0.249603005822359,9.28310969932164
-1.53929797938256,3.5030322758524,2,1.57112261538784,-0.726331810080526,5.61333005432734
0.18421221725486,9.04433024101947,10,8.33991220735924,0.0343127303894628,8.36130294478984
-1.4551800707285,3.6861848977321,3,1.79592450520914,-1.61397715588036,3.34045021338796
-0.569275849748306,6.13177242159939,6,4.75563182381371,-0.601895635847861,6.01044268492804
0.0877381744273371,8.62669280136483,9,7.816193330796,0.387664978715097,9.90889765770375
0.777539373225758,11.8485977636741,11,11.895769005667,0.434498478090304,10.1270223238325
1.2878695339569,14.191218008646,15,14.9118380425942,1.19126664111584,13.7314128377834
-0.889636700373039,5.13170510796889,4,3.55007795899065,-1.29650265307419,4.04537585826481
0.0599649965721993,8.50889776720286,9,7.66903827831934,-0.438334367992871,6.5632302961954
-1.10094547610096,4.54599760449557,5,2.84256365077895,-1.44874116780207,3.69309296473708
1.40093605651981,14.650067137453,15,15.5116898293015,1.59911905215968,15.3668272967457
-0.0104034428846972,8.21534011026667,9,7.30347780716947,-0.939234158902624,4.98030566281494
0.860917782937689,12.2541085946637,11,12.4125632152303,0.504523709872199,10.4581555148413
0.325096950689353,9.67734613101822,10,9.13857986723464,0.821016431248469,11.9992796828593
0.152734300404517,8.90662377233362,10,8.16690295588806,0.320313234879084,9.60030767953578
-0.252395056102882,7.25937568722134,7,6.1250455417517,-0.466628271715543,6.46508936653281
-0.997037973156786,4.82689336491514,4,3.18225361722877,-0.468102297639669,6.46000544597169
-0.797330351927257,5.4057287192489,4,3.88033478576586,-0.411590581237577,6.65696582848963
0.193727219873124,9.08622783052797,10,8.39260962290262,0.510883319884058,10.4885020255956
0.491653274010839,10.4581190257451,11,10.1285136745693,0.209064291662029,9.10446503209906
0.43348305589131,10.1818361057159,10,9.77785370053053,0.0930766600960402,8.60634593676016
-0.179868260471419,7.53720087394275,8,6.46564820536673,-0.0120844954509206,8.1712699408144
0.268183381285899,9.41839494905566,10,8.81127464445822,-0.129828707391062,7.70245699356894
1.24580700087999,14.0144338303678,14,14.6812648799851,0.757468676285664,11.6880232691833
2.19913892136975,17.2730020097675,19,18.9028524659003,2.40804007845768,17.76500468514
0.344275058903725,9.76555747865031,10,9.25022539052507,0.788606145509653,11.8406873045286
0.591740528929306,10.9407035034486,11,10.7414582785115,0.807443832524974,11.9329167751025
-0.580788809300942,6.09342214388423,6,4.70933095971477,0.143369462488862,8.81996672978149
1.31788269896828,14.3153254844913,15,15.0739231906144,1.35357786087028,14.4181312392945
-0.0258916386309245,8.15167141348152,9,7.22441882545271,0.263692543543941,9.34574892203253
1.29010949386748,14.2005388063334,16,14.9240054032727,0.982749022946454,12.7790495327913
-1.7196671039912,3.13613886265449,2,1.11770126625334,-1.76158255595663,3.05096532811941
0.8469903458246,12.1866832145279,12,12.3265423622115,0.493143125635258,10.4039584690828
-1.27367380203478,4.10839909828856,3,2.31140363353369,-1.82527168287441,2.9333853531066
-1.22786470198987,4.22097015813515,4,2.44830883230891,-0.510930472605554,6.31353971313768
0.393463773243786,9.99391383084704,10,9.53953019465029,0.166799189017946,8.92072129992069
1.46112017549359,14.8848690381829,15,15.8189353922582,1.47162432701057,14.8871207758932
-1.27962732494506,4.0939500784255,4,2.29381650862522,-0.343107082739537,6.90131327941426
-1.22786470198987,4.22097015813515,4,2.44830883230891,-1.77802569615612,3.02018833070658
-0.847988447679953,5.25394918263341,5,3.69743899200359,-0.65131814818186,5.85030570881834
0.583424258186755,10.9003226146613,11,10.6901556064138,1.02172648670309,12.9624631414519
1.39453060375531,14.6246978548902,16,15.4784941616899,1.58134658912018,15.3015547049717
0.224734693966991,9.22363499789371,9,8.56561709122908,0.612199122560343,10.977088561733
0.99573722241271,12.8965211987558,13,13.2348021231352,0.432618990512791,10.1182150625925
-1.13808010399792,4.44887236895604,4,2.72490027159356,-0.672366676588257,5.78307248623203
0.494777242650002,10.4730533244815,9,10.1474753190565,0.718512722941727,11.4968902628814
-0.40822594943778,6.68740556534635,6,5.42816227392398,0.161441484704271,8.89761221610767
-1.63307571647015,3.30792767107687,2,1.33060756605557,-0.785624991744982,5.43118171831193
1.60113018541831,15.4071504455387,16,16.5011165200494,1.98707751907686,16.6660955957181
-1.2324293914012,4.20964168973732,3,2.43454048460776,-1.44164335234124,3.70892770274562
-0.746122051946533,5.56263475722742,6,4.06937557386701,-0.761510388226026,5.50471314701468
-0.335574736268504,6.9498427063481,7,5.74724074545868,-0.892882706505037,5.11318470412526
0.774085086250945,11.8317218906668,13,11.8742865671522,0.593230797596599,10.8849662516143
0.334125203836289,9.71881364574703,10,9.1910551410678,0.519602834671958,10.5301782457877
0.180042241281871,9.0260082572262,8,8.31687585817505,0.0850584051500773,8.57262153740699
-0.585323655025456,6.07836626476168,6,4.69115698290309,-1.24362124526666,4.17404250584593
0.213986874781668,9.17585636261965,9,8.50542902857619,-0.0851322704489787,7.87816760668852
0.702681475028031,11.4823202575718,12,11.4298051839413,0.937141304926253,12.5618471339394
0.552780908105932,10.7519257049621,12,10.5016404625151,0.437662259042861,10.141857658258
-0.712134183681683,5.66872120563455,5,4.19719697598773,-0.202049979295526,7.42430436534645
-1.43482261041661,3.73168454170281,2,1.8516460511732,-1.62013151376497,3.32790250793117
-0.823670381924511,5.32638477427716,5,3.78473157625444,-0.758224367082709,5.51479120423018
-0.312308133296727,7.03544693372251,8,5.85155940266023,0.0882120922016062,8.58587488112579
0.185021057351173,9.04788691889688,10,8.34438464126687,0.577264630433013,10.8076316273741
0.10536496226767,8.70202015983243,9,7.91043044210129,0.420513508392696,10.061594720406
-0.700641881082029,5.70494494737395,6,4.24084731118621,-0.637739919482514,5.89398371938554
1.10069157853758,13.3790969365432,15,13.8565615772181,1.33542776537132,14.3437912091635
0.131939140582051,8.81641344695941,10,8.05373448483081,0.581698041642791,10.8290854436092
2.42865033166183,17.8103585777554,19,19.60574518153,2.47110647990547,17.8976802133196
0.938138427557615,12.624673358368,13,12.8861985188677,0.679593179779654,11.3061056219553
1.05381299165576,13.1657642360314,14,13.5812077856086,0.874150185467727,12.2580609876179
-0.0764810208235348,7.94608098774965,8,6.9696940442133,-0.103140837187873,7.8070424405875
0.27695430080164,9.45802128357381,9,8.8613139910685,-0.166587771548602,7.55999753086166
-0.835918765290737,5.28980295453425,5,3.74064854525644,-0.422471297236006,6.61871548592214
0.720664045280368,11.5703648640122,12,11.5417637705191,0.386660434507953,9.90425017143829
-0.874381349619984,5.17621721994898,4,3.60374334648122,-1.33990569408074,3.9422170707886
0.749120245330029,11.7096513724536,11,11.7189390958172,0.653907463105392,11.1804461693188
-1.2614622318584,4.13816612649199,3,2.34762486675903,-1.29090022894238,4.05885160354656
-0.37716761249779,6.79869637988286,8,5.56334336054529,-0.335533654437166,6.92871738095837
0.499314800500353,10.494761869531,11,10.1750390474667,0.424247724350963,10.0790409313188
-0.234205976719351,7.32835599235915,8,6.20947546669376,-0.544277420668692,6.20116769413923
1.09610552554794,13.3583932954763,14,13.8298037082488,0.336139006388065,9.67226075603664
-1.22786470198987,4.22097015813515,4,2.44830883230891,-0.692189999367909,5.72028022966454
0.0199022935935721,8.34090565332975,8,7.45963393142219,0.241569921848879,9.24752298344823
1.59587553214641,15.3881331825366,17,16.4763359833909,1.84117241470216,16.2061191735028
0.473465064349998,10.3713582831445,11,10.0183684129666,0.598219072106045,10.9091676311776
0.0196229996115888,8.33974250410932,9,7.45818597398863,-0.235335884772163,7.29848539802238
-1.63307571647015,3.30792767107687,2,1.33060756605557,-2.47797828759057,1.97056123571434
0.109458547930263,8.71957678176158,8,7.93240913570861,-0.0951474055249637,7.83855758147275
-0.907549886324545,5.07982690976985,5,3.48751887590557,-0.885153516537351,5.1356080439546
0.454724811126699,10.2823144683044,11,9.90534961688017,1.11244067304344,13.3801402013485
-0.922586603043061,5.03660240111855,4,3.43538328657964,-1.16430035749848,4.37326138814078
0.698293564058139,11.4608382818382,12,11.4024920227543,0.541068760313171,10.6331044866961
0.397313385376143,10.0119097638859,11,9.56234425651995,0.634692345649046,11.0866371009781
0.359884267283242,9.8376982109569,10,9.34157928965019,0.750687328152883,11.6547540337602
0.0571888397344553,8.49718328303637,9,7.65441832445175,0.164603218145864,8.91124456316142
-1.4876521473765,3.61456006333334,3,1.70811182643774,-1.13383578022176,4.45178483502727
0.574810944121813,10.8585456390361,11,10.637081458758,0.754838447700136,11.6751199135965
-0.19017005659556,7.49728658708527,7,6.41662327644645,-0.0138340497304985,8.1641631650714
-0.167695717524729,7.58455641050595,8,6.52385361784847,-0.20657157132519,7.40712524182707
0.0654047642290686,8.53188350949719,10,7.6977326256395,-0.753489377679338,5.5293377297412
-1.30556914026918,4.0314724212557,4,2.21772952269381,-0.554825080660859,6.1659281311047
1.65195956458614,15.5888190900801,18,16.7375218450859,1.18936362067997,13.7230673037833
0.449574760694214,10.2579087005473,9,9.8743776224831,0.262717796977992,9.34140629339645
0.834224000598086,12.1247515821519,12,12.2475664885339,1.12801972432132,13.4504603193558
1.70441585252797,15.771989856448,17,16.9752243592536,1.59822682470988,15.3635625102713
-0.385966721270363,6.76703025178265,6,5.52486086123793,-0.145116176208883,7.64298680322417
1.37981309907217,14.5661275758028,15,15.4018619420777,1.98292661248249,16.6535204128586
-0.668931491257557,5.80582400283804,5,4.36242995429251,-0.131420711571428,7.69624900608156
0.285043937497314,9.49466106260639,9,8.90759793675104,0.111398383453499,8.68374995338383
0.0514306398467775,8.47292038500137,8,7.62414600709773,0.672280437497218,11.2703042595604
-0.451982093452246,6.53289164259095,7,5.24077054259089,-0.171492243112975,7.54112936374539
-0.874370039542936,5.17625033383583,4,3.60378326627954,-0.781645565090968,5.44326426179094
0.730343721828857,11.6177544956019,12,11.6020358454467,0.562933678183541,10.738393649237
-1.30556914026918,4.0314724212557,4,2.21772952269381,-1.49706350330415,3.58680241391974
-0.207462623145374,7.43062306004016,6,6.33481282974732,0.229824415651437,9.19565618970639
0.348860444893104,9.78671782064636,10,9.2770170357181,0.362002637083455,9.79059293740922
0.176410307207904,9.01007008201712,8,8.29684092504987,0.30645616572975,9.53759147204096
-0.529848738601765,6.2644866185255,7,4.91595887272439,-0.218120041615363,7.36337383054289
1.11132498122396,13.4269590233975,15,13.9184487566438,1.18937392902353,13.7231125283879
0.0497593839843826,8.46588714357541,9,7.61537289082878,-0.127117832828628,7.71303596694407
-1.59412028216695,3.38782272352539,2,1.42924491172274,-1.33553088181876,3.95251573215392
-1.0553743385916,4.66752188486601,4,2.98962687248949,-0.782578419660986,5.44043004676715
0.528398533656636,10.6343496923013,12,10.3523018508936,0.281929453146187,9.42724564576816
-0.337159497225325,6.94403948262026,8,5.74017327039515,0.113022703489287,8.69063534450543
-0.687272669915888,5.74730964993947,5,4.29190232515419,-0.300838664059147,7.05523613590076
-0.151336684479144,7.64852846904028,9,6.60255340414195,0.0199618378534451,8.30220187013857
1.00505921537741,12.9400858917287,13,13.2907713010361,0.792392828924205,11.859236791975
0.168388182089909,8.97493154308112,9,8.25268446226271,-0.424643855030763,6.61109676121995
-1.79074193472655,3.0010617515923,2,0.949341206351763,-3.22760529526352,1.30823222489786
-1.62755583508342,3.31914957258212,2,1.34447530227346,-1.72302828199632,3.12428014765154
0.530051196420355,10.6423038580437,11,10.3624040493105,0.487277257127443,10.3760792346759
1.05957693043857,13.1921942412047,14,13.6152783793027,1.19429356480455,13.7446731925782
-0.0347533917102231,8.11539576398248,9,7.17941112499601,-0.978184042907456,4.87074531341033
-0.0652426000366229,7.9914391976908,8,7.0258184168649,-0.298386392254259,7.0642393392578
-1.97850500909001,2.66958045438651,2,0.531160017245254,-2.96488222333206,1.49848881371499
-0.859550985776139,5.2197824041663,6,3.65625839860476,-0.850812050280657,5.23615855653788
-0.449688723232442,6.54092409027128,6,5.25050429109932,-0.0350368334391565,8.07837587629043
0.883716446334365,12.364131114272,14,12.5530252568378,1.55729415222241,15.2124059622881
0.0658684884074558,8.53384491670667,8,7.70018162105412,0.294600232594552,9.48414576864268
-1.14658318084072,4.42687064758206,3,2.69822935003058,-1.00225963826057,4.8039773031941
1.14408130419879,13.5731292930609,15,14.1077023055787,0.954184285256497,12.6433151708151
1.63454055533514,15.5270275706273,17,16.6571805917318,1.59782855633731,15.3621047786278
-0.646276477558618,5.87873205696343,5,4.4503266453386,-0.935749902537557,4.99019960335195
0.0861553997154379,8.61995038537194,9,7.80776340064604,0.33873511703141,9.68409721946445
-0.850918664192161,5.24527383388789,5,3.68698315776587,-0.535205488985147,6.23159360218526
-2.08749912982628,2.49378675960014,1,0.305265258676797,-1.48864231330896,3.60513644959552
-0.549943125164089,6.19658036230952,5,4.83390372951354,-0.432575529059492,6.58333490330337
-0.498628846177906,6.371094410617,6,5.04487314359227,-0.608494178693332,5.98887779620968
0.245945173479526,9.31839017604713,10,8.68507450582545,0.835791610317661,12.0714184702144
-0.893015451678751,5.12188783633263,4,3.53824058259077,-1.34539412073864,3.92932821986451
-0.96578179474229,4.9140645118688,5,3.28751514996517,-1.25417387930572,4.14810355235468
0.95199295831065,12.6904601196757,14,12.9704620568037,0.1801960340484,8.97868538696373
-0.331344869989485,6.96534921690421,6,5.7661281282199,-0.422511087394104,6.61857589375032
0.6762651812145,11.3530266917888,11,11.265433734408,0.411993146405612,10.0218539599224
-0.883539547629761,5.14945878165174,5,3.57148357045093,-1.8154952290446,2.95114937459727
-0.676280726041257,5.78232271265314,6,4.33410217476295,-0.584703500094299,6.06689625113276
-1.56199094874458,3.45494786303649,3,1.51195608472338,-1.26143885559754,4.13032231260457
0.714238426385668,11.5389041139697,13,11.5017550471698,0.557035282627018,10.7099476672216
0.149423890198486,8.8922223862684,8,8.14882731666506,-0.00416749390532815,8.20348268103211
0.617803791165577,11.067514422155,11,10.9025812106677,1.2915628882938,14.1615992682283
-0.715197135853679,5.65909691351311,5,4.18560004444266,-1.01371786460998,4.77245518967189
-0.611428608939801,5.99224475645568,6,4.58723184411381,-0.0461323983871619,8.03373222046591
-0.997037973156786,4.82689336491514,4,3.18225361722877,-1.29592172449634,4.04677148327115
0.679316952627372,11.3679582205563,12,11.2844141508243,0.872777894247958,12.2514022922069
0.273849273572126,9.44398119174068,9,8.84358235978329,0.40683987223492,9.99786308140792
-0.394073239845377,6.73795210157553,6,5.48953668893526,0.0404934189387047,8.38684618454167
-1.37934899131089,3.85802511454117,2,2.00613837485689,-1.0931654284321,4.55837300315949
-0.017663844108947,8.1854517377473,8,7.26635449442632,-0.311569893831198,7.01593221586146
-1.12724008712692,4.47704916087064,4,2.75904756287439,-1.36906502909915,3.87413892975913
-0.080144982130675,7.93133196509285,7,6.95145326260452,0.153086796818555,8.86165855787129
0.990320578523533,12.8711494178863,11,13.2022198675964,1.37447664340634,14.5029799398895
-0.4886393601953,6.40549017673686,6,5.08649218609438,-0.936194425572094,4.98893647575121
-0.184649350208971,7.51865793189429,7,6.4428688501563,0.628928937566328,11.0585385228881
0.0372537905262871,8.41338489306974,8,7.54991291004256,0.0696273482576221,8.5079764237825
0.906129377886195,12.4718157618641,13,12.6906295173234,1.02642743299859,12.9844336109699
0.607852717571662,11.0190543105131,12,10.8410064878055,0.536041103158759,10.6089570173512
-0.197835360567562,7.46768451664648,6,6.38028452200995,-0.322862310944726,6.97473875248614
0.26727672206079,9.41430463544948,9,8.80611052349365,-0.0145186311576391,8.16138352546686
-0.0153143303624467,8.19511562274785,9,7.27835570212914,-0.457564930994915,6.49641178485344
0.341134809626791,9.75108144252432,11,9.2318990485981,0.519641897922605,10.530365130831
-0.191027712793773,7.49397035101504,8,6.41255149785807,-0.0947824195109595,7.83999868331458
-1.35302468523047,3.91919535897997,3,2.08082432391859,-1.17814411228913,4.33794917061035
-0.0913895033749169,7.88618672681252,8,6.89564770436577,-0.449654498644812,6.52383831406119
-0.239583697504048,7.30791306471089,7,6.18444463509797,-0.528634587669535,6.25369887023546
-0.549647468844268,6.19757546338082,7,4.83510585559665,-0.417579574662213,6.63589260814881
-0.633719622941527,5.91944345898973,6,4.49941916534241,-1.04933753578045,4.67550752648321
-0.102932563770942,7.84002924796634,8,6.83863385693095,-0.2633096167987,7.19389935609476
1.04239655374595,13.1132549008064,14,13.5135543821869,0.742315805315504,11.6136789014134
0.843215643531393,12.1683836479844,12,12.303203081741,0.832339077846669,12.05457240261
1.30135772486807,14.2472018493572,15,14.9849336308212,1.85291273004822,16.2444580106414
0.903340632836753,12.4584447423251,14,12.6735361607428,0.700291802203283,11.4075293029747
0.660565352724575,11.2762439106981,13,11.1678377459952,0.712729418303948,11.4685214725073
-0.599283501469576,6.03219595842352,7,4.63543543693903,-1.08933266714846,4.56852213497052
1.58647125260167,15.3539863480544,17,16.431826322911,1.70157576810376,15.7333467074519
-1.18207237019661,4.33599160268591,3,2.58799507281834,-0.81752372607178,5.33506642830812
-0.0368985528187186,8.10663128692014,8,7.16854092099637,0.0582281954801453,8.46043907542502
0.478791814470664,10.3967338335325,11,10.0505811136707,0.49313805830207,10.4039343686893
-2.24462449171262,2.261326975895,0,0,-2.25808011898895,2.24776802918106
0.882458538531734,12.3580728460652,11,12.5452875844377,1.21677724673334,13.8426314814946
-0.603494871624001,6.01831983604832,6,4.61869179007594,0.137568681467544,8.79514318941868
0.483019353705684,10.4168931310067,11,10.0761734898149,0.592406251069573,10.8809676156715
-0.750357636439219,5.5495232273418,6,4.05357873897759,-1.08176340553123,4.58861847572704
-0.414368802418295,6.66555305880688,6,5.40163999788918,-0.400730918880854,6.69529825716451
-0.774046480073026,5.4766368879069,6,3.96576606020619,-0.821302020455576,5.32376862577014
-0.619049256401147,5.96727974260038,5,4.55711542750058,-0.890193718291024,5.12097716284086
-0.699235133304765,5.70939129084628,6,4.24620548371687,-0.76799586738551,5.48486347581147
-1.8139120772264,2.95817371722268,2,0.895675818861198,-0.590281038544389,6.04853899502787
1.40321435004963,14.6590727169507,15,15.5234739381452,1.08625708647088,13.2609932158787
0.348846076181774,9.78665147131722,10,9.27693302344342,0.93664320822837,12.5594610468925
0.68832091800848,11.4120216570852,11,11.3404290261235,0.647008734219106,11.1467447195534
1.03125178253784,13.0617930281231,12,13.4472961593849,1.84100122681865,16.2055584824903
-0.285136977132353,7.13637673439249,7,5.97471532751076,-0.268109601682359,7.1760591066056
-1.33133146755819,3.97019886242812,3,2.14304357363211,-1.33561856053123,3.9523091115507
0.239907778972035,9.29135617531458,11,8.65098077458586,0.457839087898946,10.2367568688959
-1.85036669241934,2.8918317439761,1,0.812436007576544,-1.79821691024012,2.98279669163394
-0.0808828354844219,7.9283640895067,9,6.94778329369171,-0.0188678819856515,8.14373933383386
-1.51473338125866,3.5557146650821,3,1.63587282473237,-1.04884021323279,4.67685027393398
-0.486835417138362,6.41171621631345,7,5.09402716622624,-0.361965149393654,6.83340751327091
0.622045371843712,11.0881850597973,12,10.9288468378621,0.706766539816737,11.4392769418707
-0.0901379574110328,7.89120265335245,8,6.90184600749831,-0.491482891900433,6.3797483114927
1.33812738945248,14.3980897820661,15,15.1820942836277,0.750313098256519,11.6529179487624
1.05850601917979,13.1872878231566,13,13.6089526609011,0.659520615737746,11.2078837125758
0.607002974133701,11.0149185628306,10,10.8357516382549,0.383800412535994,9.8910256892827
-0.0464801709666825,8.06756342792849,7,7.1201057258681,0.325623742306146,9.62441361522382
0.199608791361989,9.1121892278731,9,8.42527627387681,0.27305907950941,9.38754695866352
1.21127051176165,13.8667834935493,15,14.4890191330221,1.91401296503373,16.4402984205423
0.681737058186063,11.3798003892751,10,11.2994678471671,0.463083813432223,10.261504873898
0.946222389879063,12.6630881502033,14,12.9353951949557,0.85384834786542,12.1594046675
-0.0274071983470677,8.14545955794699,9,7.216709797932,0.603909435559178,10.9367973424601
-0.173254773422886,7.5629037482489,8,6.4972344952458,-0.365304204514298,6.82143317030312
-0.0530151760361864,8.04099247554796,8,7.0871815803579,-0.463122897512473,6.47719091343373
-1.37681354780793,3.86388249307073,4,2.01329307283986,-0.83325489853696,5.28814805035018
-1.33133146755819,3.97019886242812,3,2.14304357363211,-1.30086880150438,4.03489923519868
-0.419974764372292,6.64565628323712,6,5.37749724512447,-0.225488713504391,7.33555161026817
-0.11498816647186,7.79202372233698,9,6.77938331399181,0.296968544161227,9.49480615727332
-0.0259081499482864,8.15160372064249,9,7.22433481317803,-0.0510919436516898,8.01383248853942
0.274705717192735,9.44785250560587,10,8.8484713258849,-0.292299742918131,7.08662040761703
-0.642866871010345,5.88976530540629,7,4.46363039233705,-0.53879505114847,6.2195418351157
0.106274520231065,8.70591903763114,8,7.91531087175379,-0.262763119287109,7.19593249851125
-1.0553743385916,4.66752188486601,4,2.98962687248949,-0.911771286515893,5.05870639450846
-0.37701187841705,6.79925780595147,7,5.56402577526864,-0.708693207515959,5.66839448357995
-1.56199094874458,3.45494786303649,3,1.51195608472338,-2.77176171480508,1.66491910894111
0.643862342892664,11.1946306963963,12,11.0641142045051,0.847344754137617,12.1277382675109
1.2893185694956,14.1972487327058,14,14.9197104325616,1.58795203937035,15.3258736694697
-0.889019627821942,5.13349968297667,5,3.5522417508611,-2.02618122179517,2.59093635934329
1.34193478968723,14.4135702557361,16,15.2023329859034,1.24883673469534,13.9806619695499
0.0994133669486443,8.67653712689683,9,7.87853874201755,0.517918698938971,10.5221225480006
0.421102899878224,10.1235049807787,11,9.70385839576181,0.916659916420952,12.4635063401073
-2.0207561184748,2.60000063099145,2,0.442170457452016,-1.93168164754448,2.74667023085464
0.310181775349166,9.6090707189349,9,9.0522151458968,0.733461963574875,11.5702354210908
-0.305166196242815,7.06187609459484,7,5.88379150740529,-0.00924604107025692,8.18280898161093
1.61328148582276,15.4509569933872,15,16.5581760068419,2.0860921686972,16.9566350466983
-0.163910360770129,7.59932544448193,8,6.54201555595128,-0.0953241434914064,7.83785981946103
0.288795426531344,9.51168204563329,10,8.92910418357875,0.0114735392222761,8.26738096104958
-1.27367380203478,4.10839909828856,3,2.31140363353369,-0.915059347380002,5.04926930585647
-0.497465229669487,6.37509387297411,7,5.04971182705744,-1.07351844933522,4.61058893029039
1.86356358110902,16.3009123617916,16,17.657431489049,1.71513519892913,15.7806169599922
-0.489889022691191,6.40117979245059,7,5.08127586330386,-0.877422595496844,5.15811255774446
0.280173995282664,9.47259351772981,10,8.8797200592352,-0.220657691095605,7.35378405223218
1.02108071306991,13.0146567239704,14,13.3866462444735,1.2155753057958,13.837418852927
0.33334173769523,9.7152109678392,11,9.18649550621662,0.754685594174938,11.6743700238613
1.96015591702419,16.6016324753471,17,18.0428209269045,2.29790082990236,17.5129850982705
-1.6279053977379,3.31843794499368,3,1.3435960248218,-2.04822646094935,2.55595274761199
1.61373179130684,15.4525758192268,15,16.5602839549494,1.99205675276501,16.6811392409796
1.46553152352015,14.9018296161577,15,15.8411244834394,1.24540072679717,13.9659613317014
-0.0157995387148288,8.19311924957981,8,7.27587632859646,0.172112250373116,8.9436784925865
0.224883138219813,9.22429600987891,10,8.56645000845734,0.0528184172218392,8.43794332371417
-0.58481947207546,6.08003877979184,6,4.69317579157355,-0.0969438463523801,7.8314672287005
0.321758389702985,9.66203848421982,10,9.11921268088521,0.392534354497832,9.93144448202695
0.454532795900572,10.2814040129603,11,9.90419416802181,0.702747871507794,11.4195711863462
0.986157086621615,12.8516189238996,14,13.1771457807753,0.736182196694726,11.5835828564081
-0.0167582755972564,8.1891755420542,9,7.27097872092802,-0.270615232723989,7.16675861797007
1.54258343236806,15.1927221008386,15,16.2213956006689,1.46601203598719,14.8653788560737
1.674623830505,15.6684949782069,16,16.8410045266032,1.34007450618897,14.3628814919628
-0.50824582283841,6.33811155307568,7,5.00497610380285,-0.496161597158116,6.36377439368023
0.431748357877721,10.1736524358345,11,9.76747143317443,0.340255147583131,9.69103180947924
0.24552058910167,9.31648736339893,9,8.68267447903298,0.350740940479194,9.73895578591955
-1.1982965425842,4.29495235842907,3,2.53817766955381,-0.823751987069559,5.3164525729126
1.10276419898642,13.3884416521596,13,13.8686413954974,0.577603531589981,10.8092710508427
-0.948375077117788,4.96315450988891,4,3.34676569290432,-1.3009643893626,4.03467012029318
-1.27367380203478,4.10839909828856,3,2.31140363353369,-1.73399465679419,3.10326186088706
0.779710492996806,11.8592025791297,13,11.9092694167256,0.965949608581492,12.699349030331
0.590804449348074,10.9361561155253,12,10.7356808587177,0.660329012601875,11.2118363714531
0.812528285448334,12.0192560055377,12,12.1131099020125,0.821411200529146,12.0012086063989
0.962047865066986,12.7380527178316,13,13.0314592136602,1.74851803186296,15.8957660892099
-0.272216532549112,7.18473414209722,6,6.03378541893849,0.103932229191692,8.65214981907597
1.11822766374959,13.4579215269373,14,13.9585058813731,1.36488993949815,14.4641572150813
-1.00430504575098,4.80680493860474,4,3.15798693239107,-0.917652502410479,5.04183634604317
-0.542595836287987,6.22134504652494,6,4.86382328339846,0.0301882187386371,8.34428733220042
0.604103150241365,11.0008078741972,9,10.8178228711012,0.603129344822214,10.9330082293784
0.0704280620001706,8.55314670777986,10,7.7242855450629,-0.378452912545877,6.77442378387548
-0.394073239845377,6.73795210157553,6,5.48953668893526,-0.463761648272411,6.47498455807564
1.21217843405685,13.870693835819,15,14.4941063049372,0.833310925531118,12.0593150625994
0.805690755297058,11.9859517307692,12,12.0706802376946,1.10728942069468,13.3567940992535
-0.997037973156786,4.82689336491514,4,3.18225361722877,-0.568694964509313,6.11981104477935
1.29266924958063,14.2111787751551,15,14.9378959955498,1.04280884730607,13.0607284172445
-0.330757642470582,6.96750394617095,5,5.7687529666753,0.193241676322382,9.03537744097695
0.409390244218887,10.0684794045927,10,9.63407184385824,0.169335396044255,8.93167493810593
-1.29723185232583,4.05146640003421,4,2.24208591753044,-1.37990296128669,3.84908547117328
0.392591914905289,9.98984057031014,10,9.53436665541292,0.2118895233536,9.11683886259945
0.197499661638576,9.10287395370857,8,8.413553917561,0.512042811658383,10.4940394348538
-0.864727142540472,5.20454421359815,4,3.63789063776205,-0.577645023950639,6.09018605950922
-0.750357636439219,5.5495232273418,6,4.05357873897759,-1.34159166094028,3.93825408766925
-0.752388877577132,5.54324394128508,6,4.04601346559014,-0.949388591657161,4.95155847755728
-0.77875201082655,5.46224834249914,6,3.94843082964337,-0.164347734673677,7.5686261287586
0.865535358606823,12.2764287365039,12,12.4410486534758,0.0746206614506531,8.5288578351233
0.748579631459656,11.7070062662349,12,11.7155737185043,0.810271330626994,11.9467485418619
-1.58278263006746,3.41138220298444,3,1.45829069723281,-2.13685893645541,2.42036493747733
0.546583648567547,10.7219967849691,10,10.4636242455863,0.412696183511005,10.0251295662879
-0.774663591716417,5.47474819895463,5,3.96349058477583,-1.11506257912898,4.50073444791337
-1.1498301678014,4.41849234229215,5,2.68807132709526,-1.41178311359241,3.77617070694019
0.395893964041286,10.0052722897382,10,9.5539294756231,0.304019744806449,9.52659214716178
1.36482589570798,14.5060798085037,15,15.3233105448349,1.17713371920911,13.669272787915
0.735002247123686,11.64055889086,11,11.6310424047711,0.517596512810579,10.5205817722029
-1.74206321032398,3.09300117986567,2,1.06403587876278,-2.42110350282805,2.0380112247531
-0.414927580791575,6.66356787218856,8,5.39923092227288,-0.889399181428987,5.12328142501258
-1.0553743385916,4.66752188486601,4,2.98962687248949,-1.63758049793502,3.29255407514934
1.37075604740542,14.52988852756,14,15.3544538875697,1.50659165045509,15.0213740366357
0.753744880192778,11.7322762718603,14,11.7477261313545,1.10245988410052,13.3348637717507
1.62455174911413,15.4913751495696,17,16.6107925699123,1.4971775822647,14.9854334724398
1.66481014069398,15.634095202516,17,16.7963421245269,1.92929775815837,16.4883039848739
1.72051634505755,15.8273368810391,17,17.0469063597692,1.98812829960783,16.6692740188698
0.472774395512103,10.3680701721476,10,10.0141945054588,1.00673836415285,12.8921934738954
-0.427308378141047,6.61969365597854,7,5.34600246419979,0.172158874602062,8.9438801303566
-1.37934899131089,3.85802511454117,2,2.00613837485689,-1.30768807375094,4.01858086903774
-0.161496480658635,7.60875406160497,8,6.55361248749635,0.203743205991097,9.08119105164853
1.58231907675203,15.3388641864342,15,16.4121091575779,1.59035432030128,15.3347006266379
0.0398119101125031,8.42410659834094,7,7.5632764222789,-0.177443023811584,7.51827975784087
-0.707925422769561,5.68196649432987,6,4.2131574305393,-1.27311199836904,4.10188225479293
-1.35993004826602,3.90307292010791,2,2.06114651487142,-1.25567200056838,4.14443175818069
1.16542711120784,13.6673310634819,15,14.2298676666697,0.631203023757187,11.0696231917785
-0.426324403680008,6.62317280330082,7,5.35022241454374,0.192989376469393,9.03427871300034
-0.49290314423274,6.39079225347216,6,5.0687059881113,-0.493096396635525,6.37423627135684
0.768026990183107,11.8021155798302,12,11.8366024750026,0.828040185620145,12.0335873231053
-0.249426289030471,7.27060267784079,6,6.13878102010596,-0.535992644548824,6.22894932122483
0.339320944121287,9.74272553555513,9,9.22132145819089,0.440798848283799,10.156577678289
-0.94066236820057,4.98503071713572,4,3.37316403686612,-0.537798838677442,6.22288487128853
0.293786385509575,9.53435567456159,9,8.95775750896353,0.538089164775745,10.6187907786886
1.3725248264365,14.5369774969659,17,15.3637272484709,1.3519544172271,14.4115065915322
-0.142954019022779,7.68145545307188,7,6.64309279052145,0.32862022093714,9.63803277464573
1.34519799338947,14.4268167640303,15,15.2196524457127,1.30758373872388,14.2285584708359
-0.0434367906046046,8.0799583160196,9,7.1354691854578,-0.20897931052498,7.39798866052297
-0.400970895990512,6.71328222508411,6,5.45957748839218,-0.779201779882083,5.45069433634412
-1.33133146755819,3.97019886242812,3,2.14304357363211,-1.82831502953878,2.92787655636328
-0.542595836287987,6.22134504652494,6,4.86382328339846,-0.31202701702506,7.01426138031197
0.000383942263352201,8.25988595452856,9,7.35883998516078,0.152501198617032,8.8591422408886
0.118413766455948,8.75806655056536,9,7.98061272853382,0.437895183289961,10.1429503558012
1.75320490140899,15.9384440845955,18,17.1905969429969,1.27226100302489,14.0802859680261
-1.33133146755819,3.97019886242812,3,2.14304357363211,-1.72304806437345,3.12424211450567
0.534120360773778,10.661898213721,11,10.3872903745295,0.69960568417292,11.4041655581098
2.57699565351529,18.100075303587,20,20,2.53028164641669,18.0145983196559
0.489627320301296,10.448438850526,11,10.1162233533744,0.145852646750666,8.8306078614842
0.37274102354736,9.89734638825681,10,9.41714348498759,0.643121788021529,11.1277666719448
0.946477313392161,12.6642982296365,13,12.9369452357375,0.964448488596396,12.6922094574186
0.495206413706467,10.4751057268372,12,10.1500812399319,0.94886840371807,12.6179415224474
-0.181704395717436,7.53007580584267,8,6.45689450831209,-0.135010552101692,7.68226320755164
-0.0769556204628487,7.94416944685279,8,6.96732970488141,0.0479810485301956,8.41786290811766
0.33334173769523,9.7152109678392,11,9.18649550621662,0.182221377941398,8.98747084677801
1.36490771904417,14.5064087548643,15,15.323740808333,2.00836772643441,16.7301043175039
1.00395213269699,12.9349188252161,13,13.28413139701,0.722869979846564,11.5182664305259
-1.10094547610096,4.54599760449557,5,2.84256365077895,-1.30221892812053,4.03166410098376
-0.794155746548788,5.4153539581351,4,3.89193171731093,-0.870162992259118,5.17931448847984
0.452162127634941,10.2701665323208,10,9.88993306413964,0.697731582603563,11.3949781675632
-1.21658370934421,4.24907314013988,4,2.48245612358974,-0.905001838005464,5.07817865693438
-0.947249198350968,4.966343142116,4,3.35061367713035,-1.0651717805788,4.63291569488684
-0.289271855374001,7.12095057783465,7,5.9558805669462,-0.840381696507147,5.2669968409995
1.6084946940096,15.4337285576882,15,16.5357392679264,1.77505540029141,15.9860518867782
1.23484021068993,13.9677926140104,15,14.6205018414799,1.08131962124426,13.2383931952713
-1.33133146755819,3.97019886242812,3,2.14304357363211,-0.935700476287145,4.99034006518952
-0.150853164964883,7.65042502709036,9,6.60488783794086,0.171242147367577,8.93991609364125
-0.0742250739579259,7.95517161208696,8,6.98093904150496,-0.0200400659908548,8.1389884939111
-1.36348986660577,3.89478279902056,2,2.05102632075882,-0.637445063972298,5.89493486902941
1.12773303733064,13.5004191947859,14,14.0135140213876,0.712027445979273,11.4650784044573
1.93626455869966,16.5287366821732,18,17.9495203046793,2.4079476743784,17.7648041066747
-0.0530151760361864,8.04099247554796,8,7.0871815803579,0.251753293332203,9.29265114375978
0.453636005584533,10.2771523294563,10,9.89879844475418,0.452109537733743,10.2097585822772
-0.664213838399495,5.82094872887581,6,4.38066207023826,-0.795778626250408,5.40044524227663
-0.00100823190080491,8.25412777258745,10,7.35168139999468,0.438253038440559,10.1446292613355
0.88368498463908,12.3639796082574,13,12.5528317472107,0.68041253590596,11.3101181203013
-1.04297207651563,4.70104438028767,5,3.03016553027035,-1.72431522796864,3.12180678371434
0.396883365086533,10.0098986579042,11,9.5597946118205,0.639966822789201,11.1123682632878
0.383872525954871,9.94915430743365,10,9.48279571221391,0.263687899311723,9.34572822814103
2.1824366648307,17.2296716346522,18,18.8470585737187,2.20331070486065,17.2759516920898
-0.68023839655962,5.76969730547123,5,4.31888476091454,-0.472319236107485,6.44547701753961
-0.468941659749407,6.47371771793127,7,5.16908854207526,-0.530669088673261,6.24684851750401
-0.0763357853410012,7.94666601526775,9,6.97041766570215,-0.137852103619275,7.67120517874502
1.6220142161714,15.48229265415,16,16.5989714604572,2.00809663266178,16.7292944659543
-1.18555059394039,4.32716672285645,3,2.57728460580694,-0.568071656385264,6.12187812248639
-1.0553743385916,4.66752188486601,4,2.98962687248949,-1.26106401272104,4.13123822771075
-2.08749912982628,2.49378675960014,1,0.305265258676797,-1.8993320019442,2.80215267564601
1.03060984339029,13.0588228315219,14,13.4434733347007,1.21048641897185,13.8153189972205
0.865714872904563,12.2772961005943,12,12.4421557009542,0.495798162038837,10.416589783567
0.874240176970986,12.3184560851274,15,12.4946983569668,0.611711291607399,10.9747162173347
-0.990305651924151,4.84556366890877,4,3.20480397696454,-1.12345478059563,4.478799411134
0.00616284017666419,8.28381751288442,9,7.38859885480866,-0.0458768694217341,8.03475843225623
1.94466545550218,16.5544821342272,18,17.9824792184198,1.41332098471764,14.6585841502424
-0.447899319859572,6.54719647919347,7,5.25810577315371,-0.101140476131143,7.81492088546361
0.127672540821459,8.79797998691821,8,8.03062682897598,0.244282384634404,9.25952893966447
0.081456828482932,8.59995596878036,10,7.78276966100401,-0.243536731942251,7.26771577599255
1.125999334707,13.4926800656297,14,14.0034942693958,1.7738678213268,15.9820352725979
-0.0835397946581277,7.917683366214,8,6.93457738068631,0.314361575140364,9.57333800295726
-1.35302468523047,3.91919535897997,3,2.08082432391859,-0.814045424179284,5.34548341865207
-0.142558086511503,7.68301312681618,6,6.64501112290588,-0.339610733787443,6.91395517657128
-0.428870224353916,6.61417402600119,6,5.33930789772202,-0.434894381367588,6.57523432299645
0.178426041038824,9.01891354119963,10,8.30795702292883,-0.380760370469435,6.7661977850578
-2.08749912982628,2.49378675960014,1,0.305265258676797,-2.6735522366318,1.75954747421682
-1.22786470198987,4.22097015813515,4,2.44830883230891,-1.4889765482094,3.60440725678866
0.721406648715082,11.5740006824275,12,11.5463876681661,0.646295342023735,11.1432610034985
-1.33133146755819,3.97019886242812,3,2.14304357363211,-0.452832062442849,6.51281135907999
-0.595450271966932,6.04484725229346,5,4.65070233739691,-0.419811851224764,6.62805011993778
-0.493916647087639,6.38730225000266,5,5.06448303912864,0.158607485687445,8.88540513594119
-0.027232154984643,8.14617684522259,9,7.21759992479385,-0.407466339331163,6.67150520167249
-1.07817323347543,4.60640080128486,4,2.91568192993598,-0.671515174569657,5.78578115433209
1.61057259380738,15.4412117816803,16,16.545485359378,1.56552752995898,15.2430280774861
0.275415750100274,9.45106275730327,9,8.85252558735463,-0.43797649655782,6.564478380704
-1.0553743385916,4.66752188486601,4,2.98962687248949,-0.58997988827067,6.04952912611776
0.24220652798428,9.30164355409153,10,8.66395351067521,0.369976240901784,9.8272572839433
1.60248159722063,15.4120341691088,16,16.5074793261257,1.58324271973881,15.3085427858538
-2.24462449171262,2.261326975895,0,0,-2.47193961108459,1.97758731910846
-1.13808010399792,4.44887236895604,4,2.72490027159356,-1.13720958052117,4.44303337019287
0.160692229815673,8.94130632838604,10,8.21044814926603,0.14093315105969,8.80953504484184
-2.08749912982628,2.49378675960014,1,0.305265258676797,-1.93141483966178,2.74712327711686
1.51351325020477,15.0841518732744,15,16.0795485403924,1.01310751504337,12.9220949422896
2.12760870141524,17.0835221709513,18,18.6593726819526,1.81235587098897,16.1110672923634
1.22851771007342,13.9408000978881,15,14.5853509673572,1.32776330194098,14.3122157138883
0.499450098981718,10.4954094610856,9,10.1758613241618,0.631506475378876,11.0711025444545
1.66840857645678,15.6467264819445,17,16.8127445848025,1.83629899963943,16.1901386431361
-0.960681859671174,4.92840679181322,5,3.30482787088346,-1.2610540995028,4.13126245255246
-0.749395451880685,5.55249961593462,4,4.05716469561572,-0.563020065251827,6.13864950047918
-0.495845791074923,6.38066315437313,6,5.05645002813774,-0.711979898555026,5.65810343803997
-0.714553596375416,5.66111796710773,6,4.18803532549898,-0.417700287360954,6.63546834891832
-0.422046019261535,6.63831600444669,6,5.36859194471161,0.435605507530317,10.1322119042426
-0.535288740810117,6.24604796915706,7,4.89367398381245,-0.718888185378796,5.63651842857815
-0.241139422201112,7.30200670224676,7,6.1772141971115,0.282606087994412,9.43027844810802
2.19913892136975,17.2730020097675,19,18.9028524659003,2.54669858102909,18.0457595113311
-0.947249198350968,4.966343142116,4,3.35061367713035,-0.836309626675215,5.27907412406897
-0.192839670784118,7.48696759769362,7,6.40395400408223,-0.47231355900088,6.44549656087412
1.32764767789266,14.3553417306091,14,15.1262163791713,1.19956680886685,13.7677332325312
-0.395198401129505,6.73392337327158,7,5.48464357425181,-0.137485724176345,7.67263034209327
-1.49084129163447,3.60758843621336,3,1.69955796421478,-1.23390660293355,4.19803819553721
-0.936798086042327,4.9960202437967,5,3.38642398481821,-0.350133180184093,6.87595786898743
-0.516157705140335,6.31107232732208,5,4.97227741365033,-0.206864641247743,7.40601271898199
1.97192389895698,16.6371710537067,17,18.0882879536327,1.96952949118126,16.6127232100749
1.22442882303308,13.9233033163016,14,14.5625716121468,1.48268807887733,14.9298235062175
0.0718434923770767,8.55914456349247,9,7.73177705126364,-0.0250604604343837,8.11866261078585
-0.145693564194394,7.67068363387282,8,6.62982823472268,-0.653293770410786,5.8439706254285
0.302459425118095,9.57383525678932,10,9.00766198847564,0.041469567542276,8.39088529070118
0.600223170456671,10.9819348917155,12,10.7938436259026,0.446896610747624,10.1852289884887
-0.841048411094334,5.2745414664775,6,3.72225650544404,-0.287216794552472,7.10534872797307
-0.181239256327291,7.53188031542555,8,6.45911139333338,-0.501271806381051,6.34636014165658
-0.646276477558618,5.87873205696343,5,4.4503266453386,-1.00333469993227,4.80101278993126
0.979837358758634,12.8219270539659,12,13.1390373281566,0.823803784079114,12.012897588592
-1.22786470198987,4.22097015813515,4,2.44830883230891,-1.61095225142063,3.34663281664264
0.119891713246124,8.76442968760291,7,7.98858428002906,0.352445162403299,9.74675891493197
0.553696717977088,10.7563509799383,11,10.5072616368441,0.128996059405935,8.75854617794035
1.11251461055519,13.4323012401044,14,13.9253589307472,1.24874109188526,13.9802530727314
0.483591463179109,10.4196226302384,12,10.0796387005493,0.358747125334227,9.77564807063295
0.113216557897903,8.73571502170601,9,7.95261705053286,-0.0906829404449786,7.85619755692868
0.54067674936446,10.6934979332783,11,10.4274258374709,0.58435627531824,10.8419564871874
-0.667064439794267,5.8118061253532,7,4.36964099326494,-0.547437905075074,6.19059325809187
0.534154808195972,10.6620641478182,12,10.3875011263963,0.847351187643225,12.1277696065094
-1.27199654304114,4.11247724262706,4,2.31636686836098,-1.23989795220044,4.18322601850206
-0.182536755651128,7.52684742511271,7,6.45292852194647,0.0623404801641748,8.47756711114788
1.26807063785119,14.1084212198387,15,14.8037999197092,0.66631287857789,11.2411030706953
-0.749372914531597,5.55256934710814,4,4.0572487078904,-0.101677721609407,7.81280439807059
0.0831502802526833,8.60715872287843,8,7.79177250852492,0.330889308665339,9.64835417631018
1.55782986310544,15.2491028460914,16,16.2950051364104,1.18230921807614,13.6920717994566
-0.324929115689849,6.98891686669205,7,5.79484186741038,-0.654359165599453,5.84055641220425
1.82048224185411,16.1617573848585,16,17.4785492543224,2.20001556016005,17.2673565137531
-1.10690883926323,4.53028601563829,4,2.82353761726073,-0.987438886410424,4.84499327026899
-0.826425288809057,5.3181394502003,5,3.77479583653727,-0.137196128946022,7.67375695558031
0.336986254482159,9.73197653281011,12,9.20771536750698,0.168634529698306,8.92864703997378
0.416518761429298,10.1019501056255,11,9.67651940570019,0.30589757762626,9.53506896731701
-0.774053983560279,5.47661392019405,6,3.96573838892097,-1.35712495891797,3.90189667491218
0.234681132775586,9.26799274344011,10,8.62152384635728,0.00647708655295286,8.24693168569322
0.14558288392163,8.87553202091238,10,8.12788302200669,0.746142533871939,11.6324552870023
0.692381351369472,11.4318963587366,11,11.3656959627781,0.920448291807708,12.4817302502384
1.46835110935553,14.9126526092832,15,15.8552832912122,0.928104039915076,12.5185114705617
-0.00418346930935264,8.24100494373106,9,7.33536954956396,0.511060313118717,10.4893472047956
0.102806736420742,8.69106043129775,9,7.89671304064096,0.0897358906326779,8.59228370126364
1.26979052311203,14.1156428909782,14,14.8132198596638,1.16785413958192,13.6282699598484
0.840078991312211,12.1531694503069,12,12.283801129698,0.549181182128932,10.6721183253775
0.178212703382704,9.01797731446421,10,8.30678014190699,0.24458256254133,9.26085823900243
-1.55458465336566,3.4705796687714,3,1.53119790431321,-1.48378485421924,3.61574804766093
1.84213222961155,16.2320676901514,17,17.5689825803599,2.08710743538497,16.9595179927273
1.1718740362187,13.6956168413773,16,14.2665797143712,1.3879088267801,14.557094526107
0.732658458551989,11.6290858693628,12,11.6164487866897,0.42460347459443,10.0807039099873
0.776677745794268,11.8443886832569,11,11.8904108331364,0.340260536351312,9.69105639943755
0.512147295647105,10.5562584952914,12,10.2531285521496,0.519597710932918,10.5301537330895
0.880434322955192,12.348320826617,13,12.5328330505737,0.88934436797291,12.3316822952846
2.2540385497013,17.4114396392689,19,19.081734700627,1.45566953849711,14.8251700294974
0.38490869537537,9.95398447365621,11,9.48891752620879,0.367077983088615,9.81392056503591
-1.47783939330641,3.63608153364676,3,1.73451017039954,-1.74820078331522,3.07622891108143
1.72204742094911,15.8325787441964,17,17.0536917442217,2.03099802115275,16.7972317088111
1.42386812484095,14.740289176483,16,15.6297526845335,0.931843204593342,12.5364526616917
-0.119799817346095,7.77292113370702,8,6.75581907803266,-0.435530017139778,6.57301505965843
-1.8742491927402,2.84911971371041,1,0.758686607811296,-2.67233704233031,1.76076371240765
-0.989652461013775,4.84737820040116,5,3.20699544012021,-1.04118974879316,4.6975447713382
1.98825225437516,16.6860756308629,18,18.1508392783214,2.53039174740329,18.0148091314859
-0.633719622941527,5.91944345898973,6,4.49941916534241,-0.746380080412975,5.55123292032335
-0.066825473442602,7.98503989268479,9,7.01789763703851,-0.439804413069211,6.5581052549602
-1.51473338125866,3.5557146650821,3,1.63587282473237,-1.1332904079363,4.45320080102152
-1.70553900832183,3.16362399897642,2,1.15184855753418,-2.96524573179465,1.49819830478431
0.592001393286049,10.9419708520133,12,10.7430684393585,0.995472686517491,12.8391604718005
-0.922819531941968,5.03593513834745,4,3.43457837167571,-1.33341784429889,3.9574979389908
-0.302090521899915,7.07327982175779,7,5.89770282574968,-0.4207519000259,6.62474948828794
-0.47812714535481,6.44183483805679,7,5.13048420167048,-0.184955112676779,7.48950368800358
1.04198406177261,13.111353717462,13,13.5111057699331,1.14289364222289,13.5171915459568
0.513982629834345,10.5650661217026,11,10.2643133290814,0.637349418894211,11.099597545669
0.814222669114064,12.0275050838606,13,12.1236204684805,0.543603144219378,10.6452860837924
0.280223148299787,9.47281609025642,11,8.88000120737836,0.624482544398973,11.036874105955
1.26884096356888,14.1116564505678,15,14.8080198700531,1.15799568772527,13.5845348569616
1.54983273861858,15.2195776122077,15,16.2564624625169,2.22752512120359,17.338421393278
-0.56950227636537,6.13101642823546,6,4.75471898514057,-0.427385281655013,6.60149202613437
0.112850977360314,8.73414421234866,9,7.95064991731739,0.686001765886815,11.3374950015665
0.602329505681818,10.992179484798,11,10.8068599332619,0.297868031949427,9.49885705488058
-0.59926239009065,6.03226557987446,7,4.63551944921371,-1.18782040654875,4.31340407509366
0.175317814991688,9.00527945391029,9,8.29081968735542,-0.38991122094043,6.73364483037804
0.0994133669486443,8.67653712689683,9,7.87853874201755,-0.275812192380752,7.14749517304686
1.08828401613672,13.3229987518496,12,13.7840765655579,0.583585186773159,10.8382223376227
-1.33133146755819,3.97019886242812,3,2.14304357363211,-1.19620154158795,4.29223511283063
-0.780765430549127,5.45610076923374,5,3.94102423731475,-0.507697076682168,6.32451323241677
0.777539373225758,11.8485977636741,11,11.895769005667,1.13713054985395,13.4913831080084
-1.22174936828047,4.23618575556085,4,2.46679843424904,-0.859687461034741,5.21002728713028
-2.0207561184748,2.60000063099145,2,0.442170457452016,-1.98414717742254,2.659047049479
-0.76013090698911,5.51936139596473,5,4.01723998454108,-0.827923062969384,5.30401470437929
-2.04387000178951,2.56270650213175,1,0.394254818470035,-1.27530924564929,4.09654688779412
-1.00430504575098,4.80680493860474,4,3.15798693239107,-1.7457183273033,3.08093696508671
-0.554842414905623,6.1801081540396,6,4.81400588013393,-1.26531806539783,4.12085332993845
-0.486835417138362,6.41171621631345,7,5.09402716622624,-1.51868324503326,3.54009792902128
1.15986760412105,13.6428770367837,14,14.1981398228055,1.04162259207515,13.0552176302569
-2.24462449171262,2.261326975895,0,0,-3.29366531671163,1.2660566740041
0.90758786331217,12.4788054080942,13,12.6995658483185,0.501973115167029,10.4459967945256
-0.835918765290737,5.28980295453425,5,3.74064854525644,-0.350478866310839,6.87471206860985
0.103074235574275,8.69220599486169,9,7.89814674813837,-0.0576213410118094,7.98768587842672
0.292763903375981,9.52970790588966,11,8.95188353878919,-0.0953196417806114,7.83787759169526
0.435207439326169,10.1899744296446,9,9.78817873948713,0.42630980049258,10.0886824597524
0.16869724770097,8.9762836466796,11,8.25438320628593,0.171127604748475,8.93942088258461
-0.922586603043061,5.03660240111855,4,3.43538328657964,-1.39973163484845,3.80359754634189
0.0311345020498108,8.38777513236209,6,7.5180020307728,0.623826919045883,11.0336806710626
-0.722917978908061,5.6348929934877,6,4.15643603498871,-0.145812943305792,7.64028389054431
1.52191954289682,15.1156925286299,17,16.1207686704287,1.99020262264571,16.6755426298488
0.186060543943447,9.05245914735491,9,8.35013438977546,-0.169581005149127,7.54847826998508
0.867825750480763,12.2874932304128,14,12.4551712206655,0.969933444094365,12.7182827808745
0.972410226904451,12.7869615186995,13,13.0941774586765,1.05329243661215,13.1093329136307
-0.774046480073026,5.4766368879069,6,3.96576606020619,-1.21661295048897,4.24103179080148
-0.597385064372292,6.03845909583337,5,4.6429933098762,-0.703015365254382,5.68620557446582
0.341120562040554,9.75101579205378,11,9.23181594055888,0.749676625517166,11.6497951980913
1.14331413671045,13.5697281251048,15,14.1032943848602,0.917540414397604,12.4677432982991
0.103445548277088,8.69379630697872,9,7.90013711116522,0.466226243291918,10.2763484367861
-1.12541119679679,4.48181725422886,3,2.76482498266819,-0.706402364077313,5.67557569969105
0.0727139002963259,8.56283430787027,8,7.73638599173028,0.178286433998254,8.97040738814004
-0.532827965640964,6.25438360772116,5,4.9037479944731,-0.617693849319483,5.95890706268386
0.479492466545083,10.4000737121381,10,10.0548210307885,0.538880476829118,10.6225913421464
0.0408886139890537,8.42862210434764,7,7.56890520928036,-0.217454213321189,7.36589143406918
-1.04297207651563,4.70104438028767,5,3.03016553027035,-0.915887274287948,5.04689522836876
0.56667430692498,10.8191262399157,11,10.5870045290326,1.11439111827961,13.388967649843
1.01842273350708,13.0023123255425,13,13.3707688979612,0.692236895219705,11.3680464063835
-0.335574736268504,6.9498427063481,7,5.74724074545868,-1.05284621379071,4.66604295888883
-0.623331643168437,5.95328560628746,4,4.54023540238181,-0.843884926211141,5.25662368072267
0.881816010509293,12.3549777656361,11,12.5413346737608,0.35541084441872,9.7603473282984
0.83746757620668,12.1404975773943,12,12.2676428141502,1.20467297876387,13.790012929633
-0.446310823296724,6.55276835243077,5,5.26485873118696,-0.779590451779955,5.44951210451437
-0.874381349619984,5.17621721994898,4,3.60374334648122,-0.429270342069617,6.59489337590871
-0.31615835058787,7.02122861220718,8,5.83422417209741,-0.00859579493895382,8.18545398349266
1.63627978695657,15.5332189987885,16,16.6652339692942,2.02560608909921,16.7813237837075
-0.560195432528652,6.16214817649419,7,4.79231362190126,-0.853267341258439,5.22891952484793
0.538259521015906,10.6818436027299,12,10.4126232314366,0.339087745563093,9.6857056766119
-0.0197069312269961,8.17705459887571,7,7.25592794023302,0.195498257780214,9.04520857666368
-0.563473741805174,6.15116852855161,6,4.77905367394917,-0.407152966761213,6.67261086754653
-1.08247466589823,4.59494192935225,4,2.90181419371809,-0.550406264427146,6.18067356892063
-1.19858395566304,4.29422819436635,4,2.53729839210215,-0.880741636922134,5.14844157771915
-1.39381960046559,3.82473442508753,3,1.96546144613256,-1.61097088154936,3.34659470758327
-0.726342595268987,5.62418298649723,5,4.14353158849717,-1.06560121970406,4.63176487874448
0.388464513644185,9.97056997815904,10,9.50993934955177,1.06095128107899,13.1447292235393
-0.480341550774921,6.43416609690925,6,5.12120057437849,0.105553036589622,8.65900304969541
0.881609310190792,12.3539820010045,13,12.5400629456161,0.458205138787794,10.238483074528
1.48633904496604,14.9813771478911,15,15.9451759661456,1.39191046036538,14.5731529279683
-0.0530151760361864,8.04099247554796,8,7.0871815803579,-0.301897389064672,7.05135164371728
0.142286671307217,8.86122548467182,8,8.10993384473764,0.322939367807168,9.61222356263731
0.629421724650664,11.1241521851703,11,10.9745507221965,0.836612648550015,12.075423579057
-0.922819531941968,5.03593513834745,4,3.43457837167571,-1.47343700352171,3.63844254875097
2.02457254713837,16.793140246754,19,18.2877444770966,2.28663028066508,17.4857346413613
0.641033566518188,11.1808182556976,11,11.0465608683543,0.7035804403591,11.4236534762363
-2.17266623243538,2.3647560111748,1,0.136905198775219,-1.34528091500357,3.92959371656857
1.2352889141369,13.9697053852118,15,14.622993141717,1.2861997467642,14.1390762895499
-1.46000354986616,3.67547176831206,4,1.78279777549944,-1.16357399966135,4.3751205368802
-0.6992130833791,5.70946100592964,6,4.24628949599155,-0.297186593482108,7.06864717342191
0.265353020265718,9.40562969437331,9,8.79515885553712,0.409893244950914,10.0120738249349
1.13225448435856,13.5205771200468,14,14.0396171879667,0.7362302816661,11.583818797201
-0.325815537727467,6.98565725296789,7,5.79086995111133,-0.0714548588707751,7.9324853222605
1.6220142161714,15.48229265415,16,16.5989714604572,1.77842985388712,15.9974527241948
-0.670428451957208,5.801031090531,6,4.35665253449871,-0.263606612468076,7.19279460685943
0.836317583086007,12.1349157397548,14,12.2605256672557,0.940739287953545,12.579074489414
-0.363703980981081,6.84735813667039,7,5.62250989120976,-0.739759041807635,5.57168321397395
-1.66358313904703,3.24649362296585,3,1.25460646502856,-1.72429541688142,3.12184484468949
0.151922523127213,8.90309084714963,8,8.16246835080316,0.827527207924035,12.0310825465193
0.534154808195972,10.6620641478182,12,10.3875011263963,0.392539841203506,9.93146990487266
-1.22786470198987,4.22097015813515,4,2.44830883230891,-0.80675072703271,5.36738046944882
0.92699451698271,12.5715888128323,13,12.8182472665001,1.13844617976332,13.497280100777
1.59392686259943,15.3810693513096,16,16.46712993863,1.23998271202581,13.9427355206236
0.326577908123635,9.68414108982158,11,9.14717751931631,0.634037627298774,11.0834441741264
0.958623297678921,12.7218580142125,14,13.0106996030934,0.870055971354351,12.2381904219939
-0.712937515873127,5.66619577942564,5,4.19415390666562,-0.671509559804071,5.78579901829914
1.70441585252797,15.771989856448,17,16.9752243592536,1.48873961269713,14.9530922859852
-0.406462928851073,6.69368700801368,6,5.43578728917001,-0.168999005472836,7.55071710389521
0.487319273634711,10.437415646474,11,10.1022281810611,0.969015543699848,12.7139221433691
-0.394958029627323,6.73478389420421,6,5.48568870470922,0.656445304778526,11.1928495898498
-0.976289319178805,4.88462014487028,5,3.25196739829682,-1.6120032187637,3.34448359840911
-0.421251954315272,6.64112937042268,6,5.37200506031429,-0.336525168623174,6.92512529183154
0.567849312437663,10.8248159450743,11,10.5942323879669,0.338350333326727,9.68234228697649
0.661124142634688,11.2789757086061,13,11.1713098392479,0.392315625838575,9.93043102718922
-0.914197119291736,5.06068248327697,5,3.46442907208971,-1.20452096919683,4.27130520061189
-1.08513194986259,4.58787451934014,4,2.89326033149513,-0.581356751064647,6.07793089267512
-0.58262535870451,6.08732132372641,6,4.70196643632315,-0.782194922940191,5.44159505728592
-0.627764099896067,5.93882744903713,6,4.52279692300151,-0.103022412389224,7.80750870493445
0.0138944673294844,8.3159098545527,8,7.4285235658833,0.538128797992843,10.6189811173048
0.339957102535022,9.74565563963512,11,9.22503055610635,0.381026247297842,9.87820855186038
0.675894102397213,11.351211222253,12,11.2631260095846,0.439850652214813,10.1521265157994
0.2465856760435,9.32126111019921,8,8.68869571672743,0.581828726920532,10.8297180847671
0.496778822633618,10.4826268689131,11,10.1596308733303,0.0535133219243925,8.44083066281322
-0.265782210726754,7.20890331186503,8,6.0633246051551,-0.483841892596286,6.40589794377836
-0.339051183361084,6.9371169292598,8,5.73174334024519,-0.339955178697304,6.91270903056453
-0.597395087579591,6.03842601528931,5,4.64295339007788,-0.287520429682195,7.10422900252694
-0.0955325539968621,7.86959810649092,8,6.87515239500535,0.392310791160179,9.93040862695554
-0.349780708917211,6.8979472765202,7,5.68405927065075,-0.778709632395959,5.45219159186511
0.44322487230852,10.2278562133831,11,9.83624292887623,0.174423516521273,8.95367787796249
0.593450991963069,10.9490141279208,12,10.7520169280122,0.726440060160662,11.5357820730396
0.934479995631372,12.6072624785768,12,12.8639074917152,1.05271762260709,13.1066725005191
-0.18992245684293,7.49824415581363,8,6.41779904937013,-0.911337231257759,5.05995320500589
2.15849174597624,17.1665767049125,18,18.7659472671251,1.68187258773365,15.6641450802769
-1.68834997016563,3.19734907698008,1,1.19370236728035,-2.33476605336206,2.145993435322
-0.451982093452246,6.53289164259095,7,5.24077054259089,-0.526220516727628,6.26183431936498
1.61701558708015,15.4643710516657,17,16.5756416957896,2.53834833852171,18.0299782885043
0.57164025186924,10.8431792630081,12,10.6175603414908,0.145485411387512,8.82903359975382
0.345481202734532,9.77112093260373,10,9.2572690644434,0.272756051309331,9.3861927492526
-0.63374105305786,5.91937379581776,6,4.49933515306773,-0.167129926500494,7.55791018078353
-1.51473338125866,3.5557146650821,3,1.63587282473237,-1.36667680568136,3.87967782375317
-0.423222975794896,6.63414766881348,6,5.36353521036602,0.050799175192424,8.4295572193992
0.489348542853635,10.4471071386141,11,10.1145325806983,0.275287572919787,9.39750992361384
-0.0684865635438463,7.97832819076104,7,7.00959108400272,0.32362446290463,9.61533370719529
0.773928799304643,11.8309582560918,13,11.8733145227041,1.10215335200957,13.3334704722693
-0.963607306025829,4.92017561982676,5,3.29489213116629,-1.17893959281206,4.33592709321863
1.96244394657911,16.6085612703154,17,18.0516863075191,2.20131700558055,17.2707539385423
-0.551380362521774,6.19174471434574,7,4.82806218167831,-0.962097218908872,4.91576362487658
0.0767969827493081,8.58015722143019,9,7.75802783811258,0.176070113349489,8.96080633563569
0.463075704325013,10.3219484903672,10,9.95565167116556,0.527802597733408,10.5694411717714
-0.796936218233222,5.40692298130425,6,3.88177369437561,-0.366999577579712,6.8153589769097
-1.09438703861716,4.56332783134,3,2.86354634061005,-1.33422006466487,3.95560582104344
0.442530477090556,10.2245724609425,10,9.83207628024401,0.085053311817922,8.57260014416201
-0.337159497225325,6.94403948262026,8,5.74017327039515,-0.358786488607087,6.84482040969084
1.91687043936771,16.4688369031397,17,17.8728040727924,1.76521854363384,15.9527144820982
0.958227550405313,12.7199855483819,13,13.0082995763009,0.794947798534687,11.871749994238
0.871925367012162,12.3072865046682,14,12.4804381573201,0.709487576672784,11.4526213612245
-0.174156403629852,7.55939598810018,7,6.49292303594746,-0.260262916884656,7.20523914441291
-0.484250765639489,6.42064459945655,6,5.10483340472318,-0.656898030783147,5.83242621435843
0.245945173479526,9.31839017604713,10,8.68507450582545,1.178856048503,13.6768654957526
0.556056066485741,10.767754459935,11,10.5217469610509,0.567736185068501,10.7615769327297
-1.0383444866945,4.71360201877605,3,3.04534841845356,-1.1119107472129,4.50899470972689
-1.00958637745321,4.79224789424124,5,3.1403998074826,-1.08978277567782,4.56732931591266
-1.09776806441158,4.55438704752582,3,2.85272167371427,-0.549888545978851,6.18240285307096
-0.925761140624672,5.02751448805897,6,3.42442034874039,-1.00273712070795,4.80266045345365
0.204150088528863,9.13226746860063,10,8.45054711340563,0.463807734931598,10.2649233564403
0.0075123732304845,8.28941302444688,9,7.39555851645232,-0.576495026319928,6.09398671541222
-1.24379080270274,4.18155262072355,3,2.40039319332693,-1.07511113391587,4.6063383611208
0.697579176201182,11.4573409792164,11,11.3980455160061,1.14751091844989,13.5378252117895
0.93066274643923,12.5890787722377,12,12.8406313169398,1.03046368492404,13.0032706564382
-0.0705323117595757,7.97006763874108,8,6.9993689015865,-0.193033974004301,7.45864185724772
-1.0553743385916,4.66752188486601,4,2.98962687248949,-0.631560999902795,5.91393949951729
0.0567853184836201,8.49548146350238,8,7.65229463145626,0.0557859875581325,8.45027839204913
1.36878691037327,14.5219898438988,16,15.3441215874432,1.16300760664844,13.6067916581255
-0.116708377033287,7.78519060301397,9,6.77095338384185,-0.256692111554885,7.21854549617088
0.721543951771113,11.5746729216141,13,11.5472426018259,0.994346392863207,12.83384854371
0.93605821734435,12.6147753784395,14,12.873525707952,0.358441226713926,9.77424453946887
-0.173607445364488,7.56153155398849,6,6.49554787440287,-0.0770479432815272,7.91024205998226
-0.294348879735702,7.1020423126854,8,5.93280001513443,0.192697136812077,9.03300616735894
-0.136332660084925,7.70753428084947,8,6.67521626014848,0.0827108783655105,8.56276525817372
-1.46266801430519,3.66956495656172,2,1.77555906524179,-0.925337626529147,5.0198579545928
0.561754648472473,10.7953144726721,12,10.5567559786942,0.899978542836658,12.3830876138031
1.36099150726204,14.4906510489526,14,15.3031303012958,1.6820431777854,15.6647468383238
-1.08513194986259,4.58787451934014,4,2.89326033149513,-1.5263849259198,3.52358670535782
0.364100381297699,9.85723607137969,10,9.3663275961317,0.552966960168655,10.6903455684199
-1.10094547610096,4.54599760449557,5,2.84256365077895,-0.824492964260336,5.31424139669631
0.500030043878984,10.4981854988734,11,10.1793861983263,0.859787004767613,12.1882949584044
1.08382651679032,13.302779979646,12,13.7579653492409,1.14156499327353,13.5112468982768
0.0222069737976762,8.35050796350198,8,7.47158847980982,0.235000585951615,9.21848923774486
0.897396042178595,12.4299156945698,12,12.6370719815355,0.475755226660124,10.3214298513327
-1.8139120772264,2.95817371722268,2,0.895675818861198,-3.12681615890698,1.37676217433118
0.669260701740344,11.3187628185263,11,11.2218805898995,0.502341908943462,10.4477544078956
-0.599283501469576,6.03219595842352,7,4.63543543693903,-1.01228032741037,4.77640093364497
0.679316952627372,11.3679582205563,12,11.2844141508243,0.571683908327603,10.7806486288017
0.351134385216457,9.79722130789553,10,9.29031711762097,0.325926227293309,9.62578786120106
-0.0651952979672356,7.99163048709842,8,7.02605519939153,-0.599289897553132,6.01897425221752
2.26192187491862,17.4308121627868,19,19.1068568056673,1.61426598316758,15.4220580458853
0.994882200317768,12.8925190516324,14,13.2296619245361,0.399755662926084,9.96493876388117
0.51743144835211,10.5816248382933,9,10.2853416360145,0.853380345265991,12.1571268872203
1.05706349748464,13.1806758623579,14,13.6004286910223,0.873191236564541,12.2534080897701
0.443915909970466,10.231124609413,9,9.84039013682823,0.555202760418415,10.701116316202
0.1410522600277,8.85587170694355,9,8.10321780786401,-0.284955481451636,7.11369172626637
0.250641907986105,9.33945539263172,10,8.71164724959982,-0.10559255426058,7.79739382080114
1.22400867139575,13.9215036552674,15,14.5602288623169,0.598429838720159,10.9101905995483
-0.794155746548788,5.4153539581351,4,3.89193171731093,-0.920496914882847,5.03369299441464
-0.201175381454872,7.45481185178018,6,6.36448768712052,-0.0803039606895423,7.8973130165654
-1.37678379330962,3.8639512751507,4,2.01337708511454,-1.44440596885519,3.70275770632464
0.690444985762593,11.4224181262706,11,11.3536460505825,0.917977477663637,12.4698461478046
-0.758993814914606,5.52286404659246,5,4.02145993488503,-0.491444864385065,6.37987826205373
0.923546275554283,12.5551335528045,12,12.7971910615505,0.832803198718842,12.0568373997061
-1.66358313904703,3.24649362296585,3,1.25460646502856,-1.21033426054831,4.25672929965448
1.68316449152871,15.698308175831,17,16.8796920321111,1.79843743869158,16.0646781875068
-1.42663752905511,3.75010872854619,2,1.87419641090897,-1.13728930993443,4.44282672338324
-0.983701698634196,4.86393423988539,4,3.22698934048336,-1.98417934169594,2.65899422273587
1.08129730467348,13.2912925443354,13,13.7431332976297,0.682442465725181,11.3200598954119
0.706302644951355,11.5000493653638,14,11.4523477852807,1.12379312023018,13.4314251866671
0.931088532753175,12.5911078843477,14,12.8432284796008,1.09369267921441,13.2949492235182
0.239301174093246,9.28864269687002,9,8.64755921580497,0.05326435776574,8.43979613460837
1.09292418554001,13.3440096448221,14,13.8112184152418,0.663307886633395,11.2264039926575
2.42865033166183,17.8103585777554,19,19.60574518153,2.52248408686483,17.9996051982947
-0.889625314490711,5.13173821596134,4,3.55011787878897,-0.873665369922494,5.1690772716522
-0.249819427572548,7.26911523357487,7,6.13696109655448,-0.677292413605619,5.76742200658371
-0.957726829755544,4.93673238877852,5,3.31487705679348,-0.460589474916154,6.48594708779097
-0.26979391081408,7.19382738532053,7,6.04489779802465,-0.621473886791697,5.94662448771851
1.12257492958169,13.4773778747211,13,13.9836858306182,1.13845592210991,13.497323756801
0.501380710389401,10.5046519887386,10,10.1875970971945,0.303295438024089,9.52332383892692
-0.46774873301411,6.47786694728423,7,5.17411340732313,-0.0764674342125328,7.91254869077867
1.41766432419055,14.7159739425017,15,15.5979336715174,1.68542345932068,15.6766614066404
-0.960420310028292,4.92914323657966,5,3.30571679806207,-0.982614285450685,4.8584045491154
-0.715186585322014,5.65913004324007,5,4.18563996424098,-0.817123109002444,5.33626542359229
-0.224487185840859,7.36540434080529,8,6.25485848114723,-0.301301662347763,7.05353719787088
-0.394064062623915,6.73798496858669,6,5.48957660873358,-0.33809388821831,6.91944475637442
0.208186813711685,9.15013885989481,10,8.4730453204729,-0.0977692636190266,7.82821088624084
0.618747915721709,11.0721147149497,11,10.9084266294176,0.350436766802359,9.73756348099709
0.635136901475603,11.1520355992257,11,11.0099838182016,0.821418318181079,12.0012433839937
-1.40783010823582,3.79272743820519,3,1.9263320002349,-1.36415953159887,3.88552312918405
-0.196794380057714,7.47169974029715,8,6.38521250779646,-0.527842276825964,6.25636812414385
2.14295326882313,17.1250233902806,18,18.7126019871973,1.3293348694453,14.3186990301789
-0.433105571158907,6.59922318807707,6,5.32117662903368,-0.338438219800974,6.91819832558614
-0.414368802418295,6.66555305880688,6,5.40163999788918,-0.973002056064076,4.88521137891324
0.392733700096513,9.99050291895429,10,9.53520628620642,0.0878130690950554,8.58419720805441
-0.732019208713882,5.606465009284,5,4.12218368030621,-0.617294321976907,5.96020634798418
-2.24462449171262,2.261326975895,0,0,-1.93400142261605,2.7427343817513
-0.210176152346676,7.42020055776425,9,6.32202996835659,0.0662074358319589,8.49369518639193
0.95428241479576,12.7013081931485,12,12.9843626775438,0.75817756084983,11.6915007788098
-2.0207561184748,2.60000063099145,2,0.442170457452016,-2.35572321603752,2.11914954723341
0.798205408932297,11.9494645067124,12,12.024204354494,0.606843409136195,10.9510522556829
-1.51473338125866,3.5557146650821,3,1.63587282473237,-1.23313864754638,4.19993986058109
-0.726598440832891,5.62338350046497,6,4.14256829877082,-0.764315336764467,5.4961215580372
-1.37934899131089,3.85802511454117,2,2.00613837485689,-1.1272577602151,4.46888766246351
-1.21658370934421,4.24907314013988,4,2.48245612358974,-1.65714865992071,3.25331133032885
0.701682200473392,11.4774279741517,11,11.4235847964779,0.59920773714143,10.9139664547531
0.53710210225453,10.6762649382555,11,10.4055376397284,-0.0617283875142816,7.97126969717114
-0.922586603043061,5.03660240111855,4,3.43538328657964,-0.328278503119835,6.95504138774139
-1.47925249121506,3.63297576079263,2,1.73070130694956,-1.08003064053516,4.59322885878384
1.55833896283528,15.2509788683344,17,16.2974537486642,1.591384660884,15.338483676604
-0.508775228103314,6.33629958820898,6,5.00278464064718,-0.490841340002499,6.38194092685758
0.841402724598178,12.159591020566,13,12.2919900106109,0.925893254526622,12.5078964897464
-0.597395087579591,6.03842601528931,5,4.64295339007788,-0.657248465223917,5.83130467933388
-0.070780663002572,7.96906522212338,8,6.99812853621799,-0.493868687644272,6.37159918977314
1.74117497969345,15.89775184185,17,17.1380038676699,1.98212220704279,16.6510798823415
1.33110096846225,14.3694506414518,15,15.1446571539972,1.85472526644152,16.2503568709874
1.66289986149181,15.6273813631133,17,16.7876224797621,1.71602725549058,15.7837167077079
-0.904670751406427,5.0881368711886,4,3.4975407274266,-0.586745150997234,6.06017187729979
0.250248631431555,9.3376903650651,10,8.70942053740336,0.369406172395918,9.82463314605695
0.208640926065236,9.15215071795064,8,8.4755783281622,0.47300504473083,10.3084080111049
-0.264027729800299,7.21550373632149,7,6.0713933868967,-0.821308324841156,5.3237497898147
0.804687561633738,11.9810633001661,14,12.0644530335806,0.952639657497003,12.6359459245165
0.716640768098446,11.550666415886,12,11.5167128107929,0.493178984236541,10.4041290145084
-0.469541960400413,6.47163050200864,6,5.16656092851908,-0.0186222917351084,8.14473494947499
-0.44031782998943,6.57382113809507,6,5.2903777976971,-0.0253128200604438,8.11764181942319
0.129679308314567,8.80664685043645,9,8.04149062938363,0.116435203222718,8.7051129882629
-0.687272669915888,5.74730964993947,5,4.29190232515419,-0.493835857266229,6.37171127712507
2.57699565351529,18.100075303587,20,20,2.66482718306731,18.2542227696797
1.47289797396093,14.9300768575306,16,15.8780768251539,1.57389467757696,15.2740349090884
-1.24379080270274,4.18155262072355,3,2.40039319332693,-0.900955945618513,5.08984442802762
1.66632532064268,15.6394163127352,16,16.8032522986303,1.20535543233865,13.7929869615253
1.15425739343129,13.6181421796174,14,14.1660580561215,1.06188563153924,13.1490408933349
0.190544179509072,9.07219786350961,10,8.37496022494157,-0.0461279252988907,8.03375018373962
0.603980346415168,11.0002104051023,11,10.8170637441272,0.180561020136798,8.9802681749139
1.26907397673859,14.112634843825,14,14.8092960865784,1.81421026531633,16.1172243983825
0.884195413471377,12.3664374991706,13,12.5559710959136,1.27935879981181,14.1102685551516
-1.26743188693095,4.1235925922403,3,2.32989323547382,-1.69229684009045,3.18387947816165
-0.874381349619984,5.17621721994898,4,3.60374334648122,-1.15783311941637,4.3898370134594
-0.0289495659648346,8.1391411714705,8,7.20886936528471,-0.103145355182572,7.80702465263517
1.03844365029872,13.095024678819,15,13.490077463,0.932899217762465,12.5415167909644
1.16124084255536,13.6489226684411,13,14.2059827671962,0.856895100365655,12.1742295742549
-1.00430504575098,4.80680493860474,4,3.15798693239107,-0.754734635720458,5.52550931878598
-0.406384675528742,6.69396591598696,7,5.43612586744233,0.103067017002401,8.64849299166305
2.46069680797067,17.8767134276798,19,19.6947347413232,2.96808273349584,18.6764879339969
0.381136040784367,9.93640426196491,11,9.46663687670836,0.0298629628314737,8.34294651329457
1.13086529626568,13.5143876448894,14,14.0316014696002,1.18209632707502,13.6911349596653
0.140344735506156,8.852804061355,9,8.09936982363797,0.124988753058184,8.74147481848074
1.56809277967929,15.2868393318074,16,16.3442503980106,1.98470528949013,16.658912713947
1.95163796967215,16.5757571101466,18,18.0097092715676,1.4349501604496,14.7440599210887
-0.447899319859572,6.54719647919347,7,5.25810577315371,-0.295056271372659,7.07647831276759
0.560250182189356,10.7880361288851,13,10.5475103159308,0.860037949939981,12.1895151998414
-0.947457891233709,4.96575197362821,5,3.34990027118081,-0.736611403326427,5.58142518485564
-0.0473658135034341,8.06395890735312,6,7.11563851076285,-0.581741753650685,6.0766607457058
-0.0770079168566535,7.94395883264759,9,6.9670692057579,0.143663816621422,8.82122765722914
-0.675349100115335,5.78529779423742,4,4.33768813140108,-0.340182406803571,6.91188704239473
1.34670176464181,14.4329144916879,16,15.227625476096,1.10788151413681,13.3594799116325
-1.22786470198987,4.22097015813515,4,2.44830883230891,-0.774392105254844,5.46534016500134
-0.293904359942484,7.1036963856369,8,5.93481882380489,0.0736809979637214,8.52492557699336
0.0447001148489015,8.44462008335797,9,7.58885061479397,-0.994402992430423,4.82568609072749
0.415624133817747,10.0977463231581,11,9.67118784191345,0.203708497820561,9.08103937436278
-0.00590018061585402,8.23391596805697,10,7.32655929495435,0.650610781263232,11.1643384708247
-0.835918765290737,5.28980295453425,5,3.74064854525644,-1.05761755763648,4.65319681506042
-0.0981011445360001,7.85932577769344,7,6.86246370281128,-0.33141242770682,6.94366191219056
0.420031144715436,10.1184633783452,9,9.69746370035856,0.347176881116118,9.72264982338652
0.724935382476328,11.5912771572946,12,11.5683598781834,0.469817403232692,10.293325768643
-1.37934899131089,3.85802511454117,2,2.00613837485689,-0.24424868419569,7.26504879323244
-0.499644148183838,6.36760624813046,6,5.04065319324831,0.370102406198864,9.82783810668536
0.370940716180818,9.88898167638085,11,9.4065452532922,0.00456634290072791,8.23912072851067
0.195268234307617,9.09302525932715,10,8.40116170617506,0.284622666991566,9.43932096841274
-1.10690883926323,4.53028601563829,4,2.82353761726073,-0.640311759155952,5.88569224724677
0.868613763110725,12.2912989484234,13,12.4600290698921,0.865659235983998,12.2168370364788
-0.373705195657361,6.81118648026379,6,5.57852624872849,-0.338818256867354,6.91682282918554
-0.392836912220122,6.74238090286068,7,5.49491599101174,-0.275509574026447,7.14861588946629
0.603180859150602,10.9963209158346,12,10.8121218826259,0.628286233811163,11.0554063136912
-0.067526361753113,7.98220744786496,9,7.01439202757948,-0.0171062498263108,8.15088280242244
-1.59412028216695,3.38782272352539,2,1.42924491172274,-2.36434696857716,2.10822235395987
0.747839469052312,11.7033847210024,10,11.7109660654339,0.538122941162736,10.6189529897697
1.78124157565577,16.03238704301,16,17.3118697145362,2.29396113694012,17.5034902681358
0.772796339986011,11.8254246961128,13,11.8662708487857,0.345481235287714,9.71489815425931
-0.403017644392872,6.70597465206476,7,5.45070484660778,-0.340526911809795,6.91064094093075
-0.468941659749407,6.47371771793127,7,5.16908854207526,-1.48204865053558,3.6195473990012
-1.30111924709251,4.0421338490253,5,2.23071798146004,-1.58934287621069,3.39109450893253
-0.509598238358843,6.33348348690703,6,4.99937880454316,0.141054704654074,8.81005530588618
0.41563823257602,10.0978125649461,11,9.67127185418814,0.0662029549816738,8.49367648565508
0.49508352025138,10.4745180019918,10,10.1493350087113,0.631253816331376,11.069870806243
0.314471688327113,9.62867845738397,10,9.0770133097777,0.660179899735343,11.2111072624023
-0.763253270738927,5.50975231982093,5,4.0056630999956,-0.314438425330822,7.00545203005433
0.777588557165244,11.8488380210075,12,11.8960748570343,-0.00449261693086352,8.20215809243103
-1.22786470198987,4.22097015813515,4,2.44830883230891,-0.977629936333494,4.87229055069808
-0.173426903824404,7.56223399242956,8,6.49641126595261,-0.442834926589055,6.54754892802332
-1.50983924606899,3.5662896590603,4,1.6488612834986,-1.46589695533922,3.65505513769012
-2.17266623243538,2.3647560111748,1,0.136905198775219,-2.35564186950361,2.11925295075563
0.309757523374068,9.60713291489414,10,9.04976458463253,-0.145527550798994,7.64139091075073
0.0877381744273371,8.62669280136483,9,7.816193330796,-0.232575484101763,7.30886278725299
1.22400867139575,13.9215036552674,15,14.5602288623169,1.32865196686784,14.3158823599647
-0.407232222671883,6.69094556938738,6,5.43245939946452,0.219661262115882,9.15093623670077
1.92207807219427,16.4849842982828,18,17.8934896586266,2.00833405636212,16.7300037405853
-1.51473338125866,3.5557146650821,3,1.63587282473237,-1.72542591871143,3.11967361383468
0.594578229131815,10.9544919814521,12,10.7589765896559,1.12801123954728,13.4504221389844
0.0560691281757247,8.49246155508416,9,7.64852623763269,-0.0168193453827567,8.15204661830195
-1.7196671039912,3.13613886265449,2,1.11770126625334,-2.40279021347727,2.06034486339652
-0.345910096068144,6.91205894742311,7,5.70123556564373,-0.176282328974299,7.52273278189596
-1.09553276667492,4.56029648162018,5,2.85987637169724,-0.58950725273171,6.05108331096709
0.190004313221224,9.06981967921142,8,8.37196881450137,0.24960824331276,9.28313293155874
-0.468941659749407,6.47371771793127,7,5.16908854207526,-0.273013006443067,7.15786635345513
-1.66358313904703,3.24649362296585,3,1.25460646502856,-1.04112693719582,4.69771497684734
-1.10327211910717,4.53986240131415,4,2.8351345488058,-0.682386823250855,5.75126882275685
-0.633719622941527,5.91944345898973,6,4.49941916534241,-0.785339116616631,5.43204902632736
-0.247208491210478,7.27899781206615,6,6.14905343686589,-0.223267473687121,7.343930738181
0.381758442969991,9.93930340971145,10,9.4703110323012,0.969467204201189,12.71606796766
0.785706884685421,11.8884826984978,12,11.9465477433881,-0.150455782479392,7.62229019407636
-0.0689981772115183,7.97626178312557,8,7.00703383663085,-0.60870050001922,5.98820442915782
1.05855456381261,13.1875102731686,13,13.6092394509257,0.65765032343876,11.1987400063744
-0.269124246627781,7.19634240491984,7,6.04797153676124,0.38103105196008,9.87823074142678
1.0679449938021,13.2304671614062,13,13.6646370557304,0.828443266670593,12.0355553953711
1.15425739343129,13.6181421796174,14,14.1660580561215,0.937148250890702,12.5618804059497
0.340884231364517,9.749926857916,11,9.23043744575483,0.164307914577533,8.90997070496648
-0.0054911777303645,8.23560452206461,8,7.32865775641453,0.134936001164425,8.78389293771671
-2.08749912982628,2.49378675960014,1,0.305265258676797,-2.17707186280467,2.36148648561728
0.632763470832394,11.1404543693561,11,10.9952667276573,0.640401548454463,11.114489712952
0.775512207252808,11.838694571809,12,11.8831623704779,0.484252340828166,10.3617174322953
-0.394958029627323,6.73478389420421,6,5.48568870470922,-0.745670336589855,5.55342237832093
1.01272985924659,12.975836731115,14,13.336724472337,0.715543372694927,11.4823241951824
-0.215602735842398,7.39938849458862,8,6.29651090184645,-0.113923894444721,7.76466786255611
-0.313383354510621,7.03147420109744,6,5.8467154291484,0.0896294460172261,8.59183590715626
0.140300082911065,8.85261048273093,8,8.09912700839544,0.384413222332958,9.8938583552762
-0.874381349619984,5.17621721994898,4,3.60374334648122,-0.164382032069886,7.56849396414528
0.0798691310725079,8.5932067078297,10,7.77433451771496,0.0295326256506976,8.3415849001169
-0.950420416454467,4.95736603656817,5,3.33978007706822,-0.87408561310549,5.16784998093205
-1.15398873138267,4.40778062402566,4,2.67508286832903,-1.74553908567616,3.0812771617369
1.1586495909986,13.6375118672074,14,14.1911801611619,1.45060688831961,14.8054203262817
1.07196859950801,13.2488281420717,14,13.6883253820684,1.71463111723688,15.7788648088456
-0.811482094355674,5.36298475925525,5,3.82883319014575,-0.81454505864642,5.34398613198884
-0.51848830936268,6.30312385182263,6,4.9626667421778,-0.608361405826235,5.98931115395526
-0.336591388816976,6.94611943057036,6,5.74270627808444,-0.541451912866477,6.21063244880229
0.387160953546143,9.96448797851682,10,9.50223032203106,-0.00182315032014051,8.21303818599274
-0.143063556475573,7.6810245510569,8,6.64256212749127,-0.0596261120998442,7.97966973619961
-0.468941659749407,6.47371771793127,7,5.16908854207526,-0.659417451589046,5.82436658717951
0.0532758262486638,8.48069018967273,9,7.63383900281664,0.208477924511363,9.10189832047315
-0.486273674932244,6.4136559045616,5,5.09637473921238,-0.113635160777849,7.76580043160899
-1.13808010399792,4.44887236895604,4,2.72490027159356,-1.01227285101735,4.77642146154243
-0.463643328425596,6.49216140410303,7,5.19142612824142,-0.520344005006663,6.28167022354991
-0.143072658106267,7.68098874752768,8,6.64251803501491,0.709481806175205,11.4525930604131
-0.997037973156786,4.82689336491514,4,3.18225361722877,-0.84434917273812,5.2552502140486
-0.190152364031365,7.49735500854259,7,6.41670728872114,-0.0135038338945262,8.16550419069218
1.05094798191495,13.152606692857,13,13.5642510629031,1.26161251501267,14.0351261945085
0.389850423415827,9.97703843348359,10,9.51813847232848,0.650861059774492,11.1655611592938
-1.04297207651563,4.70104438028767,5,3.03016553027035,-0.976058285789923,4.87667551050245
0.123344945731492,8.7793092103596,9,8.00722768250634,0.89633539827945,12.3654885003882
-1.33133146755819,3.97019886242812,3,2.14304357363211,-2.22404385137093,2.29475955086579
0.745448196654206,11.6916837533502,11,11.6960794471249,1.24565207047272,13.9670374386695
-0.96578179474229,4.9140645118688,5,3.28751514996517,-1.2066196094409,4.26603853928385
-0.205546535863725,7.43798888600323,8,6.34384804094046,0.449573255825797,10.1978199236283
-0.480348154331345,6.43414323818185,6,5.12117290309328,0.119196840063094,8.716841501018
-0.982905356670486,4.86615323639633,4,3.22966893290671,-1.42354592989689,3.74956061756743
-0.467939782128182,6.47720230902947,7,5.17330849241921,-0.381113819666992,6.76493837556743
1.09031047660736,13.3321792410747,14,13.7959349507582,0.91275285911241,12.4446959161264
1.6775404531356,15.6786891345382,15,16.8542352207578,2.7874031533622,18.4430439253421
-1.03079811095182,4.73413812991445,4,3.07017425361967,-0.866081996942973,5.19126272593673
-2.24462449171262,2.261326975895,0,0,-2.2305451658586,2.2856959644376
-1.27367380203478,4.10839909828856,3,2.31140363353369,-1.05666518738988,4.65575868422725
-2.24462449171262,2.261326975895,0,0,-2.02618122179517,2.59093635934329
1.18129907738967,13.7368300888718,13,14.3200944320297,1.11122596918775,13.3746392245183
-0.563274606362578,6.15183504764592,6,4.7798585888531,-0.803008569090951,5.37864016297064
0.855195553451311,12.2264246267329,11,12.3772390429277,0.916659916420952,12.4635063401073
0.714251919637212,11.5389701795052,13,11.5018390594444,0.796071378602982,11.8772521387187
0.779393935940987,11.8576564657958,13,11.9073011041235,0.526260170335999,10.5620504002922
-0.397314692458615,6.72635060269573,8,5.47544666949921,-0.3696343678339,6.80592660293593
2.19913892136975,17.2730020097675,19,18.9028524659003,2.6840354300359,18.2855937631084
-0.5890571446224,6.06599208869937,6,4.67622140390705,-1.54044493777306,3.49361518288931
-0.0866636682206334,7.90513848895572,8,6.91906955450123,-0.0644077321470439,7.96057273460574
0.714238426385668,11.5389041139697,13,11.5017550471698,1.0069297258904,12.893092729924
-1.0553743385916,4.66752188486601,4,2.98962687248949,-1.28018784625145,4.08472092823384
0.0796575917281957,8.59230772900556,10,7.77321104904545,-0.386885288962593,6.74439691035151
-0.71317223459975,5.66545806146573,5,4.19326497948701,-0.0899932269335234,7.85892519633195
-1.21540233494075,4.25202492374094,2,2.48604208022788,-1.42355827029203,3.74953278363672
-0.369661796416053,6.82579354396291,6,5.59628555129892,-0.475383997113816,6.434932831022
1.05071667634106,13.1515438378041,15,13.5628814436816,0.968556901407215,12.7117428787332
-0.0775164125114817,7.94191116109988,8,6.96453658122939,-0.101721662159499,7.81263131109447
-0.139112290944752,7.69657890024401,8,6.66171993480642,0.204407101101068,9.0840926553207
-0.427327971711166,6.61962439048725,7,5.34591845192511,-0.820498457893603,5.3261698913761
0.827130307219519,12.0902906367603,12,12.2036355580282,1.13713911341344,13.4914215022195
0.0465120777567914,8.45223264729502,7,7.59834328412693,0.0528184172218392,8.43794332371417
1.32942460131958,14.3626043707318,15,15.1357086653435,1.22164081830109,13.8636962168638
0.746858754333492,11.698586016762,11,11.7048608154647,1.08508487395397,13.2556314580343
-0.83474341777556,5.29330469991126,5,3.74486849560039,-0.703897197335587,5.68343656728319
-0.559528347449719,6.16438417328861,7,4.79501412850075,-1.22148626496176,4.22888028337255
2.57699565351529,18.100075303587,20,20,2.03356175807516,16.8047765705094
-1.7196671039912,3.13613886265449,2,1.11770126625334,-1.58819431587318,3.39347215962761
0.309235037951425,9.60474674586311,9,9.04674706875677,0.873359351794884,12.2542238518095
0.826710428078701,12.0882498547176,12,12.2010342643438,1.38148764982883,14.5312661497351
-0.145693564194394,7.67068363387282,8,6.62982823472268,-0.173847777747536,7.53207891457899
1.40617455524968,14.6707598363451,16,15.538767140853,1.77527746322505,15.9868026972446
-0.692735766526624,5.72996879194763,7,4.27100364759777,-0.669647974270422,5.79172411126581
0.0105659168203649,8.3020833458509,9,7.4113200858849,0.484528458572433,10.363027967811
-0.446310823296724,6.55276835243077,5,5.26485873118696,-0.173509911362255,7.53337660409175
-1.0553743385916,4.66752188486601,4,2.98962687248949,-0.76484119248005,5.49451198798144
-0.256239140058294,7.24485691415038,7,6.10728623918128,0.217201561884032,9.14013529450679
0.369589281879573,9.88270516858814,10,9.39859313708501,0.338176376355659,9.68154896594449
-1.33133146755819,3.97019886242812,3,2.14304357363211,-0.965608890090308,4.90590859595014
-0.0624949042272574,8.00255613162577,8,7.0395804584062,-0.10342924452935,7.80590699835119
0.896569836824601,12.4259477488589,14,12.6320011305153,0.208360129505232,9.10138275453053
-0.104669227545629,7.83310114788579,8,6.830079994708,0.378061082697471,9.8645202665602
-0.0953114525891325,7.87048277400079,8,6.8762452637525,-0.140684242799718,7.66019474742997
0.388729538674642,9.97180675098793,10,9.5115070067206,0.73980756819157,11.6013716617553
-0.0554551780395207,8.03108710248047,9,7.07491148447333,0.493551911676354,10.4059027612458
-0.818327530480728,5.34240442716734,4,3.80403502626485,-1.33472579460593,3.95441338935467
0.119167458945732,8.7613111054382,9,7.98467732277058,0.326233490128378,9.62718394376244
0.0112096830654347,8.30475626793885,8,7.41464554339952,0.171782308463728,8.94225166802419
-0.836143020118699,5.28913503373639,5,3.73984363035251,-0.709535044020317,5.66575725083441
-0.757007394999742,5.52898709466629,5,4.02883691608615,-1.44967348954569,3.69101726159706
0.0933177036938481,8.65048915373177,9,7.84595220044388,-0.609530099413779,5.9854974427498
1.50181080911124,15.0400458737187,16,16.0218921980325,1.43484914397144,14.7436626340282
0.848456367546477,12.1937875674998,14,12.3356040670104,1.41277098587493,14.6563998209036
-0.835918765290737,5.28980295453425,5,3.74064854525644,-0.571344581583755,6.11102979523231
-0.362545095281688,6.85155853263767,7,5.62761876873231,0.110826214062185,8.68132546008345
1.24617315250886,14.0159871354144,15,14.6832890158042,1.34750847607256,14.3933395925412
1.07106256736602,13.244696010531,14,13.6829938182816,0.950158745983839,12.6241036991765
-0.184784342817222,7.51813484579115,8,6.44222635523127,0.881584317447747,12.2941064969564
0.764253626603517,11.7836692134926,13,11.8131255558157,0.866188412733355,12.2194078444662
-0.286657814949308,7.13070009554995,7,5.96778387323587,0.0665245147276417,8.49501858094079
-1.56700470891376,3.44439952287702,2,1.49896762595715,-1.23841226370877,4.18689505852519
0.400416226116243,10.0264275226219,12,9.58075032468665,0.348091068286475,9.72683067508172
-0.117198466360721,7.78324460869375,8,6.76855280944476,-1.16843259425252,4.36269683255595
-0.0829009292800057,7.92025063058554,7,6.93775139788875,0.384768118263954,9.89549906164977
1.76866533235378,15.9904025597854,17,17.2576960839887,1.68423752603558,15.6724833554792
-0.208571396801883,7.42636307360343,7,6.32958784129376,-1.04514025883847,4.68684959147911
-1.30556914026918,4.0314724212557,4,2.21772952269381,-1.39896797536476,3.8053410801739
-1.0383444866945,4.71360201877605,3,3.04534841845356,-1.20594660591788,4.2677269080853
-0.331344869989485,6.96534921690421,6,5.7661281282199,-0.920504667491725,5.03367081326007
-1.19543235718723,4.30217435556966,4,2.54694617797609,-1.58110690935112,3.40817624668084
0.16869724770097,8.9762836466796,11,8.25438320628593,0.403839766350619,9.98391196084863
0.189617620807007,9.06811649592039,10,8.36982650993256,0.470411521925991,10.2961359328694
-0.364485760728856,6.8445256247752,7,5.61906490650936,-0.177443023811584,7.51827975784087
0.935803206896299,12.613561639283,12,12.8719717955431,1.15372296994376,13.5655242125269
-1.79074193472655,3.0010617515923,2,0.949341206351763,-1.4960672067257,3.58896732521518
-0.137953617848775,7.70114425943287,9,6.66734387018103,0.176652829484519,8.96332996615805
0.77635599645804,11.8428168592885,12,11.8884099219899,0.911397203894171,12.4381655056277
-0.408624777115015,6.68598518735915,7,5.42643816177007,-0.537798838677442,6.22288487128853
-0.679296180732444,5.77270115012373,6,4.32250524321788,-0.683676786227913,5.74718400895058
-0.56901469690249,6.13264444636494,6,4.75668477276255,-0.252048324996411,7.23587583198233
0.200049149183088,9.11413491050215,10,8.42772488613064,0.574381439167294,10.7936880801537
-0.870879069487077,5.18647930494522,5,3.6161143672547,-0.168709013022372,7.55183281738016
1.75320490140899,15.9384440845955,18,17.1905969429969,2.2645927908172,17.4316715285772
0.826710428078701,12.0882498547176,12,12.2010342643438,0.908299143293592,12.4232347001534
0.302299125987866,9.57310467615164,10,9.00673834540745,0.27293693676071,9.3870010965632
1.74588293182786,15.913704252118,16,17.1586262212256,1.45768040971515,14.8330022285022
-0.38283393205472,6.7782921241596,7,5.53854519666439,0.0714966621533805,8.51578951731693
0.183484971171814,9.04113313149954,9,8.33589208765277,0.404192531171848,9.98555178737367
-0.374820491689857,6.80716140757494,7,5.57363313404505,-0.294676770784256,7.0778740065696
-1.13808010399792,4.44887236895604,4,2.72490027159356,-1.41176937152666,3.77620188678201
0.90392670208572,12.4612554072807,11,12.6771291062648,1.31360609097253,14.2536045506693
-1.68542548140659,3.20311815745615,3,1.20085706526331,-1.51855383337041,3.54037593479006
-1.0553743385916,4.66752188486601,4,2.98962687248949,-0.627929728865523,5.92569050091358
-0.216483602671364,7.39601410246799,9,6.29237411660557,0.587036776657596,10.854940968104
-0.679296180732444,5.77270115012373,6,4.32250524321788,0.0319913059067917,8.35172299287137
-1.31503756556341,4.00886349123858,4,2.19017932367918,-1.2720853504908,4.10437711235856
-0.482354168976751,6.42720205506736,6,5.11277064422854,0.422430955514964,10.0705508097434
1.83252190931525,16.2009515369829,18,17.5289738570106,2.4079476743784,17.7648041066747
-1.07323279349897,4.61959041162206,5,2.93164238448755,-1.22485557688457,4.22049550603331
-0.277458124990575,7.16508816780359,7,6.00978218935878,-0.555164931975123,6.16479511908571
0.247532885029271,9.32550782376118,10,8.69405244005602,0.702701110820672,11.4193419113201
1.14151675008929,13.5617553687448,14,14.0929624678945,1.12733249341089,13.4473674520449
-1.01598248979226,4.77466561477865,5,3.11915509006359,-1.99047224084616,2.64867966795421
-1.27367380203478,4.10839909828856,3,2.31140363353369,-1.76505613354188,3.0444393185278
-0.798312882185037,5.4027524622976,6,3.87674882912773,-1.07017287304897,4.61952780526292
-0.631765267262291,5.92579914424591,6,4.50708410038677,-1.36467927183682,3.88431565410201
1.05763016797332,13.1832736701458,13,13.6037776276048,1.3210786325851,14.284587577428
0.609372334519186,11.0264513195198,11,10.8504051266399,0.419771566002782,10.0581304747276
-0.907549886324545,5.07982690976985,5,3.48751887590557,-1.44954811201408,3.69129634240983
0.591926359718154,10.9416063147721,11,10.7426052961676,0.514475257517439,10.5056606804105
-0.35464397169211,6.88024622131543,6,5.66251861455907,-0.511750454254642,6.31075903826275
-0.203552785017998,7.44565875935317,8,6.35325732336605,0.00232297900261927,8.2299565797924
-0.724037318124074,5.63139067671129,6,4.15221608464476,-0.668792609310842,5.79444809758171
-1.33133146755819,3.97019886242812,3,2.14304357363211,-0.43284828393519,6.582381704559
0.42852139246916,10.1584377315922,10,9.74817001613781,-0.0458768694217341,8.03475843225623
0.159702598188571,8.93698844241915,9,8.20502581725448,0.581064071407992,10.8260166172811
-0.50023347889627,6.36558220217774,5,5.03820458099448,-0.101140476131143,7.81492088546361
0.207607766682443,9.14757391657786,10,8.46981604154776,0.330429394678928,9.64626158946321
-1.15398873138267,4.40778062402566,4,2.67508286832903,-0.857300010008741,5.21704658874093
-1.41281704731487,3.78138808400844,3,1.91246426401701,-1.65039638759867,3.26680501775615
2.20916862000865,17.2987513810491,18,18.9360481335119,2.13964076622626,17.1059317442056
0.0853719308471336,8.61661422121282,10,7.80359256082456,-0.0825448605402063,7.88842331272033
-0.962551035154038,4.92314632213331,3,3.29847808780442,-1.57263567671478,3.42582442459037
1.03816681104289,13.0937469999055,14,13.4884322771466,0.813644057952361,11.963242988761
-0.320405162753201,7.0055697914269,7,5.81513663594904,-0.218124617315836,7.36335653115438
-0.228902410657753,7.34855688088157,6,6.23421767274597,0.0192333193942191,8.29920935204495
1.30135772486807,14.2472018493572,15,14.9849336308212,1.21025252390194,13.8143020730254
1.30658447420347,14.268804167617,15,15.0131476784896,0.884420164819743,12.3078443196916
-0.410873311010764,6.67798143863791,7,5.41672342682906,-0.407466339331163,6.67150520167249
0.13657305055631,8.83646288305648,9,8.07887451427755,0.382236833899331,9.88380042210446
0.53311013844938,10.6570323823423,11,10.3811103338672,0.387239060056623,9.90692699830012
0.394907620082701,10.0006613735396,10,9.54808405687325,0.779683673388732,11.7969631309218
0.148235461950088,8.88705608197568,11,8.14234376247515,0.477777233910719,10.331009394079
-0.0607886465219127,8.00946488831782,8,7.04813432062916,-0.145773304429319,7.64043764069843
0.0787318447827816,8.5883743274307,9,7.76829558933803,-0.0532226043279078,8.00529388047692
-0.632443966257788,5.92359138249846,6,4.50442152094576,-0.306838487875543,7.03324239825043
1.62411096495255,15.4897982079139,17,16.6087402450355,1.17280513316347,13.6501663349479
0.183183696958158,9.03980888980085,9,8.33422700149233,0.150710027268462,8.8514486239736
-1.37678379330962,3.8639512751507,4,2.01337708511454,-1.55592299871405,3.46087584022137
1.55833896283528,15.2509788683344,17,16.2974537486642,1.70176172964511,15.733996945657
-0.178916530778998,7.54089590486506,8,6.4701882303579,-0.105885536343043,7.79624135537275
1.58794616308077,15.3593512106225,16,16.438820509289,1.83629899963943,16.1901386431361
0.0297759310805199,8.38209660200459,8,7.5109280721192,0.328200530372539,9.63612450877127
0.609263880355908,11.0259233592181,11,10.8497342979756,0.904621862729923,12.4055000364664
-2.24462449171262,2.261326975895,0,0,-2.67373355188388,1.75936610050201
-0.564226750959645,6.14864865125052,6,4.77601060462706,-0.88382441613748,5.13947159773066
-0.706189918157939,5.68743523212893,5,4.21974733572349,-0.718888185378796,5.63651842857815
-0.234458545043414,7.32739496575,8,6.20829858567192,-0.498618076185906,6.35539907152879
-0.0822241450006742,7.92297090212373,8,6.94111473109393,0.281555655785733,9.4255704947487
0.116592484949704,8.75022946317719,7,7.97079563519122,0.223043766515436,9.16580352072318
1.27615637823363,14.1423241108336,14,14.848028432046,1.19956680886685,13.7677332325312
-2.08749912982628,2.49378675960014,1,0.305265258676797,-2.92161896642223,1.5336504618567
0.806932779011818,11.992003229504,12,12.0783892652153,0.771158823179545,11.7551690562867
0.00614654498738744,8.28374996463136,9,7.38851484253398,-0.206864641247743,7.40601271898199
0.360636091660675,9.84118061369224,11,9.34599018550365,0.26611316782856,9.35653897783098
-0.660103610811639,5.83415072549967,5,4.39657724557335,-0.50206149274229,6.34367216098252
-0.849306849488391,5.25004445166598,4,3.69273290627445,-0.272680001517489,7.15910085849148
0.0297759310805199,8.38209660200459,8,7.5109280721192,0.623478473478157,11.0319835611995
-0.997037973156786,4.82689336491514,4,3.18225361722877,-1.09375652432765,4.5568093880036
0.0244543002891608,8.35987857314589,8,7.48325632237941,0.0717459101983495,8.51683166360406
0.422794340159,10.1314642791223,9,9.71395411202987,0.491160742533427,10.3945323550699
0.840156158667477,12.1535438314548,13,12.2842785362354,1.14624717631491,13.5321816659398
-1.63307571647015,3.30792767107687,2,1.33060756605557,-1.08912729827387,4.56906645944509
-0.159220744196438,7.61765062732859,7,6.56455663508311,-0.230906744478381,7.31514118408521
-1.44035081381264,3.71928316422677,4,1.83646316299,-1.54030959448121,3.49390264018348
0.633820766428961,11.1456131920829,10,11.001822384934,0.466546056198667,10.2778597525126
1.15442572227382,13.6188851677577,13,14.1670215778396,1.0702430856629,13.1875433743373
-0.789478127698107,5.42956076239318,5,3.90904852495634,-1.24432600628345,4.17230605898689
0.617366384695228,11.0653832838818,11,10.8998732632581,0.842968160576886,12.1064127748709
-0.355679761960109,6.87648047172138,6,5.65793666863516,-0.101677721609407,7.81280439807059
-1.08326110825992,4.59284936337441,3,2.89928156918958,-1.27006925928291,4.10928002486407
0.370495926793962,9.88691567916853,11,9.40392767600666,0.187255737042368,9.00933420153055
0.887472929752815,12.3822139824031,13,12.576123226059,1.28519199372408,14.1348381024286
0.319598033332988,9.65214072616973,11,9.1066912311238,0.71540028594428,11.4816223147165
-1.24057495375992,4.18948773174309,3,2.41004097920087,-1.46591005869809,3.65502621208283
0.503225194920907,10.5134854379412,10,10.1988136324157,0.620867681753378,11.019270036119
-0.109413902800267,7.81419491521316,8,6.80674215684722,-0.392225988780977,6.72542792546655
0.72168435928029,11.5753603594401,13,11.5481168662942,0.0897358906326779,8.59228370126364
0.324594578894764,9.6750417824437,10,9.13566427424191,0.549181182128932,10.6721183253775
-0.259470847599608,7.23266710058542,8,6.09237870669615,-0.0352110715702921,8.07767349631009
0.717750580371111,11.556100231457,11,11.5236229848963,0.767708842160834,11.738250863694
-0.897441922031322,5.10904892432667,5,3.52275903593356,-0.541446710157943,6.21064988625334
-0.371930092496833,6.81759635679437,7,5.58631898590624,-0.624434436785008,5.93701772676031
-0.498608637722936,6.37116385306282,6,5.04495715586695,0.0614759341126034,8.47396421062236
-1.14112240551495,4.44099026476515,4,2.71534615767599,-0.389633218687143,6.73463215313086
-1.95481619955287,2.70939139833275,1,0.581856697961442,-1.70279267366305,3.16340827587821
-0.833784362538555,5.29616339528256,5,3.74831348030079,-1.22172366957835,4.22828904234055
-0.986851181767105,4.85516619731552,4,3.21640090850961,-0.843066103398646,5.25904682932507
-0.495748491273061,6.38099788575734,7,5.05685502636889,-1.15442421497593,4.39859442088078
-1.0553743385916,4.66752188486601,4,2.98962687248949,-0.432842711574159,6.58240117735275
-0.428814964834295,6.61436925762384,6,5.33954468024866,-0.350824584862985,6.87346631019008
-0.48990915486204,6.40111036946369,7,5.08119185102917,-0.753870459432651,5.5281659221604
-0.947249198350968,4.966343142116,4,3.35061367713035,-0.757849100063537,5.51594301708973
-0.10039387146704,7.85016457937792,9,6.85114932678212,0.96170578303166,12.6791573020846
-1.27962732494506,4.0939500784255,4,2.29381650862522,-0.987431562078363,4.84501360811138
0.596545297674022,10.9640528113204,11,10.7711238004469,0.16143634113935,8.89759005044111
1.37550611402372,14.5489130957128,15,15.3793411908876,1.72396941410441,15.8112594032148
-0.110678647824592,7.80916063348874,8,6.8005290694078,-0.0249493546509018,8.11911206035933
-1.01571740942898,4.77539326288307,4,3.12003436751525,-1.90062500393598,2.79991367555366
-0.55261122129421,6.18760569512106,7,4.82306234239944,-0.195163385630914,7.45052206636105
0.344666696178505,9.76736374084267,9,9.25251220117234,0.297868031949427,9.49885705488058
0.234805676032889,9.26854902454743,9,8.62222512912653,0.617211077915452,11.001470993294
-0.241509688127959,7.30060147639483,8,6.17549404691504,-0.38991122094043,6.73364483037804
-0.907549886324545,5.07982690976985,5,3.48751887590557,-0.824658052448597,5.31374884725628
0.500147159119024,10.4987461357245,10,10.1800980692971,0.520588037607485,10.5348920952568
0.837093174200421,12.1386804047916,12,12.2653257911044,0.660680230055443,11.2135537380811
0.653361606189127,11.241034518581,10,11.123088129778,0.565179518029502,10.7492325849193
1.08343550198857,13.3010047452052,13,13.7556730954793,1.30104065302214,14.2012697866126
0.280438011374114,9.4737890617052,10,8.88123024753982,-0.101024157920955,7.81537917519036
0.834941242291081,12.1282340627594,14,12.252006511692,0.331495367627628,9.65111216254712
-0.63374105305786,5.91937379581776,6,4.49933515306773,-0.843530034557434,5.25767380881779
-0.699235133304765,5.70939129084628,6,4.24620548371687,-0.954118088308696,4.93821369601233
0.897279564570875,12.4293563392783,11,12.6363571403929,1.08861079531059,13.2717521128696
-0.49736807335683,6.37542789325009,6,5.05011594405043,-0.330806371824281,6.94586151909227
0.15437978873321,8.9137879179609,8,8.17589618082622,0.0205401713213318,8.30457800817256
1.07415008473839,13.2587715301482,14,13.7011562616783,1.13246061257607,13.4704259875053
-0.421843054243065,6.63903502455613,7,5.36946423413357,-0.184663310978229,7.49062004573368
-0.331344869989485,6.96534921690421,6,5.7661281282199,-0.817062293683479,5.3364474540434
-0.63374105305786,5.91937379581776,6,4.49933515306773,-0.407506210033172,6.67136453602463
-0.128208161945769,7.7396180798544,8,6.71475537182278,0.35040062272828,9.7373980458405
0.0831866672950631,8.60731353235486,9,7.791966018152,0.257822673845798,9.31961830231182
-0.982905356670486,4.86615323639633,4,3.22966893290671,-1.00721240733381,4.79033189568792
-0.0253758238131934,8.15378633782113,8,7.22704366390812,-0.990941029159538,4.83527639265671
-0.501051171987798,6.3627746445099,5,5.03480818175544,-0.355458436835897,6.85678406758208
-0.298898647927576,7.08512840063613,6,5.91215920673318,-0.228262645849742,7.32509690791013
0.364045729330764,9.85698266781119,10,9.36600659551134,0.733314059683849,11.5695097020153
0.532252202878884,10.6529007167965,11,10.3758627823552,0.559214232970668,10.7204524363063
-1.00430504575098,4.80680493860474,4,3.15798693239107,-1.20586516698128,4.26793125123546
2.57699565351529,18.100075303587,20,20,2.20456397072034,17.2792148537458
-0.238583295065864,7.31171292549292,8,6.18909668588041,-0.546394067382291,6.19408431017047
-0.520666800871106,6.29570092969733,5,4.95369212064336,-0.47046141593572,6.45187479520692
-0.613292943565884,5.98612991521459,6,4.57985486291269,-0.372566560463069,6.79544037577385
-0.114971029215599,7.79209181700535,9,6.77946732626649,-0.496445077429627,6.36280746759776
-1.79074193472655,3.0010617515923,2,0.949341206351763,-2.05288605603062,2.54862309882903
1.3530361191215,14.4585542724733,15,15.2611532653444,1.73802574332936,15.8597630194729
0.972410226904451,12.7869615186995,13,13.0941774586765,1.05653634732593,13.1243366954907
0.301817668258382,9.57091058397888,9,9.0039644777454,-0.201712992527997,7.42558580328202
0.778730461940479,11.8544158377165,12,11.9031755979957,1.04106348161779,13.0526194944233
-0.24864806538633,7.27354773683766,8,6.14238449110732,0.592928324174245,10.8834993484675
-0.0832159179023576,7.91898478447207,9,6.93618636214663,0.0720278988430638,8.51801080990613
0.24552058910167,9.31648736339893,9,8.68267447903298,-0.11651394764968,7.75451338811272
-0.427327971711166,6.61962439048725,7,5.34591845192511,-0.666263442195431,5.80250803038713
0.836317583086007,12.1349157397548,14,12.2605256672557,0.195498257780214,9.04520857666368
-0.203366559929962,7.44637544530868,7,6.3541366008177,0.595314856553366,10.8950751507603
0.0903092474052341,8.63765279821951,9,7.82989821977486,0.547480778936117,10.6639357456441
-1.22786470198987,4.22097015813515,4,2.44830883230891,-1.61097088154936,3.34659470758327
2.14295326882313,17.1250233902806,18,18.7126019871973,1.85090276271862,16.2379103154684
-0.682310377281694,5.7630959349776,6,4.3109283586724,0.832796838350908,12.056806360736
0.635432207541837,11.1534767146705,13,11.0118151599609,0.965542945966607,12.6974151603998
0.158070363038565,8.92986979677126,9,8.19608699878513,0.179870163863773,8.97727238943319
-0.797330351927257,5.4057287192489,4,3.88033478576586,-0.730811701684754,5.59940893430465
-0.342890748857116,6.92308156634283,7,5.71465420388501,-0.122287727550777,7.73190998267036
1.28019117762993,14.1591956262959,14,14.8700436404983,1.52849354465081,15.1044158085059
0.696520514997137,11.4521583601931,12,11.3914563425231,0.856887748958483,12.1741938115574
1.6725448733095,15.6612203925177,16,16.8315617279713,1.7614281827506,15.9398280154486
-0.512088884779939,6.3249669177602,5,4.9890792514106,-0.863291250029932,5.19944565611084
0.325537766542234,9.67936839501762,10,9.14113859093938,0.0590191881164607,8.46373177072787
2.10189183852408,17.0129388248784,19,18.5689351647258,2.17742203453449,17.2078193770947
0.190600871738695,9.07244762400808,10,8.3752743923398,-0.397370629287683,6.70719101724993
-0.203478350981549,7.44594521236035,8,6.35360876155595,-0.289396890672819,7.09731184926946
0.104275210540708,8.6973504094909,8,7.90458543060841,-0.151113431589852,7.61974379718132
0.455861958447623,10.2877071433024,11,9.91219346519718,0.39195970017639,9.9287820195741
0.674045936711793,11.3421696553555,12,11.2516329759573,1.44429443740828,14.7807326521442
-1.77613094406362,3.02839598599211,2,0.983488497632597,-1.74967789523355,3.07343070260899
0.467378492617177,10.3423982752167,10,9.98160796388512,0.517181104504388,10.5185953418859
1.94520418106435,16.5561289421728,18,17.9845871665273,1.6484459482319,15.5453508523249
-0.94640908356937,4.96872352121578,3,3.35348622781894,-0.679639673736094,5.75997519729107
1.13436399732651,13.5299692984257,15,14.0517818744957,1.23998271202581,13.9427355206236
-0.114971029215599,7.79209181700535,9,6.77946732626649,-0.0301509953223024,8.09808862241721
-0.0955325539968621,7.86959810649092,8,6.87515239500535,-0.770813615011347,5.47625632042857
-1.63307571647015,3.30792767107687,2,1.33060756605557,-1.92009071172235,2.76642165155261
1.49445914728949,15.0122192442163,17,15.9855086575069,1.2786986678259,14.1074840255842
0.495815748961446,10.4780200195079,11,10.1537815154594,0.656445304778526,11.1928495898498
-0.806914487694186,5.37675162156533,6,3.84542102780333,-1.22691374209823,4.21538025640064
0.23489593476464,9.26895218472123,8,8.62273338063885,0.462759523747572,10.2599737221065
-0.196794380057714,7.47169974029715,8,6.38521250779646,0.392315625838575,9.93043102718922
-0.577631846506753,6.10392005001762,6,4.72200405576365,-1.20452096919683,4.27130520061189
1.21198784007058,13.8698730928337,14,14.4930385371012,0.90749110927112,12.4193388835401
-0.14465539833267,7.67476442602756,8,6.63485309997056,-0.366810599155986,6.81603586112541
1.8879020204776,16.3781736672178,17,17.7565844598513,1.82702663077434,16.1596268948629
-0.45372868988157,6.52677914409655,6,5.23336395026228,-0.229909788556675,7.31889387865184
0.990908172393567,12.8739037696169,12,13.2057564989816,1.04217431255469,13.0577809420647
0.320741928578934,9.6573807729219,9,9.11332019174985,-0.20843533331888,7.40005219116255
0.328238130636069,9.69176192242791,11,9.15682064884342,0.504149412520497,10.4563707978854
-1.3942396893247,3.82377151501542,3,1.96428456511072,-1.40783079380775,3.78514714294802
0.568815503808477,10.8294952351908,12,10.600176709548,0.850512018551934,12.1431634106418
-0.671116058651463,5.7988305578211,5,4.35400002414256,-0.778709632395959,5.45219159186511
-1.85036669241934,2.8918317439761,1,0.812436007576544,-1.7481774043373,3.07627321877442
0.148746814033701,8.88927877525957,8,8.14513312024034,0.516853222130985,10.5170275750575
-0.883539547629761,5.14945878165174,5,3.57148357045093,-0.911337231257759,5.05995320500589
-0.774046480073026,5.4766368879069,6,3.96576606020619,-0.846525795228195,5.24881438983615
1.55856279741715,15.2518035594128,16,16.2985301333288,1.38036899302172,14.5267588602209
-0.796998938200817,5.4067329200599,5,3.88154469890093,-1.15784187392745,4.38981454137687
-0.382372120006738,6.77995342090825,7,5.54056400533486,-0.142638213273352,7.65260473014783
-0.472652900547498,6.46082191104293,5,5.15347259892188,-0.519681397986808,6.28390966928051
0.453251466619914,10.2753294919214,11,9.89648514050109,0.964628935524134,12.6930678446051
-0.872186966776916,5.18264512876371,4,3.61149229380025,-0.284661408072664,7.11477719737277
-1.01598248979226,4.77466561477865,5,3.11915509006359,-1.30154947804118,4.03326795165015
1.35968000439162,14.485367660283,15,15.2962201271924,1.18898938074111,13.72142530963
-0.418553193159073,6.65069761244661,7,5.38361387102134,0.124296938862245,8.73852997381767
-0.365577545066302,6.8405713444964,8,5.61425580410059,0.0596705573525243,8.46644391550421
0.340643825256813,9.74881921849125,10,9.22903528198546,0.235121697240569,9.21902394111272
0.02334668770067,8.35525929836982,9,7.47750440232722,-0.220617804807034,7.35393471536738
-1.27367380203478,4.10839909828856,3,2.31140363353369,-0.811071856850844,5.35440113919208
0.502644570980748,10.510704422478,11,10.1952823350911,0.593224738105194,10.884936864271
0.309727349527391,9.60699510247093,10,9.0495903074414,-0.124660032613027,7.72263602522525
0.491888459694427,10.4592430183272,11,10.1299407548347,0.490391322425901,10.390874978278
0.450525696741079,10.2624129933583,12,9.8800935949699,0.70043643167492,11.4082383727847
1.80001770526955,16.0945981640236,17,17.3920686582354,1.45602240262889,14.8265449165552
-0.76013090698911,5.51936139596473,5,4.01723998454108,-1.15807252109237,4.38922252315593
2.19913892136975,17.2730020097675,19,18.9028524659003,1.85093096449448,16.2380022317287
-1.19569512582783,4.30151137851419,4,2.54614126307216,-1.62931241618582,3.30926185371389
-0.357971033697043,6.86815557920911,5,5.64780822245166,-0.198512442740048,7.43776398161457
0.21009539455906,9.15859638314549,10,8.48369406403153,0.108950247920644,8.67337957512706
-1.50983924606899,3.5662896590603,4,1.6488612834986,-0.552580692621496,6.17341437756109
-0.106218381217021,7.82692468926987,8,6.82245497946197,-0.427024199582773,6.60275652883527
1.05381299165576,13.1657642360314,14,13.5812077856086,1.3392769710729,14.359607805765
-0.562824421913758,6.15334204471267,5,4.78167851240458,-0.51079385636221,6.31400308419724
1.10335194738514,13.3910902294876,13,13.8720654660216,1.4127571670542,14.6563449323013
-0.225887627440631,7.36005761329152,7,6.24830730902124,-0.977098563266875,4.87377275307562
0.858182277153049,12.2408775936582,12,12.3956798177536,0.475755226660124,10.3214298513327
-1.04693068882446,4.69032350615549,4,3.01720209747313,-1.27887548872828,4.08789939647101
1.16821995908438,13.6795940975205,15,14.2457821643169,1.30912594863818,14.2349787570258
-0.0530151760361864,8.04099247554796,8,7.0871815803579,0.0986379373625977,8.62979015912849
-1.28096054881716,4.09072006242458,4,2.2898845121245,-1.80152441311756,2.97671364445292
0.217299989867408,9.19056758944196,10,8.5239577640282,0.620519867239128,11.0175766362434
0.417841180938296,10.1081657295298,11,9.68440271041204,0.429938028863045,10.1056597079087
-0.5890571446224,6.06599208869937,6,4.67622140390705,-0.943926486614287,4.96700550814437
0.59062109404855,10.9352654542388,12,10.7345492837947,0.494280742982468,10.4093697273099
-1.21658370934421,4.24907314013988,4,2.48245612358974,-1.37466670657953,3.86117297531046
0.78710865672449,11.8953254479702,13,11.955260408579,0.719676756093612,11.5026006762613
-0.191147521263086,7.49350717901616,8,6.41198281787617,0.598429838720159,10.9101905995483
-0.633255440129877,5.92095253818411,5,4.50123908889389,-0.465903400425868,6.46759050014676
-0.374562129791709,6.80809367416579,7,5.57476642988973,-1.27927447216068,4.08693286338786
-1.68834997016563,3.19734907698008,1,1.19370236728035,-1.81123020515407,2.95893131187955
1.75320490140899,15.9384440845955,18,17.1905969429969,1.9008332673194,16.3985842366954
-1.85036669241934,2.8918317439761,1,0.812436007576544,-1.21033426054831,4.25672929965448
-1.19290424652193,4.30855712830688,4,2.55469512529512,-1.14233025164169,4.42977701436168
-1.85036669241934,2.8918317439761,1,0.812436007576544,-1.98417934169594,2.65899422273587
0.47722455057917,10.3892647510173,12,10.041099366797,0.411948501821859,10.0216459722489
0.794425799113696,11.9310306257596,13,12.0007274353071,1.09369267921441,13.2949492235182
-0.00346289889683642,8.2439817087631,9,7.33906940538736,0.522343466119047,10.5432936524525
-0.151833893347706,7.64657856041499,8,6.60015337734948,0.511425000914536,10.4910887678039
-0.08966336699152,7.89310528989503,9,6.90419727627995,-0.164387189422817,7.56847409048466
-0.294507635287016,7.10145164512845,8,5.93207911250519,-0.677292413605619,5.76742200658371
-0.0530151760361864,8.04099247554796,8,7.0871815803579,0.0255604614684505,8.32522411299398
0.970944130695296,12.7800505106595,13,13.0853129822974,1.54731897932789,15.175157470601
0.100682749871643,8.68196806141379,10,7.88533450513091,-0.216791532166449,7.36839773145958
-0.596181828859824,6.04243124820595,5,4.64778674440419,-0.0764674342125328,7.91254869077867
1.98829232575076,16.6861950632506,17,18.1509920199178,1.71604676231845,15.7837844767486
0.190004313221224,9.06981967921142,8,8.37196881450137,0.466541064846658,10.2778361643375
0.724612831485713,11.5896979947211,12,11.5663514559771,0.565136849305574,10.7490266152668
-0.406666162717831,6.69296268821004,7,5.43490801171835,-0.33809388821831,6.91944475637442
-0.524235632476634,6.28355475338353,6,4.9390081095157,0.122004897832373,8.72877833392606
1.05430483496371,13.1680216718328,13,13.5841173458854,1.23268256057139,13.9113536718205
-0.715197135853679,5.65909691351311,5,4.18560004444266,-0.869318976334514,5.18178383276127
0.301073977728921,9.5675220487305,9,8.99968063983128,0.95677451480784,12.655666296442
0.583813512702205,10.902211738343,12,10.6925556332063,0.262974151462725,9.34254825651413
-0.633719622941527,5.91944345898973,6,4.49941916534241,-1.29516248721732,4.04859607292329
0.347054298636727,9.77837975781247,9,9.26645956560402,0.751607003349944,11.659266193457
-0.414368802418295,6.66555305880688,6,5.40163999788918,-0.246344992018871,7.25719995158032
0.771100097091214,11.8171355204948,11,11.8557198622617,1.00326176260839,12.8758468310388
1.22402373706693,13.9215681927296,15,14.5603128745916,1.43645703519624,14.7499841731985
-1.62755583508342,3.31914957258212,2,1.34447530227346,-1.73383246461471,3.10357176587055
0.293771763922603,9.53428920127913,9,8.95767349668885,-0.41699091184822,6.63796181005835
-1.68304390472208,3.20782295623683,2,1.20669082604658,-2.60422433882177,1.8307789275737
-0.264927069840215,7.21211984456924,8,6.06725660165582,-0.702801611323884,5.68687692711327
-0.611428608939801,5.99224475645568,6,4.58723184411381,-0.962151194481545,4.91561203230939
-1.22786470198987,4.22097015813515,4,2.44830883230891,-1.87620269056235,2.84250577326349
0.137040926919335,8.83848891361748,8,8.08141534045827,0.222377210146207,9.16287247658609
0.216371144771993,9.18644170971901,10,8.51876092587956,0.08809592559885,8.58538644097111
-0.239437410897738,7.30846862196022,8,6.18512476958137,0.407197929400384,9.99952889858831
-0.646276477558618,5.87873205696343,5,4.4503266453386,-0.953222056747408,4.94073977941978
1.7947455298444,16.0771869325242,17,17.36963191932,2.26038981935369,17.4212438038109
-0.300913071757885,7.07764898111374,7,5.90303332699512,-1.09037166920985,4.56576908232803
1.51402878057051,15.0860895749625,16,16.0820811649209,1.18928497514596,13.7227222647806
1.03533759745528,13.0806825137888,15,13.4716115568312,0.620380136144405,11.0168963506468
0.510083892608657,10.5463599934424,11,10.240558676957,0.512172006022584,10.4946565182368
0.144137697959537,8.86925760668946,11,8.12001063203923,0.435208243264025,10.1303494170012
0.768856985593511,11.8061725061897,12,11.84176601424,0.964905309254435,12.6943824757796
-0.362287975543183,6.85249072048818,7,5.62875261218162,-1.06036941704671,4.64580063025214
0.776041044839572,11.8412782087708,14,11.8864512536812,0.59920773714143,10.9139664547531
0.548937035339303,10.7333587110453,11,10.4780561924007,1.16793467055834,13.6286264810525
-1.27367380203478,4.10839909828856,3,2.31140363353369,-1.09813613378164,4.54523742955698
-0.300913071757885,7.07764898111374,7,5.90303332699512,-0.345559028330969,6.8924573727933
1.78768310902858,16.0537935276677,16,17.3394755829084,1.57488532354052,15.2776985203564
-0.0259081499482864,8.15160372064249,9,7.22433481317803,0.0428972106267268,8.39679501210463
0.778714864557369,11.8543396529713,12,11.9030786111543,1.20468344931425,13.7900585653573
0.719818795116338,11.5662264572178,11,11.5365007555632,0.894396958834061,12.3561193462222
-1.29737022930403,4.05113389424169,3,2.24168091929929,-1.11961427445075,4.48882684220284
-0.835918765290737,5.28980295453425,5,3.74064854525644,-1.06080529911919,4.64462996620661
-0.633719622941527,5.91944345898973,6,4.49941916534241,-0.90375446836891,5.08177305647943
-0.137953617848775,7.70114425943287,9,6.66734387018103,-0.657248465223917,5.83130467933388
1.84895164831073,16.2540558579103,16,17.5972425221607,1.88525190085619,16.3488901066249
0.0107270688597422,8.30275239507561,10,7.41215245550855,0.122577795777034,8.73121506214458
1.77360189070546,16.0069128508462,16,17.2790045273945,2.13090568439686,17.081965443099
0.473465064349998,10.3713582831445,11,10.0183684129666,0.325356631501924,9.62320018631611
-0.191241638314485,7.49314334262004,7,6.41153610453131,-0.162062577486117,7.57743555810971
0.585672167242757,10.9112334471901,11,10.7040172767556,0.85736452111291,12.1765131058438
0.474885821737232,10.3781236901456,11,10.0269564857853,0.611359320784513,10.9730046654926
-0.48625357447637,6.41372531925309,5,5.09645875148706,-0.478183054431053,6.42531359408196
-0.172367922046263,7.56635513148134,7,6.50147689817042,0.22574481730239,9.17768734946734
-1.00430504575098,4.80680493860474,4,3.15798693239107,-1.51869935658537,3.54006331904481
1.55833896283528,15.2509788683344,17,16.2974537486642,1.49047958096529,14.959771132405
-0.646266238975178,5.87876516458924,5,4.45036656513692,-0.502291215614512,6.34289037076977
-1.1982965425842,4.29495235842907,3,2.53817766955381,-1.72415630935093,3.12211210952555
0.00614654498738744,8.28374996463136,9,7.38851484253398,-0.0716625506623962,7.93165857579816
0.0668023780033878,8.53779590053982,8,7.70511500516794,-0.178356184380434,7.51477768747115
-1.22786470198987,4.22097015813515,4,2.44830883230891,-1.99468173727606,2.64180320533216
-0.257017667337912,7.24191901258416,6,6.1036930827253,0.024982075618011,8.32284367530651
-0.370247877538656,6.82367487145812,7,5.59370945966136,-0.397947012495332,6.70515001590767
-0.715197135853679,5.65909691351311,5,4.18560004444266,-0.586949343706905,6.05949964902042
-1.63307571647015,3.30792767107687,2,1.33060756605557,-1.64927762537078,3.26904558264834
-0.712134183681683,5.66872120563455,5,4.19719697598773,-0.26866184353994,7.17400855331572
0.152673456357629,8.90635894169196,11,8.16657052751454,-0.180491091813651,7.50659449768715
-0.990382310488684,4.84535075101577,4,3.20454682786638,-0.924269773958706,5.02290738806493
-1.63307571647015,3.30792767107687,2,1.33060756605557,-1.44196967647216,3.70819844327137
2.14295326882313,17.1250233902806,18,18.7126019871973,2.78917720215702,18.4455850277867
1.23891168052605,13.9851348914539,14,14.6430913219918,0.928604288482508,12.5209126484485
1.564743249122,15.2745421781069,16,16.328204990702,1.45059234766052,14.8053635382001
-0.501673693183767,6.36063783093346,6,5.03222326309836,0.301596065394579,9.51565860593132
-0.387733438303817,6.76068522031952,6,5.51715183371722,-0.660283127821375,5.82159919812205
1.40152195019583,14.6523839325082,15,15.5147214204772,1.49892398794668,14.9921120909233
0.529610578759852,10.640182967734,11,10.359710398492,0.894389391299226,12.3560827628988
0.539633273070819,10.6884663811671,10,10.4210350449418,0.379982274034986,9.87338785524379
-0.913491168640961,5.06271293056158,3,3.46687806750432,-1.74705600777819,3.07839918043428
-0.622476753371574,5.95607724401704,6,4.54360263846116,-0.216086206171902,7.37106596478867
-0.197835360567562,7.46768451664648,6,6.38028452200995,-0.0740469139417377,7.92217154999313
0.476332433692686,10.3850143032319,11,10.0357036435294,0.424374180484086,10.0796320408413
0.535736151778435,10.6696825685763,12,10.3971772871325,0.389985449545208,9.91963831597058
0.858448792574621,12.2421669333115,13,12.397325003607,0.733887473381703,11.5723232705345
-0.676280726041257,5.78232271265314,6,4.33410217476295,-0.630761271205171,5.91652598946991
-0.827161318192662,5.31593824869736,4,3.77214332618112,-0.979697149854991,4.866527674259
-1.10690883926323,4.53028601563829,4,2.82353761726073,-1.59679746759632,3.37569817206115
-1.11704691364559,4.5036761213084,3,2.79130733890467,-1.09880968946907,4.54345982211246
-0.318616939866433,7.01216023913156,6,5.82316964693994,-0.089666811144334,7.86021631507967
-0.196193262675774,7.4740190393751,8,6.38805918534443,-0.140104841598538,7.66244637915518
-0.640060985301602,5.89885684106705,5,4.4745933301763,-1.31266115506093,4.00671461059788
-0.0912135883871798,7.88689162211825,6,6.89651872974653,-0.270877767257601,7.16578461998107
0.0422993401761567,8.43454093038199,10,7.57628389940314,-0.0768711953685147,7.91094431187321
0.144137697959537,8.86925760668946,11,8.12001063203923,0.0188306747653989,8.29755573832822
0.927363957178874,12.573350996299,13,12.8205023691268,0.976634115156125,12.7500820762486
-1.37934899131089,3.85802511454117,2,2.00613837485689,-1.17836502404922,4.33738754606844
0.685648749420618,11.3989433276491,12,11.3238029391014,0.55678431935488,10.7087380390964
-0.974816678709588,4.88873826331558,5,3.25693956629047,-0.952577336560472,4.94255799443872
-0.834465994595343,5.2941315013521,4,3.74586486804696,-1.2195932101812,4.23359721609132
-0.141439088909811,7.68741667446521,7,6.65043451745873,-0.110747381514219,7.77713414713135
0.488730088889528,10.4441530701168,11,10.1107820432841,0.141054704654074,8.81005530588618
-0.465910304509441,6.48426521650145,7,5.18186235464217,-0.222973379207751,7.34504064192358
0.667543033409791,11.3103621751765,9,11.2112028269488,0.631253816331376,11.069870806243
0.758014356959324,11.7531594419424,11,11.7742991843588,0.660179899735343,11.2111072624023
-1.08513194986259,4.58787451934014,4,2.89326033149513,-0.537792964613992,6.22290458701623
1.25454409639633,14.0514296464679,15,14.7294837146148,1.34088393396715,14.3662027919795
1.33235340406676,14.3745621746493,14,15.1513384842116,1.74834884342881,15.8951869119781
-1.16656931383866,4.37550327937471,4,2.63593573776932,-0.977629936333494,4.87229055069808
1.58846276976084,15.3612294891812,17,16.4412691215429,1.47569458875583,14.9028550890445
1.11103269564123,13.4256460849605,15,13.9167505441064,0.948815106990668,12.6176869548129
-0.542595836287987,6.22134504652494,6,4.86382328339846,-0.369629561840934,6.80594379968656
0.039327230367451,8.42207447392669,9,7.5607434145896,0.407193063032134,9.99950625729686
-0.490001518659664,6.40079187295777,6,5.08080642297437,-0.576833775523782,6.09286699479413
-0.210601151508949,7.41856910129355,7,6.32002922933519,0.2920067582161,9.47248092524656
-0.390406967710379,6.75109171077091,7,5.50549714348683,-0.49955159958955,6.35221832074034
0.139951440424584,8.85109913884905,10,8.09723127682879,0.0803827275133009,8.55299806742829
1.15863489124175,13.6374471002214,14,14.1910961488872,1.12801123954728,13.4504221389844
0.64780208749587,11.2138726001627,11,11.0885680114967,0.682436798638149,11.3200321384912
-2.24462449171262,2.261326975895,0,0,-2.40279021347727,2.06034486339652
-0.162519090471225,7.60475874227635,7,6.54869814195277,-0.531798311248811,6.24304866566687
0.39170304252439,9.9856887554493,9,9.52910364045699,0.562597599440004,10.7367720331648
-0.26345726809793,7.21765076650712,6,6.0740182253521,0.0582332994201223,8.46046031895168
-0.234085248339287,7.32881539752808,7,6.21003806415585,-0.230451733433412,7.31685374924522
1.674623830505,15.6684949782069,16,16.8410045266032,2.0449928259487,16.8382676289422
-0.808824383063391,5.37099177931662,5,3.83848097601969,-0.916381906772848,5.04547728637661
0.0778033250596023,8.58443036385824,10,7.76336722039074,-0.745615596019546,5.55359127222446
1.44935439536148,14.8394671313615,17,15.7595321077227,1.68421900743875,15.6724180968553
-1.28749642382288,4.0749155426051,4,2.27064269253467,-1.2433660063822,4.17467152900251
0.737582562566444,11.6531889804993,13,11.6471084112947,1.0447164950289,13.0695857866897
0.654268743915374,11.2454674302928,11,11.1287220452599,-0.042855493270169,8.04689924068817
-0.960420310028292,4.92914323657966,5,3.30571679806207,-0.432527690340152,6.5835020958012
-0.0153307698067879,8.19504797774673,9,7.27827168985446,0.100739889338801,8.63866266061275
0.711753368040329,11.5267367979559,12,11.4862827135525,0.847817978451331,12.1300433736286
-1.7196671039912,3.13613886265449,2,1.11770126625334,-2.16973759802254,2.37210376042325
0.376163807255706,9.91326052342064,11,9.43730831387808,-0.122292842955633,7.73188997693556
0.55901216455702,10.78204805015,12,10.539903730385,0.134936001164425,8.78389293771671
-0.0961268136643046,7.86722070718815,8,6.87221556796443,0.0925350362421538,8.60406501100849
-1.10094547610096,4.54599760449557,5,2.84256365077895,-1.38046547491612,3.8477888239176
-1.10633773581833,4.53178879108654,3,2.82535754081221,-0.706873087374888,5.67409954461733
0.25989640588697,9.38105026294526,10,8.76413348754221,0.249567931484758,9.28295411907587
0.812793485587635,12.0205472336055,13,12.114755087866,0.726756858938466,11.537336406736
-0.650791645855486,5.86414566393322,6,4.43273952043013,-0.745670336589855,5.55342237832093
0.604983192109241,11.0050897222163,9,10.823263276956,0.730859925032477,11.5574681176486
0.615332662180754,11.0554757783711,12,10.8872842946553,0.538874611642811,10.6225631702503
-1.68834997016563,3.19734907698008,1,1.19370236728035,-2.54569392996614,1.89392375967849
-1.13808010399792,4.44887236895604,4,2.72490027159356,-0.676577363889086,5.76969196519197
-1.77613094406362,3.02839598599211,2,0.983488497632597,-1.06631914290125,4.62984148758106
-1.53288450235498,3.51672339761564,2,1.58795718575038,-1.25480397296225,4.14655891232714
-0.715197135853679,5.65909691351311,5,4.18560004444266,-0.662906834743486,5.8132177101254
0.556690582345595,10.77082198408,11,10.5256435307383,0.844408289127712,12.1134313244657
-1.21901597864315,4.24300110805175,4,2.47507914238862,-0.552920825388748,6.17227942647431
-1.21658370934421,4.24907314013988,4,2.48245612358974,-0.48356283956407,6.40685439537511
0.682167574708451,11.3819071185463,12,11.302145943466,0.751067590030489,11.6566197028254
-0.0955325539968621,7.86959810649092,8,6.87515239500535,0.145738716699221,8.83011944634364
0.454873503820128,10.2830195333191,11,9.9062444092765,-0.556324431974542,6.16093066389094
-1.12724008712692,4.47704916087064,4,2.75904756287439,-0.628331203339779,5.92439046011252
0.57237308252652,10.8467302334396,11,10.6220713908807,0.23087099679389,9.2002697607698
1.85336023876078,16.2682300577116,17,17.6154544530976,1.71463111723688,15.7788648088456
0.220427347536315,9.20446789047828,9,8.54146793487239,0.504393124267731,10.4575328422323
0.149622347634647,8.89308530855493,9,8.14991030107536,-0.217821925441521,7.36450098166851
-0.0382632208009072,8.10105906648818,9,7.16163074689296,0.292227929155279,9.47347533087695
0.106721690778926,8.70783629112753,9,7.91771089854626,0.478141671688886,10.3327364663685
0.541032520132894,10.6952136283087,11,10.4296050257383,-0.0373587853451183,8.06901920885578
0.339798697409765,9.74492598774299,11,9.22410691303817,0.286835910792774,9.44925196804391
0.317506815662542,9.64256550466066,10,9.09457869546407,0.535908208203222,10.6083190626058
-0.0558724303996416,8.02939408050636,9,7.07281448527969,-0.349743142495,6.877363696334
1.07834234379912,13.2778575391762,13,13.7257895854852,0.692917036476515,11.3713796553402
1.15838836999497,13.6363608706435,13,14.189687160644,1.5644385348414,15.238984144529
-0.989652461013775,4.84737820040116,5,3.20699544012021,-0.617300472586896,5.96018634427556
-1.23799538295735,4.19586166847045,3,2.4177899265199,-1.20660905582337,4.26606501104448
0.0831866672950631,8.60731353235486,9,7.791966018152,-0.520344005006663,6.28167022354991
1.84788360794126,16.250617162488,17,17.5928236482943,2.08715222264897,16.9596451243743
-0.324929115689849,6.98891686669205,7,5.79484186741038,0.0621324889819654,8.47670023405721
-0.646266238975178,5.87876516458924,5,4.45036656513692,-0.304243129177901,7.04275038711325
-0.886775977103064,5.1400288884605,4,3.56011414082856,-0.327851302112579,6.95659359398576
-1.02531502473654,4.74910448699186,4,3.08826421815667,-1.03004736308916,4.72781476366089
-0.264807159441158,7.21257095845814,6,6.06780807333779,0.380414210042744,9.87538220617948
-0.391567920047519,6.7469289300193,7,5.50044040914124,-0.45219649307366,6.5150158812101
0.467378492617177,10.3423982752167,10,9.98160796388512,1.11969675303623,13.4129461429295
0.260860248528323,9.38538898441685,10,8.76960950429172,-0.549221314519841,6.18463205924435
-0.0364783567183658,8.10834756630545,9,7.17066942568747,-0.0253474155414748,8.11750188807642
-0.611428608939801,5.99224475645568,6,4.58723184411381,-1.58122504515586,3.40793069647828
-0.363291087313321,6.84885446007173,6,5.62432981476123,-0.611314855993464,5.97967682338054
0.99573722241271,12.8965211987558,13,13.2348021231352,0.920384739635586,12.4814246580535
1.40312341506778,14.6587134499465,16,15.5230038221699,1.23849235792387,13.936336976797
-0.246636161065655,7.28116540277967,7,6.15170594722204,-0.381113819666992,6.76493837556743
-0.747454389168894,5.55850781984149,6,4.06440340587336,-1.0303388010776,4.72702106432561
-0.126781271601912,7.74526253732942,7,6.72171358378292,-0.257364175082094,7.21603979241066
-0.632643441660908,5.92294262208509,6,4.50363911568637,-0.866081996942973,5.19126272593673
-0.288508776541512,7.12379562239079,7,5.95935394308592,0.0807133904399032,8.55438481398189
-0.617491342725154,5.97237696519029,6,4.5632641104508,-0.0189136815950474,8.1435536728784
1.13190876263001,13.5190370960651,13,14.0376227072946,0.903810007968357,12.4015828670968
-0.742249222441306,5.57464446872848,5,4.08384505610067,-0.795627005950639,5.40090324091826
-0.889019627821942,5.13349968297667,5,3.5522417508611,-0.520672475961406,6.28056028779974
1.62411096495255,15.4897982079139,17,16.6087402450355,1.77525292365536,15.9867197310652
1.02401952282446,13.0282927130255,14,13.4041877620763,1.36677145707214,14.4717899113701
2.20122100604002,17.2783641081685,18,18.9097626400037,2.66076619088819,18.2475024140972
0.338050869405127,9.73687719849262,11,9.21391850855292,0.389249551396904,9.91623132948962
0.989345049487003,12.8665755274033,13,13.1963471803091,1.04218204602142,13.0578168685943
0.933279918067881,12.6015476927258,13,12.8565917714914,0.837180017178147,12.0781910303387
-0.577029264420784,6.10592538161425,7,4.72442499673227,-0.685497566023387,5.74142198760251
-1.03105199605512,4.73344605838848,5,3.06933768679906,-1.18708937190637,4.31525450687591
0.444392608896718,10.2333795516886,10,9.84325141763409,0.330894042258079,9.64837571545376
0.69041690525925,11.4222806795682,13,11.3534713128845,0.434498478090304,10.1270223238325
-0.0117309049561695,8.20986985235319,8,7.29668204405611,-0.429894603243412,6.59270918537208
-1.07939201193152,4.60315167723992,4,2.91174993343526,-1.38055905034656,3.84757315892642
-0.712134183681683,5.66872120563455,5,4.19719697598773,-0.549894464516363,6.18238308197465
-0.684297815204716,5.75676939212722,6,4.30330334342637,-0.662952145531128,5.81307304261877
-0.262187461126962,7.22243154338534,7,6.07986323684498,-0.282529671894297,7.12264922956661
-0.607631162211815,6.00471472683987,6,4.60227646135354,0.198877400483286,9.05994398274827
0.859288156637539,12.2462272062976,11,12.4025059795823,1.02062373152178,12.9573044324779
1.94470448566376,16.5546014608543,17,17.9826319600162,1.81087555228299,16.1061482563424
0.885525920261809,12.3728431907621,14,12.5641530938004,0.257448978136987,9.31795640005089
0.165013794405506,8.96017793232182,8,8.2341503513188,-0.0692233457576724,7.94137193523606
0.176869693091217,9.01208500785777,9,8.29937354957838,-0.0141934787041259,8.16270367633123
-0.270983848048943,7.18935995935821,7,6.03943820246629,-0.234746096046012,7.30070177531827
0.345636730185053,9.77183845209534,11,9.25817750673225,0.880320915684606,12.2879839417789
-0.475706605343051,6.45022521173994,5,5.1406422246058,-0.164091291929666,7.56961437853637
1.18881793286911,13.7695893129673,14,14.3626518984811,1.36750179782092,14.4747509210469
0.0658684884074558,8.53384491670667,8,7.70018162105412,0.263692543543941,9.34574892203253
-0.197624931961443,7.46849604928314,8,6.38128051129573,0.235716154806453,9.22164876091727
0.506539874121171,10.5293677178467,11,10.2189810933706,0.493143125635258,10.4039584690828
0.619238332768855,11.0745044648419,12,10.9114632059193,0.753974186395865,11.6708798724892
0.971143463581123,12.7809903137763,13,13.0865183888499,1.18987612072454,13.7253154954148
-1.6279053977379,3.31843794499368,3,1.3435960248218,-1.0893407835977,4.56850062361149
-0.535309273517237,6.24597845168921,7,4.89358997153777,-0.510976282039951,6.31338434350166
-0.258078274324097,7.23791800698758,7,6.09879996804186,-0.344651029298577,6.89573594047972
1.72955550481207,15.8582300478166,16,17.0868874118333,0.698554746988088,11.399013461239
0.373559758924729,9.90115176919702,9,9.42196512982108,0.583930372230173,10.8398939089748
1.20768982540229,13.8513466620187,15,14.4689388682847,1.61278628971218,15.4166787123055
-0.667614392894638,5.81004355699957,5,4.36751632217054,-0.592840970333514,6.04012716411643
0.474887778877984,10.3781330111252,10,10.0269683180257,0.113997656313532,8.69476991756015
-1.31473475142253,4.00958495296139,3,2.19105860113084,-0.99552589687154,4.82257865207189
-0.543707674164211,6.2175927277343,6,4.85928953668777,-0.881529895944391,5.14614682312077
-1.22786470198987,4.22097015813515,4,2.44830883230891,-1.52744232252779,3.52132498842619
1.23484021068993,13.9677926140104,15,14.6205018414799,1.1906939325691,13.728901985706
-0.806623794582931,5.37762871655207,5,3.84647783705291,-0.362307497588084,6.83217912139716
-0.907549886324545,5.07982690976985,5,3.48751887590557,-0.751177645950304,5.53645021759995
0.271643377383,9.43401459228495,10,8.83099663877027,-0.827180175039555,5.30622831128786
0.93066274643923,12.5890787722377,12,12.8406313169398,0.691866739184909,11.3662323892978
0.352983273183983,9.8057662498739,10,9.30113783408036,0.703435691015836,11.4229437246756
-0.153998693205799,7.63809291675161,8,6.58970978864869,-0.320621336395265,6.98290005724358
-0.668909730417945,5.80589369832721,5,4.3625139665672,-0.849988407772223,5.23858866295618
-0.798312882185037,5.4027524622976,6,3.87674882912773,-1.36322491456716,3.88769524076459
1.52867259498866,15.1409444227654,16,16.1537631654365,2.23536498199032,17.3583847985598
-0.949930714116203,4.95875144138843,5,3.3414520266416,-0.568312820929137,6.12107828776924
0.176410307207904,9.01007008201712,8,8.29684092504987,0.56581528551257,10.7523017353448
-1.36475261985546,3.89184556121322,4,2.04744036412069,-1.08119646278954,4.59012653892725
0.953415128118995,12.6971995377559,14,12.9790976892938,0.598219072106045,10.9091676311776
0.669409274894564,11.3194894818524,11,11.2228042329677,0.983143458901456,12.7809163213158
0.631745502908936,11.1354878743453,13,10.9889555112686,0.750738107477495,11.6550031716823
1.75320490140899,15.9384440845955,18,17.1905969429969,1.88865494072837,16.3597783374588
-0.744509642771105,5.56763241480677,5,4.07539681156146,-0.77125728817965,5.47490200093305
0.515831664270502,10.5739425299115,11,10.2755856190067,0.760685051019962,11.7038010493175
-0.731989171360496,5.60655864825769,4,4.12229650210426,-0.587426790289477,6.05792804730179
-0.155784102452379,7.63109940230465,8,6.58110370020531,0.048666502874937,8.42070628809205
0.0499150132948593,8.46654192000179,9,7.61618960485559,0.472363503968749,10.3053716325801
0.426921101102979,10.1508969052054,9,9.7386041041552,0.262717796977992,9.34140629339645
-0.129468619107512,7.73463439083558,7,6.70861225865525,-0.810780344900843,5.35527599483622
0.4988325769643,10.4924538983265,11,10.1721085190006,0.394950451869284,9.94264337269523
1.8325420357625,16.2010168595788,18,17.5290578692853,2.06609185048835,16.8994366626481
0.143696950685962,8.86734464412087,10,8.11761060524675,0.636991781028385,11.0978528637838
0.221938823063394,9.21119084226664,9,8.54993778482067,0.685590453560798,11.3354800073473
-1.22921660654139,4.21761247584425,3,2.44422819028002,-1.27862454964786,4.08850738946768
0.17739773834175,9.01440144659388,9,8.30228523377885,-0.0195973767490122,8.14078247985513
-0.749395451880685,5.55249961593462,4,4.05716469561572,-0.480980724192511,6.41570943324258
0.844391896147374,12.1740871824454,13,12.3104770545959,1.08509295714562,13.2556684389692
1.05649410181357,13.1780650280043,14,13.5970630792347,0.595449455602246,10.8957281452615
0.65520696557395,11.2500525083058,12,11.1345493901665,0.30645616572975,9.53759147204096
-0.0501825358707605,8.05250238701921,9,7.1014417800046,-0.860102629910371,5.20880740062526
-0.196812122814181,7.47163129092831,8,6.38512849552177,-0.127117832828628,7.71303596694407
-0.63589240273589,5.91238356279628,6,4.49090522291778,-0.782578419660986,5.44043004676715
-0.513926655919195,6.31868829457138,7,4.98148666258385,-0.019154807228271,8.14257625396182
0.360992292333445,9.84283075845744,10,9.34808033093285,0.35336095989231,9.75095371602806
-0.406682885427037,6.6929030915025,5,5.43483566550075,-0.206158509745303,7.40869346204642
-1.83533493503406,2.91901933117108,1,0.846583298857378,-1.88735802703366,2.82297196440405
-0.185370424501511,7.51586412190822,8,6.43943733831611,-0.398069516819303,6.70471627872442
0.10318033133064,8.69266037733171,9,7.89871542812028,-0.294639077969973,7.07801264038341
-0.913971558366837,5.06133116849956,5,3.4652114773491,-0.722023638313144,5.62674210716127
1.41799154231596,14.7172581524756,15,15.5996141916328,1.48096815682849,14.9231988523396
0.391996432177052,9.98705903851138,11,9.53084065707654,0.866181898214824,12.219376197398
-2.17266623243538,2.3647560111748,1,0.136905198775219,-2.29906776555781,2.1926716148157
-0.963607306025829,4.92017561982676,5,3.29489213116629,-0.672588185339754,5.78236801116009
0.200064256671042,9.11420166639402,10,8.42780889840532,0.294600232594552,9.48414576864268
0.581160432553078,10.8893377647124,10,10.6762000552454,1.04125321498135,13.05350122349
-0.275597461732813,7.17205769121501,7,6.01829667938804,-0.3529673955272,6.86574847248062
0.127672540821459,8.79797998691821,8,8.03062682897598,0.478914251069471,10.3363982246105
-0.712134183681683,5.66872120563455,5,4.19719697598773,-0.653690728402878,5.84269834310403
-1.87421164891634,2.84918639273488,1,0.758770620085979,-1.5641716203733,3.44353723784809
-0.489889022691191,6.40117979245059,7,5.08127586330386,-0.314018922436984,7.00698399975417
-0.283375688975483,7.142954926321,6,5.98274833850166,-0.881050504630336,5.14754231747435
1.48567812925866,14.9788618799138,17,15.9418864357021,0.835791610317661,12.0714184702144
0.0104916371621219,8.30177497403255,9,7.41093644097483,0.375247021037697,9.85154036023432
0.0082667988823853,8.29254219414176,8,7.39945082975156,0.230277210489629,9.19765202135932
0.685249487018078,11.3969893168232,11,11.3213189000342,0.663671054496947,11.2281802512353
-0.324929115689849,6.98891686669205,7,5.79484186741038,-0.122329339658358,7.7317472437484
-0.423646710359743,6.6326474323567,7,5.36171528681454,-0.749624164404108,5.54123368748537
-1.56700470891376,3.44439952287702,2,1.49896762595715,-1.26143885559754,4.13032231260457
0.144137697959537,8.86925760668946,11,8.12001063203923,0.557035282627018,10.7099476672216
0.0857195843113571,8.61809449063339,9,7.80544315379051,-0.00416749390532815,8.20348268103211
-0.253790198953235,7.2541039523292,8,6.1185967280273,-0.195418701113309,7.4495489190723
0.587847427369202,10.9217946641229,11,10.7174349230041,0.666307268526427,11.2410756254247
1.76132338119143,15.9657756064584,17,17.225900558716,1.51330434756483,15.0469105381066
0.219661175364178,9.20106120512614,8,8.53717629306455,-0.216786930230795,7.36841513830998
-1.07757375667812,4.60799961684171,4,2.91761672633176,-1.27953717537976,4.08629656972346
0.0814726365950399,8.60002318660712,10,7.7828536732787,-0.592887180021713,6.03997539975126
-1.60784328261289,3.35949177181042,2,1.39429270553799,-1.21662362674818,4.2410051388507
-0.722406468514292,5.63649402858509,6,4.15836513366025,-0.311569893831198,7.01593221586146
-0.127534377306611,7.74228306146719,8,6.71804055089721,-0.374977000976125,6.78682860018216
-1.66358313904703,3.24649362296585,3,1.25460646502856,-2.77197113927894,1.66472487304303
0.99573722241271,12.8965211987558,13,13.2348021231352,1.37447664340634,14.5029799398895
-0.941847087107855,4.98166539851497,4,3.36910327907048,-2.0129454453814,2.61218363007383
1.11762871521013,13.4552382617349,14,13.9550337881204,1.21556590695963,13.8373780809264
-0.0950335081568874,7.87159497919093,8,6.87761924245893,-0.590622520668163,6.04741640320679
-1.85036669241934,2.8918317439761,1,0.812436007576544,-3.2948186535054,1.26533869675406
0.493949923329729,10.4690973730096,11,10.1424525058931,0.155514870073406,8.87209723963204
0.834028257562648,12.1238011150369,12,12.2463546986861,0.345603593778634,9.71545738609186
-0.468318433758621,6.47588517225814,6,5.17171338053066,-0.77317955514391,5.4690371869081
1.09556791748265,13.3559638694821,14,13.8266643595459,1.08015367502599,13.2330503285804
-1.03616707718739,4.71952007362555,5,3.05250311643652,0.0206460417776006,8.3050130379312
-1.19308587434756,4.30809831286226,4,2.55413812410538,-1.92979907611867,2.74986849795438
0.182330236462434,9.03605821701071,11,8.32951109573744,-0.164096436604054,7.56959455169865
-0.441855667663661,6.56841411374767,7,5.28382313428459,0.129329020700608,8.75996564594344
0.200049149183088,9.11413491050215,10,8.42772488613064,0.757413039533081,11.6877503346364
2.03407326510496,16.8207499306938,18,18.3230480928157,1.85291273004822,16.2444580106414
0.877063756716787,12.3320741413815,13,12.5120862749446,0.823796652515788,12.0128627516034
0.0397275788891295,8.42375299753781,9,7.56283565926472,-0.225525733524864,7.33541201688462
-0.215001656393643,7.40169171487655,8,6.29933462542084,0.101638241273697,8.64245659422717
-0.595450271966932,6.04484725229346,5,4.65070233739691,-1.38696025987886,3.83284403352441
-0.731200122162194,5.60901887958097,6,4.12526073949322,-1.42245922542055,3.75201237426776
-0.989652461013775,4.84737820040116,5,3.20699544012021,-0.671869011282309,5.7846554684239
0.896016093842072,12.4232879498243,12,12.6286021315873,1.0379863406024,13.038311496845
0.110923138145655,8.72586388457732,10,7.94028114251528,0.12732772318987,8.75143617784064
-1.39849034264695,3.81403954469184,2,1.95238897509165,-1.30153766326895,4.03329626186831
0.372627070937883,9.8968168157948,10,9.4164724930989,0.916430347005517,12.4624015192104
0.999847749790236,12.9157467278092,15,13.2594981533849,1.39983632132011,14.6048740247882
-0.628076815989509,5.93780841875617,7,4.52156788284006,-1.55483321936021,3.46317221824533
0.0523352809545854,8.47672909037146,10,7.62889730267184,-0.0661680580517532,7.95355025020731
0.143984847804629,8.86859416467723,10,8.11917826241559,-0.263060058644914,7.19482774113937
-0.468318433758621,6.47588517225814,6,5.17171338053066,-0.739055710327022,5.57385891806854
0.735944488351564,11.6451710548474,11,11.6369091976676,0.647008734219106,11.1467447195534
-0.424992309355384,6.62788498014841,7,5.35593820391696,-0.409666795637358,6.66374503602962
0.0572817269688069,8.49757506042489,7,7.65490722954802,0.353396976816593,9.7511187145249
-0.198352854824368,7.46568902940414,8,6.37783552659533,0.032967152918891,8.35574914987082
-0.173607445364488,7.56153155398849,6,6.49554787440287,0.175948043606204,8.96027773698935
-0.780765430549127,5.45610076923374,5,3.94102423731475,-1.44450372046621,3.70253954752387
0.348860444893104,9.78671782064636,10,9.2770170357181,0.478146711096742,10.3327603492079
-0.986851181767105,4.85516619731552,4,3.21640090850961,-0.517512034662466,6.2912456086792
1.19713021523492,13.805682361788,15,14.409560681518,0.298904194890413,9.50352488772409
-1.62755583508342,3.31914957258212,2,1.34447530227346,-1.43748028025188,3.71824181612081
0.988027713921154,12.8603968824376,13,13.1884145699818,1.08061096194131,13.235146087926
-0.179868260471419,7.53720087394275,8,6.46564820536673,-0.311313636996381,7.01686898468428
1.0202854109605,13.0109642565798,13,13.3818967349237,1.26547130186835,14.0515158792431
-0.675243905955458,5.78563379840137,5,4.33809312963223,-0.595750334150789,6.03057752190629
-0.427327971711166,6.61962439048725,7,5.34591845192511,-0.940796731700839,4.97587354383308
0.391138808747255,9.98305377795633,10,9.5257634875745,0.603909435559178,10.9367973424601
-0.728635231743337,5.61702192693697,6,4.13490336372647,-0.365304204514298,6.82143317030312
-1.33133146755819,3.97019886242812,3,2.14304357363211,-1.06087286329483,4.64444852769052
