"Est.Theta","Est.ExpScore","Raw.Score","Scaled.Weighted.Score","True.Theta","True.ExpScore"
-0.577100892263724,2.94211069752651,3,2.91493588199383,-0.396185504214686,2.76869525877524
0.0607616110182019,5.24987878668474,5,5.25389214660962,0,5
0.264852725883633,6.01678686501941,6,6.03193829267302,0,5
-0.577100892263724,2.94211069752651,3,2.91493588199383,-0.505698760191587,2.28301011094424
-0.248212639851691,4.0777840625325,4,4.06446256009326,0,5
-0.261827155122641,4.02758487050688,4,4.01356185307246,0,5
0.22991113311578,5.88802496540232,6,5.90137834524339,0.149644564097755,5.90495917125611
0.288482342105566,6.10305212896168,6,6.11938490328478,0,5
-0.536112722751913,3.07326513125886,3,3.04741198164629,-0.0961675317180774,4.41408791857755
-1.53331858613699,0.902561889743667,1,0.874049995502711,-1.14398207280038,0.667306829706093
0.98631278939339,8.18686051814245,8,8.22089759188346,0,5
0.0425459941235115,5.18024652536804,5,5.18321116913484,-0.0108567097897493,4.93350716545225
0.250566781570081,5.96430799044708,6,5.97873135848471,0,5
0.907692009471648,8.0045489131247,8,8.03830696698794,1.54556979102748,9.70014478103039
1.45652356721809,9.0110384581527,9,9.04089020281314,0.70222895620803,8.41545851791256
1.02516912094653,8.27191515709753,8,8.30595739356761,0.0887262541939097,5.54100000226921
1.51966244039452,9.09134589001478,9,9.12016730492959,0.955969201706059,9.0318177828479
-1.31191168192218,1.21147628724973,1,1.17974291343281,-0.480143173968955,2.39006989029539
-0.573693105389388,2.95288539760753,3,2.92581566114199,-0.00278110157617693,4.98296582871255
0.0447503817358908,5.18867762523075,5,5.1917684079624,0,5
0.652475297679249,7.31686240230096,7,7.34684759638075,0,5
-0.799888247697831,2.29182764146418,2,2.25967916249934,-0.955808297133801,0.968488951552474
-0.0517468439372519,4.81925343024278,5,4.81678883086515,0,5
0.349469176080318,6.32228672725161,6,6.34153518411897,0,5
0.0443329556068247,5.18708118427286,5,5.19014808895304,0,5
-0.283046264386805,3.94977073216661,4,3.93467248128826,0,5
0.180304870820768,5.70306647113363,6,5.71377488940479,0,5
-0.885202842092062,2.07214263972039,2,2.03904604625339,-0.3790517769968,2.85096164517931
0.0291222024915556,5.12888333768839,5,5.13107787343693,0,5
-0.601274217304233,2.86636723016443,3,2.83847220495136,0,5
-0.245628145677332,4.08733657993617,4,4.0741492331768,-0.237699686353953,3.58943926974212
-0.883333209022754,2.07678033442999,2,2.04369931156509,-0.906023879255385,1.06800229510269
0.306350357217374,6.16781258605918,6,6.18502453633541,0.0962945305604598,5.58667765570275
-0.237056620244888,4.11906868068635,4,4.10632844319943,0,5
0.57244348650176,7.07159680864494,7,7.09940405640142,0,5
-0.914381698803367,2.00078596763599,2,1.96747573257976,-0.744907143642954,1.46035641131599
-0.37457936857226,3.62084921883371,4,3.60138242165795,-0.578278889962188,1.99973955926622
-1.37782545129217,1.1108201647037,1,1.07993624906653,-0.89850073419478,1.08386420569403
0.232501122027526,5.89761527966171,6,5.91110390414106,0,5
-0.269442547091852,3.99959696912509,4,3.98518545797681,-0.0840070189664385,4.48753638842356
-0.876978706426068,2.09260199156605,2,2.05957560850322,-1.10457979779826,0.721629622462299
1.5244706335876,9.09720934219487,9,9.12595000449729,0.787611232784259,8.65497515826864
-0.446929569713703,3.36987334861588,3,3.34732220000869,0,5
0.494179300702341,6.81901606895226,7,6.84422411515987,0,5
0.676235196336529,7.38702968433239,7,7.41756745966965,0.482839638335235,7.62140737254541
0.0249261612711339,5.11282172668748,5,5.11477496035243,0.19152570982338,6.14901279161349
-0.578915314390423,2.93638358925865,3,2.90915318242613,0,5
1.57090059735385,9.15206031229704,9,9.18000738907032,0.506489054933499,7.72023956350994
0.159520349757588,5.62492529142938,6,5.63449778728835,0,5
-0.912108959862351,2.00627500426165,2,1.9729794482762,-0.572353342776146,2.02172488353304
0.867884124366935,7.90695491083099,8,7.94042439149677,0.842259633145969,8.79028650974269
0.83669056988348,7.82797733953257,8,7.86114728938032,0,5
0.329902548929362,6.25251639652187,6,6.2708542066442,0.421061885039896,7.34776127533482
-0.918040953150469,1.99197269467757,2,1.95863950988095,-0.373435146381775,2.87829022739233
0.559418033613828,7.03041055653546,7,7.05781715716651,0,5
-1.52851244172654,0.908423773023939,1,0.879832695070411,-1.23516979022383,0.556581519508372
0.499394946503598,6.83622213318352,7,6.86161757668624,0.0152679580061704,5.09350369215241
-0.538813440856795,3.06451985647415,3,3.03857575894747,0,5
0.32486708059617,6.23447162761053,6,6.25257140891897,0,5
0.997673198255943,8.21207005167326,8,8.24611730942688,0.102874993388525,5.62630117309832
-0.318090676459261,3.82247775577266,4,3.8056483562124,-0.324123653338799,3.12568746293731
0.17499808527705,5.68314819199022,6,5.69356800280445,0,5
-0.297673997922726,3.89644626416624,4,3.88061509671522,-0.664076149374124,1.70347501866706
0.566100385283178,7.05158342033526,7,7.07919716980108,0.488530309723258,7.64548903196722
-1.37782545129217,1.1108201647037,1,1.07993624906653,-0.704223161734787,1.57853348409064
-0.885202842092062,2.07214263972039,2,2.03904604625339,-0.838285084280187,1.2191091259226
0.238715262778301,5.9205961340956,6,5.93440800565075,0.347075587362764,6.99111017359334
-0.266085578297578,4.01192616597456,4,3.99768555613433,0,5
0.445999174864811,6.6576704075295,7,6.68105419508696,0,5
-0.482310933140445,3.25042534953613,3,3.22649574812902,0,5
-0.474734964184057,3.27581069238428,3,3.25216880095411,-0.303013566181143,3.23556432287435
1.57090059735385,9.15206031229704,9,9.18000738907032,1.60878921672396,9.73559519365836
-0.121487922284791,4.55329234147785,5,4.546854749779,-0.247676850298753,3.53409676235015
0.326692799668567,6.24101830433163,6,6.2592045588714,0,5
0.292068013528323,6.11608134319575,6,6.13259540742403,0.300651595068421,6.75199920514269
-0.602758270381918,2.86175673986689,3,2.83381893963965,-1.09983797558203,0.728453008887835
-0.573693105389388,2.95288539760753,3,2.92581566114199,0,5
0.0228503031397883,5.10487483055459,5,5.10670860627825,0,5
-0.526291167167281,3.10518961797929,3,3.07967177342902,-0.436994027015315,2.57953296329725
-0.876978706426068,2.09260199156605,2,2.05957560850322,-0.8618733942186,1.16433528399385
0.787906321262123,7.70004488628628,8,7.73261404905784,0.471783659353853,7.57407714060312
0.194404661067529,5.75587118074668,6,5.76734138922446,0,5
0.014351688325586,5.07233469534176,5,5.07367894587089,0,5
-0.534432860453995,3.07871200434037,3,3.05291569734272,0,5
1.51260055092149,9.0826705832618,9,9.11161006610203,1.06719673749033,9.22283121993636
0.564024019863942,7.04501427409278,7,7.07256401984865,0.214787736263289,6.28185259043838
-0.0986649475852923,4.64011479159761,5,4.63496807459426,-0.135602059450406,4.17810580437197
1.36571846729983,8.884200415663,9,8.91541048562176,0.714677000820369,8.45262814706895
-0.0968442816474245,4.64705143213665,5,4.64200814883358,0,5
-1.03152401965327,1.73347062375003,2,1.69982530600009,-0.539422231625443,2.14758828530315
0.933612610119874,8.06617960921849,8,8.1000711400038,0,5
0.892042119307747,7.96660759271716,8,8.00026447563751,0,5
-1.57972873664119,0.847725842352504,1,0.819992610929676,-2.09640696086165,0.100693029755016
1.36571846729983,8.884200415663,9,8.91541048562176,0.658313722659173,8.27789244297682
1.01850875366325,8.25757021136597,8,8.29161745517236,0.428008901563309,7.37964508010762
-0.515847599743055,3.1393424738028,3,3.11418898560521,0,5
0.527289799103723,6.92735386075103,7,6.9537174526097,0.492534814334678,7.66232118874484
0.790773018198758,7.70771152173597,8,7.74032083750066,0,5
0.591388780515086,7.13087717509405,7,7.15924414054216,0,5
0.272499398134793,6.04477777621499,6,6.06031468776867,0,5
-0.22086908225746,4.17920183186164,4,4.16731481093837,0,5
1.45652356721809,9.0110384581527,9,9.04089020281314,1.23646928916053,9.44485702347172
0.0597548002275554,5.24603247231848,5,5.24998817309377,0,5
1.30297098266316,8.7882193124982,9,8.82025708656719,0,5
1.51966244039452,9.09134589001478,9,9.12016730492959,0.984674550016704,9.08506785698625
-0.639041590811878,2.7504813682393,3,2.72154972658753,-0.198292697982528,3.81212947542539
-0.585531784485917,2.91555647639456,3,2.88812545826045,0,5
1.51966244039452,9.09134589001478,9,9.12016730492959,0,5
-0.0339092750213561,4.8875123418457,5,4.8860754900323,0.000420231421293505,5.00257391719368
1.5244706335876,9.09720934219487,9,9.12595000449729,0.536457546671086,7.84077259293568
1.32422229859991,8.82151761702482,9,8.85328674697455,0.371297016686678,7.1112599050586
0.505017452466662,6.85471207948156,7,6.88030729869835,-0.0703473867949315,4.57034532520526
0.206914401321314,5.80257132280679,6,5.81471098802707,0.434148181728824,7.40758840782909
-0.0328380629386941,4.89161319198054,5,4.89023787059063,0,5
-0.0250412670167585,4.92146534146441,5,4.92053835456141,0,5
-0.518514781343177,3.13060006735541,3,3.1053527629064,0,5
-0.883333209022754,2.07678033442999,2,2.04369931156509,-0.572140838852075,2.02251705956899
0.210439631014001,5.8157047474175,6,5.82803192374993,0,5
-0.0986649475852923,4.64011479159761,5,4.63496807459426,0,5
0.524333309850849,6.91776705943101,7,6.94403077952616,0.139859048619432,5.84713463033921
0.213711447075246,5.82788329565572,6,5.84038404085216,0,5
0.90494639680194,7.9979323781541,8,8.03167381703551,0,5
0.907692009471648,8.0045489131247,8,8.03830696698794,0.394258713606735,7.2221365780309
-0.355966461336852,3.68677032037327,4,3.66815148896458,0,5
0.278246066999288,6.06576692414934,6,6.08159154598212,0.0706339092251516,5.43139465854058
0.4990557797481,6.83510482415219,7,6.86048814243025,0,5
0.579073066425039,7.09242556136921,7,7.1204317805671,0.46152966502912,7.52953867757239
-0.315752234758376,3.83092181914681,4,3.81420559503995,-0.0216125277954432,4.86765885981079
0.612827215567957,7.19705380776406,7,7.22602114450108,0,5
-0.914700006892938,2.00001812971674,2,1.96670586395513,-0.797007819690576,1.32079990219992
0.652475297679249,7.31686240230096,7,7.34684759638075,0.181974912349878,6.09388368161875
0.82677590959698,7.80241338207698,8,7.83547423655524,-0.0450891180237444,4.72415194245271
-0.053533680307934,4.81241917523776,5,4.80985191104696,0.319026276010056,6.84799302573493
-0.285357056873667,3.94132920041802,4,3.92611524246071,0,5
-0.262673392990846,4.02447150386034,4,4.01040517552022,0,5
-1.46540039312499,0.988710218797015,1,0.95910979718686,-0.519236203255543,2.2278499411016
1.51260055092149,9.0826705832618,9,9.11161006610203,1.4105762463029,9.60761292038614
1.5244706335876,9.09720934219487,9,9.12595000449729,1.07736714450944,9.23834244179161
1.51260055092149,9.0826705832618,9,9.11161006610203,1.23120961470449,9.43901172010409
0.991197592619959,8.19773502319465,8,8.23177737103162,0,5
-0.965210135725672,1.88105451455051,2,1.84749973108482,0,5
-0.573186244898461,2.95449001311912,3,2.92743598015135,0,5
-0.0507313129903921,4.8231379269247,5,4.82073169019512,0,5
0.30876505201678,6.17653192988054,6,6.19386075903423,0,5
-0.341452595305484,3.73853158385855,4,3.72058855452825,0,5
-1.33315432760839,1.17818542550926,1,1.14671325302545,-1.39687811209305,0.403248373857517
0.789041288937694,7.70308244249948,8,7.73566757218895,0,5
-0.186033446921792,4.30945037861892,4,4.29943561473446,0,5
0.0261237437632412,5.11740609826788,5,5.11942822566414,0,5
0.0279244703605753,5.1242989264892,5,5.12642460812523,0,5
-0.282741409859454,3.95088488098347,4,3.93580191554425,-0.0393059492684593,4.75946497883168
0.256071092110803,5.98455584141247,6,5.99926092073455,-0.0151895715324883,4.90697623270616
0.213711447075246,5.82788329565572,6,5.84038404085216,-0.0362917023527805,4.77788173501602
0.275546324977359,6.05591143036125,6,6.07160110303281,0,5
1.32422229859991,8.82151761702482,9,8.85328674697455,0.547595257903944,7.88423399554757
0.476584628485963,6.76059267997508,7,6.78515389964377,0,5
-1.57972873664119,0.847725842352504,1,0.819992610929676,-0.95155107764102,0.976638551108761
0.273755225508874,6.04936801974916,6,6.06496795308038,0,5
-0.93941858332328,1.94108615185352,2,1.90763564843903,-0.547850423708535,2.11477873470283
-0.890241509618696,2.0596833661922,2,2.02654594809586,0,5
0.257129350833725,5.98844470876133,6,6.00320378006452,0,5
1.45652356721809,9.0110384581527,9,9.04089020281314,0.960017148589732,9.03950377170312
0.527877705239256,6.9292581681713,7,6.95564154148483,0.457016503297942,7.50974017061799
-0.492106128536066,3.2177615801699,3,3.19346608772166,0,5
-1.57972873664119,0.847725842352504,1,0.819992610929676,-0.4078939035058,2.71344014266595
-0.280869709671561,3.95772784636892,4,3.94273883536244,0,5
0.465558761784804,6.72368673989,7,6.74783119904589,-0.00506812645923017,4.96895818456799
0.568516437584224,7.05921614634627,7,7.0869039582439,0,5
0.213711447075246,5.82788329565572,6,5.84038404085216,-0.611156995674392,1.8813745815814
-0.243573328968347,4.09493648798114,4,4.08185602161963,0,5
0.501510616541959,6.84318676158443,7,6.86865765092556,0.240975015873049,6.42877710063501
-0.0495328848116042,4.82772230712466,5,4.82538495550683,0,5
-0.474734964184057,3.27581069238428,3,3.25216880095411,0,5
0.226396198909314,5.87499848603642,6,5.88816784110413,0,5
0.0370296721813967,5.15914370799035,5,5.16179227068615,0,5
0.0212359184915989,5.09869418227441,5,5.10043502195718,0,5
0.592116669298795,7.13313987054677,7,7.16152779504864,0.49997981070154,7.69336453025845
-0.518173625438412,3.1317175306229,3,3.10648219716239,0,5
0.543277146319878,6.97889470224989,7,7.00578701588972,0.444254858483053,7.45311132351794
0.903024598654648,7.9932910283836,8,8.0270205517238,0.724651796139987,8.48184474604187
-0.0994547543481816,4.63710611860231,5,4.63191455146314,-0.401938664094603,2.74144640789036
-1.37254540231568,1.11859906933741,1,1.08764303750935,-0.680989914845327,1.64980671148346
-1.52851244172654,0.908423773023939,1,0.879832695070411,-1.69017696706245,0.224906232398844
0.2446343898265,5.94244705537563,6,5.95656516407242,0,5
-1.57972873664119,0.847725842352504,1,0.819992610929676,-0.861094468288249,1.16610642443188
0.30146016924626,6.15013042626621,6,6.16710468294794,0,5
0.325941453062048,6.23832469021038,6,6.25647538243482,0.151942387576407,5.91849660957861
0.23145087249388,5.8937272264251,6,5.90716104481109,0.181315977777143,6.09006813274564
0.0249261612711339,5.11282172668748,5,5.11477496035243,0,5
-0.968934188915165,1.87250904246752,2,1.83894249225727,-0.446358537398332,2.53748817467238
1.01850875366325,8.25757021136597,8,8.29161745517236,0.752696597022406,8.56133313168307
1.57090059735385,9.15206031229704,9,9.18000738907032,1.5432854883378,9.69877788758604
-1.33315432760839,1.17818542550926,1,1.14671325302545,-1.23138063013314,0.560797265980243
0.58658187524666,7.11590679509593,7,7.14413433352227,0.728418394467085,8.49274712732235
0.00774722620107706,5.04704243826905,5,5.0480058930458,0,5
-1.57972873664119,0.847725842352504,1,0.819992610929676,-1.29903961419932,0.490079789079799
0.196059159510604,5.76205587003277,6,5.77361497354553,0,5
-0.319672109411912,3.81677142093987,4,3.7998656566447,0,5
-0.319228892769004,3.81837035194061,4,3.80148597565406,-0.324505970363894,3.12371893517683
0.0224333368676911,5.10327851261527,5,5.10508828726889,0,5
-1.31191168192218,1.21147628724973,1,1.17974291343281,0.00525200085293151,5.0321679942867
-0.0854829706710685,4.69036842623816,5,4.68597193603618,-0.250449055273337,3.5187981922563
-1.5214535614231,0.917096766053217,1,0.888389933897963,-0.918474552146729,1.0422358061333
1.57090059735385,9.15206031229704,9,9.18000738907032,1.37651642884978,9.58004807749746
0.0403318935659071,5.17177719604533,5,5.17461504449317,-0.0781146406225358,4.52322088214104
-0.588232825306656,2.90708018219789,3,2.8795682194329,-0.740647919848651,1.472341634343
0.349469176080318,6.32228672725161,6,6.34153518411897,0,5
0.59087254387309,7.12927174482988,7,7.1576238215328,0.444855024066524,7.4557958608083
-0.427659714988863,3.43586295075472,3,3.41409920396762,0,5
1.36571846729983,8.884200415663,9,8.91541048562176,0,5
1.45652356721809,9.0110384581527,9,9.04089020281314,1.17183990007476,9.36864939881213
0.308899262790212,6.17701632764348,6,6.1943516437876,0,5
-0.328415618954765,3.78528358243455,4,3.76795815333086,-0.0813123794935657,4.50384796836105
-0.588232825306656,2.90708018219789,3,2.8795682194329,-0.436244465981597,2.58292045978308
0.0774834944436364,5.31371243380596,5,5.31868132927553,-0.00590136538664991,4.96385486185728
0.205385098288549,5.79687012644775,6,5.80892828845937,0,5
0.419355162771435,6.56664982297789,7,6.5889543191635,0,5
-0.354674895434886,3.69136395854339,4,3.67280475427628,-0.52092314647927,2.22105141936747
-0.255923205231171,4.04932846737174,4,4.03560857991054,0,5
0.496743275514645,6.82748093503743,7,6.85278135398742,0.780989519837599,8.63765817946399
1.36891185982388,8.88889846745545,9,8.92006375093347,1.57619887244947,9.71788111970237
-1.00025430098929,1.80185619184018,2,1.76822262896837,-0.993741257225336,0.898708326044268
-0.222908591668965,4.17161109714074,4,4.15961595914784,0,5
0.58755201746836,7.11893203626747,7,7.14718785665339,0,5
-0.0699631996833835,4.74961745657484,5,4.74610785339038,0,5
0.308456284260798,6.17541742312047,6,6.19273132477824,0,5
-0.258288163757385,4.04061387119978,4,4.02677235721172,0,5
0.82381552748869,7.794737162446,8,7.82776744811242,0.527338654327387,7.80465174587427
-0.257985780284082,4.04172776926937,4,4.02790179146772,-0.388017788399169,2.80770439917277
0.497659137356279,6.83050158009327,7,6.85583487711854,0.448491282333829,7.47201580145328
1.51966244039452,9.09134589001478,9,9.12016730492959,0.738442207925866,8.52141653466006
-0.48459152629426,3.2428043664113,3,3.2187889596862,0,5
-0.912108959862351,2.00627500426165,2,1.9729794482762,-1.07233919472636,0.769287639281235
0.993803802176074,8.20351546259743,8,8.23756007059932,0.731862603498697,8.50265431742406
-0.0250412670167585,4.92146534146441,5,4.92053835456141,0,5
-1.46540039312499,0.988710218797015,1,0.95910979718686,-1.12161150909646,0.697634801586343
0.566100385283178,7.05158342033526,7,7.07919716980108,-0.183543569386693,3.89703922068968
-1.31191168192218,1.21147628724973,1,1.17974291343281,0,5
0.211671844843498,5.82029259248397,6,5.83268518906163,0.354860003644653,7.03007696480573
1.36571846729983,8.884200415663,9,8.91541048562176,1.10536802785132,9.279498530116
-0.191650667288601,4.28837538416264,4,4.2780556020999,-0.157795513016753,4.04709289743253
0.220430198247103,5.85285909445189,6,5.86571484946899,0,5
-0.883333209022754,2.07678033442999,2,2.04369931156509,-0.590807326094349,1.9539148041995
0.34463910944254,6.3051159219516,6,6.3241417225926,0,5
-0.00744672001984186,4.98884871158574,5,4.9889356775297,0,5
-1.53331858613699,0.902561889743667,1,0.874049995502711,-1.01431472931642,0.862920587945072
0.479122397838572,6.76905523630938,7,6.79371113847132,0,5
0.240259040218466,5.92629880558155,6,5.94019070521845,0,5
0.22763389160897,5.87958688925662,6,5.89282110641583,0.527554017417903,7.8055104100601
1.5244706335876,9.09720934219487,9,9.12595000449729,0.747140051538497,8.54589133347919
0.956142100567403,8.11852632721828,8,8.15250026891517,0.984408572740465,9.08458767394572
0.310037561848735,6.18112373242407,6,6.19851402434594,0.382993273948897,7.16811035956597
0.606696637393129,7.17822870559985,7,7.20702794079413,0,5
-0.0298236478273916,4.90315387011234,5,4.90195178697043,-0.0336226773560093,4.79419504163347
1.32422229859991,8.82151761702482,9,8.85328674697455,0.403451747238175,7.2656885915915
0.26508161369614,6.01762573349416,6,6.03278874305775,0.373238010553639,7.12074736391123
-1.57972873664119,0.847725842352504,1,0.819992610929676,-0.905772739201978,1.06852821942937
0.589031661647696,7.12354230584308,7,7.1518411219651,0,5
-0.523953610826656,3.11281555139868,3,3.08737856187184,-0.186897773246014,3.87765944730414
0.245878844588843,5.94703614614804,6,5.96121842938412,0,5
-0.317956475466551,3.82296215326312,4,3.80613924096577,0,5
0.991197592619959,8.19773502319465,8,8.23177737103162,0.0963283202372814,5.58688134119409
0.679139651086136,7.39552231265525,7,7.4261246984972,0.35741497519487,7.04279411648781
-0.205351918454731,4.23708432196392,4,4.22602546082311,0,5
-0.600301191411706,2.8693926174303,3,2.84152572808247,0,5
-0.474734964184057,3.27581069238428,3,3.25216880095411,-0.0867467253213991,4.47096499616495
-0.532083521007667,3.08633894410172,3,3.06062248578555,0,5
0.956142100567403,8.11852632721828,8,8.15250026891517,1.00911149828803,9.12816106386735
0.455750107587722,6.69066764460057,7,6.71443403635487,0.141790957744869,5.85857252955973
-0.105389679538694,4.61450668985885,5,4.60897848842621,0,5
-0.272795244473668,3.98729660662805,4,3.97271497263869,0,5
-0.597577839638244,2.87787072621399,3,2.85008296691002,-0.063605411730017,4.6113215399395
1.5244706335876,9.09720934219487,9,9.12595000449729,0.744381866657164,8.53817030130851
-1.37463338436476,1.11551710697529,1,1.08458951437823,-1.0719017237318,0.76995503962375
0.0418430087455925,5.17755759590578,5,5.18048199269826,0,5
0.881150730861913,7.93987691778067,8,7.97345405190414,0.793113702147699,8.66921023324331
0.527179957719701,6.92699799401552,7,6.95335788697834,0.181860862823497,6.09322338954975
-0.858678419081535,2.13867710744743,2,2.10582305021231,-1.07132119637661,0.770841559021942
-0.256740263578495,4.04631699454613,4,4.03255505677942,0,5
0.000227329366195195,5.01824143991721,5,5.01877111091312,0,5
-0.413877393078747,3.48345036155721,4,3.46226523540076,-0.28535332826649,3.32922903129245
0.257129350833725,5.98844470876133,6,6.00320378006452,0,5
-0.91564477314386,1.99774046236807,2,1.96442220944864,-0.560572005506327,2.06603466496295
0.240259040218466,5.92629880558155,6,5.94019070521845,0,5
-0.50683118489272,3.16899760397318,3,3.14416512288146,-0.162965107205631,4.01678993159297
-0.596710347197967,2.88057457865989,3,2.85281214334661,-0.151737088984396,4.08271224305248
-0.0539510758288227,4.81082283350315,5,4.8082315920376,-0.131170665962149,4.20443294209813
0.515709834541382,6.88970626738219,7,6.91567496125928,0,5
0.54770885510869,6.99309147784549,7,7.02012695428498,0,5
0.0261237437632412,5.11740609826788,5,5.11942822566414,0,5
0.589031661647696,7.12354230584308,7,7.1518411219651,0,5
-0.592289539897505,2.89437794438552,3,2.86674544562589,0,5
-0.191650667288601,4.28837538416264,4,4.2780556020999,0.162812466765305,5.98231654610347
0.209913367648288,5.81374488641192,6,5.82604410245691,0.470986539123112,7.57063695400746
0.267156595330624,6.02522764655672,6,6.04049553150057,0,5
-0.620476950525032,2.80706773125343,3,2.77863212081062,-0.0470030472348532,4.71247194979565
-0.598705232701516,2.87435914416839,3,2.84653855902554,-0.800305977815599,1.31239326859107
1.36571846729983,8.884200415663,9,8.91541048562176,0,5
-0.919973135719959,1.98733120583921,2,1.95398624456924,-0.52174372928313,2.21775041667422
0.0756918213325431,5.30687769044783,5,5.31174440945734,0.218892263003658,6.305070478532
0.193599617750258,5.75286095008593,6,5.76428786609334,0,5
0.272291677389164,6.04401833955226,6,6.05954481914404,0,5
1.5244706335876,9.09720934219487,9,9.12595000449729,0.948470620858089,9.0174234901795
-0.568580995422574,2.96909330814053,3,2.94218284283349,-0.790961248043831,1.33634157181183
-0.0278405818986475,4.91074662242667,5,4.90965857541325,0,5
-0.151377660399413,4.44002106777782,4,4.43191171438692,0,5
0.193599617750258,5.75286095008593,6,5.76428786609334,0,5
0.323587111060009,6.22987910202756,6,6.24791814360727,0.157213834754323,5.94949216018889
-1.5214535614231,0.917096766053217,1,0.888389933897963,-0.758371530341263,1.42305070207071
-0.266840819506384,4.0091512379079,4,3.99487213106035,0,5
0.327533710545771,6.24403206317656,6,6.26225808200252,0,5
-0.0278405818986475,4.91074662242667,5,4.90965857541325,0,5
1.5244706335876,9.09720934219487,9,9.12595000449729,1.24679292037183,9.45615489865029
-0.554493142584893,3.01403328185013,3,2.98757189750555,0,5
0.533117023149105,6.94619883022207,7,6.97275735548236,0,5
-0.597577839638244,2.87787072621399,3,2.85008296691002,-0.321504794515037,3.139192497185
0.290264274875946,6.1095291814775,6,6.12595432081931,0,5
-1.53331858613699,0.902561889743667,1,0.874049995502711,-0.406138011849085,2.72167657584972
0.881150730861913,7.93987691778067,8,7.97345405190414,0.191316451402469,6.14780846248403
-1.57972873664119,0.847725842352504,1,0.819992610929676,-0.725782084288513,1.51487618527086
-0.0189294387890953,4.94487029694505,5,4.94429525516367,0.0706717343676519,5.4316243527503
-0.053533680307934,4.81241917523776,5,4.80985191104696,0,5
-0.571251601305789,2.96061951917261,3,2.93362560400594,-0.667068155649492,1.69387058136066
-0.576218924579687,2.94489701133629,3,2.9177493070678,-0.22086877801894,3.6837736039786
-0.0517468439372519,4.81925343024278,5,4.81678883086515,0,5
0.012150214202664,5.06390435944731,5,5.06512170704334,0,5
0.991197592619959,8.19773502319465,8,8.23177737103162,0.667018717793843,8.30597110964529
-0.0159426735499398,4.9563089447375,5,4.95590601712234,0,5
1.30297098266316,8.7882193124982,9,8.82025708656719,0.248153217174859,6.46853455221611
0.903024598654648,7.9932910283836,8,8.0270205517238,0.203015746542862,6.21488888398469
-0.219636924073111,4.18378969585617,4,4.17196807625007,0,5
-0.556873652723151,3.00641135908184,3,2.97987304571502,0,5
-0.341452595305484,3.73853158385855,4,3.72058855452825,-0.413472550770552,2.68738986751771
-0.167502567233247,4.37915622294507,4,4.37015547802336,0,5
0.112287278079751,5.44620344844675,5,5.453145250221,0,5
0.509344340940836,6.86889986511118,7,6.8946472370936,0.296289318446351,6.72895636540206
0.930342489991076,8.05848735380591,8,8.09236435156097,0.340697676959294,6.95893816388143
-0.334291285085182,3.76418313637452,4,3.7465781406963,0,5
1.02516912094653,8.27191515709753,8,8.30595739356761,1.02291537388311,9.15162716614332
0.0362433951113761,5.15613528499672,5,5.15873874755504,0,5
-0.235592745732575,4.12449570624541,4,4.11183215889587,-0.17034511034311,3.97367966908367
0.021434024355168,5.09945264513714,5,5.10120489058181,0,5
0.526944800870816,6.92623604719592,7,6.95258801835371,0.438654384450326,7.427959038428
-0.253013689665123,4.06005824776923,4,4.0464883590587,0,5
-0.885202842092062,2.07214263972039,2,2.03904604625339,-0.518626864245655,2.2303097189626
0.179799284380565,5.70116983461449,6,5.71185080052967,-0.31336969765052,3.18137278102362
-1.53331858613699,0.902561889743667,1,0.874049995502711,0,5
-0.594733124651131,2.88674316128677,3,2.85903865718306,0,5
-1.37782545129217,1.1108201647037,1,1.07993624906653,-1.07925911185147,0.758805644909025
1.57090059735385,9.15206031229704,9,9.18000738907032,1.21380630771649,9.41923206164535
0.0360244112832333,5.1552973963439,5,5.15788829717031,0,5
0.993803802176074,8.20351546259743,8,8.23756007059932,0.348631872264618,6.99892700207754
0.235191211854564,5.9075687266848,6,5.92119750151149,0.0337038631080934,5.20630124909299
-0.573186244898461,2.95449001311912,3,2.92743598015135,-0.310222627204602,3.19778246604273
-0.536457670555085,3.07214734318411,3,3.0462825473903,0,5
0.905298014830382,7.99878067425565,8,8.03252426742024,0,5
-0.121487922284791,4.55329234147785,5,4.546854749779,0,5
0.22991113311578,5.88802496540232,6,5.90137834524339,0,5
0.290573104064852,6.11065131435056,6,6.1270916917276,0.0701647805250129,5.42854568663026
0.184478899300261,5.71871647991462,6,5.72965118634292,0.485720166785258,7.63362090434742
0.524827470999847,6.91937063987415,7,6.94565109853552,0,5
0.195856089256732,5.76129690560401,6,5.7728451049209,-0.561367792182818,2.06301656863117
0.436400807963928,6.62502388813614,7,6.6480245346796,-0.0401626449381909,4.75423200006704
0.526944800870816,6.92623604719592,7,6.95258801835371,0,5
-0.914381698803367,2.00078596763599,2,1.96747573257976,0,5
-1.37254540231568,1.11859906933741,1,1.08764303750935,-0.551290963148967,2.10150365765418
-0.620476950525032,2.80706773125343,3,2.77863212081062,0,5
-0.319461512943107,3.8175311272885,4,3.80063552526933,0,5
-0.253013689665123,4.06005824776923,4,4.0464883590587,0,5
0.021434024355168,5.09945264513714,5,5.10120489058181,0,5
-0.916774977984901,1.99501837325334,2,1.96169303301206,-0.310446595922773,3.19661294240096
0.196154006304405,5.76241034211469,6,5.77397453917689,0,5
-0.942687695644134,1.93339481102071,2,1.8999288599962,-0.495102995521279,2.32693352329643
-0.93941858332328,1.94108615185352,2,1.90763564843903,-0.853161901126399,1.18428880659712
0.238201758366271,5.91869868934972,6,5.93248391677563,0,5
0.0345354835238145,5.14960013469728,5,5.15210559760261,0,5
0.0597548002275554,5.24603247231848,5,5.24998817309377,0,5
-1.33315432760839,1.17818542550926,1,1.14671325302545,-0.724087084123894,1.51979593549065
0.803140824092866,7.7405746314037,8,7.77335049790802,-0.00245155852723911,4.98498425598766
-0.968934188915165,1.87250904246752,2,1.83894249225727,-0.469326516655402,2.43653929328443
0.198187461938317,5.77000802733749,6,5.78168132761971,0,5
-1.37463338436476,1.11551710697529,1,1.08458951437823,0,5
-0.259968314551619,4.03442653164537,4,4.02049877289065,0.114248346773705,5.69456521269284
-0.207385288908004,4.22948660508481,4,4.21831867238029,-0.356629918414544,2.96110961506929
-0.159995628113956,4.40746880540782,4,4.39888205397956,0,5
0.566703216626267,7.05348898845186,7,7.0811212586762,0.588484158766792,8.03765520520226
0.206914401321314,5.80257132280679,6,5.81471098802707,-0.0390385906586144,4.76109821820312
1.51260055092149,9.0826705832618,9,9.11161006610203,1.10622554177146,9.28072387948366
-0.303352984729615,3.87581683975794,4,3.85970574078543,0,5
0.479122397838572,6.76905523630938,7,6.79371113847132,0,5
-1.5214535614231,0.917096766053217,1,0.888389933897963,-0.665085370982492,1.70023004237802
1.36891185982388,8.88889846745545,9,8.92006375093347,0.36295116410989,7.07022654315019
0.82381552748869,7.794737162446,8,7.82776744811242,0.38302947606991,7.16828512722737
-0.665248614958004,2.67186002415462,3,2.64227262447109,-0.553693599516899,2.0922738728426
0.158303233835026,5.6203389935513,6,5.62984452197664,0,5
-0.00942901864621505,4.98125625713702,5,4.98122888908688,0.0681632398066657,5.41638693065242
-0.18899784950763,4.29832507428993,4,4.28814919947033,0.167904484162001,6.01208323988864
0.0741985091295545,5.30118019265504,5,5.30596170988964,0,5
0.176834769842764,5.69004457392262,6,5.70056438526554,-0.0284563524633646,4.82578606108681
0.650551191402704,7.3111263301162,7,7.34106489681305,0.368979571227467,7.09990480627898
1.51260055092149,9.0826705832618,9,9.11161006610203,0.79444962037835,8.67264521607059
1.51966244039452,9.09134589001478,9,9.12016730492959,1.33232199810261,9.54137448713623
0.420692493976264,6.5712477500218,7,6.59360758447521,0,5
0.870194961199095,7.91271802073646,8,7.94620709106447,0.379097904449676,7.14926206125396
-0.876978706426068,2.09260199156605,2,2.05957560850322,-0.168310324702077,3.98554796952932
-0.30283206674693,3.87770738761267,4,3.86162189300826,-0.0441084147824237,4.73013816307396
-0.275832818349359,3.97616383452497,4,3.96142855737455,0.181860862823497,6.09322338954975
0.864473622723655,7.89842723165185,8,7.93186715266922,0,5
-1.52851244172654,0.908423773023939,1,0.879832695070411,-1.2684702111067,0.520860121604842
0.21876502869562,5.846673316136,6,5.85944126514792,0.0286688236230326,5.17551349264383
-0.0848931923114422,4.69261844461001,5,4.68825559054266,-0.319367406845441,3.15024134534423
-1.57972873664119,0.847725842352504,1,0.819992610929676,-1.0684802574616,0.775194346401792
-1.46540039312499,0.988710218797015,1,0.95910979718686,-1.31641877896588,0.473395754477645
0.787906321262123,7.70004488628628,8,7.73261404905784,0,5
-0.912108959862351,2.00627500426165,2,1.9729794482762,-1.28352776836226,0.505465383418437
0.325101084604627,6.23531098371107,6,6.2534218593037,0,5
-0.330003462751386,3.77957662817587,4,3.76217545376316,0.632490573956181,8.19218938104009
0.50842202997241,6.86587865831367,7,6.89159371396248,0.816073398199208,8.72711416048535
-0.575865008903538,2.94601555051384,3,2.9188787413238,-0.28535848468082,3.32920145689813
-1.53331858613699,0.902561889743667,1,0.874049995502711,-0.879704180757873,1.12447894551575
-0.537045490120801,3.07024308102462,3,3.04435845851517,0,5
1.51260055092149,9.0826705832618,9,9.11161006610203,1.09524457308983,9.26487685788104
0.554230477618009,7.01391121978251,7,7.04115467845065,0,5
-0.336723722222439,3.75546206696035,4,3.73774191799748,-0.393198912506202,2.78291524580535
0.00044607838642844,5.01907927071639,5,5.01962156129785,0.0402432940148039,5.24626059921932
-0.0189294387890953,4.94487029694505,5,4.94429525516367,0,5
-0.00096955721273255,5.01365722542761,5,5.01411784560142,0,5
0.908958364367119,8.00759493458698,8,8.04136049011905,0,5
0.219195028801301,5.84827094942853,6,5.86106158415729,0,5
1.02516912094653,8.27191515709753,8,8.30595739356761,0.748061775281456,8.54846323818432
-0.265266093602952,4.01493788488708,4,4.00073907926545,0,5
-1.57972873664119,0.847725842352504,1,0.819992610929676,-0.790078661767411,1.33862420314602
-0.355966461336852,3.68677032037327,4,3.66815148896458,-0.245920671102367,3.54380616577506
0.2446343898265,5.94244705537563,6,5.95656516407242,0,5
-0.243977742579949,4.09344037415273,4,4.08033885703139,-0.0608529471710103,4.6280681599865
0.905298014830382,7.99878067425565,8,8.03252426742024,0.402291952213804,7.2602207092746
-0.201571187949972,4.25122103129265,4,4.24036539921836,0,5
0.527289799103723,6.92735386075103,7,6.9537174526097,0.887895123568351,8.89339403749124
-1.5214535614231,0.917096766053217,1,0.888389933897963,-1.82097304200116,0.173498734449765
-0.665248614958004,2.67186002415462,3,2.64227262447109,-0.616850710794655,1.86149398109641
0.883490441578674,7.94564183268357,8,7.97923675147183,0,5
1.57090059735385,9.15206031229704,9,9.18000738907032,0.564368068951415,7.9483294811274
0.213711447075246,5.82788329565572,6,5.84038404085216,-0.0237478617572309,4.85459156204112
0.652475297679249,7.31686240230096,7,7.34684759638075,0.388814552942784,7.19611765052062
-0.2614205169474,4.02908121028953,4,4.0150790176607,0,5
0.0929535622978813,5.37267260701377,5,5.37852141341626,0,5
0.0186387111308656,5.08875015580874,5,5.09034142458675,0,5
0.277628725723097,6.06351409378749,6,6.07930789147563,0.157213834754323,5.94949216018889
0.256890622328786,5.98756754722411,6,6.00231444386567,0.115189929649433,5.70020353030725
-0.0298501919923244,4.9030522410116,5,4.9018486325493,0,5
-0.182975723623968,4.32093351737249,4,4.31108526250726,0,5
-1.57972873664119,0.847725842352504,1,0.819992610929676,-0.797007819690576,1.32079990219992
-0.42853669600308,3.43284581312399,3,3.4110456808365,-0.632891922543337,1.80645076847788
0.997673198255943,8.21207005167326,8,8.24611730942688,0.446265785256881,7.46209789809695
0.997673198255943,8.21207005167326,8,8.24611730942688,0.474373206530607,7.58522727875228
-1.46540039312499,0.988710218797015,1,0.95910979718686,-0.200762504469728,3.79799021505133
0.933612610119874,8.06617960921849,8,8.1000711400038,0.332020524991316,6.91481605477237
-0.882108107238411,2.07982353026765,2,2.04675283469621,-0.534728802723304,2.16603792273929
-0.968934188915165,1.87250904246752,2,1.83894249225727,-0.577939523729152,2.00099327942669
0.346778006147407,6.31272393657036,6,6.33184851103542,0.302929184088865,6.76399186859226
-0.526291167167281,3.10518961797929,3,3.07967177342902,-0.69417304583784,1.60902042612479
0.881150730861913,7.93987691778067,8,7.97345405190414,0.543272202814929,7.86745016016414
0.567939300184372,7.05739395748896,7,7.08506411800617,0.970240036516212,9.05865385653692
1.51260055092149,9.0826705832618,9,9.11161006610203,1.05542086751178,9.20448568986897
0.31048081090905,6.18272266419907,6,6.2001343433553,0.661844653413351,8.28933065706227
-0.243573328968347,4.09493648798114,4,4.08185602161963,0,5
-0.659697989185171,2.68838795339799,3,2.65893510318695,0,5
0.253478248334298,5.97502226327176,6,5.98959482447978,0,5
-0.00984579127130324,4.9796599751416,5,4.97960857007751,0,5
0.0774834944436364,5.31371243380596,5,5.31868132927553,0.11263520990812,5.68490073908807
0.498478138064298,6.83320140626586,7,6.85856405355512,0.193652091055999,6.16124141507177
-0.568580995422574,2.96909330814053,3,2.94218284283349,0,5
-0.882108107238411,2.07982353026765,2,2.04675283469621,-0.500438327092902,2.30473423304022
-1.37463338436476,1.11551710697529,1,1.08458951437823,-1.07692583271126,0.7623242894471
0.0360244112832333,5.1552973963439,5,5.15788829717031,0,5
0.196154006304405,5.76241034211469,6,5.77397453917689,-0.0837568440748477,4.48905025553611
-0.571251601305789,2.96061951917261,3,2.93362560400594,-0.534348638843088,2.16753794017141
0.273755225508874,6.04936801974916,6,6.06496795308038,0,5
1.0224777428727,8.2661301457629,8,8.30017469399991,0.966804556004023,9.052259710848
0.293639579869155,6.12178670642825,6,6.13837810699173,0.0496427272980906,5.30363105477683
-0.685376824885209,2.61248834319906,3,2.58243254033035,0,5
0.11149514955759,5.44319454488049,5,5.45009172708989,0,5
-0.00823212816004962,4.9858404909801,5,4.98588215439858,0,5
-1.53331858613699,0.902561889743667,1,0.874049995502711,-0.926336125362976,1.02627310864831
-0.272795244473668,3.98729660662805,4,3.97271497263869,0,5
0.346778006147407,6.31272393657036,6,6.33184851103542,0,5
0.236658937948757,5.91299611510003,6,5.92670121720793,0,5
-0.810502816234212,2.26359720255628,2,2.23130276740369,-0.670218878862495,1.68380824201943
0.021434024355168,5.09945264513714,5,5.10120489058181,0,5
0.500793037311186,6.84082550549054,7,6.86627084199795,0.253485810632282,6.49792048864384
0.221240961630585,5.85586990860167,6,5.86876837260011,-0.158171363884319,4.04488689852904
1.51260055092149,9.0826705832618,9,9.11161006610203,0.667399614012777,8.30719047204109
-0.00126006308531999,5.01254455014892,5,5.01298841134542,0,5
-0.581604342671728,2.9279082798366,3,2.90059594359857,-0.608097928220113,1.89213061071878
-1.03152401965327,1.73347062375003,2,1.69982530600009,-0.927430001669395,1.02407062812041
-0.600546453730525,2.86862984744653,3,2.84075585945784,0,5
-0.575865008903538,2.94601555051384,3,2.9188787413238,0,5
0.562089065820896,7.03888458950629,7,7.06637439599406,0,5
0.54389072126132,6.98086261427536,7,7.00777483718274,0,5
-0.641846188323139,2.74199679331724,3,2.71299248775998,0,5
-0.184196830822615,4.31634678712901,4,4.30643199719555,0,5
0.0226314508998674,5.1040369771759,5,5.10585815589352,0.433961486631713,7.40674188620667
1.45652356721809,9.0110384581527,9,9.04089020281314,1.17575597325921,9.37354813810333
0.320812933641846,6.21991747692786,6,6.23782454623683,0.835041451956982,8.77317245143107
0.346243822517866,6.3108244904182,6,6.3299244221603,0,5
-1.31191168192218,1.21147628724973,1,1.17974291343281,-0.332203446494203,3.08424965546374
0.800243063775109,7.73290589577578,8,7.7656437094652,0.645294146443097,8.23513565052752
0.650551191402704,7.3111263301162,7,7.34106489681305,0.748323333333226,8.54919231360719
1.30297098266316,8.7882193124982,9,8.82025708656719,1.31200652283708,9.5224228825186
0.903024598654648,7.9932910283836,8,8.0270205517238,0.340697676959294,6.95893816388143
-0.271973960454794,3.99030850714917,4,3.9757684957698,0,5
-0.890241509618696,2.0596833661922,2,2.02654594809586,-1.02796683271508,0.839939775023916
0.543277146319878,6.97889470224989,7,7.00578701588972,0,5
-0.914030185924827,2.00163416868953,2,1.96832618296449,-0.269592675131803,3.41411388559209
-0.617625058021794,2.81582543697949,3,2.78746834350944,0,5
-0.656856311138719,2.69687540715559,3,2.6674923420145,0,5
0.0627493903969935,5.25747177668453,5,5.26159893505244,0.154575378239278,5.93398899198011
0.273547415295986,6.04860857406593,6,6.06419808445575,0,5
-0.876978706426068,2.09260199156605,2,2.05957560850322,-1.13616850285767,0.67774932979786
-0.0440285085992314,4.8487820937874,5,4.8467649681414,0.0400575465296135,5.24512605746658
0.993803802176074,8.20351546259743,8,8.23756007059932,0.476846980328501,7.59584213716399
0.494179300702341,6.81901606895226,7,6.84422411515987,0,5
1.36362961811883,8.88111772612084,9,8.91235696249065,1.15531562403415,9.34755882750896
-0.356280056189471,3.68565534868124,4,3.66702205470858,-0.259497118176461,3.4691087147276
0.56524572831632,7.04888054874465,7,7.07646799336449,0.418568367773195,7.33624890343448
-0.619490773969013,2.81009417404079,3,2.78168564394174,-0.521859922481728,2.21728331811408
-1.46540039312499,0.988710218797015,1,0.95910979718686,-1.34400102714701,0.448072291731194
-1.46540039312499,0.988710218797015,1,0.95910979718686,-0.834004486613543,1.22930470957887
0.605713501790569,7.175202406412,7,7.20397441766301,0,5
0.192373119548321,5.74827369010608,6,5.75963460078164,0,5
0.0607616110182019,5.24987878668474,5,5.25389214660962,0,5
-1.57972873664119,0.847725842352504,1,0.819992610929676,-1.1808658024996,0.620116243782146
0.245878844588843,5.94703614614804,6,5.96121842938412,0,5
0.870194961199095,7.91271802073646,8,7.94620709106447,0.328960132270485,6.89915837025434
0.0249261612711339,5.11282172668748,5,5.11477496035243,0,5
-1.5214535614231,0.917096766053217,1,0.888389933897963,0,5
-0.338005640257442,3.75086935018567,4,3.73308865268577,-0.122879638353195,4.25382906684838
-0.61486867280011,2.82430620192502,3,2.79602558233699,-0.588869512962773,1.96094435719004
0.0939638003760406,5.37651927518851,5,5.38242538693211,0.469545935501825,7.5644101783239
1.5244706335876,9.09720934219487,9,9.12595000449729,0.513061748282145,7.74712451373985
-1.57972873664119,0.847725842352504,1,0.819992610929676,-0.786990963582756,1.34663829265736
-0.661621717501168,2.68265214964585,3,2.65315240361925,-0.29939787554815,3.25461348118457
-0.229627030626523,4.1466351930368,4,4.13428515053101,0,5
-0.122695195748757,4.54870704044484,5,4.54220148446729,0,5
1.57090059735385,9.15206031229704,9,9.18000738907032,1.28742795530994,9.49844774523115
0.277420636714542,6.06275461951799,6,6.078538022851,0.536955962407355,7.842732908972
-0.228391919499464,4.15122335691429,4,4.13893841584271,-0.221494422290806,3.68024567033823
-0.290503999210542,3.92255063697398,4,3.90707533958805,0,5
-0.00245694202428317,5.00796033507453,5,5.00833514603372,0.0814041379850789,5.49670768153309
-0.0126442873131013,4.96894157296963,5,4.96872879092935,0,5
0.526944800870816,6.92623604719592,7,6.95258801835371,0.578196990286362,7.99995793907272
0.610336428767408,7.18941497092556,7,7.21831435605826,0.433244251634867,7.40348787838875
0.58313046144326,7.10512821192737,7,7.13325455437411,0.234313048532117,6.39167621686723
0.0602489536621006,5.24792032268529,5,5.2519043253166,0,5
-0.0480436887401786,4.83341938850585,5,4.83116765507453,-0.000706052388015762,4.99567543036481
0.506420273704347,6.85931586350029,7,6.88496056401006,0.0956345134969249,5.58269859265345
-0.0763667122964739,4.72516121621304,5,4.72128525095002,0,5
1.5244706335876,9.09720934219487,9,9.12595000449729,0.542018211588927,7.86256137468129
-0.279806391256061,3.96161724963702,4,3.94668169469241,-0.41892474854493,2.66210351119102
-0.0169489604825516,4.9524550304612,5,4.9519941069542,0,5
1.36891185982388,8.88889846745545,9,8.92006375093347,1.21244915871354,9.41766085497288
1.30297098266316,8.7882193124982,9,8.82025708656719,0,5
0.593600978089396,7.13775052025058,7,7.16618106036035,0.594897807458698,8.06085388408475
0.803140824092866,7.7405746314037,8,7.77335049790802,0.413996653152501,7.31504828624648
1.51260055092149,9.0826705832618,9,9.11161006610203,1.35672599291034,9.56315012327108
0.23145087249388,5.8937272264251,6,5.90716104481109,0.0704231213602978,5.4301146048563
-1.52851244172654,0.908423773023939,1,0.879832695070411,-1.06703657906987,0.777415495695578
-0.284740199665154,3.94358199426235,4,3.92839889696719,-0.262036800721379,3.4552291332884
0.447355390485925,6.66227005699715,7,6.68570746039867,0,5
0.0186387111308656,5.08875015580874,5,5.09034142458675,0.283873279501838,6.66285088047862
0.589391025613402,7.12466132174826,7,7.15297055622109,0.852650569030312,8.81453005138964
0.144925570893637,5.56985856137001,5,5.57862496741238,0.0942717802834152,5.5744803286248
-0.59598486415156,2.88283701148838,3,2.85509579785309,-0.988081708121157,0.908802501290092
-1.37463338436476,1.11551710697529,1,1.08458951437823,0,5
0.184478899300261,5.71871647991462,6,5.72965118634292,0,5
0.448245895400435,6.66528844673636,7,6.68876098352978,0.106743598138976,5.64955310201061
0.327533710545771,6.24403206317656,6,6.26225808200252,0.11032271765358,5.67103590831508
1.51260055092149,9.0826705832618,9,9.11161006610203,1.12175651634716,9.302566085907
-0.243977742579949,4.09344037415273,4,4.08033885703139,-0.575878280557453,2.00862225693946
1.57090059735385,9.15206031229704,9,9.18000738907032,0.905466457673499,8.93083004811339
-0.81225287625958,2.25896724269851,2,2.22664950209198,-0.262071679509217,3.45503872626419
1.30297098266316,8.7882193124982,9,8.82025708656719,0.913833387842509,8.94822944779715
-0.264533838025473,4.01762967965421,4,4.00346825570203,-0.266578010904135,3.43048598577989
-0.275832818349359,3.97616383452497,4,3.96142855737455,-0.102258728105397,4.37740579366313
-0.834708780989529,2.20017346193942,2,2.16757928657588,0,5
-0.237056620244888,4.11906868068635,4,4.10632844319943,0.0883655389548122,5.5388202395354
-0.620112104280619,2.80818715504936,3,2.77976155506661,-0.146649825000006,4.11270772831679
-0.341452595305484,3.73853158385855,4,3.72058855452825,0.0419938708034435,5.2569516299253
-1.52851244172654,0.908423773023939,1,0.879832695070411,-1.17970594712381,0.621548757006283
-0.810502816234212,2.26359720255628,2,2.23130276740369,-0.245205467056796,3.5477642639154
0.554230477618009,7.01391121978251,7,7.04115467845065,0.744617322473871,8.53883087071952
-0.302090295392282,3.88040007688933,4,3.86435106944485,0,5
-0.213775357777103,4.20563486800705,4,4.19412523467174,-0.149753552493264,4.09439837457284
-0.858678419081535,2.13867710744743,2,2.10582305021231,-0.902132947677697,1.07617821285466
-1.33315432760839,1.17818542550926,1,1.14671325302545,-0.81977835831721,1.26376452073031
-0.258419597210934,4.04012973834717,4,4.02628147245835,0.271675179343669,6.59717067653336
-0.552442624769115,3.02060776328102,3,2.99421298411028,-0.102373714832992,4.3767140632222
0.991197592619959,8.19773502319465,8,8.23177737103162,0.293467441392573,6.71399942131801
0.327533710545771,6.24403206317656,6,6.26225808200252,-0.1890070902259,3.86549310620213
0.448245895400435,6.66528844673636,7,6.68876098352978,0,5
1.51966244039452,9.09134589001478,9,9.12016730492959,0.805214691122734,8.70002665043986
0.580901448705658,7.09815397522007,7,7.1262144801348,0,5
-0.810502816234212,2.26359720255628,2,2.23130276740369,0,5
0.238715262778301,5.9205961340956,6,5.93440800565075,0.613845688395889,8.12803598642724
0.222572356155862,5.86081266855358,6,5.87378120354318,0.205697882902793,6.23019388422922
-0.615851633240586,2.82128001673404,3,2.79297205920587,0.165964188075686,6.00075071673995
-1.00672777120603,1.78752312034489,2,1.75388269057312,-0.526968601738111,2.19682430571742
-0.0785750712219774,4.71673018837632,5,4.71272801212247,0.0317411342600453,5.19430174722715
0.263600668190459,6.01219700322035,6,6.02728502736131,0,5
0.275546324977359,6.05591143036125,6,6.07160110303281,0.390718003718315,7.20523384698945
-0.00324234507930406,5.00495212198963,5,5.0052816229026,0,5
0.438635994530327,6.63264088048195,7,6.65573132312242,0,5
0.997673198255943,8.21207005167326,8,8.24611730942688,0.578703542644651,8.00182830852323
-0.577677935715974,2.94028856395964,3,2.9130960417561,0,5
-0.357808803912353,3.68022205078347,4,3.66151833901215,-0.586269580713921,1.97040925891955
-0.243573328968347,4.09493648798114,4,4.08185602161963,0,5
0.0109247306957497,5.05921131798004,5,5.06035801014804,0.15841652681088,5.95655180891477
0.0151372798574232,5.07534294137165,5,5.07673246900201,0,5
0.254822625938713,5.97996634340473,6,5.99460765542284,0,5
0.0232191233617254,5.10628680698665,5,5.1081418104,0,5
-0.264017696600969,4.01952740240789,4,4.00539234457715,0,5
0.505017452466662,6.85471207948156,7,6.88030729869835,0.0515920166843718,5.31551777928788
0.159520349757588,5.62492529142938,6,5.63449778728835,0,5
-0.600301191411706,2.8693926174303,3,2.84152572808247,-0.597687188295306,1.92912928766985
0.901765408531027,7.990245441086,8,8.02396702859268,0,5
-0.834708780989529,2.20017346193942,2,2.16757928657588,-0.458755999697709,2.48261479871988
-0.594733124651131,2.88674316128677,3,2.85903865718306,0,5
0.195856089256732,5.76129690560401,6,5.7728451049209,0.0262105290982258,5.16047601694267
-1.46540039312499,0.988710218797015,1,0.95910979718686,-0.324505970363894,3.12371893517683
1.57090059735385,9.15206031229704,9,9.18000738907032,1.73170587038802,9.79289750370132
-0.187478760026827,4.3040252527549,4,4.29393189903803,0.0911862448251426,5.55585902735096
-0.617625058021794,2.81582543697949,3,2.78746834350944,-0.796707128411029,1.32156880684345
0.182452204311352,5.71111948661797,6,5.7219443979001,0,5
-0.810502816234212,2.26359720255628,2,2.23130276740369,-1.07634542401265,0.76320203671372
0.275108700182985,6.05431302187694,6,6.06998078402345,-0.063439019952601,4.61233362310016
1.57090059735385,9.15206031229704,9,9.18000738907032,0.801141370165633,8.68972816581368
-0.0201264963224164,4.94028599233947,5,4.93964198985196,0,5
-1.53331858613699,0.902561889743667,1,0.874049995502711,-0.684816267008038,1.63787505403739
0.11149514955759,5.44319454488049,5,5.45009172708989,0,5
0.930342489991076,8.05848735380591,8,8.09236435156097,0.13949891074963,5.84500126363943
-0.255923205231171,4.04932846737174,4,4.03560857991054,0,5
0.254519675334172,5.97885239373849,6,5.99347822116685,0.471988340781397,7.5749598963198
-0.620112104280619,2.80818715504936,3,2.77976155506661,0,5
0.479122397838572,6.76905523630938,7,6.79371113847132,0.0261057476741576,5.15983498865387
-0.901129725296187,2.0329555271578,2,1.99973552436249,0,5
0.482932127935922,6.78173674615319,7,6.80653391227834,0,5
-0.510682140165974,3.15631266192982,3,3.13134234907444,-0.582184840715379,1.98535710552219
-0.159995628113956,4.40746880540782,4,4.39888205397956,0,5
1.51260055092149,9.0826705832618,9,9.11161006610203,0.459031770169748,7.51859557480624
0.349469176080318,6.32228672725161,6,6.34153518411897,0,5
0.290573104064852,6.11065131435056,6,6.1270916917276,0,5
-0.16871964227094,4.37456990849191,4,4.36550221271165,0,5
-1.33315432760839,1.17818542550926,1,1.14671325302545,0,5
0.240259040218466,5.92629880558155,6,5.94019070521845,0.808342737331254,8.70788414765856
-0.00304432575384988,5.00571056659047,5,5.00605149152723,0,5
0.196059159510604,5.76205587003277,6,5.77361497354553,0,5
0.650551191402704,7.3111263301162,7,7.34106489681305,0.395761263885288,7.22928791451192
1.32422229859991,8.82151761702482,9,8.85328674697455,0,5
0.0602489536621006,5.24792032268529,5,5.2519043253166,0,5
0.993803802176074,8.20351546259743,8,8.23756007059932,0.647474055382574,8.24235851527206
0.591388780515086,7.13087717509405,7,7.15924414054216,0.254885055043654,6.50560984254285
-0.214582615682189,4.2026243953667,4,4.19107171154062,0.521954404310838,7.78309644222185
-0.2840031709797,3.94627427293024,4,3.93112807340377,0,5
1.45652356721809,9.0110384581527,9,9.04089020281314,1.0197826387687,9.14635601747335
-1.57972873664119,0.847725842352504,1,0.819992610929676,-1.39612458121281,0.403854511776462
0.933612610119874,8.06617960921849,8,8.1000711400038,0.734360077269436,8.50980131612583
0.787906321262123,7.70004488628628,8,7.73261404905784,0,5
1.0224777428727,8.2661301457629,8,8.30017469399991,0.433830384067854,7.40614731354152
-0.243977742579949,4.09344037415273,4,4.08033885703139,0,5
-1.57972873664119,0.847725842352504,1,0.819992610929676,-0.456978162555711,2.49042853546146
-0.299456990380244,3.88996491968189,4,3.87404567918069,0,5
-0.270693147604018,3.99500722684501,4,3.9805321926651,0,5
0.543277146319878,6.97889470224989,7,7.00578701588972,0.454411105963109,7.49825636507419
-0.0559365000759675,4.80323007384213,5,4.80052480359478,0,5
-0.534927236736605,3.07710843535689,3,3.05129537833336,0.00760540094068365,5.04658152927029
-1.37463338436476,1.11551710697529,1,1.08458951437823,0,5
-0.071163341240845,4.74503289825102,5,4.74145458807868,0,5
-0.0848931923114422,4.69261844461001,5,4.68825559054266,0,5
0.997673198255943,8.21207005167326,8,8.24611730942688,0.204657514284787,6.22426057447352
-0.593257230102742,2.89135299070721,3,2.86369192249477,-0.408512573728681,2.71054234309793
0.496488283647126,6.82663965003119,7,6.85193090360269,-0.165637749807237,4.00115709654164
0.000227329366195195,5.01824143991721,5,5.01877111091312,0,5
-1.46540039312499,0.988710218797015,1,0.95910979718686,-0.558363833386317,2.07442847906768
-0.243573328968347,4.09493648798114,4,4.08185602161963,0,5
-0.191650667288601,4.28837538416264,4,4.2780556020999,0.151817729647469,5.91776260579522
1.36891185982388,8.88889846745545,9,8.92006375093347,1.15245227614922,9.34383422562921
1.51260055092149,9.0826705832618,9,9.11161006610203,0.81333376639625,8.72033000361622
0.0400410076167245,5.17066442762507,5,5.17348561023717,0,5
0.0382279458554251,5.16372826365537,5,5.16644553599786,0,5
0.297553389709518,6.13598132739223,6,6.15276474455269,0.413778983300657,7.31403586624885
0.0271385389733416,5.12129059456969,5,5.12337108499411,-0.077575335314121,4.52648982159337
-0.0525333576111755,4.81624510078751,5,4.81373530773404,0,5
0.494179300702341,6.81901606895226,7,6.84422411515987,0,5
0.0092347665144655,5.0527393494811,5,5.0537885926135,-0.197564047478837,3.81630531417738
-1.37254540231568,1.11859906933741,1,1.08764303750935,-0.655208295493254,1.73222275704012
0.306560652092482,6.16857226248192,6,6.18579440496005,-0.262206520803961,3.45430266651363
-1.53331858613699,0.902561889743667,1,0.874049995502711,-1.07546921295516,0.764528996389253
0.00525346487138644,5.03749166811389,5,5.03831128330996,0.228745748862765,6.36052483916496
-0.683418167148394,2.61822680412195,3,2.58821523989805,0,5
-0.262238991751801,4.02606959351685,4,4.01202549452958,0,5
-1.03421448521092,1.72768644914589,2,1.69404260643239,-0.79021850673316,1.33826228223211
-1.00672777120603,1.78752312034489,2,1.75388269057312,-0.606875952524624,1.89644185807483
-0.38976338645591,3.56746756348462,4,3.54732503708491,-0.428883406873372,2.61636116743995
-0.971458613780232,1.86673385334174,2,1.83315979268957,-0.54003485338929,2.1451895510322
-0.0304378341865862,4.90080236879131,5,4.89956497804282,0,5
-0.0662654636914903,4.76374558634441,5,4.76044779178563,0,5
1.36891185982388,8.88889846745545,9,8.92006375093347,0.518532477736443,7.76930906762827
0.204577805068428,5.79385966622888,6,5.80587476532826,0,5
1.51966244039452,9.09134589001478,9,9.12016730492959,-0.157121798223755,4.05104826873318
1.57090059735385,9.15206031229704,9,9.18000738907032,0.892135348272051,8.90254024092058
0.580901448705658,7.09815397522007,7,7.1262144801348,0,5
0.903024598654648,7.9932910283836,8,8.0270205517238,0,5
1.51260055092149,9.0826705832618,9,9.11161006610203,0.398593094046085,7.24273089754085
-0.510682140165974,3.15631266192982,3,3.13134234907444,0,5
-1.37463338436476,1.11551710697529,1,1.08458951437823,-0.402733981686662,2.73769442264523
-0.283178772889118,3.94928649004136,4,3.93418159653489,0.100404902036335,5.61143824606814
0.612827215567957,7.19705380776406,7,7.22602114450108,0,5
0.790773018198758,7.70771152173597,8,7.74032083750066,0.197294113436421,6.18214720537455
0.674276134824116,7.38129092546277,7,7.41178476010195,0.51245573383921,7.74465626376895
-0.555436864553188,3.01101030708303,3,2.98451837437444,0,5
0.533117023149105,6.94619883022207,7,6.97275735548236,0,5
-0.258288163757385,4.04061387119978,4,4.02677235721172,0.00268790598041968,5.01646335563763
-1.52851244172654,0.908423773023939,1,0.879832695070411,-0.962402596643094,0.955994408951381
0.124794839521928,5.49366695297284,6,5.50131128165415,0.149644564097755,5.90495917125611
-0.602758270381918,2.86175673986689,3,2.83381893963965,0,5
-0.514188494221338,3.14478756782685,3,3.11969270130165,0,5
-0.0871033740145115,4.68418722606546,5,4.67969835171511,0,5
0.59087254387309,7.12927174482988,7,7.1576238215328,0,5
-0.236830378018347,4.11990728378609,4,4.10717889358416,0,5
0.674276134824116,7.38129092546277,7,7.41178476010195,0.293169874144357,6.71241988821443
-0.354674895434886,3.69136395854339,4,3.67280475427628,-0.464173102428768,2.45892046210757
-0.281485746676408,3.95547513500038,4,3.94045518085596,0.117669127775699,5.71503925816071
-0.262673392990846,4.02447150386034,4,4.01040517552022,-0.363385840364491,2.92762676481583
0.591143476190126,7.13011437927198,7,7.15847427191753,0.476524968425563,7.59446243253057
0.0333374453131143,5.14501564222186,5,5.1474523322909,0,5
0.30876505201678,6.17653192988054,6,6.19386075903423,0,5
-1.37254540231568,1.11859906933741,1,1.08764303750935,-0.487483565138526,2.35892628241858
-0.474734964184057,3.27581069238428,3,3.25216880095411,0,5
0.4990557797481,6.83510482415219,7,6.86048814243025,-0.0262803968412393,4.83909655189429
0.0141328924401311,5.07149685582445,5,5.07282849548616,0,5
-0.845793824742719,2.17157193802799,2,2.13885271061967,-0.747518386544536,1.45305248864965
-1.46540039312499,0.988710218797015,1,0.95910979718686,-0.464339956022787,2.45819337916711
-0.028038674332183,4.90998814740184,5,4.90888870678862,-0.186192463190079,3.88173120242842
-0.182975723623968,4.32093351737249,4,4.31108526250726,0,5
-1.46540039312499,0.988710218797015,1,0.95910979718686,-0.49710337368371,2.31859075493041
-0.577100892263724,2.94211069752651,3,2.91493588199383,-0.777925966170822,1.37042291264687
-0.0537319977956347,4.81166069905459,5,4.80908204242233,-0.569271169789188,2.03324000627748
-1.37463338436476,1.11551710697529,1,1.08458951437823,0,5
0.0141328924401311,5.07149685582445,5,5.07282849548616,-0.229038104125772,3.63783602726934
-1.53331858613699,0.902561889743667,1,0.874049995502711,-1.88163031442737,0.153862208221175
0.306350357217374,6.16781258605918,6,6.18502453633541,0,5
-0.205257075485531,4.23743879599018,4,4.22638502645447,0.00076640381310531,5.00469422176754
-0.493014471487138,3.21474163637028,3,3.19041256459055,-0.518487531592956,2.23087248163487
0.627998457204802,7.24329658265609,7,7.27266757384476,0,5
0.64770895844409,7.30263848534671,7,7.3325076579855,0.149132658256879,5.90194116426138
0.566100385283178,7.05158342033526,7,7.07919716980108,0,5
0.438635994530327,6.63264088048195,7,6.65573132312242,0.710995420868297,8.4417173883923
-1.33315432760839,1.17818542550926,1,1.14671325302545,0,5
0.021434024355168,5.09945264513714,5,5.10120489058181,-0.280958966797716,3.35277561161077
1.57090059735385,9.15206031229704,9,9.18000738907032,1.31209796357449,9.52250991077541
0.331815835368409,6.25936326432206,6,6.27779112646239,0,5
-0.515591121027177,3.14018387611986,3,3.11503943598994,-0.618777764365766,1.85480623442317
0.192373119548321,5.74827369010608,6,5.75963460078164,0,5
0.197381657868818,5.76699771992536,6,5.7786278044886,0.0568063449180355,5.34729397089164
0.273755225508874,6.04936801974916,6,6.06496795308038,0,5
-0.995371101596884,1.81272922487341,2,1.77910240811654,-1.02312826592825,0.8480157706791
-0.890241509618696,2.0596833661922,2,2.02654594809586,0,5
-0.205257075485531,4.23743879599018,4,4.22638502645447,0,5
0.346778006147407,6.31272393657036,6,6.33184851103542,0,5
0.465558761784804,6.72368673989,7,6.74783119904589,-0.0419080924538065,4.74357216886435
0.249092780310193,5.95887996421841,6,5.97322764278828,-0.0514680490017525,4.68523805191747
-0.102374682407878,4.62598541086411,5,4.62062813619901,-0.107401817605319,4.34649395978546
-0.537045490120801,3.07024308102462,3,3.04435845851517,-0.503047501709825,2.29393878055699
0.256396804504474,5.98575290040299,6,6.00047460362794,0.240638615402964,6.42690830957852
1.36571846729983,8.884200415663,9,8.91541048562176,0.188831019227332,6.13349195141139
1.45652356721809,9.0110384581527,9,9.04089020281314,1.31979134356354,9.52977568576939
-0.26246698665456,4.02523081146283,4,4.01117504414485,-0.489142832476875,2.35193024654079
0.907692009471648,8.0045489131247,8,8.03830696698794,1.2071378747392,9.41147125066415
-0.355432322436742,3.68866976181607,4,3.6700755778397,0,5
0.0151372798574232,5.07534294137165,5,5.07673246900201,0,5
0.306350357217374,6.16781258605918,6,6.18502453633541,0.130929271054644,5.79413140711287
0.605713501790569,7.175202406412,7,7.20397441766301,0.170045708254933,6.02457487251127
-0.919973135719959,1.98733120583921,2,1.95398624456924,-1.03909330048763,0.821651420499556
-0.259534285859344,4.03602458461827,4,4.02211909190002,0,5
0.200045916732181,5.77694853132807,6,5.78872140185903,0,5
-0.0286262814760223,4.90773828703063,5,4.90660505228213,0,5
1.51260055092149,9.0826705832618,9,9.11161006610203,1.02790694010203,9.1599607173517
-0.247397715068684,4.08079531711192,4,4.06751608322437,0,5
-1.5214535614231,0.917096766053217,1,0.888389933897963,-0.228496634830907,3.6408721413593
-0.210284849379094,4.21865892401083,4,4.207335738811,-0.215536879873054,3.71390466204038
-0.297673997922726,3.89644626416624,4,3.88061509671522,0,5
0.326692799668567,6.24101830433163,6,6.2592045588714,0,5
0.0378372482844044,5.16223349888324,5,5.16492837140962,0,5
-0.514188494221338,3.14478756782685,3,3.11969270130165,0,5
1.36891185982388,8.88889846745545,9,8.92006375093347,0.772988665102818,8.61646048480587
0.509003137428324,6.86778237927595,7,6.89351780283761,0.448421185925187,7.47170385936329
0.0370296721813967,5.15914370799035,5,5.16179227068615,-0.0175268069869225,4.89266729199604
0.96239256680537,8.13284880494099,8,8.16684020731043,0.852084263009551,8.81322063027496
0.24827528263271,5.95586846455116,6,5.97017411965716,0,5
-0.299765798685875,3.88884278643601,4,3.8729083082724,0,5
0.270612222658969,6.03787625119152,6,6.05331830530759,0,5
-0.916774977984901,1.99501837325334,2,1.96169303301206,-0.675353219987729,1.6675238702391
0.790773018198758,7.70771152173597,8,7.74032083750066,0.248490458058437,6.4703967592372
0.959867337114944,8.1270728803266,8,8.16105750774273,0.591529516043081,8.04869954731314
0.60847037831845,7.18368348964443,7,7.21253165649056,0,5
-0.13520478701566,4.50124315085753,4,4.49403545303414,0,5
-0.882108107238411,2.07982353026765,2,2.04675283469621,0,5
0.328815728913981,6.24862478619932,6,6.26691134731422,0,5
-0.916774977984901,1.99501837325334,2,1.96169303301206,-1.49494301809814,0.331665667928169
-0.0523350547124088,4.81700357489941,5,4.81450517635867,-0.645187680131416,1.76521777416173
0.864473622723655,7.89842723165185,8,7.93186715266922,0.842428880139872,8.79068508977609
0.126798400141732,5.50126156956689,6,5.50901807009697,0,5
-0.047429058379076,4.83577085571601,5,4.83355446400214,0,5
-0.23786906100897,4.11605767776861,4,4.10327492006832,0,5
-0.516768807621536,3.13632141264731,3,3.1111354624741,0,5
-1.37782545129217,1.1108201647037,1,1.07993624906653,-1.08391821344152,0.751827087303456
-0.598189738701444,2.87596446597192,3,2.8481588780349,-0.783875436726209,1.35476949397827
-0.282741409859454,3.95088488098347,4,3.93580191554425,0,5
0.627998457204802,7.24329658265609,7,7.27266757384476,0.175369146938961,6.05556447441259
0.4990557797481,6.83510482415219,7,6.86048814243025,0,5
-0.0517468439372519,4.81925343024278,5,4.81678883086515,-0.302836878684618,3.23649365415264
