"ID","Theta","Item1","Item2","Item3","Item4","Item5","Item6","Item7","Item8","Item9","Item10","Item11","Item12","Item13","Item14","Item15","Item16","Item17","Item18","Item19","Item20","Item21","Item22","Item23","Item24","Item25"
1,0.37652927475206,1,1,0,1,0,1,0,0,1,1,1,0,1,0,1,0,0,0,1,0,1,1,1,1,1
2,0.359405146160269,1,1,1,1,0,1,0,0,1,1,1,1,1,1,0,0,0,0,1,1,1,1,0,1,1
3,-0.314932572586,0,1,1,1,0,1,0,0,1,0,1,0,1,0,0,0,0,0,1,0,1,1,1,0,0
4,0.80884416894023,0,1,0,1,1,0,0,0,1,1,1,0,1,1,0,0,0,0,1,1,0,1,1,0,0
5,-0.14460629809646,0,1,0,1,0,0,0,1,0,0,1,1,1,0,1,0,0,0,1,0,1,1,1,1,1
6,0.349474726750921,0,1,1,0,0,1,1,0,1,0,1,0,1,0,0,0,0,0,1,1,1,1,1,1,1
7,-0.24047365009031,0,1,0,1,0,0,0,0,0,0,0,0,0,1,0,0,0,0,1,1,1,0,0,1,1
8,0.53245669587305,1,1,1,0,0,0,1,1,0,0,1,1,1,1,0,0,0,0,1,1,1,0,1,0,1
9,-0.812377634981195,0,0,0,1,0,1,0,0,0,0,0,1,1,0,0,0,0,0,1,1,1,0,0,0,1
10,0.148694672917656,0,1,0,0,0,1,1,0,0,0,1,0,0,0,0,0,0,0,1,1,1,1,0,0,1
11,-0.0626642635513595,0,0,0,1,0,1,0,0,1,1,1,0,1,1,1,0,0,0,1,1,1,1,0,1,1
12,-1.58574886158209,0,1,1,1,0,0,0,0,0,0,1,0,1,0,0,0,0,0,1,0,1,0,0,0,0
13,0.518166303589759,0,1,1,1,0,1,0,0,1,0,0,1,1,1,0,0,0,0,1,1,0,1,1,1,0
14,0.237058507856451,0,1,1,1,0,0,0,1,1,0,1,1,1,0,0,0,0,1,1,0,1,1,1,0,0
15,-0.59972431203592,0,1,1,1,1,1,0,0,0,0,1,0,1,0,1,0,0,0,0,0,1,0,0,1,0
16,-1.25166950836723,0,0,0,0,0,1,1,0,1,0,1,0,0,0,0,0,0,0,0,1,0,1,0,0,1
17,1.4389236674782,1,1,1,1,0,1,1,1,1,1,1,1,1,0,0,0,0,0,0,1,1,1,0,1,1
18,-0.874778779663457,0,1,1,0,0,1,1,0,0,0,1,0,0,0,0,0,0,0,0,1,1,1,1,0,0
19,0.202420919983541,0,1,0,1,0,0,0,0,1,0,1,0,1,0,0,0,0,0,1,1,1,1,1,1,1
20,-0.610073313799894,0,1,1,0,0,1,0,0,1,0,1,1,1,0,0,0,0,0,0,1,1,0,0,0,1
21,-0.411053224230962,0,1,0,1,0,1,0,0,0,1,1,1,1,1,1,0,0,0,0,1,0,1,1,1,1
22,-0.15787587313922,1,1,0,0,0,0,0,1,1,0,1,1,1,0,0,0,0,0,0,0,1,0,1,1,1
23,0.118586868232556,0,1,1,1,0,1,1,1,0,0,0,1,1,0,0,0,0,0,1,0,1,1,1,1,1
24,-1.37866394352121,0,1,1,1,0,1,0,0,0,0,1,0,1,0,0,0,0,0,0,1,0,1,0,1,0
25,-0.39931743250533,0,1,1,0,0,1,0,0,1,0,1,0,1,0,0,0,0,0,1,1,0,1,1,1,1
26,1.2885355275177,1,1,0,1,1,1,1,0,1,0,1,0,1,1,1,0,0,0,1,0,1,1,1,0,1
27,0.834418255802957,1,1,1,1,0,1,0,0,1,1,1,1,1,1,1,1,0,0,1,1,1,1,0,1,1
28,1.26349263161498,0,1,1,0,1,0,1,1,1,1,1,1,0,1,1,0,0,1,1,1,1,1,1,1,1
29,0.118912554593171,0,1,1,0,0,1,0,1,1,0,0,0,1,0,0,0,0,0,1,1,1,1,0,1,1
30,-0.070815731290859,0,1,1,1,0,0,0,1,1,1,1,1,1,1,0,0,0,0,1,1,1,1,0,1,0
31,-0.421998764920749,1,1,0,1,0,1,0,0,0,0,1,1,0,0,0,0,0,0,1,1,0,1,1,0,1
32,-0.572862548328212,0,1,1,0,0,1,0,0,1,0,1,1,0,0,0,0,0,0,0,1,0,1,0,0,0
33,-0.919624439879093,0,1,0,1,0,0,0,0,1,0,1,0,1,0,0,0,0,0,1,1,0,0,1,0,0
34,-0.151948400374422,0,0,1,1,0,0,0,0,1,0,0,1,1,0,0,0,0,0,0,0,0,1,1,1,0
35,-0.0728853738005331,1,1,0,1,0,1,1,0,1,1,1,0,1,1,1,0,0,0,0,0,0,0,0,0,1
36,0.393771453144268,0,1,0,1,0,1,0,0,1,0,1,1,1,0,1,0,0,0,1,0,1,1,1,1,0
37,0.181730551420415,0,1,1,0,0,0,0,0,1,0,1,1,1,0,1,0,0,0,0,1,1,1,1,0,1
38,-4.09792508075178,0,0,0,0,0,1,0,0,0,0,1,0,0,0,0,0,0,0,0,0,0,0,0,1,0
39,0.468554668837083,1,1,1,1,0,0,1,0,1,0,1,0,0,0,0,0,0,0,1,1,1,0,1,1,1
40,-0.154617841648581,0,1,1,0,0,1,0,0,0,0,1,0,1,0,0,0,0,0,0,1,1,1,1,1,0
41,0.769792077028808,0,1,1,1,1,1,0,1,1,1,1,1,1,0,1,0,0,0,1,0,1,1,1,1,1
42,0.597691232900541,0,1,1,1,0,1,0,0,1,0,1,1,0,0,0,0,0,0,1,1,1,0,1,1,1
43,0.114290092655641,0,1,0,1,0,0,0,0,1,1,1,0,1,1,0,0,0,0,0,1,1,0,1,1,1
44,-0.572688304768019,0,1,1,1,0,1,0,0,0,0,1,1,1,0,0,0,0,0,0,1,1,1,1,1,1
45,-0.78434485886405,0,1,1,1,0,1,0,0,1,0,1,1,1,0,1,0,0,0,0,1,1,1,0,0,0
46,0.354619716009233,0,1,0,0,0,0,1,1,0,0,1,0,1,1,0,0,0,0,0,0,1,1,1,1,1
47,-0.226704599909588,1,1,0,1,1,0,0,0,0,0,1,0,1,0,1,0,0,0,1,1,1,1,1,1,0
48,-0.111779065482057,0,1,1,1,0,1,1,0,1,0,1,1,1,0,0,0,0,0,1,1,0,0,1,1,0
49,0.130142830540967,1,0,1,1,0,0,1,0,0,0,1,0,0,0,1,0,0,0,0,1,1,1,0,1,0
50,-0.684661206750682,0,1,0,1,0,0,0,0,0,0,1,1,1,0,1,0,0,0,1,1,1,1,0,1,1
51,-0.970989043729774,0,0,0,1,0,1,0,0,0,0,0,0,0,0,0,0,0,0,1,0,0,0,0,1,0
52,1.12577095645602,1,1,1,1,0,1,0,1,0,1,1,0,1,0,1,1,0,0,1,1,1,1,1,1,0
53,-1.36116211584943,0,1,0,1,0,1,0,0,1,0,0,0,1,0,0,0,0,0,0,0,1,0,0,1,0
54,-0.959495332482348,0,0,0,0,0,1,0,0,0,0,1,0,1,0,0,0,0,0,0,1,1,1,0,1,0
55,-0.00338604196109888,1,1,0,1,0,0,0,1,0,0,0,1,1,0,1,0,0,0,0,0,1,1,0,0,1
56,-0.658316951408943,0,0,1,0,0,1,0,0,0,1,1,1,0,0,0,0,0,0,1,0,1,1,0,1,0
57,-1.43140997830005,0,1,1,1,0,0,0,0,1,0,1,0,0,0,0,0,0,0,1,1,1,1,1,1,1
58,0.799859535853778,1,1,1,1,0,1,0,0,0,1,1,1,1,0,0,0,0,0,1,1,0,1,0,1,1
59,-0.938546733379744,0,1,1,0,0,1,0,0,0,1,1,0,1,0,0,0,0,0,1,0,0,1,1,0,1
60,1.8483671231236,1,1,1,1,1,1,0,0,1,1,1,1,1,1,1,0,1,0,1,1,0,1,1,1,1
61,1.06277855140693,1,1,1,1,0,1,1,1,1,1,1,0,1,0,0,0,0,1,1,1,1,0,1,1,1
62,0.345825849715458,0,1,1,1,1,1,1,0,1,0,1,0,1,0,0,0,0,0,0,0,1,1,1,1,1
63,1.12466989141248,1,1,0,1,0,1,1,0,0,0,1,1,1,0,1,0,1,1,1,1,1,0,0,1,1
64,-0.387974074545175,0,1,0,0,0,1,1,0,0,0,1,1,1,0,0,0,0,0,0,0,1,1,1,1,1
65,0.226781527343968,1,1,1,1,1,1,0,0,1,0,1,1,1,1,0,0,0,0,1,1,1,1,1,0,0
66,0.321233457768813,0,1,1,1,1,0,0,0,0,0,1,1,1,0,0,0,0,0,0,1,1,0,1,1,0
67,-1.39149135053214,0,1,0,1,0,1,0,1,1,0,0,1,0,0,0,0,0,0,1,0,0,1,0,0,1
68,0.902512501005361,1,1,1,1,0,1,1,0,1,0,1,1,1,0,0,0,0,0,1,1,1,1,1,0,1
69,0.655691580647544,1,1,0,1,1,1,1,0,1,0,1,0,1,0,0,0,0,0,1,1,1,1,1,1,1
70,-0.913338487806875,0,1,1,1,0,1,0,0,1,0,0,0,1,0,0,0,0,0,0,1,0,0,0,0,1
71,0.398559350123493,1,1,0,1,1,0,1,0,1,0,1,1,0,0,1,0,0,1,1,1,1,0,1,1,1
72,-0.290726368634875,0,0,1,0,0,0,0,0,1,0,1,0,1,0,0,0,0,0,0,0,0,1,1,0,1
73,-0.892394686290728,0,0,0,1,0,1,0,0,0,0,1,0,1,1,0,0,0,0,1,1,0,0,1,1,0
74,-2.63191702860355,0,0,1,0,0,1,0,0,1,0,1,0,1,0,0,0,0,0,1,1,0,0,1,0,0
75,1.09280541739011,0,0,0,1,0,1,1,1,1,1,1,0,0,1,1,0,0,0,1,1,1,1,1,1,1
76,-0.319801431261751,0,0,0,1,0,1,1,0,1,0,1,1,1,1,0,0,0,0,1,0,0,0,1,0,0
77,-0.989553551103551,0,1,1,1,0,1,0,0,0,0,1,1,1,0,0,0,0,0,1,0,1,1,1,1,0
78,-0.23697490816504,0,1,1,1,0,0,0,0,1,0,1,1,1,0,0,0,0,0,0,1,1,1,0,0,1
79,-1.03179162119524,0,1,0,1,0,0,0,0,1,0,0,1,1,0,0,0,0,0,1,0,1,0,1,1,1
80,-0.291622580040344,0,1,1,1,0,0,1,0,0,0,1,0,1,0,0,0,0,0,0,0,1,1,0,1,1
81,-2.51626725461345,0,0,1,0,0,0,0,0,0,0,1,0,1,0,0,0,0,0,0,1,0,0,1,0,0
82,0.725453738816271,0,1,1,1,0,1,0,1,0,1,1,1,0,1,1,0,0,0,1,1,1,1,1,1,1
83,-1.27605045162851,0,1,0,0,0,1,1,0,1,0,1,0,0,0,0,0,0,0,1,1,0,0,0,0,0
84,-1.18125251469932,0,1,1,1,0,1,0,0,1,0,0,0,0,0,0,0,0,0,1,0,0,1,0,0,1
85,-0.00809101527707115,0,1,1,1,0,1,0,1,0,0,1,0,1,0,0,0,0,0,0,1,1,1,1,0,0
86,0.112841419005443,0,1,0,1,0,1,0,1,1,0,1,0,1,0,0,0,0,0,1,1,1,1,1,0,1
87,0.975205042171127,1,1,0,1,0,1,1,0,1,1,1,1,1,1,0,0,0,0,0,1,0,1,1,1,1
88,-0.0391130490496152,0,0,0,1,0,1,0,0,0,1,1,1,0,1,1,0,0,0,0,1,1,0,0,1,0
89,0.716706483001184,0,1,1,0,0,0,1,1,1,1,1,1,0,0,0,0,0,0,1,1,1,0,1,1,1
90,-0.586016198518618,0,0,0,1,0,1,0,0,0,0,0,1,1,0,0,0,0,0,0,0,0,1,1,0,0
91,-0.489837981419979,1,1,1,1,0,0,0,0,1,0,1,0,1,0,0,0,0,1,1,1,0,1,1,0,1
92,0.720283839204124,0,1,1,1,0,0,1,1,0,1,1,0,1,0,0,0,0,0,1,1,0,0,1,1,1
93,1.20729144541624,0,1,1,1,0,1,0,1,1,1,1,1,1,1,0,0,0,0,1,1,1,1,1,1,1
94,0.879280487465171,1,1,1,1,0,1,1,0,1,1,1,1,1,1,0,0,0,0,1,1,1,1,1,0,1
95,-0.626203134309169,0,1,0,1,0,1,0,0,0,0,1,0,0,0,0,0,0,0,0,1,0,1,0,0,0
96,0.365684920795051,0,1,1,1,0,1,1,0,1,0,1,0,1,1,0,0,0,0,0,1,1,1,1,1,1
97,0.32429184859091,0,1,0,1,0,1,0,1,1,0,0,0,1,0,0,0,0,0,0,0,1,1,0,1,0
98,0.864844104401633,0,1,1,1,0,1,0,0,1,0,1,1,0,1,1,0,0,1,1,1,1,1,1,1,1
99,-1.13993924891452,0,1,0,0,0,1,0,0,0,0,1,0,0,0,0,0,0,0,1,1,0,1,0,1,0
100,-0.27672863306436,0,0,1,1,0,1,0,0,0,1,1,0,1,0,0,0,0,0,0,1,1,1,0,1,0
101,1.34971473894415,0,1,1,1,0,1,1,0,0,1,1,1,1,0,1,0,0,0,1,0,1,1,1,1,1
102,-1.10042485929836,0,0,0,0,0,1,0,0,1,0,0,0,1,0,0,0,0,0,1,0,0,1,0,0,1
103,-0.744384767742845,0,1,0,1,0,0,0,0,0,0,0,0,1,0,0,0,0,0,1,0,1,1,1,1,0
104,0.812481926922357,1,1,0,1,1,0,1,0,1,1,1,1,1,1,1,0,0,0,1,1,1,1,0,1,1
105,-1.19826774620799,0,1,0,1,0,0,0,0,0,0,1,0,1,0,0,0,0,0,1,0,0,0,1,1,1
106,0.0312283682565295,0,1,1,1,0,0,1,1,1,0,0,0,1,0,0,0,0,0,1,1,0,0,0,1,0
107,-1.66506186312584,0,0,0,1,0,0,0,0,0,0,0,0,1,0,0,0,0,0,0,0,0,0,0,0,1
108,-1.12198190894844,0,0,0,1,0,0,0,0,1,0,1,0,1,0,0,0,0,0,0,1,1,0,0,0,0
109,0.179600049351607,0,1,1,1,1,0,0,0,0,1,1,1,1,0,1,0,0,0,1,1,0,0,0,0,0
110,1.66198940685718,1,1,1,1,0,1,1,1,0,1,1,1,1,1,1,0,0,0,1,1,1,1,1,0,1
111,0.868235797534743,0,1,1,1,0,1,0,0,1,0,1,1,1,0,1,1,0,1,1,1,0,1,1,1,1
112,0.296209375627978,1,1,0,1,0,0,1,0,1,0,1,1,1,0,0,0,0,0,1,1,0,1,0,0,1
113,0.701768356441454,1,1,1,1,0,1,0,0,1,1,1,1,1,0,1,0,0,1,1,1,1,1,1,1,0
114,-0.229225808377663,1,1,1,0,0,1,0,0,1,0,1,0,1,0,0,0,0,0,1,0,0,1,0,1,1
115,1.81910060968349,1,1,1,1,1,1,1,1,1,1,1,1,1,1,0,0,1,1,1,1,1,0,1,1,0
116,-0.548346922043441,1,0,1,1,0,1,0,1,1,0,1,1,1,0,0,0,0,0,0,1,0,1,0,0,0
117,-0.245828637197821,0,1,0,1,0,1,0,0,1,1,1,0,1,0,0,0,0,0,0,1,1,1,1,0,0
118,0.077572430266145,0,1,1,1,1,1,1,0,1,1,1,0,1,0,0,1,0,0,1,1,1,1,0,1,0
119,0.77977048189712,1,0,1,1,0,1,1,0,0,1,1,0,1,0,0,0,0,0,1,1,1,1,1,1,1
120,-0.80137515329931,0,1,0,0,0,1,0,0,0,1,0,1,0,0,1,0,0,0,0,1,0,1,1,0,1
121,-0.33690474806165,0,0,1,1,0,1,0,0,1,0,0,0,0,0,0,0,0,0,0,0,0,0,1,1,0
122,-0.638262287717919,1,1,0,1,0,0,1,0,1,0,0,0,1,0,0,0,0,0,1,1,0,1,1,0,1
123,0.0128594434392768,0,0,1,1,1,0,1,0,1,0,1,0,1,0,0,0,0,0,0,1,1,0,0,1,0
124,0.707734333052422,0,1,1,0,0,1,0,0,1,1,1,1,1,1,1,0,1,0,1,0,1,1,1,1,1
125,0.591425705172324,0,1,1,1,0,1,0,1,1,0,1,1,1,0,0,0,0,0,1,1,1,1,1,1,0
126,-0.386084287722409,1,1,0,0,0,1,0,0,0,0,1,0,1,0,0,0,0,0,1,1,1,1,1,0,0
127,-0.971380265057362,0,0,1,1,0,1,0,0,0,0,0,0,1,0,0,0,0,0,1,0,1,0,1,1,1
128,-0.793504642403329,1,1,0,0,1,0,0,0,0,0,0,0,0,0,0,0,0,0,1,0,0,1,1,0,1
129,-0.906080491750002,0,0,1,0,0,0,0,0,1,0,0,0,1,0,0,0,0,0,1,1,1,1,0,1,0
130,-1.13451201155941,0,0,0,1,0,0,0,0,1,0,1,0,1,0,0,0,0,0,1,1,0,1,0,0,0
131,-0.48817002759808,0,1,1,0,0,0,0,0,0,1,1,0,0,0,0,0,0,0,0,1,0,1,1,1,0
132,-0.00744251423102291,0,1,0,1,0,1,1,0,1,0,1,1,1,0,1,0,0,0,1,1,1,0,0,1,1
133,1.50850193314988,1,1,1,1,0,1,1,1,1,0,1,1,1,1,1,0,0,1,1,1,1,0,1,1,1
134,1.00182978315565,0,1,1,1,1,0,0,0,0,1,1,0,1,0,1,0,0,1,1,1,1,0,1,1,1
135,-0.626855246589201,0,1,1,1,0,1,1,0,1,1,0,0,1,0,0,0,0,0,0,1,0,1,0,0,0
136,0.0887597491965467,0,1,0,0,0,1,0,1,0,1,1,1,1,0,0,0,0,1,1,0,0,1,0,1,1
137,0.196787132188511,0,1,1,1,1,1,0,0,1,0,1,1,1,0,0,0,0,0,1,1,0,0,1,0,1
138,0.130518107905614,0,1,0,1,0,1,0,0,1,0,1,0,1,0,0,0,0,0,0,1,1,1,1,0,0
139,-0.096741517785249,0,1,1,0,0,1,1,0,1,1,1,1,1,0,1,0,0,0,0,1,1,1,1,1,0
140,-0.337031166752726,0,1,1,1,0,1,0,0,0,0,0,0,1,0,0,0,0,0,1,1,0,0,1,0,1
141,0.149603066908014,0,1,1,1,0,1,0,1,0,1,1,1,1,0,0,0,0,0,1,1,1,1,1,1,0
142,-0.365943370175401,0,1,1,1,0,1,0,0,0,0,1,0,1,1,0,0,0,0,1,1,0,1,1,1,0
143,-0.443944814660188,0,1,1,1,0,1,0,0,1,0,1,1,1,0,1,0,0,0,1,1,1,0,1,1,0
144,-1.39557512022966,0,1,0,0,0,0,0,0,1,0,1,1,0,0,0,0,0,0,1,0,1,1,0,1,0
145,-0.226241624928974,0,1,0,1,0,1,0,0,1,0,1,0,0,0,1,0,0,0,1,0,1,1,0,0,0
146,-1.02291824726053,0,0,1,1,0,0,0,0,0,0,1,1,1,0,0,0,0,0,1,1,0,1,0,1,0
147,-0.50932961087795,0,1,0,1,0,1,0,1,0,0,1,0,1,0,0,0,0,0,1,1,0,1,0,1,1
148,0.365557037259484,0,0,1,1,0,1,1,0,1,1,1,1,1,0,0,0,1,0,1,0,1,0,1,0,0
149,0.819543934970122,1,1,1,1,1,1,1,1,0,0,1,1,1,0,0,0,0,0,1,1,0,1,1,1,1
150,-0.142453775097381,0,1,0,1,0,0,1,0,1,0,1,1,0,0,0,0,0,0,1,1,1,0,1,0,1
151,0.373322576576689,0,1,1,1,0,1,1,0,0,0,1,1,0,1,0,0,0,0,1,1,0,0,1,1,0
152,-2.08371634242074,0,0,0,0,0,1,0,0,1,0,0,0,0,0,0,0,0,0,0,0,0,0,1,0,0
153,0.829817116845119,1,1,0,1,1,1,1,1,0,1,1,0,0,1,1,0,0,1,1,0,0,0,1,1,1
154,-0.0908658379204884,0,1,0,0,0,1,0,0,1,0,1,1,1,0,0,0,0,0,1,1,1,0,0,1,0
155,0.318497375944216,1,1,1,1,0,0,1,1,1,1,1,1,1,0,0,0,0,0,0,1,0,1,0,1,0
156,-0.741149298701763,1,1,1,1,0,0,0,0,1,0,0,1,1,0,0,0,0,0,1,0,0,1,1,0,0
157,0.100292707919941,0,1,0,1,0,1,1,1,1,0,1,1,1,0,1,0,0,0,1,1,0,1,0,1,1
158,-1.16110623425277,0,1,0,1,0,1,0,0,1,0,1,0,1,0,0,0,0,0,1,1,0,1,0,0,0
159,0.447941501049402,0,1,1,1,0,1,1,0,1,0,1,1,1,0,1,0,0,1,1,1,1,1,1,1,0
160,1.31770236635468,0,1,1,1,1,0,1,0,1,1,1,1,1,1,1,0,0,1,1,0,1,1,1,1,1
161,0.0417409001565341,0,1,1,1,0,1,0,1,0,0,1,0,1,0,1,0,0,0,1,1,0,0,1,0,1
162,0.734997321026745,1,0,1,1,0,1,1,1,1,1,1,0,1,1,0,0,0,1,1,0,1,1,1,1,0
163,-3.42381333173747,0,0,0,1,0,0,0,0,0,0,0,0,0,0,0,0,0,0,0,0,0,0,0,0,0
164,-1.25309849662407,0,1,1,0,0,0,0,0,1,0,0,0,1,0,0,0,0,0,1,0,0,0,1,1,0
165,0.465104971927156,1,1,1,1,0,1,1,0,1,0,1,0,1,1,0,0,0,0,1,0,0,0,1,0,0
166,0.295909646534438,0,1,0,1,0,0,0,0,1,0,1,1,1,0,0,0,0,0,1,1,0,0,0,1,1
167,-0.512964053250139,0,1,0,1,0,1,0,0,1,0,1,1,0,0,0,0,0,0,1,0,1,1,1,0,1
168,-1.15102886022288,0,1,1,1,0,0,0,0,1,0,1,1,0,0,1,0,0,0,1,0,0,1,0,1,1
169,-1.08334105753308,0,1,0,1,0,1,0,0,1,0,0,0,1,0,0,0,0,0,0,0,1,1,1,1,1
170,0.146195993820058,1,1,1,0,0,1,0,0,1,0,1,1,1,0,0,0,0,0,1,1,1,0,0,1,1
171,-2.02286168549118,0,1,1,1,0,0,0,0,0,0,0,0,1,0,0,0,0,0,1,0,0,1,0,1,0
172,0.479194240574112,1,1,0,1,0,1,0,1,1,1,1,1,0,1,1,0,0,0,1,1,1,1,0,1,0
173,-0.144056574564381,0,1,1,0,0,1,1,0,1,0,1,1,1,0,0,0,0,0,0,0,1,0,1,1,1
174,0.856542744503456,0,1,1,1,0,1,1,1,1,1,0,1,1,0,1,0,0,0,1,1,0,0,1,1,0
175,1.8180452941601,1,1,1,1,1,1,1,1,1,1,1,1,1,1,0,0,0,0,1,1,0,1,1,1,1
176,-0.670064971118592,0,0,0,0,0,1,0,0,1,0,1,0,1,0,0,0,0,0,0,1,1,1,0,1,1
177,0.59480113476694,0,1,1,1,0,1,1,0,1,0,1,1,1,0,0,0,0,0,0,0,1,0,1,1,1
178,-1.00034403695734,0,0,1,1,0,0,0,0,0,0,1,0,0,0,1,0,0,0,1,1,0,1,0,0,1
179,-0.0449776665924321,1,0,1,0,0,1,0,0,1,1,1,1,1,0,0,0,0,0,1,1,1,1,1,1,1
180,0.182097432894107,1,1,1,1,0,0,1,1,1,0,1,1,1,1,0,0,0,0,0,1,1,1,1,1,1
181,-0.790911997781002,0,0,1,0,0,1,0,0,1,0,1,0,1,0,0,0,0,0,1,1,1,1,1,0,1
182,-0.431474428010392,0,0,1,1,0,1,1,0,0,0,1,1,0,0,0,0,0,0,1,0,1,1,1,0,0
183,-1.46971142859385,0,1,1,1,0,1,0,1,0,0,1,0,1,0,0,0,0,0,0,1,1,0,0,0,1
184,0.314851972983758,0,1,1,1,0,0,1,0,1,0,1,1,1,0,0,0,0,0,1,1,1,1,0,0,1
185,-0.259905388288496,0,1,0,0,0,1,0,0,1,0,1,0,1,0,1,0,0,0,0,1,1,1,1,1,1
186,0.31003208561909,0,1,0,1,0,1,0,1,0,1,1,0,1,0,0,0,0,0,1,0,0,1,1,0,0
187,-0.867648792244641,0,1,1,0,0,1,0,1,0,0,1,0,1,0,0,0,0,0,0,0,1,1,1,0,0
188,-0.704473151869296,0,1,1,1,1,1,0,0,1,0,0,0,1,0,0,0,0,0,1,0,0,0,0,1,0
189,-0.811927861985724,0,1,0,1,0,1,0,0,1,0,1,0,1,0,0,0,0,0,0,1,1,1,1,1,0
190,-0.184042987866081,0,0,1,1,0,1,0,0,1,0,1,1,1,0,0,0,0,0,1,1,1,0,0,1,1
191,-0.509491444532507,0,1,1,1,0,1,0,0,0,0,0,1,1,0,0,0,0,0,1,1,0,0,0,1,1
192,0.133364800514848,0,0,1,1,1,0,0,0,0,0,1,1,1,0,0,0,0,0,0,1,1,1,1,1,0
193,0.842377631385914,0,1,0,1,1,1,0,0,1,0,1,1,1,0,0,1,0,0,1,0,1,1,1,0,0
194,0.674446482172519,1,1,0,1,1,1,1,0,0,1,1,1,1,1,1,0,0,0,1,1,1,1,0,1,1
195,0.96366008305806,1,1,1,1,0,1,1,0,0,1,1,1,1,0,1,1,0,0,0,1,1,0,1,1,1
196,1.48531985930433,1,1,1,1,0,0,1,1,0,0,1,1,1,0,0,0,0,1,1,1,1,1,0,1,1
197,0.0943506067662392,0,1,0,1,0,0,0,1,0,1,1,1,1,0,0,0,0,0,1,1,1,1,1,1,0
198,0.373775471251788,0,0,1,0,1,1,1,1,1,0,1,0,1,1,0,0,0,0,0,0,1,1,1,0,1
199,0.286074227055876,0,1,0,1,0,1,0,0,1,0,1,1,0,0,1,0,0,0,0,1,1,1,1,1,0
200,1.02686314716741,1,1,1,1,0,1,1,1,0,0,1,1,1,0,1,0,0,0,1,1,1,1,1,1,1
201,0.735379339159451,0,1,0,1,0,0,0,0,0,1,1,0,1,0,0,0,0,0,1,1,1,1,1,1,1
202,0.485215955847853,0,1,1,1,0,1,0,1,1,0,1,1,1,0,1,0,1,0,1,0,1,1,1,1,1
203,0.369167378281656,1,1,1,1,0,1,1,0,1,1,0,1,1,0,1,0,0,0,1,1,1,1,1,1,1
204,-1.17047571432386,0,0,1,0,0,1,0,0,1,0,0,0,0,0,0,0,0,0,1,1,0,0,0,1,1
205,0.361346091708324,0,0,0,1,0,1,1,1,0,1,0,1,1,1,0,0,0,1,1,1,1,1,1,0,1
206,1.57834132632209,1,1,0,1,1,0,0,1,1,1,1,1,1,1,0,0,0,1,1,0,0,1,1,1,1
207,-0.324751949594407,0,0,0,1,0,1,1,0,1,0,1,1,1,0,1,0,0,0,0,1,0,1,1,1,0
208,1.21431250986626,1,1,1,1,0,1,1,0,0,1,1,1,1,1,1,0,1,0,1,1,1,1,1,1,1
209,-0.288767862233173,0,1,1,1,0,0,0,0,1,0,1,1,0,0,0,0,0,0,1,1,1,0,0,1,0
210,-0.838695860231246,1,1,0,1,1,1,0,0,0,0,1,0,1,0,0,0,0,0,1,1,0,1,0,0,0
211,0.707468826893025,0,1,0,1,0,1,0,0,1,1,1,1,1,0,0,0,0,1,1,1,1,0,0,0,1
212,-0.38561396072885,0,0,1,0,0,1,0,0,0,0,1,1,0,0,1,0,0,0,1,1,1,1,0,1,1
213,-3.36791551465329,0,0,0,0,0,0,0,0,1,0,1,0,0,0,0,0,0,0,1,1,0,0,0,0,0
214,0.229496370911283,0,1,1,1,0,1,0,0,0,0,1,1,0,0,0,0,0,0,1,1,1,0,1,0,0
215,0.425278289467307,0,1,1,1,0,1,0,1,1,1,1,1,1,0,1,0,0,0,1,1,1,1,1,0,0
216,-0.622014349720927,0,1,1,0,0,1,0,0,1,0,1,0,1,0,0,0,0,0,0,0,0,0,1,0,0
217,-0.831833592768657,0,0,1,1,0,0,0,0,1,0,1,0,1,0,0,0,0,0,1,1,0,1,1,0,1
218,-0.613846812224872,0,1,0,1,0,1,0,0,0,0,1,0,1,0,1,0,0,0,0,1,0,1,1,0,0
219,-1.48465128024617,0,1,0,1,0,1,0,0,0,0,0,1,1,0,0,0,0,0,0,0,0,0,0,0,0
220,-0.288617157528149,0,1,1,0,0,1,1,0,1,0,1,1,1,0,0,0,0,0,1,0,1,0,1,1,0
221,-0.181105686849131,1,1,0,1,1,1,0,0,1,0,1,1,1,0,0,0,0,0,1,1,0,1,1,1,1
222,-0.41869030904954,0,1,1,0,0,1,0,0,1,0,0,0,1,0,1,0,0,0,1,0,0,1,1,0,1
223,0.690740322779277,0,1,1,1,0,1,0,0,0,1,1,1,1,0,0,0,0,0,1,0,0,1,0,0,1
224,-1.57560779840181,0,1,1,0,0,1,0,0,0,0,0,1,1,0,0,0,0,0,0,0,1,1,0,0,0
225,-1.10095654341115,0,1,0,1,0,1,0,0,0,0,1,0,1,0,0,0,0,0,0,0,0,0,1,1,0
226,0.591193316859674,1,1,1,1,0,0,1,1,1,0,1,1,1,0,0,0,0,0,1,1,1,1,1,1,1
227,1.02801943459965,0,1,1,0,0,1,1,1,1,1,1,1,1,0,1,0,0,1,0,1,1,1,1,0,1
228,0.296509096503125,1,1,0,1,0,1,1,0,1,1,1,1,0,0,0,0,0,0,0,1,0,1,0,1,1
229,0.935077239693028,1,1,1,1,0,1,1,0,1,1,1,1,1,0,0,0,0,0,1,0,0,1,1,1,1
230,0.152066800132164,1,1,1,0,1,1,1,0,1,0,1,0,1,1,0,0,0,0,1,1,0,1,1,0,1
231,-1.75551697582787,0,0,0,1,0,0,0,0,0,0,1,0,1,0,1,0,0,0,0,1,0,0,1,1,0
232,-1.16141290381565,0,1,0,1,0,0,0,0,1,0,1,0,0,0,0,0,0,0,0,0,0,0,0,1,0
233,1.28758460586426,0,1,1,1,0,1,0,0,1,1,1,1,1,0,1,0,1,0,1,1,1,1,1,1,1
234,-0.619523827517024,0,1,0,0,0,0,0,0,1,0,1,0,1,0,0,0,0,0,1,1,1,0,0,1,0
235,-0.286582534385597,1,0,0,1,0,1,0,0,0,1,1,1,0,0,0,0,0,0,0,1,1,0,0,1,0
236,-0.594630815605895,0,1,1,1,0,0,0,1,0,0,1,1,1,0,1,0,0,0,0,0,1,0,1,0,0
237,-0.441972322955781,1,1,0,0,0,1,0,0,1,0,1,0,1,0,0,0,0,0,1,1,1,1,0,1,0
238,0.84841068211453,1,1,1,1,0,0,0,1,1,1,0,0,1,1,1,0,0,0,0,1,1,1,0,1,1
239,0.489881954984424,1,1,0,1,0,1,1,1,1,0,0,1,1,1,0,0,0,0,1,0,1,1,0,1,1
240,-1.17497754855075,0,1,0,1,0,1,0,0,1,0,1,1,0,0,0,0,0,0,1,0,1,1,1,1,0
241,-0.26245280305386,0,1,0,1,0,1,1,0,1,0,1,1,1,0,1,0,0,1,1,1,1,0,1,1,1
242,-0.527718565394396,0,1,0,0,0,0,0,0,1,0,0,0,1,0,0,0,0,0,1,1,1,1,0,1,0
243,-1.25291278842087,0,1,1,1,0,1,0,0,0,0,1,0,0,0,0,0,0,0,0,1,1,0,0,0,0
244,-0.393901472609251,0,1,1,1,0,1,0,0,1,0,1,0,0,1,0,0,0,1,1,1,1,1,0,0,0
245,0.4024353481351,1,1,0,1,0,0,0,1,1,0,1,0,1,1,0,0,0,1,1,1,1,1,1,1,0
246,1.64241577717316,1,1,1,1,1,0,1,1,1,1,1,0,1,0,1,0,0,1,1,1,1,1,1,1,0
247,-0.207109641274808,0,1,1,1,0,1,0,0,1,0,1,0,1,0,1,0,0,0,1,1,1,1,1,0,1
248,0.0608142950849602,0,1,1,1,0,1,0,1,0,0,1,1,1,0,0,0,0,0,0,1,1,1,0,1,0
249,0.271547551832073,0,1,1,1,1,1,0,0,1,0,0,1,1,0,0,0,0,0,0,0,1,1,1,1,1
250,-1.9269319920942,0,1,0,1,0,0,0,0,0,0,1,0,0,0,0,0,0,0,1,1,0,1,1,0,0
251,-0.317377993267421,0,1,1,0,0,1,0,0,1,0,1,1,0,0,1,0,0,0,1,1,0,0,0,0,0
252,0.743860558991499,0,1,1,1,0,0,1,0,0,1,1,1,1,0,0,0,0,1,1,0,1,1,1,1,1
253,0.385967764050136,0,1,1,1,0,1,1,0,1,1,1,1,1,0,1,0,0,0,1,1,1,1,1,0,1
254,0.356451729320361,0,1,0,0,0,1,1,0,1,1,1,0,1,0,0,0,0,0,0,1,1,0,1,1,1
255,0.557746781499289,0,0,1,1,0,1,1,0,1,0,1,1,0,0,1,0,0,0,1,1,0,0,1,0,0
256,2.65707666787242,1,1,0,1,1,1,1,1,1,1,1,1,1,0,1,1,1,1,1,1,1,1,1,1,1
257,-0.651715558589728,0,1,0,1,0,1,0,1,0,0,0,1,1,0,0,0,0,0,1,1,0,1,1,0,1
258,1.299994100497,0,1,0,1,1,1,1,1,0,0,1,1,1,0,0,0,0,0,1,1,0,1,1,1,1
259,-1.42076751571443,0,0,0,1,0,0,0,0,0,0,0,1,1,0,0,0,0,0,1,1,0,0,1,0,0
260,0.678981741413141,0,1,1,0,0,1,0,1,0,0,1,1,1,0,1,0,0,1,1,1,1,1,1,1,1
261,-0.388860748125088,0,1,0,1,0,0,0,0,1,0,1,0,1,0,1,0,0,0,1,1,0,0,1,1,0
262,0.416394493442248,0,1,1,1,1,1,0,0,0,0,1,0,1,0,0,0,0,0,1,1,0,1,1,1,1
263,-1.53019467717999,0,0,1,0,0,0,0,0,1,0,0,0,1,0,0,0,0,0,0,0,1,0,1,1,0
264,0.56118942293273,0,1,1,1,0,1,0,0,1,1,1,0,1,1,1,0,0,0,0,0,1,1,1,1,1
265,-0.652278861580633,0,1,0,0,1,0,0,0,1,0,1,1,1,0,0,0,0,0,0,1,0,0,0,0,0
266,-0.971843364889346,0,1,1,0,0,0,0,0,0,0,1,0,0,0,0,0,0,0,1,1,0,1,1,1,0
267,-0.234277584913825,0,1,1,0,0,0,1,0,1,0,1,0,0,0,1,0,0,0,1,1,0,1,0,1,0
268,0.0815654760753298,0,1,0,1,0,1,0,0,1,0,1,0,1,0,0,0,0,0,1,1,0,0,1,1,1
269,0.913152428604538,1,1,1,1,0,1,1,1,1,0,1,1,1,1,1,0,0,0,1,1,1,1,0,1,1
270,-0.723289284965664,0,1,0,0,0,1,0,0,0,0,1,1,0,1,0,0,0,0,0,1,0,1,0,0,0
271,0.591428866192148,0,1,1,1,1,1,0,0,1,1,1,1,1,0,0,0,0,0,1,1,1,0,0,1,1
272,-0.938154450335369,0,1,0,1,0,1,1,0,1,0,1,0,1,0,0,0,0,0,1,1,0,1,0,1,0
273,-1.12053926382449,0,1,0,0,0,1,0,0,1,0,1,0,1,0,0,0,0,0,0,0,1,0,1,0,0
274,-1.15581167981676,0,1,1,1,0,1,1,0,1,0,1,1,0,0,0,0,0,0,1,0,1,1,1,0,0
275,1.92798934429723,1,1,0,1,1,1,1,1,1,1,1,1,1,1,0,0,0,1,1,1,1,1,1,1,0
276,0.765945300487471,0,1,1,1,1,1,0,1,0,1,1,1,1,1,1,0,0,0,0,0,1,0,1,1,1
277,2.12383389371294,1,1,1,0,1,1,1,1,1,1,1,1,1,1,1,0,1,1,1,0,1,1,1,1,1
278,0.766146128473112,1,1,1,0,0,1,0,0,0,0,1,1,1,0,0,0,0,0,1,1,0,1,1,1,0
279,-0.360212354152874,0,0,1,1,0,1,0,1,1,0,1,0,1,1,0,0,0,0,1,1,1,0,1,0,0
280,0.327284189645614,0,1,0,1,0,0,0,0,1,0,1,1,1,0,0,0,0,0,1,1,1,0,1,1,1
281,0.53988779536043,1,1,1,1,0,1,0,0,0,0,1,0,1,1,1,0,0,0,0,1,1,1,0,1,1
282,-0.231961610012904,0,1,1,1,1,1,1,1,0,0,1,1,1,0,0,0,0,0,0,1,1,0,1,1,0
283,0.205028107773973,0,1,1,0,0,1,0,1,0,0,1,0,1,0,0,0,0,0,0,1,1,1,1,1,1
284,-0.274739613490243,0,1,0,1,0,0,0,0,1,0,1,0,1,0,0,0,0,0,1,1,0,1,1,1,0
285,0.00492678509757488,0,1,0,1,1,1,1,0,0,0,1,0,1,0,1,0,0,0,1,1,0,1,1,1,0
286,0.240348063508408,0,1,0,1,0,1,0,1,1,0,1,1,1,0,0,0,0,0,1,1,1,1,0,1,1
287,0.264208814951073,0,1,1,1,1,1,0,1,1,1,1,1,0,0,0,0,0,0,1,0,1,0,1,1,0
288,0.337247453747361,1,1,1,1,0,1,0,0,1,0,0,1,1,1,0,0,0,1,0,1,1,1,1,1,1
289,-0.317548289144046,0,1,0,0,0,1,0,0,0,0,1,0,1,0,0,0,0,0,0,1,0,1,1,0,1
290,-2.70578258316952,0,1,0,0,0,0,0,0,0,0,0,1,0,0,0,0,0,0,1,0,0,1,0,0,0
291,-1.40948298799357,0,1,0,0,0,0,0,1,0,0,1,0,1,0,1,0,0,0,0,1,1,1,0,0,0
292,1.299332111152,0,1,1,1,0,1,1,0,1,1,1,1,1,1,1,0,0,1,1,1,1,1,1,1,0
293,-0.831787413491523,0,0,1,1,0,1,0,0,0,0,1,0,1,0,0,0,0,0,0,1,0,0,0,0,1
294,1.0465165610545,1,1,1,1,0,1,0,1,1,1,0,1,1,1,0,0,0,0,0,1,1,1,0,1,0
295,-0.829414310916423,0,1,1,1,0,1,0,0,1,0,0,0,0,0,0,0,0,0,0,1,0,0,1,1,1
296,-0.286117481107374,0,0,0,0,0,1,0,0,0,1,1,0,1,0,0,0,0,0,1,1,0,1,1,1,0
297,-1.14488498644028,1,1,1,1,0,0,0,0,1,0,1,0,1,1,0,0,0,0,0,1,1,0,0,0,1
298,-1.39601106979173,0,0,1,1,0,0,0,0,0,0,1,0,0,0,0,0,0,0,0,0,0,1,1,0,1
299,0.274667815468071,0,1,1,1,1,1,1,1,0,1,1,0,1,0,0,0,0,0,0,1,1,0,1,1,1
300,0.425271958951769,0,0,1,1,0,1,1,1,1,0,0,1,1,1,0,0,0,0,1,1,1,1,0,1,1
301,-0.818675741479695,1,0,0,1,0,1,0,0,1,0,1,0,1,0,0,0,0,0,1,0,1,1,1,0,0
302,-0.0520881342099304,0,0,1,1,0,0,0,0,1,0,0,1,1,1,0,0,0,0,1,1,1,1,1,1,0
303,-0.416675788026299,0,1,1,1,0,0,0,0,1,0,0,0,1,0,0,0,0,0,0,0,1,0,1,0,0
304,1.66212307571218,1,1,1,1,1,1,1,1,1,1,1,1,1,1,0,0,1,1,1,0,1,1,0,1,1
305,1.51831597065125,1,1,1,1,0,1,1,1,1,0,1,1,1,0,1,0,0,1,1,1,1,1,0,1,1
306,0.172994676822951,1,0,1,1,0,1,1,0,1,0,1,1,0,0,1,0,0,0,1,1,1,0,1,1,1
307,-1.95446122594375,0,0,0,0,0,0,0,0,0,0,1,0,1,0,0,0,0,0,1,1,0,1,0,0,1
308,-0.300496567687113,1,1,1,1,0,1,0,0,1,0,0,1,1,0,0,0,0,0,1,0,0,0,0,0,1
309,0.0539913980256414,0,0,1,1,0,1,0,0,1,0,1,0,0,1,0,0,0,0,0,1,0,1,0,1,1
310,0.96366008305806,1,0,0,1,1,0,0,1,0,1,1,1,1,1,0,0,0,0,1,1,1,1,1,1,0
311,-0.244992706543217,0,1,0,1,0,0,1,0,0,0,1,0,0,0,0,0,0,0,0,1,1,1,1,1,1
312,-1.52555442319501,0,1,1,0,0,1,0,0,0,0,0,1,1,0,0,0,0,0,0,0,0,1,0,0,0
313,0.0290318422373664,0,0,0,1,0,0,0,0,1,0,1,0,1,0,1,0,0,0,0,0,1,1,0,1,0
314,-0.245285883415889,0,1,0,1,0,0,0,0,0,0,1,0,1,0,0,0,0,0,1,0,1,0,1,1,1
315,0.237667799853722,0,1,0,1,0,1,1,0,1,1,1,1,1,0,0,0,1,0,1,0,1,1,1,0,1
316,-0.0518770714331355,0,0,1,1,0,1,1,0,0,0,1,1,1,0,0,0,0,0,1,0,1,0,0,0,1
317,-0.607310624695542,0,1,0,1,0,1,1,0,0,0,0,1,1,0,0,0,0,0,0,1,0,1,0,0,0
318,-0.385507916987695,1,1,1,1,1,1,0,0,1,0,1,0,1,0,1,0,0,0,0,1,1,1,0,1,0
319,-0.970569404680477,0,1,1,0,0,0,0,0,1,0,1,0,1,0,0,0,0,0,1,1,1,1,0,1,1
320,0.664077564720595,0,1,1,1,1,1,0,1,0,0,1,1,1,1,0,0,0,0,1,1,1,1,1,1,1
321,-0.0966200821605798,0,1,0,1,0,1,0,1,0,0,1,0,1,0,0,0,0,0,1,1,0,1,1,0,1
322,2.14568146977143,1,1,1,1,1,1,1,0,0,1,1,1,1,1,1,0,1,0,1,1,1,1,1,1,1
323,1.11728530080899,0,1,1,0,1,1,0,0,1,1,1,1,1,1,1,0,0,0,0,1,1,1,1,0,1
324,0.725832546447472,0,1,1,0,0,1,0,0,1,0,1,1,1,0,0,0,0,0,1,1,1,1,1,1,1
325,-0.244823345798212,0,1,1,1,0,1,0,0,0,0,1,1,1,0,0,0,0,0,0,1,1,1,1,1,0
326,0.809587765250109,1,0,1,1,0,0,1,1,1,1,1,0,1,0,0,0,0,1,1,1,1,1,0,1,1
327,1.58389785397273,1,1,1,1,0,1,1,1,1,1,1,1,1,1,0,0,0,1,1,1,1,1,1,1,0
328,-1.21422987955829,0,0,0,1,0,0,1,0,1,0,1,1,0,0,0,0,0,0,1,1,0,1,0,1,1
329,0.026426563161334,0,1,1,1,0,0,0,0,0,0,1,1,1,1,1,0,0,0,1,1,1,1,1,1,1
330,0.524209835706474,1,1,1,1,0,0,0,1,0,1,1,1,1,0,0,0,0,0,1,1,1,1,1,1,0
331,-1.05108686289069,0,0,0,1,0,0,0,0,1,0,1,0,1,0,0,0,0,0,0,0,0,1,0,0,1
332,1.32428346182986,0,1,0,1,1,1,1,1,1,1,1,1,0,0,0,0,0,0,1,1,0,1,1,1,1
333,-0.71379445686448,0,0,1,1,0,1,0,0,1,0,0,0,1,0,0,0,0,0,0,0,1,0,0,1,0
334,0.136134192930952,1,1,1,1,0,1,0,1,1,0,1,1,1,1,0,0,0,0,1,1,0,1,1,0,0
335,1.75367420826063,1,1,1,1,0,1,1,1,0,1,1,1,1,1,0,0,1,1,1,1,1,1,0,1,1
336,1.00589582051109,1,1,0,1,0,1,1,0,0,1,1,0,1,0,0,0,0,0,0,1,0,0,1,1,1
337,-0.61284174649439,0,0,1,1,1,1,0,1,1,0,1,0,0,0,0,0,0,0,1,1,1,0,1,0,1
338,0.895140713965846,1,1,0,1,1,1,1,1,0,1,1,1,1,1,1,0,0,0,1,1,1,1,1,1,0
339,0.360651501827182,0,0,1,1,1,1,1,0,1,1,1,1,1,0,1,0,0,0,1,1,1,1,1,0,1
340,0.453381561644193,0,1,0,1,0,1,1,0,1,1,1,0,1,0,0,0,0,0,1,1,0,1,1,0,0
341,2.37589662539948,0,1,1,1,1,1,1,1,1,1,1,1,1,1,1,1,0,0,1,1,0,0,1,1,1
342,0.687512963984865,0,1,1,1,0,1,0,0,0,0,1,1,1,1,0,0,0,0,1,1,1,1,0,1,1
343,0.4983294755691,0,0,0,0,0,1,1,0,1,1,1,1,1,0,0,0,0,0,1,1,0,1,1,1,1
344,0.540030390072465,1,1,1,1,0,1,0,0,0,1,1,1,1,0,1,0,0,0,0,1,1,1,1,1,1
345,-0.418963433676793,0,1,0,1,0,1,0,1,1,1,1,0,1,0,0,0,0,0,1,1,1,1,0,1,0
346,0.848234142671009,1,1,1,1,0,1,1,0,1,1,1,1,1,1,0,0,0,0,0,1,0,1,0,1,1
347,1.60653994175732,1,1,1,1,1,1,1,1,1,1,1,1,1,1,1,1,0,0,0,1,1,1,1,1,1
348,1.4250001628919,1,1,1,1,0,1,1,1,0,1,1,0,1,0,1,0,0,0,1,1,1,1,1,1,1
349,-0.632845997711214,0,0,1,1,0,1,0,0,0,0,1,1,1,0,1,0,0,0,0,1,1,1,1,1,1
350,0.85654579328135,0,1,1,1,1,1,1,0,0,1,1,1,1,1,0,0,0,0,1,0,1,1,1,1,1
351,0.0382164045512028,1,1,0,1,0,1,1,0,1,0,0,0,1,0,0,0,0,0,1,1,0,0,1,1,0
352,0.408474455509896,0,1,0,1,0,1,1,0,1,0,0,0,1,1,0,0,0,1,1,1,1,0,1,1,1
353,-0.282853818834973,0,1,0,1,0,1,0,0,0,0,1,0,1,0,0,0,0,1,1,0,1,1,1,1,1
354,1.9754608031147,1,1,1,1,1,1,0,1,1,1,1,1,1,1,0,1,1,1,1,0,1,0,1,1,1
355,0.766294538505315,1,1,0,1,0,1,0,1,1,0,1,1,1,1,1,0,0,0,0,1,1,0,1,1,1
356,0.31225067064061,0,0,0,1,0,0,1,0,1,0,1,1,1,0,0,0,0,0,0,1,1,0,1,1,0
357,-0.787107525475704,0,0,0,1,0,1,0,0,1,0,1,1,1,0,0,0,0,0,0,0,1,1,1,1,1
358,1.02795675802563,1,1,1,1,1,1,0,0,1,1,1,1,1,0,1,0,0,0,1,1,1,1,1,1,1
359,-2.01952120518053,0,1,1,0,0,1,0,0,1,0,1,1,0,0,0,0,0,0,0,0,1,0,0,1,0
360,-1.37727068627892,0,1,0,1,0,1,0,0,1,0,0,0,0,0,0,0,0,0,0,1,1,0,0,1,0
361,0.383171477959185,0,1,0,1,1,1,0,0,1,0,1,0,1,0,1,0,0,0,1,1,1,1,1,1,1
362,-0.0700905621107393,0,1,1,1,0,1,0,1,0,0,0,0,0,0,0,0,0,0,1,0,1,1,1,1,1
363,-0.657761574215669,1,1,0,0,0,1,0,0,0,0,1,0,1,0,0,0,0,0,0,1,1,1,0,0,0
364,0.357322036549334,0,1,0,1,0,0,0,0,0,1,1,1,1,0,0,0,0,0,0,1,0,1,1,1,1
365,-0.951429692914462,0,1,0,0,0,1,0,0,0,0,1,0,1,0,0,0,0,0,0,1,1,1,0,0,0
366,0.756373207769283,0,1,0,1,0,1,1,0,1,0,1,1,1,0,1,0,0,0,1,1,1,1,1,1,0
367,-1.24089237795305,0,1,1,1,0,0,0,0,0,0,1,1,0,0,0,0,0,0,1,1,1,1,1,1,0
368,-0.360349022418257,0,0,0,1,0,1,0,0,1,0,1,0,1,1,0,0,0,0,1,1,1,1,1,1,1
369,-1.05896445241022,0,1,1,1,0,1,0,0,0,0,0,1,0,0,0,0,0,0,0,0,0,1,1,0,0
370,0.55105686200007,1,1,0,1,0,0,1,0,1,0,1,0,1,1,1,0,0,1,1,1,0,1,1,1,1
371,0.05478288399379,0,1,1,1,0,1,0,0,0,1,1,0,1,0,0,0,0,0,1,1,1,1,0,0,0
372,0.444747824130135,0,1,1,1,0,1,0,0,0,1,1,0,1,0,0,0,0,0,1,1,1,1,1,0,0
373,0.307263362152224,0,1,1,1,1,0,1,0,1,1,1,0,1,0,1,0,0,0,0,1,1,0,1,0,1
374,-1.31923209575374,0,1,0,0,0,0,0,0,0,0,0,0,1,0,0,0,0,0,1,1,0,1,0,1,0
375,-0.569550971689337,0,1,1,0,0,1,0,0,0,0,1,1,1,0,0,0,0,0,1,1,1,1,1,1,0
376,-0.197295093168158,1,0,1,1,0,0,0,1,0,0,0,1,1,1,0,0,0,0,1,0,0,1,0,0,0
377,0.0866558958978241,0,1,1,1,1,1,1,0,0,0,1,1,1,0,1,0,0,0,1,1,1,0,1,1,1
378,0.386280283979258,0,1,1,1,1,0,1,0,1,0,1,0,0,0,0,0,0,0,0,1,1,1,0,1,1
379,-1.44792223886354,0,1,1,1,0,0,0,0,1,0,1,0,0,0,0,0,0,0,1,1,0,1,1,0,1
380,0.359094799567184,0,1,0,1,0,1,0,1,1,0,1,1,1,0,1,0,0,0,0,1,0,1,1,0,1
381,-2.10456328145545,0,0,0,0,0,1,0,0,1,0,0,0,1,0,0,0,0,0,0,0,1,0,0,1,0
382,-0.374129835400827,1,1,0,0,0,0,1,1,1,1,1,0,1,0,0,0,0,0,1,1,0,0,0,1,1
383,-0.575927378436099,0,1,1,1,0,0,0,0,1,1,1,1,1,1,0,0,0,0,0,1,1,1,0,1,0
384,-1.21865238317013,0,0,1,0,0,1,0,0,0,0,1,0,1,0,0,0,0,0,1,0,0,0,1,1,1
385,-0.658610711457191,1,1,1,1,0,1,0,0,1,0,0,0,1,0,0,0,0,0,1,0,0,0,0,0,0
386,1.58748696848,1,0,1,1,0,1,1,1,1,1,1,1,1,1,1,0,0,1,1,1,1,0,1,1,1
387,1.02257484127695,1,1,0,1,0,1,0,1,0,1,1,1,1,0,1,0,0,0,1,1,0,1,1,1,1
388,-0.51579247996019,0,1,0,1,0,0,0,1,0,0,1,0,1,0,1,0,0,0,0,0,1,0,1,1,0
389,1.76973515334535,1,1,1,1,1,1,0,1,1,1,1,1,1,1,0,0,0,0,1,1,1,1,0,1,0
390,-1.38426200146389,0,1,1,0,0,1,0,0,1,0,1,0,1,0,0,0,0,0,0,1,0,1,0,0,1
391,-0.864369655646988,0,1,0,1,0,0,0,0,0,0,1,1,0,0,0,0,0,0,0,1,0,1,1,0,1
392,-1.05384599692742,0,1,1,1,0,1,0,0,1,0,1,0,1,0,0,0,0,0,0,1,0,1,0,0,1
393,-1.09669077250478,0,0,0,0,0,1,0,0,1,0,0,0,1,0,0,0,0,0,1,0,1,0,0,1,0
394,0.707974226866955,1,1,1,1,0,1,1,0,1,1,1,1,1,1,1,0,0,0,0,1,1,1,1,1,0
395,-1.79440242289379,0,0,1,0,0,0,0,0,1,0,0,1,1,0,0,0,0,0,0,1,0,1,1,0,0
396,-1.09081107942564,0,0,1,0,0,1,0,0,0,0,0,0,1,0,0,0,0,0,0,1,1,0,0,0,1
397,1.32457197046211,1,1,1,1,1,1,1,1,1,1,1,1,1,1,0,1,1,0,1,1,1,1,0,0,0
398,-0.534025085203725,0,0,0,0,0,1,0,0,1,0,1,0,1,0,0,0,0,0,1,1,1,1,1,1,0
399,0.269595867436504,0,1,1,1,0,1,1,0,0,1,1,0,1,1,1,0,0,0,1,1,1,1,1,0,1
400,-0.0150047635329298,0,1,1,1,0,0,1,0,0,0,1,0,1,0,0,0,0,0,1,1,1,1,1,1,1
401,0.346692236737154,1,1,0,1,0,1,1,0,1,1,1,0,1,0,0,0,0,1,1,0,1,1,0,0,1
402,-0.645496164407321,0,0,1,1,0,1,0,0,1,1,1,0,1,0,0,0,0,0,0,1,0,1,0,1,0
403,-1.2762360139517,0,1,0,0,0,1,0,0,1,0,1,0,1,0,0,0,0,0,0,0,0,0,1,1,1
404,0.819379379367032,1,1,0,1,1,1,1,1,1,1,1,0,1,1,0,0,0,0,1,1,1,1,0,0,0
405,1.47922359874244,1,1,0,1,0,1,0,1,1,1,1,1,1,1,1,1,1,1,1,1,1,1,1,1,0
406,-1.34247035733326,0,1,0,1,0,0,0,0,0,0,0,0,1,0,0,0,0,0,0,1,0,1,1,0,1
407,1.09530897934798,0,1,1,1,0,1,1,0,1,0,1,1,1,0,1,0,0,0,1,1,1,1,0,1,1
408,-0.35928356268007,0,1,1,1,0,1,0,0,1,0,0,1,1,0,0,0,0,0,0,1,0,1,0,0,1
409,1.12989119020944,1,1,1,1,0,1,1,1,1,0,0,1,1,1,0,0,1,0,1,1,1,0,0,1,1
410,-0.985140835437319,0,1,0,0,0,1,0,0,1,1,1,0,1,0,1,0,0,0,1,1,0,1,1,1,1
411,0.000850368523335901,0,1,0,1,0,0,0,1,0,0,0,1,1,0,0,0,0,0,1,1,1,1,0,0,1
412,0.673587626289222,1,1,1,1,0,1,1,0,0,0,1,1,1,1,0,0,0,0,1,1,1,1,1,1,1
413,0.885395458512546,0,1,1,1,0,1,1,0,1,1,1,1,1,1,0,0,0,1,1,0,1,0,1,0,0
414,-1.14072839161369,0,1,1,0,0,0,0,0,0,0,1,0,0,0,0,0,0,0,1,0,0,1,0,1,1
415,-0.332740754825749,0,1,1,1,0,1,0,0,1,0,1,0,1,0,0,0,0,0,1,0,1,1,0,1,1
416,2.55102817761504,0,1,1,1,1,1,1,1,1,1,1,1,1,1,1,1,1,0,0,1,1,1,1,1,1
417,0.861924333883114,0,1,1,0,0,1,1,1,0,1,1,0,1,0,0,0,0,0,1,1,1,1,0,0,1
418,-1.07964662919574,0,1,0,1,0,1,0,0,1,0,0,0,1,0,0,0,0,0,0,0,0,1,0,1,1
419,0.238036218751394,1,1,1,1,1,1,1,0,1,0,1,1,1,0,0,0,0,1,1,1,1,1,1,1,1
420,0.286330352673006,0,1,0,1,0,1,0,0,1,0,1,0,0,1,0,0,0,0,1,0,1,1,1,1,0
421,1.3562135441191,1,1,1,1,1,0,1,1,0,1,1,1,1,1,1,0,1,1,1,0,1,1,1,1,1
422,1.93778190247115,0,1,1,1,1,1,1,1,1,1,1,1,1,1,1,0,1,1,1,1,1,0,1,1,1
423,0.487474705955906,0,1,0,1,0,0,0,0,1,0,1,1,1,0,1,0,0,0,0,0,0,1,1,1,1
424,-0.0627018957227133,0,1,0,1,0,1,0,0,0,0,1,1,0,0,1,0,0,0,1,0,1,1,0,1,1
425,0.0934093956466673,0,1,0,1,0,1,0,0,1,0,1,0,1,1,1,0,0,0,1,1,1,1,1,1,1
426,1.18076993295064,1,1,1,1,0,1,1,0,1,1,1,0,1,0,1,0,0,0,0,0,1,1,1,1,1
427,-1.51003315831164,0,1,0,0,0,0,0,0,0,0,1,0,1,0,0,0,0,0,1,0,1,1,1,0,0
428,-0.865144616050245,0,0,0,0,0,1,0,0,0,0,1,0,0,0,0,0,0,0,0,0,0,1,0,0,1
429,0.607825325020613,0,0,1,1,1,1,1,1,1,1,1,1,1,0,0,0,0,0,0,0,1,1,1,1,1
430,-0.694492466183195,1,0,0,1,0,0,0,1,0,0,1,0,1,0,0,0,0,0,1,1,1,1,1,0,0
431,-0.000380927584395824,0,1,1,1,0,1,0,0,1,0,1,1,1,0,0,0,0,0,1,0,1,1,0,0,1
432,-0.491641649181003,0,1,1,1,0,1,0,0,0,1,1,0,0,0,0,0,0,0,0,1,0,0,1,1,1
433,-1.28910995943544,0,1,1,0,0,1,0,0,1,0,0,0,0,0,0,0,0,0,1,1,0,1,1,0,0
434,1.19863064637262,1,0,0,1,1,1,1,0,0,1,1,0,1,0,0,0,0,0,1,1,1,1,0,1,1
435,-0.151572248647604,1,1,0,1,0,1,0,0,1,0,0,1,1,0,0,0,0,0,1,0,1,1,0,1,1
436,-0.595021345616229,0,0,1,1,0,1,0,0,1,0,1,1,1,0,0,0,0,0,1,0,1,0,1,0,1
437,-0.224599896457163,0,1,0,1,0,1,0,0,0,0,0,0,1,0,0,0,0,0,0,0,1,1,1,1,1
438,-0.321422031368109,0,1,1,0,0,1,0,1,1,0,1,1,1,0,0,0,0,0,0,1,1,1,0,1,1
439,-0.084256402582445,0,1,0,1,0,1,0,0,0,0,1,0,1,1,0,0,0,0,1,1,0,1,0,1,0
440,1.83412571271972,1,1,1,1,1,0,0,1,1,1,1,1,1,1,1,1,0,0,1,1,1,0,0,1,1
441,-0.864312268420694,0,1,1,0,0,1,0,0,0,0,1,1,1,0,0,0,0,0,0,0,0,1,1,1,1
442,-0.826473314095962,0,1,1,1,0,1,0,0,0,0,1,1,1,0,0,0,0,0,1,1,1,0,0,0,0
443,1.23051206742371,1,0,0,1,1,0,0,0,1,1,1,1,1,1,1,1,0,0,0,1,1,0,0,1,0
444,-1.17583500298087,0,1,1,0,0,1,0,0,1,0,1,1,1,0,0,0,0,0,1,1,1,0,0,1,0
445,0.892085791247813,1,1,1,1,0,0,1,0,1,1,1,1,0,1,1,0,0,0,0,1,0,1,1,1,1
446,0.8832927844834,0,1,0,1,1,1,0,0,0,1,1,1,1,0,1,0,0,0,1,1,1,0,0,1,0
447,0.885637914959643,0,1,1,1,0,1,1,0,1,0,1,1,1,0,1,0,0,0,1,1,1,1,1,1,0
448,1.24247335346787,1,1,1,1,1,1,0,0,1,0,1,1,1,0,0,1,0,0,0,1,1,1,1,1,0
449,0.664949517909606,0,1,0,1,0,0,1,0,0,0,1,1,0,0,0,0,0,0,1,1,1,1,1,0,0
450,0.966273823354896,1,1,1,1,0,1,0,1,1,0,1,1,1,0,1,0,0,0,0,1,1,1,0,1,1
451,-0.315837037336237,1,0,0,1,0,1,0,1,1,1,1,0,1,1,0,0,0,0,1,1,1,0,0,1,0
452,-1.34848002513128,1,1,1,0,0,0,0,0,0,0,0,0,1,0,0,0,0,0,0,1,0,1,1,1,1
453,-0.236432367319292,0,1,1,1,1,1,0,0,1,1,1,1,1,0,0,0,0,0,0,1,1,1,1,0,1
454,-0.283190881135725,0,0,0,1,0,0,0,0,1,0,1,0,1,0,0,0,0,0,1,0,1,1,1,1,1
455,0.73558796671339,0,1,1,1,1,1,1,1,0,1,1,0,1,0,0,0,0,0,1,1,0,1,1,1,1
456,-0.959829423611761,0,1,1,1,0,1,0,0,1,0,1,0,1,0,1,0,0,0,1,1,1,0,1,0,1
457,-0.233724384512516,0,1,1,0,0,0,0,0,1,0,0,0,0,0,1,0,0,0,0,1,1,1,1,1,0
458,0.255805103840094,0,1,1,1,0,1,0,1,1,0,1,0,1,0,0,0,0,1,0,0,1,1,1,1,1
459,-0.205243788522281,0,1,0,1,0,1,0,0,1,0,1,0,1,0,0,0,0,0,1,1,1,1,1,1,0
460,0.406021423764476,0,1,1,1,1,0,1,0,1,0,1,0,1,0,0,0,0,0,0,1,1,0,1,1,0
461,-2.05849597237437,0,0,0,0,0,1,0,0,0,0,1,0,1,0,0,0,0,0,0,0,0,0,1,0,0
462,-0.597733063611351,0,0,1,1,0,0,0,0,0,0,1,0,0,0,0,0,0,0,1,1,1,1,0,0,0
463,-1.05110484508433,0,1,0,1,0,0,0,0,1,0,1,0,1,0,0,0,0,0,0,1,0,1,1,0,0
464,0.934224476492374,1,1,1,1,0,1,0,1,0,1,1,1,1,0,0,0,0,0,1,1,1,1,1,1,1
465,0.975917659245357,1,1,0,1,1,0,0,1,1,1,1,1,0,1,0,0,0,0,1,1,1,1,0,1,0
466,0.373780246160176,0,1,0,1,0,1,1,1,0,1,1,1,1,0,1,0,0,0,1,1,1,1,0,1,1
467,-0.0862966671736602,0,1,1,0,0,1,0,0,0,1,1,1,1,0,0,0,0,0,1,1,0,1,1,0,0
468,-1.12501629272453,0,0,1,1,0,1,0,0,0,0,0,0,1,0,0,0,0,0,0,0,1,0,0,1,1
469,0.212322048151289,0,1,1,1,0,1,0,1,1,0,1,1,1,0,0,0,0,0,1,1,1,0,1,0,1
470,0.622611923119618,1,1,1,0,0,1,0,0,1,0,1,1,1,1,0,0,0,0,1,0,0,1,1,0,1
471,-1.87911968603503,0,1,0,1,0,1,0,0,1,0,0,0,0,0,0,0,0,0,1,0,0,1,1,0,1
472,0.374017271584082,0,1,1,1,0,1,0,0,1,0,1,1,1,0,1,0,0,0,1,1,1,0,0,1,0
473,0.274438272273406,1,1,0,1,0,0,1,1,0,0,1,0,1,0,0,0,0,0,0,1,1,1,1,1,0
474,0.768523174910113,1,1,1,1,0,1,1,0,1,0,1,1,1,0,1,0,0,0,1,1,1,1,1,1,1
475,-0.128308583173581,0,0,1,1,0,0,0,0,0,0,1,1,1,0,0,0,0,0,1,1,0,0,0,1,0
476,-1.80554929820635,0,1,1,0,0,1,0,0,0,0,1,0,1,0,0,0,0,0,0,0,0,1,1,0,0
477,0.315753873295499,1,1,1,1,0,1,0,1,0,0,1,1,1,0,0,0,0,1,1,1,1,0,1,1,1
478,-0.115052163738633,0,0,0,1,0,1,0,1,1,1,1,1,1,0,0,0,0,0,1,0,1,0,1,0,0
479,-0.160039894972012,0,1,1,1,0,1,0,1,1,0,1,1,0,1,0,0,0,0,1,1,1,1,1,0,1
480,1.34937213588558,1,1,1,1,0,1,1,1,1,1,1,1,1,1,1,0,1,0,1,1,1,1,1,1,1
481,0.766106689926518,1,1,1,1,1,1,0,0,1,1,1,1,1,0,1,0,0,0,1,1,1,1,1,1,0
482,-1.49296556102283,0,0,0,0,0,1,0,1,0,0,0,0,1,0,0,0,0,0,1,1,0,0,0,1,0
483,0.375953642527828,1,1,1,1,0,1,0,0,0,1,1,0,1,0,0,0,0,0,1,0,0,1,0,1,1
484,0.743858143855812,1,1,1,1,0,1,1,1,1,1,1,0,1,0,1,0,0,0,1,1,1,1,1,0,0
485,0.139890215966287,0,1,1,1,0,1,0,0,0,0,1,1,1,0,0,0,0,0,1,1,1,1,0,1,1
486,-1.08230208502933,0,1,1,0,0,1,0,0,1,0,1,0,0,0,0,0,0,0,0,1,1,1,0,0,0
487,-0.261615262991652,1,1,0,0,0,0,0,0,0,1,1,0,0,0,0,0,0,0,1,0,1,1,1,1,1
488,-0.266328505869399,0,1,0,1,0,1,0,0,1,0,1,1,1,0,0,0,0,0,0,1,0,1,0,0,1
489,-1.2482780477493,0,1,1,1,0,1,0,0,1,0,0,0,1,0,0,0,0,0,0,0,1,1,0,1,1
490,0.361345504044676,0,1,0,1,0,1,1,0,0,1,1,1,1,0,0,0,0,0,1,1,1,1,0,1,1
491,-1.40280650688365,0,1,1,1,0,0,0,0,0,0,1,0,1,0,0,0,0,0,0,0,1,1,0,0,0
492,-0.210215603362795,0,0,0,1,0,0,1,1,0,0,1,1,1,0,0,0,0,0,0,0,1,0,1,1,1
493,0.181071694986201,0,0,1,1,0,1,0,0,1,0,1,1,1,0,0,0,0,1,1,0,1,0,1,0,1
494,-0.376354540795387,0,0,1,0,0,1,1,0,1,0,1,1,1,0,0,0,0,0,1,0,1,1,0,1,1
495,-0.341384048887825,0,1,0,1,0,1,0,0,1,0,1,1,1,0,0,0,0,0,1,1,1,1,0,1,0
496,1.066749733814,0,1,1,1,0,1,0,1,1,1,1,1,1,0,0,0,0,0,1,1,1,1,0,1,0
497,-0.346782778821608,0,1,0,1,0,0,0,0,0,0,1,0,0,0,0,0,0,0,0,1,0,1,1,0,1
498,-0.608006790283481,0,0,1,0,0,1,0,0,1,0,1,1,1,0,0,0,0,0,1,1,0,1,0,1,1
499,0.95937268849639,0,1,1,1,1,1,0,0,0,1,1,1,1,0,0,0,0,0,0,1,1,1,1,1,0
500,1.41787474159151,1,1,1,1,0,1,1,1,0,1,1,1,1,0,1,1,0,1,1,1,1,1,1,1,1
501,-1.69792779405865,0,1,0,1,0,0,0,0,0,0,0,0,1,0,0,0,0,0,1,1,0,0,1,0,0
502,-1.46629602386979,0,0,0,1,0,1,0,0,0,0,0,0,0,0,0,0,0,0,0,0,1,1,0,0,1
503,1.32456119445305,1,1,1,1,0,1,1,0,1,0,1,1,1,0,1,0,0,0,1,1,1,1,1,1,1
504,-0.1996395598601,0,1,0,0,1,0,0,0,0,0,1,1,1,0,0,0,0,0,1,1,0,1,1,1,0
505,1.26732714786929,1,1,1,1,0,1,1,1,1,0,1,1,1,0,1,0,0,0,1,1,1,1,1,1,1
506,-0.0709923487429769,1,1,0,1,0,0,0,0,0,0,0,0,1,0,1,0,0,0,1,1,0,1,0,0,1
507,1.53695586226339,0,1,0,1,0,1,1,1,0,1,1,1,1,0,1,0,0,1,1,1,1,1,1,1,0
508,-2.10459460444208,0,1,1,0,0,1,0,0,0,0,0,0,1,0,0,0,0,0,1,0,0,0,0,0,0
509,-1.10978341325525,0,1,1,0,0,1,0,0,0,1,0,1,1,0,0,0,0,0,0,0,0,1,0,1,0
510,0.485083119479849,1,1,1,1,0,1,1,1,1,1,0,1,1,0,1,0,0,0,1,1,1,1,0,1,0
511,0.304957455962758,0,1,0,1,0,0,0,1,1,0,1,1,1,1,0,0,0,1,1,1,0,0,0,1,1
512,0.236878495916691,0,1,1,1,0,1,0,0,0,1,1,1,1,0,0,0,0,0,1,0,1,1,1,1,1
513,0.00736749606873567,0,1,1,1,0,1,1,1,1,0,1,0,1,0,0,0,0,0,1,0,1,1,1,1,1
514,-0.114758886762153,0,0,1,0,1,1,0,0,1,0,1,1,1,0,0,0,0,0,1,1,1,1,0,0,1
515,0.0723173490888455,1,1,1,1,1,1,1,1,0,0,1,0,1,0,0,0,0,0,1,1,1,1,1,0,1
516,-0.654933717506592,0,1,1,1,0,1,0,0,1,0,1,0,1,0,0,0,0,0,1,1,0,1,1,1,1
517,-1.57621360702852,0,1,1,1,0,1,0,0,0,0,0,0,1,0,0,0,0,0,1,1,0,1,0,1,0
518,3.3460993409297,1,1,1,1,1,1,1,1,1,1,1,1,1,1,1,1,1,1,1,1,1,1,1,1,1
519,-1.23765185544148,0,0,0,0,0,0,0,0,1,0,0,0,1,0,0,0,0,0,0,1,0,0,1,1,1
520,-1.50305452173946,1,1,0,0,0,0,0,0,0,0,1,0,1,0,0,0,0,0,1,1,0,0,0,0,0
521,-0.174876630619133,0,1,1,1,0,0,0,0,0,0,1,1,1,0,0,0,0,0,0,1,0,1,1,1,1
522,0.0382188219926073,0,0,0,1,0,0,0,0,1,0,1,0,1,0,0,0,0,0,1,1,1,0,1,1,1
523,-0.1892298498565,0,1,1,1,1,0,0,0,1,1,1,1,0,0,0,0,0,0,1,1,1,0,0,0,1
524,2.09605069965146,1,1,0,1,1,0,1,1,1,1,1,1,1,1,1,1,1,0,1,1,1,1,1,1,1
525,1.80867477870246,1,1,1,1,1,1,1,0,1,1,1,1,1,1,1,0,0,1,1,1,1,1,0,1,0
526,1.74143058641839,0,1,1,1,1,0,1,0,1,1,0,1,1,0,1,0,0,0,1,1,1,1,1,1,0
527,0.0675056017603445,1,0,1,1,0,1,1,1,0,1,1,1,0,0,0,0,0,0,1,1,1,0,0,1,0
528,-0.36836189239878,0,0,1,0,0,1,0,1,0,1,1,1,1,0,0,0,0,1,1,0,1,1,0,1,1
529,-0.0658512646782028,0,1,1,0,1,1,1,0,1,1,1,0,1,0,1,0,0,0,1,0,1,0,1,1,0
530,-0.374430690199178,1,1,1,1,0,0,0,0,1,0,1,0,1,0,0,0,0,0,1,1,1,1,0,1,1
531,-0.39935201045526,0,1,1,1,0,0,0,0,1,0,1,0,1,0,0,0,0,0,1,0,1,1,1,1,0
532,1.1246603340656,0,1,1,1,1,1,1,1,0,1,1,1,1,1,0,0,0,0,1,1,1,0,1,1,1
533,-0.209764324483428,1,1,0,0,0,1,0,1,1,1,0,0,1,0,0,0,0,0,0,0,0,1,1,1,0
534,-0.701535695376329,0,1,0,1,0,1,0,0,1,0,1,0,1,0,0,0,0,0,0,1,1,1,0,0,1
535,-1.17119053880633,0,1,0,1,0,1,0,0,1,0,1,1,0,0,1,0,0,0,0,1,0,0,0,1,1
536,1.27613304656174,0,1,1,1,0,1,0,0,0,1,1,0,1,1,1,0,0,1,1,1,1,1,1,1,0
537,-0.578065046230821,0,1,0,0,0,1,0,0,0,0,1,1,1,0,0,0,0,0,0,0,1,1,0,1,1
538,-0.329080175670253,1,0,0,1,0,1,1,0,0,0,1,0,1,0,0,0,0,0,0,1,0,1,0,0,1
539,0.558134639032685,0,1,1,1,0,1,1,0,1,0,1,1,1,1,0,0,0,0,1,1,1,0,1,1,1
540,1.68671990414084,0,1,1,1,1,1,0,1,1,1,1,0,1,0,0,0,0,1,1,1,1,1,1,1,1
541,0.197114507390218,0,0,1,1,0,0,0,0,1,1,1,0,1,0,0,0,0,1,0,1,1,1,0,1,1
542,-0.261607672792312,0,1,1,1,0,1,0,1,0,0,0,1,0,0,0,0,0,0,1,1,0,0,0,1,1
543,0.580286935032732,0,1,1,1,0,1,0,1,1,0,0,1,0,0,0,0,0,0,1,0,1,1,1,1,1
544,-1.43393919965503,0,0,0,0,0,1,0,0,0,0,0,0,1,0,1,0,0,0,1,0,0,0,0,0,1
545,-1.06314561009589,0,1,1,1,0,0,0,0,0,0,1,1,1,0,0,0,0,0,0,1,1,1,1,1,0
546,1.40950786898644,0,1,1,1,1,1,1,1,1,1,1,0,1,1,1,0,0,0,1,1,1,1,0,0,1
547,1.01161078108147,0,1,0,1,0,1,0,1,1,1,1,1,1,1,0,0,0,0,1,1,1,1,1,0,1
548,-0.1437709711901,0,1,1,1,0,1,0,0,0,0,0,1,1,0,0,0,0,0,0,1,1,1,1,1,0
549,0.65604903344805,1,1,1,1,0,1,1,0,0,1,1,1,1,1,1,0,0,0,0,1,1,1,0,1,1
550,1.02313072738463,0,1,0,1,1,1,1,0,1,1,1,1,1,0,0,0,0,0,1,1,1,1,1,1,1
551,-1.03923027170952,0,1,1,1,0,0,0,0,1,0,1,0,0,0,0,0,0,0,1,1,1,0,0,1,0
552,0.135595986980978,1,1,0,1,0,0,0,1,1,1,1,1,1,0,0,0,0,1,1,1,0,0,0,1,1
553,-0.172381936037408,0,1,0,0,0,0,0,0,1,0,1,0,1,0,0,0,0,0,0,0,1,1,0,1,0
554,-0.664380949685482,0,1,1,1,0,1,0,0,0,0,1,0,1,0,0,0,0,0,1,0,1,0,1,0,1
555,1.49981046092504,1,1,1,1,1,1,1,0,1,1,1,1,1,1,1,0,0,0,1,1,1,1,1,1,1
556,-1.60741445186313,0,1,1,0,0,0,0,0,1,0,1,0,1,0,0,0,0,0,1,0,0,1,0,1,1
557,0.93093488864303,0,1,1,1,0,0,0,1,1,1,1,1,1,0,0,0,0,1,1,0,1,1,1,1,1
558,0.684296937874124,0,1,1,1,0,0,0,0,1,1,1,1,1,0,1,0,0,0,1,1,1,1,1,1,1
559,-0.725357805980428,0,1,0,1,0,1,0,0,0,0,1,0,1,1,0,0,0,0,0,1,0,0,0,1,0
560,-0.160330240402061,0,1,0,1,0,1,0,0,0,1,0,1,1,0,1,0,0,0,1,1,0,1,1,0,1
561,-1.66356855689627,0,1,1,1,0,1,0,0,1,0,0,0,0,0,0,0,0,0,0,1,0,0,1,0,1
562,0.0888647014890887,0,1,1,1,0,0,0,0,1,0,1,0,1,0,0,0,0,0,0,1,1,1,1,1,1
563,0.674710003204349,1,1,0,1,1,1,1,1,1,0,1,1,1,1,0,0,0,0,0,1,1,1,1,0,1
564,0.950653567227378,1,1,0,1,1,1,1,0,0,0,1,1,0,0,1,0,0,0,1,1,1,1,1,1,1
565,-0.377049667844955,0,1,1,1,0,1,0,0,0,0,1,1,1,0,0,0,0,0,1,0,1,1,1,1,0
566,0.21483188133148,0,0,1,1,0,1,0,0,1,0,0,1,1,1,0,0,0,0,0,1,1,1,1,0,1
567,-1.17663322622824,0,1,0,1,0,0,0,0,1,0,1,0,1,0,0,0,0,0,0,1,0,1,0,0,1
568,0.373668627672398,0,1,0,1,0,0,1,1,1,1,1,0,1,0,1,0,0,0,1,1,1,0,1,1,0
569,0.662157301515209,0,1,0,1,1,1,1,0,0,0,1,0,1,0,1,0,0,0,1,1,1,1,1,1,0
570,-0.456116755555337,0,0,1,1,0,0,1,0,0,0,1,1,1,0,0,0,0,0,0,1,1,1,0,1,0
571,0.0423151164997229,0,0,1,1,1,0,0,0,1,1,0,0,1,0,1,0,0,0,1,1,0,0,1,1,1
572,-1.46873980242438,0,1,0,1,0,1,0,0,1,0,1,0,0,0,0,0,0,0,0,1,0,1,0,0,0
573,0.0441138745502089,0,1,1,0,0,1,0,1,0,0,1,1,1,0,0,0,0,0,1,1,1,1,1,1,1
574,1.01574128919018,1,1,1,1,0,1,1,0,0,1,1,1,1,0,1,0,0,0,1,1,1,1,0,1,1
575,1.75199905370628,0,1,1,1,0,1,0,1,1,1,1,1,1,1,1,0,0,0,1,1,1,1,1,1,1
576,-0.830160503922859,1,1,1,1,0,1,0,0,1,0,1,0,1,0,0,0,0,0,1,1,1,0,1,1,1
577,0.551480680627742,1,1,1,1,0,1,0,0,0,1,1,1,1,0,0,1,0,0,1,1,0,1,0,1,1
578,0.012612567577606,0,1,0,1,0,0,0,0,1,0,1,0,1,0,0,0,0,0,0,0,0,1,0,1,0
579,0.00561804913350013,0,1,1,1,0,1,1,0,0,0,1,0,1,1,1,0,0,0,1,1,1,1,0,0,1
580,-1.51547043709676,0,1,0,1,0,0,0,0,0,0,0,0,1,0,0,0,0,0,1,0,0,1,0,1,0
581,-0.604207991196462,0,1,1,0,0,1,0,1,1,0,1,1,1,0,0,0,0,0,0,1,1,1,0,0,1
582,1.02347165045147,0,1,0,1,0,1,1,1,1,1,1,1,1,0,1,0,0,0,1,1,1,1,1,0,1
583,0.684608131511952,1,0,1,1,0,1,0,1,1,1,1,1,1,1,0,0,0,0,1,1,0,1,1,1,0
584,-1.52595745811912,0,0,0,0,0,0,0,0,0,0,0,1,1,0,0,0,0,0,1,1,1,0,0,0,0
585,1.6430272567951,1,1,1,1,1,0,0,0,0,0,1,1,0,0,1,0,0,1,0,1,1,1,1,1,1
586,0.543059428471676,0,1,0,1,0,1,0,0,1,0,1,0,1,0,1,0,0,0,0,1,1,1,1,0,1
587,0.231127035208015,1,1,0,1,0,1,1,0,0,1,0,1,1,0,1,0,0,0,0,1,1,0,0,1,1
588,-0.958469360816994,0,0,0,1,0,0,0,0,1,0,0,0,1,0,0,0,0,0,1,0,1,1,1,1,0
589,0.044799206104886,1,1,0,0,0,0,1,0,1,0,1,1,1,1,0,0,0,0,1,1,1,0,1,1,0
590,0.0550701653080014,0,1,0,1,0,0,0,0,1,0,1,0,1,1,0,0,0,0,1,1,1,1,1,1,1
591,0.945838870539113,0,1,0,1,0,1,1,1,0,0,1,1,0,1,0,0,0,0,0,1,1,1,0,0,1
592,0.324289309639432,1,0,0,1,0,0,0,1,0,1,1,1,1,1,1,0,0,0,1,1,0,1,1,1,1
593,2.05618563600111,1,1,1,1,1,1,1,0,0,1,1,1,1,1,1,1,0,1,1,1,1,1,0,1,1
594,-0.0602046290180564,0,1,1,1,1,0,0,0,1,0,1,1,1,0,0,0,0,0,1,1,1,1,1,1,1
595,0.340617347920123,0,1,0,1,0,1,0,1,0,0,1,1,1,0,0,0,0,0,1,1,1,1,0,1,0
596,0.174908969159679,0,0,1,1,0,1,0,1,1,0,0,0,0,0,0,0,0,0,1,1,1,0,1,1,0
597,1.59657290540876,1,1,0,1,1,0,1,1,1,0,1,1,0,0,1,0,0,1,1,1,1,1,1,1,1
598,1.12161749934839,1,1,0,1,1,1,0,1,1,1,1,1,1,0,1,0,0,0,1,1,1,1,1,0,1
599,0.913707221369074,0,1,0,1,0,1,0,0,1,1,1,1,1,1,1,0,0,1,1,1,1,1,1,1,1
600,-1.25764703344626,0,1,0,1,0,1,0,1,0,0,1,0,1,0,0,0,0,0,0,1,0,0,0,1,0
601,1.50923612233498,0,1,1,0,1,1,1,0,1,1,0,1,1,1,1,0,1,0,1,1,1,0,1,1,1
602,0.947512108914379,0,1,1,1,0,1,0,1,1,1,1,1,1,1,1,1,0,0,1,1,1,1,0,1,1
603,-0.109606052049621,0,1,1,1,0,0,0,0,0,0,1,1,0,0,0,0,0,0,0,1,1,1,1,1,0
604,-0.647271437000322,0,1,0,1,0,0,0,0,0,0,1,0,0,0,0,0,0,0,0,0,0,0,0,0,1
605,1.72072837686849,1,0,0,1,1,1,1,0,1,1,1,1,1,1,1,1,0,0,1,1,1,1,0,1,1
606,-1.02807844733763,0,1,1,1,0,0,0,0,1,0,1,0,1,0,0,0,0,0,0,1,0,1,0,0,1
607,0.540219687822271,1,0,0,1,0,0,0,0,1,0,1,0,0,0,1,0,0,0,1,1,1,1,1,0,1
608,0.848991661746376,1,1,1,1,0,1,1,0,1,1,1,0,1,0,0,0,0,0,0,0,1,0,1,1,0
609,1.02772832425961,0,1,1,1,0,1,1,0,1,0,1,1,1,1,1,0,0,0,1,1,1,1,1,1,1
610,-0.442105498579914,0,1,1,1,0,1,0,0,1,0,1,0,1,1,0,0,0,0,1,0,1,0,0,1,0
611,0.0882863404547909,0,1,1,1,0,0,0,0,1,0,1,0,1,0,0,0,0,0,0,1,1,1,1,1,0
612,-1.73109325204306,0,0,0,1,0,1,0,0,1,0,0,0,1,0,0,0,0,0,0,1,1,0,0,1,0
613,-0.523699518932822,0,0,0,0,0,1,0,0,0,1,0,0,1,0,0,0,0,0,1,1,1,0,0,1,1
614,0.737830699401044,1,1,1,1,0,0,1,1,1,0,1,1,1,0,0,0,0,0,1,1,1,1,1,0,1
615,0.162997357430728,1,1,1,1,1,0,0,0,0,0,1,0,1,0,0,0,0,0,1,1,1,1,1,0,1
616,1.38267322248317,1,0,1,1,1,0,1,1,0,1,1,1,1,1,1,0,0,0,1,1,1,1,1,1,1
617,-1.80847678537575,0,0,0,0,0,1,0,0,0,0,1,1,0,0,0,0,0,0,0,1,0,1,0,1,0
618,-0.477411523312067,0,0,0,0,0,1,0,0,1,0,1,0,0,0,0,0,0,0,1,1,1,0,0,1,0
619,-0.302534220367661,0,1,1,1,0,0,0,0,0,0,0,0,1,0,0,0,0,0,1,1,1,0,1,1,0
620,-0.599559325641353,0,1,1,0,0,0,0,0,1,0,0,1,1,0,0,0,0,0,0,0,1,0,1,1,0
621,0.585626507517542,1,1,0,1,0,1,1,1,1,0,1,1,0,0,0,0,0,0,1,1,1,1,1,1,1
622,-0.160198238299853,0,1,1,1,0,0,0,0,1,0,1,1,0,0,0,0,0,0,1,1,1,1,1,0,1
623,1.40260594728863,1,1,1,1,1,1,0,1,1,1,1,0,0,1,0,0,0,1,1,0,1,1,1,1,1
624,0.153994764464751,0,1,1,1,0,1,0,0,1,0,1,0,1,0,0,0,0,0,1,1,1,1,1,1,0
625,-1.15102749551541,0,0,1,1,0,0,0,1,0,0,0,0,1,0,0,0,0,0,0,1,0,1,0,0,0
626,-0.805608892034461,1,0,1,0,0,1,0,0,1,0,0,0,0,0,0,0,0,0,1,1,1,1,0,0,0
627,1.22958835605005,0,1,1,1,0,1,0,1,1,1,1,1,1,0,1,0,0,0,1,1,1,0,0,1,1
628,-0.157732213926851,0,1,1,1,0,1,0,1,1,0,1,1,1,1,0,0,0,0,1,1,0,1,1,1,0
629,-1.49469881251175,0,1,0,0,0,0,0,0,0,0,0,0,0,0,0,0,0,0,1,0,0,0,1,0,1
630,-0.551583109685373,0,1,0,0,0,0,0,0,0,1,0,0,1,0,0,0,0,0,0,1,1,1,1,1,0
631,0.633235768764611,0,1,0,1,0,1,0,0,0,1,1,1,0,0,1,0,0,0,1,1,1,1,1,1,1
632,-0.542355423639166,0,1,0,0,0,1,0,1,0,0,1,1,1,0,0,0,0,0,0,1,0,1,1,1,0
633,-0.793326641475339,1,0,0,0,0,1,0,0,0,0,1,1,1,0,0,0,0,0,1,1,1,0,0,1,1
634,-1.51547043709676,0,0,0,0,0,1,0,0,1,0,1,1,0,0,0,0,0,0,1,0,0,0,0,0,0
635,1.13018832968214,1,1,0,1,0,1,1,0,0,1,1,1,1,1,1,1,0,1,0,1,1,1,1,1,1
636,-0.755216945622694,0,1,0,1,0,1,0,0,1,1,1,0,1,0,0,0,0,0,0,1,1,1,1,0,0
637,1.43943125253157,0,1,1,1,1,1,0,1,0,0,1,1,1,1,1,0,0,0,1,1,1,1,1,1,1
638,-1.12692212858021,0,1,1,0,0,0,0,0,0,0,1,0,1,0,0,0,0,0,0,1,0,0,0,0,0
639,0.234242088408884,0,0,0,0,0,0,0,0,1,0,1,1,1,0,1,0,0,1,1,1,1,1,0,0,1
640,1.09584106211296,1,1,1,1,1,1,0,0,0,0,1,1,1,0,1,0,0,0,1,1,0,1,1,1,1
641,0.0756613311562473,1,1,1,1,0,1,0,1,1,1,1,0,1,0,0,0,0,0,0,1,1,0,1,0,1
642,-0.875149732138257,1,1,1,1,0,1,0,0,1,0,1,0,1,0,0,0,0,0,1,0,0,1,0,1,0
643,0.633082504799074,1,1,0,1,0,0,0,1,0,1,1,1,1,0,0,0,0,0,1,1,1,1,1,0,1
644,0.0149069369589882,0,1,1,0,0,1,0,0,1,1,1,1,1,0,1,0,0,0,1,1,1,1,0,1,0
645,-0.740910697141847,0,1,1,1,0,0,0,0,0,0,1,0,1,0,0,0,0,0,1,1,0,1,1,1,1
646,0.388635403407462,1,1,1,1,0,1,1,1,0,0,1,1,0,0,1,0,0,0,0,1,1,0,1,0,1
647,0.521247655239714,0,1,0,1,0,1,1,0,1,0,1,1,1,1,1,0,0,0,1,1,0,1,0,1,1
648,-1.04545826936234,0,1,0,0,0,1,0,1,1,0,1,0,1,0,1,0,0,0,0,1,0,1,0,0,1
649,-0.951169076034195,0,1,1,1,0,0,0,0,1,0,1,0,1,0,0,0,0,0,0,0,0,0,0,1,1
650,-0.277288074295083,0,0,0,1,0,1,0,0,1,0,0,1,1,0,0,0,0,0,1,1,1,0,0,0,1
651,-0.887941603821516,0,1,0,0,0,0,0,0,0,0,1,0,1,0,0,0,0,0,1,1,0,0,0,0,0
652,0.428842951721736,1,1,0,1,1,0,1,1,0,0,1,1,1,0,1,0,0,0,1,1,1,0,1,1,1
653,-1.22828392015865,0,0,1,0,0,1,0,0,1,0,1,0,1,0,0,0,0,0,1,1,1,0,0,1,0
654,2.24273476090662,1,1,1,1,0,1,1,0,1,1,1,1,1,1,1,0,0,1,0,1,1,1,1,1,1
655,0.165728219350909,0,1,1,1,0,1,0,0,1,1,1,0,1,0,0,0,0,0,1,1,0,0,1,1,1
656,-0.996352392465621,0,0,0,1,0,0,0,0,0,0,1,0,1,0,0,0,0,0,1,1,0,1,1,0,0
657,-1.17640670787096,0,1,0,0,0,0,0,0,1,0,0,0,1,0,0,0,0,0,0,0,1,1,1,0,0
658,-0.199842733585968,0,0,1,1,0,1,0,0,1,0,0,0,1,0,0,0,0,0,0,1,1,0,0,1,0
659,-1.04967469812323,0,1,1,0,0,1,0,0,1,1,0,0,1,0,0,0,0,0,0,0,1,0,1,0,1
660,-0.419182519516403,0,0,0,1,0,1,0,0,1,0,0,1,1,0,0,0,0,0,0,0,1,1,1,1,0
661,0.74729320843739,0,1,1,1,0,0,0,0,1,1,1,1,1,0,1,0,1,0,1,0,1,1,1,1,1
662,-0.482635455050284,0,1,0,1,1,1,0,0,0,0,0,0,1,0,0,0,0,0,0,0,0,1,1,1,0
663,-0.632839787119137,0,0,1,0,0,0,0,0,1,0,1,0,1,0,0,0,0,0,0,0,1,0,1,1,1
664,-0.294189271160017,1,0,0,1,0,1,0,0,0,0,1,1,1,1,0,0,0,0,0,1,1,0,1,1,1
665,-0.471029868639288,0,1,0,1,0,0,0,1,1,0,1,1,1,1,0,0,0,0,1,1,0,1,0,1,1
666,1.88244863216271,1,1,1,1,1,1,1,1,1,1,1,1,1,1,0,1,0,1,1,1,1,1,1,1,1
667,-0.967520535440844,0,0,0,0,0,0,0,0,0,0,0,0,0,0,0,0,0,0,0,1,0,1,1,0,1
668,-1.22896466401862,0,1,0,1,1,1,0,0,1,0,0,0,0,0,0,0,0,0,0,0,1,1,1,0,1
669,-1.18518438908672,0,1,1,1,0,0,0,1,0,0,1,0,1,0,0,0,0,0,1,1,1,0,0,0,1
670,-2.34034371240329,0,1,0,0,0,0,0,0,0,0,0,0,1,0,0,0,0,0,0,1,0,0,0,0,1
671,-0.563546683778861,0,0,1,1,0,0,0,0,0,0,1,0,1,0,0,0,0,0,1,0,0,1,0,0,1
672,-1.20317437057044,0,0,0,1,0,0,0,0,1,0,0,1,1,0,0,0,0,0,0,0,0,1,1,0,0
673,1.49369325831424,1,1,1,1,1,1,1,1,1,0,1,1,1,0,1,0,1,1,1,1,1,1,1,1,1
674,0.675705424503317,0,0,1,0,0,1,0,0,0,0,1,1,1,0,1,0,0,0,1,1,1,1,1,1,1
675,1.80443046014186,1,1,0,0,1,1,1,1,1,1,1,0,1,1,1,0,0,1,1,1,1,1,1,0,1
676,-1.38341079125877,0,1,1,1,1,1,0,0,1,0,1,0,1,1,0,0,0,0,0,1,0,1,0,1,1
677,0.704588808719002,1,0,1,1,1,1,1,0,1,1,1,1,1,0,1,0,0,0,1,1,1,1,1,1,1
678,0.675934967887535,1,1,1,1,0,1,0,0,1,1,0,1,1,0,1,0,0,0,0,1,1,1,0,1,0
679,-1.29942643164615,0,1,1,0,0,0,0,0,0,0,0,0,0,0,0,0,0,0,1,1,1,0,0,1,0
680,-0.658469958186177,0,1,1,0,0,0,1,0,1,0,0,1,0,0,0,0,0,0,0,0,0,1,1,0,1
681,0.0332577686869681,0,1,0,1,0,0,1,0,0,0,0,1,1,0,0,0,0,0,1,1,0,1,0,1,1
682,0.636468043922549,1,1,1,1,0,1,1,1,0,1,1,1,0,1,1,0,0,0,0,0,0,1,1,0,1
683,-1.4666309435095,0,0,0,1,0,0,0,0,0,0,1,0,1,0,0,0,0,0,0,1,0,0,1,0,0
684,0.219189252685515,0,1,1,0,0,1,0,1,1,0,1,1,1,0,1,0,0,1,1,0,1,1,1,0,0
685,-1.15635896668111,1,0,1,1,0,0,0,0,1,0,0,0,0,0,0,0,0,0,1,0,0,0,1,0,0
686,0.691107948596014,0,1,0,0,1,1,0,0,1,1,1,1,1,0,0,0,0,0,1,1,1,1,0,0,1
687,2.00491053489621,1,1,1,1,1,1,0,1,1,1,1,1,1,0,1,1,0,1,1,1,1,1,0,1,1
688,-0.139712703932497,1,1,0,0,1,1,0,0,0,0,1,1,1,0,1,0,0,0,1,0,1,1,1,1,0
689,0.37347096463235,0,1,1,1,0,1,0,0,1,1,1,0,0,1,0,0,0,0,1,0,1,1,1,1,1
690,-0.252929927210056,0,1,0,1,0,1,0,0,0,0,1,1,1,0,0,0,0,0,0,0,1,1,1,0,0
691,-0.446262552387284,0,0,1,1,0,1,0,0,1,0,1,0,1,1,0,0,0,0,1,1,0,0,1,1,0
692,-0.864901195286696,0,0,0,0,0,0,0,0,1,0,1,0,0,0,0,0,0,0,0,1,0,1,0,0,1
693,1.05096016493268,1,1,1,1,0,1,0,1,1,1,1,0,1,0,1,0,0,0,0,1,1,1,1,1,1
694,0.172453479720359,1,1,0,1,1,1,0,0,1,0,1,0,1,0,0,0,0,0,1,0,1,1,1,1,1
695,1.32464349231425,0,0,1,1,0,1,0,1,0,1,1,1,1,0,0,0,0,1,0,1,1,1,0,1,1
696,-0.0838664457928582,1,1,0,0,0,0,0,0,0,0,1,1,1,0,0,0,0,0,1,1,1,1,1,1,0
697,-1.87721014649693,0,0,0,0,0,0,0,1,0,0,1,0,1,0,0,0,0,0,0,0,0,1,1,1,0
698,0.629932051653193,0,1,0,1,1,1,1,1,1,0,1,1,1,0,0,0,0,0,1,0,0,0,0,0,0
699,-0.600070618750175,0,1,0,1,0,1,0,0,1,0,1,0,1,0,0,0,0,0,1,1,0,1,0,0,1
700,0.731950852951621,1,1,1,1,0,1,1,0,1,1,1,1,1,1,0,0,0,0,1,1,1,1,0,1,0
701,2.31642783991801,1,1,1,1,1,1,1,1,1,1,1,0,1,1,1,1,1,0,1,0,1,1,1,1,1
702,-2.73351744139719,0,1,0,0,0,1,0,0,0,0,0,0,0,0,0,0,0,0,0,0,0,1,0,1,0
703,-0.970797341463052,0,1,0,1,0,0,0,0,0,0,1,0,1,0,0,0,0,0,1,1,0,1,0,0,1
704,0.815898790860915,1,1,1,1,0,1,1,0,0,1,1,1,1,0,0,0,0,0,1,0,1,1,1,1,1
705,0.696838473642967,1,1,0,1,0,1,0,0,1,0,1,1,1,0,0,0,0,0,1,1,1,0,0,1,1
706,-0.172381936037408,1,1,0,1,0,1,0,0,1,1,0,0,1,0,0,0,0,0,1,1,1,1,1,1,1
707,-0.348779873911097,0,1,0,0,0,0,0,0,0,0,1,0,1,0,0,0,0,0,0,0,0,1,1,1,1
708,-0.57870840340705,1,1,1,0,0,1,0,0,0,0,1,1,1,0,0,0,0,0,1,1,1,1,0,1,0
709,1.71822275874022,0,1,1,1,1,1,1,0,0,1,1,1,1,1,1,0,0,1,0,1,1,1,0,1,1
710,-0.368211570712107,0,0,0,1,0,0,0,0,1,0,1,0,1,0,0,0,0,0,1,0,0,0,1,1,1
711,2.12961115988881,1,1,1,1,1,1,1,1,1,1,1,1,1,0,1,1,1,1,1,1,1,1,1,1,0
712,1.12596708172487,1,1,0,1,1,0,1,0,0,1,1,1,1,1,0,0,0,1,1,0,1,1,1,1,1
713,-0.334273550431549,0,1,1,1,0,1,0,0,0,0,1,0,1,0,0,0,0,0,1,1,1,1,0,0,0
714,-1.24679857368811,0,0,0,0,0,0,0,0,1,0,0,0,0,0,0,0,0,0,0,0,0,0,0,0,0
715,0.808909423250937,0,1,1,1,0,1,0,1,1,0,1,1,1,0,0,0,0,0,1,1,1,0,1,1,0
716,-0.133594523947117,0,1,0,0,0,1,0,0,1,0,1,1,0,0,0,0,0,0,1,0,1,1,1,0,1
717,0.439396321684409,1,0,0,1,0,1,1,1,1,0,1,0,1,0,1,0,0,0,0,1,1,0,0,1,1
718,0.731335019287597,1,1,1,0,0,1,1,0,1,1,1,1,1,0,0,0,0,0,0,1,1,1,1,0,1
719,0.200764086989946,0,0,0,1,0,0,0,1,0,0,1,1,1,0,0,0,0,0,1,1,0,1,0,0,1
720,-2.26650497722694,0,0,0,0,0,1,0,0,0,0,0,0,0,0,0,0,0,0,0,0,1,0,0,1,0
721,-0.801371876719238,0,1,0,1,0,1,0,0,1,0,0,0,1,0,0,0,0,0,1,1,1,1,1,0,0
722,0.625392368479732,1,1,1,1,0,1,0,0,1,0,0,1,1,0,0,0,0,0,1,1,0,0,1,1,0
723,1.24567780818457,0,1,1,1,0,1,1,1,1,1,1,1,1,0,1,0,0,0,0,0,1,1,1,1,0
724,0.312248183269132,1,1,1,1,0,1,1,1,1,0,0,1,1,0,0,1,0,0,1,0,1,1,1,1,0
725,-0.133450379453092,1,1,0,0,0,0,1,0,0,1,1,1,1,0,1,0,0,0,0,1,1,0,0,1,0
726,1.12515847842888,1,1,1,1,0,1,1,0,1,1,1,1,1,1,0,0,0,0,0,1,1,1,1,1,1
727,-2.03779503197906,0,0,1,0,0,0,0,0,0,0,1,0,0,0,0,0,0,0,0,1,0,1,1,0,0
728,-0.070851782956028,0,1,0,1,0,1,0,0,1,0,1,1,1,0,0,0,0,0,1,1,1,0,0,1,1
729,0.167320213645386,0,1,1,1,0,0,1,1,1,1,0,1,1,0,0,0,0,0,1,1,0,1,0,1,1
730,-2.15453120039093,0,0,1,0,0,0,0,0,0,0,0,0,1,0,0,0,0,0,0,1,1,0,1,0,1
731,0.219043623283538,1,1,1,1,0,0,0,0,1,0,1,0,1,0,0,0,0,0,1,1,1,0,0,1,1
732,0.764985712483262,0,1,1,0,1,1,0,0,0,1,0,1,1,0,1,0,0,0,0,0,0,1,1,1,1
733,-1.17094341599377,0,0,0,0,0,1,0,0,0,0,0,0,1,0,0,0,0,0,1,1,0,1,1,1,0
734,-0.547758764255044,0,1,1,1,0,1,0,0,1,0,1,0,1,0,0,0,0,0,0,1,1,1,0,0,1
735,-1.06410206978587,0,1,0,1,0,0,0,0,1,0,0,0,1,0,0,0,0,0,1,0,1,0,0,0,0
736,-0.748323615490912,0,1,1,1,0,1,0,0,1,0,0,0,1,0,0,0,0,0,0,1,1,0,0,1,0
737,-1.53670356566378,0,0,0,0,0,0,0,0,0,0,0,0,1,0,0,0,0,0,0,1,1,0,1,0,1
738,1.11000427281708,0,1,1,1,1,1,1,1,1,1,1,0,1,1,1,0,0,0,1,1,1,0,1,1,1
739,-0.0678790953833526,0,1,1,1,0,1,0,0,1,0,1,1,1,1,0,0,0,0,0,1,0,1,1,1,0
740,-0.527296252283357,0,1,1,1,0,1,0,0,0,1,0,1,0,0,0,0,0,0,1,1,1,0,1,1,0
741,-0.237841547863861,0,1,0,0,0,0,1,0,0,0,1,1,1,0,1,0,0,0,1,1,1,1,1,1,1
742,0.775481311420021,0,1,1,1,0,1,1,1,0,1,1,0,1,0,0,0,0,0,1,1,0,1,1,0,0
743,-0.526922682433548,1,1,1,1,0,0,0,0,1,0,0,0,0,0,0,0,0,0,1,1,0,1,0,1,1
744,0.714120188546686,1,1,1,1,0,1,1,1,0,1,1,1,1,0,0,0,0,1,0,1,1,1,1,1,1
745,-1.38353647542812,0,0,0,1,0,0,0,0,0,0,0,0,1,0,0,0,0,0,0,0,0,1,0,0,0
746,2.15369291080676,1,1,0,1,1,0,1,1,0,1,1,1,1,1,1,0,0,1,0,1,1,1,1,1,1
747,-0.918586126284787,0,1,0,1,0,1,0,0,0,0,1,0,1,0,0,0,0,0,1,0,0,0,1,0,1
748,-0.215032435877461,0,1,1,1,1,1,0,0,1,0,1,1,1,1,0,0,0,0,1,1,1,1,1,0,1
749,0.422072286345748,0,1,1,1,1,1,0,0,1,0,1,0,1,0,0,0,0,0,0,1,1,1,0,1,1
750,0.474922839916528,0,1,1,1,0,1,1,0,0,1,0,1,1,0,0,0,0,0,1,0,1,1,1,1,0
751,0.425278289467307,1,1,1,0,0,1,0,1,1,1,1,1,1,1,0,0,0,0,1,1,1,1,0,0,1
752,0.278527881315401,0,1,1,1,0,1,0,0,0,0,1,1,1,0,0,0,0,0,1,0,0,1,1,1,1
753,0.403001959779413,0,1,1,1,0,0,0,0,1,0,1,1,0,0,0,0,0,0,0,0,1,1,0,1,1
754,0.245455619954529,0,1,0,1,0,1,1,0,0,0,1,1,1,1,0,0,0,0,1,1,0,1,1,1,1
755,0.500076640378473,0,0,0,1,0,0,1,0,0,1,0,1,0,1,1,0,0,0,1,1,1,1,1,1,0
756,-0.0337418248433196,0,1,1,1,0,1,1,0,0,1,1,0,1,0,0,0,0,0,1,1,1,1,0,0,1
757,-0.00842907202451775,0,1,1,1,0,0,0,0,1,1,1,1,1,0,0,0,0,0,1,1,1,0,0,1,1
758,0.780694839992064,0,1,0,1,0,1,1,0,1,0,1,0,1,0,1,0,0,0,1,1,1,1,0,1,1
759,-1.82231283564693,0,1,0,1,0,0,0,0,0,0,0,0,0,0,0,0,0,0,1,1,1,1,0,1,0
760,-0.652988770601827,0,1,0,0,0,0,0,0,0,0,1,0,0,1,0,0,0,0,1,0,1,0,0,1,0
761,-1.48758056426839,0,0,0,1,0,1,0,0,0,0,0,0,1,0,0,0,0,0,1,1,0,0,0,0,0
762,0.673401250987891,0,1,1,1,0,0,1,1,1,0,1,0,0,1,0,0,0,1,1,0,1,1,0,0,1
763,0.204615352936588,0,1,0,0,0,1,1,0,1,0,1,1,1,0,1,0,0,0,1,1,1,0,1,0,1
764,-0.319577096615523,0,1,1,1,0,1,1,0,0,0,0,0,1,0,0,0,0,0,1,1,1,0,1,0,1
765,-0.872008362648166,1,1,0,1,0,1,0,0,0,1,0,0,1,1,0,0,0,0,0,1,1,1,1,1,0
766,-0.721265353352809,0,1,0,1,0,1,0,1,1,0,1,0,0,0,0,0,0,0,1,1,0,1,1,0,1
767,-0.281331886870673,1,1,0,0,0,1,0,0,1,0,1,0,1,0,0,0,0,0,0,0,1,0,0,1,1
768,0.652623725103058,1,1,1,1,0,1,0,0,0,0,1,1,1,1,0,0,0,0,0,1,1,1,1,1,1
769,-0.0860466970424408,1,1,1,1,0,1,0,1,1,0,1,0,0,0,0,0,0,0,1,0,1,1,0,1,1
770,0.274994200137088,0,0,1,1,0,1,1,0,1,0,1,0,1,0,0,0,0,0,1,0,1,1,1,0,0
771,1.79456457069858,1,1,0,1,0,1,1,0,1,1,1,1,1,1,1,1,1,1,1,0,1,1,1,1,1
772,1.97371432869745,1,1,1,1,1,1,1,1,0,1,1,1,1,1,1,0,0,0,1,1,1,1,1,1,1
773,-0.847952746178351,0,0,1,1,0,1,0,0,1,0,1,0,0,0,0,0,0,0,0,1,0,0,0,1,1
774,0.313024500088259,0,1,0,1,0,1,0,0,1,0,1,0,1,0,1,0,0,0,1,1,0,1,1,1,0
775,1.05102695883397,1,1,1,1,0,1,1,1,1,1,1,1,1,0,1,0,0,0,1,1,1,1,0,1,0
776,-0.0755946010117022,0,1,1,1,0,1,0,1,0,0,0,1,1,0,0,0,0,0,1,0,1,0,0,1,0
777,0.345828041967798,1,1,1,1,1,1,0,1,1,1,1,0,1,0,0,0,0,0,1,1,1,1,1,1,1
778,-1.08230079114031,0,1,0,0,0,1,0,0,0,0,1,0,0,0,0,0,0,0,1,0,0,0,0,0,1
779,-0.0171633791613162,0,1,1,1,0,0,0,1,0,0,1,0,0,0,0,0,0,0,1,1,1,1,0,1,0
780,0.163002508030044,0,1,1,1,0,1,0,0,1,0,0,1,1,0,0,0,0,0,0,0,1,1,1,1,0
781,0.704009527904424,0,1,1,1,1,1,0,1,1,0,1,1,1,1,1,0,0,1,1,1,1,1,0,0,1
782,0.296501449073878,1,1,0,1,0,0,0,0,1,0,0,0,1,0,1,0,0,0,1,1,1,1,1,0,0
783,0.59960675089421,0,1,1,1,0,1,1,0,1,1,1,1,1,0,0,0,0,0,1,1,1,1,1,0,1
784,0.01329891257487,0,0,0,1,0,0,0,1,1,0,1,1,1,0,0,0,0,0,1,1,1,0,1,0,0
785,0.756249714850057,0,1,1,1,0,0,0,1,1,0,1,1,1,1,0,0,0,1,1,1,1,0,1,1,1
786,1.20727731091569,0,1,1,1,1,1,1,0,1,0,1,1,1,1,0,0,0,1,0,1,1,0,0,1,1
787,-2.08398721373507,0,0,0,1,0,0,0,0,1,0,0,0,0,0,0,0,0,0,1,0,0,1,1,0,0
788,1.14370981548663,0,1,1,1,0,1,0,1,1,1,1,1,1,1,0,0,0,1,0,0,1,1,1,1,1
789,-1.45527161756006,0,1,1,0,0,0,1,0,1,0,1,0,1,0,0,0,0,0,0,0,1,0,0,0,0
790,0.599996899606749,1,1,1,1,0,1,0,0,0,1,1,1,1,0,0,0,0,0,1,1,1,1,1,1,1
791,1.17648156081553,0,1,1,1,0,1,0,0,1,1,1,1,1,1,1,1,0,0,1,0,1,1,1,0,1
792,0.494641632302353,1,1,1,1,0,1,0,1,1,1,1,0,1,0,0,0,0,0,1,1,1,1,1,0,1
793,1.78012709460432,1,1,0,1,1,1,1,1,1,0,1,1,1,1,1,0,0,1,1,1,1,1,1,1,1
794,-0.576166257189194,0,0,0,1,0,0,0,0,0,0,1,0,1,0,0,0,0,0,0,1,0,1,1,1,1
795,0.671047933291477,0,1,1,1,0,0,0,1,0,1,0,1,1,0,1,0,0,0,1,1,0,1,1,0,1
796,-0.641478178901279,0,0,1,0,0,0,0,0,0,0,1,0,1,0,0,0,0,0,0,0,0,0,0,1,0
797,-1.18166418770948,0,1,1,1,0,1,0,0,1,0,1,0,1,0,0,0,0,0,1,1,0,0,1,0,0
798,0.693115412065384,0,0,1,1,0,1,0,0,0,0,1,1,1,0,0,0,0,0,0,0,1,1,1,1,1
799,-0.139852962680716,0,1,1,1,0,0,0,0,0,1,1,1,1,0,0,0,0,0,1,0,1,1,1,1,0
800,-0.310374873257708,1,1,1,0,0,1,0,1,1,0,0,0,1,0,0,0,0,0,0,1,1,1,0,0,0
801,-0.49984523587074,0,0,1,0,0,0,1,0,1,0,0,0,1,0,0,0,0,0,1,1,0,1,1,1,1
802,-0.250150220737516,0,1,1,1,0,0,0,0,0,0,1,1,1,0,0,0,0,0,1,1,1,1,1,0,1
803,0.118907442113725,1,1,0,1,0,1,0,1,1,0,1,1,1,0,0,0,0,0,1,1,1,1,1,1,1
804,0.812622914292086,0,1,1,1,0,1,0,1,0,1,1,1,1,1,1,0,0,0,0,1,1,0,0,1,0
805,0.27158705612672,1,1,1,1,0,1,1,0,1,0,1,1,0,0,1,0,0,0,1,1,1,1,1,0,1
806,1.72072837686849,0,1,1,1,0,1,0,0,0,1,1,1,1,1,0,0,0,1,1,1,1,1,0,0,1
807,-0.724791598591955,0,1,0,1,0,1,0,0,0,0,1,1,1,0,0,0,0,0,1,1,1,1,1,1,0
808,-2.57943681492691,0,0,1,0,0,1,0,0,1,0,1,0,1,0,0,0,0,0,0,0,1,0,0,0,1
809,-0.359445276205688,0,1,1,1,0,1,0,1,1,0,1,1,1,0,0,0,0,0,1,1,0,1,0,1,1
810,1.17022960738297,1,1,1,1,1,1,1,1,1,1,1,1,1,1,1,0,0,0,1,0,1,1,1,0,1
811,0.111859904617419,1,1,1,1,0,1,0,1,0,0,0,1,1,0,0,0,0,0,1,1,1,1,1,1,1
812,-0.149312119005339,0,1,0,1,0,1,0,0,1,0,0,0,1,0,1,0,0,0,0,1,1,0,0,1,0
813,1.22805038936817,0,1,1,1,1,1,1,1,1,1,1,1,1,0,1,0,0,0,1,1,1,0,1,1,1
814,0.796559276125274,0,1,1,1,1,1,1,1,1,1,1,1,1,0,0,0,0,1,1,0,1,1,1,1,1
815,1.39536861750889,1,1,1,1,0,1,1,1,1,0,1,1,1,0,1,0,1,1,1,1,1,1,1,1,0
816,-0.228680849272501,0,1,1,1,0,1,0,0,1,1,1,0,0,0,0,0,0,0,0,1,1,0,0,1,0
817,1.36013824049484,1,1,0,1,1,1,1,0,0,1,1,1,1,1,1,0,0,1,1,0,1,0,1,1,1
818,-0.667424401294648,1,1,0,1,1,1,0,1,1,0,1,0,1,0,0,0,0,0,1,0,1,1,1,0,0
819,-1.89690554611253,0,1,1,0,0,0,0,0,1,0,1,0,1,0,0,0,0,0,1,1,0,1,0,0,0
820,-0.639505044533253,0,0,1,1,0,1,0,0,0,1,1,0,1,0,0,0,0,0,0,1,1,1,0,0,1
821,0.165434381253843,0,1,1,1,0,0,0,0,1,0,1,1,1,1,1,0,0,0,1,1,1,1,1,1,0
822,-1.88207963873007,0,0,0,1,0,1,0,0,1,0,0,1,0,0,0,0,0,0,0,1,0,1,1,1,0
823,1.28695889280863,1,1,0,1,0,1,1,0,1,1,1,1,0,0,1,0,0,1,1,0,1,1,1,1,0
824,0.829352312706158,1,1,1,0,0,0,1,0,1,1,1,1,1,0,0,0,0,0,1,1,1,1,0,0,1
825,0.57909338971334,0,1,1,1,1,1,1,0,0,1,1,0,1,1,1,0,0,0,1,0,1,1,1,0,1
826,0.941926337807218,0,1,1,1,0,1,1,1,1,1,1,1,1,1,1,0,0,0,1,1,1,1,1,1,0
827,-0.526683617790796,0,0,1,1,0,0,0,1,0,0,1,1,1,0,0,0,0,0,0,1,0,1,0,0,1
828,0.398826383576324,1,1,1,1,0,1,0,0,0,1,1,1,1,0,1,0,0,0,1,1,1,1,0,1,0
829,-1.57810568944188,0,1,0,0,0,0,0,0,0,0,1,0,1,0,0,0,0,0,0,0,1,1,0,0,0
830,0.731809654386807,0,1,1,1,0,0,1,1,1,0,1,1,1,1,0,0,0,0,1,1,1,1,0,0,0
831,-1.02832369092873,0,1,0,1,0,0,0,1,0,0,1,0,1,0,0,0,0,0,0,0,0,0,0,0,0
832,0.678978437483843,1,1,0,1,0,1,0,1,1,0,1,1,1,1,0,0,0,1,1,1,1,1,0,1,0
833,-0.410340910045051,0,1,1,0,0,0,0,0,1,0,1,1,1,0,0,0,0,0,1,1,1,1,0,0,1
834,-0.656146031727964,0,1,0,1,0,1,0,0,1,0,1,0,1,0,0,0,0,0,0,1,1,1,0,1,1
835,-0.407671614481873,0,1,1,1,0,0,0,0,0,0,1,1,1,0,0,0,0,0,1,0,1,1,1,1,1
836,-1.1214521563959,1,0,0,0,0,1,0,0,1,0,0,0,0,0,0,0,0,0,1,1,0,0,1,1,1
837,-0.0386659378052134,0,1,1,1,0,1,0,1,0,0,1,1,1,0,1,0,0,0,0,1,1,0,0,0,1
838,0.564265346641286,0,1,1,1,0,1,1,0,0,0,1,0,1,0,1,0,0,0,1,1,0,1,1,1,1
839,0.76220853504091,1,1,1,1,0,1,1,0,1,1,1,0,1,0,0,0,0,0,1,1,1,1,0,1,1
840,1.3063419039796,1,1,1,1,0,1,1,1,1,1,0,1,1,0,1,0,0,1,1,1,1,1,1,1,1
841,-3.06937541467057,0,0,0,0,0,0,0,0,0,0,0,0,0,0,0,0,0,0,0,0,0,1,0,0,1
842,0.589214021731617,0,1,1,1,0,1,1,0,0,0,1,0,1,0,0,0,0,0,1,1,0,1,1,0,1
843,0.848702948015784,0,1,1,1,0,1,1,1,0,1,1,0,1,0,0,0,0,1,1,1,1,0,1,1,1
844,1.23541809002938,0,1,0,1,0,1,1,0,1,0,1,1,1,0,0,0,0,1,1,0,1,0,0,1,1
845,0.385773550453394,0,1,1,1,1,1,0,0,1,1,1,1,1,0,0,0,0,0,1,1,1,1,1,1,0
846,-1.36261101708811,0,1,0,0,0,1,0,0,0,0,0,0,0,0,0,0,0,0,1,0,1,0,0,0,1
847,0.0151908348531939,0,1,1,1,0,1,0,0,0,0,1,1,1,0,0,0,0,0,1,0,1,1,1,1,1
848,0.790459215048683,0,0,1,1,0,1,1,1,0,1,1,0,1,1,0,0,0,1,1,1,0,1,1,1,1
849,-0.102876522299337,0,0,1,1,1,1,0,0,1,0,1,0,1,0,0,0,0,0,1,1,1,0,0,1,1
850,-1.44547839481796,0,1,1,1,0,1,0,0,0,0,1,0,1,0,0,0,0,0,0,1,0,0,0,1,1
851,0.24059691140266,0,1,1,1,0,0,1,1,0,0,1,1,1,0,0,0,0,0,1,1,1,1,0,1,1
852,0.250019285214129,0,1,1,1,0,1,0,0,0,1,1,0,0,0,0,0,0,0,0,1,0,1,0,1,1
853,0.632584031477147,0,1,1,1,0,1,0,0,1,0,1,1,1,0,0,0,0,1,1,1,0,1,0,0,1
854,0.0708869766268952,0,1,1,0,0,0,0,1,1,0,1,0,1,0,0,0,0,0,1,1,1,1,0,1,1
855,0.655517473177169,1,1,0,1,0,0,0,0,1,1,1,1,1,1,1,0,0,0,1,0,0,1,0,1,1
856,-0.829187661174953,0,1,1,1,0,1,0,0,1,0,1,0,0,0,1,0,0,0,0,0,1,1,1,0,0
857,-0.725025343490429,0,1,1,1,0,0,0,0,1,0,1,0,1,0,0,0,0,0,0,1,0,1,1,0,0
858,-0.284020766495379,0,1,0,1,0,0,0,0,0,0,0,0,0,0,0,0,0,0,1,1,1,1,0,0,0
859,0.157328966390797,0,1,0,1,0,1,1,0,1,1,1,1,1,1,0,0,0,0,1,0,1,0,0,1,0
860,-0.583076010582465,0,0,0,0,0,1,0,1,1,0,1,0,0,0,0,0,0,0,0,1,1,1,1,0,1
861,1.86542482191227,1,1,1,1,1,0,1,0,1,1,1,1,1,0,1,0,0,1,1,1,1,1,0,1,0
862,1.31940487288936,0,1,0,1,1,1,1,1,0,0,1,1,1,1,1,0,0,1,1,1,1,0,1,1,1
863,0.495249455203797,0,1,0,1,0,1,1,0,0,1,1,0,1,0,0,0,0,0,0,1,1,1,1,0,1
864,-0.723988272148636,0,1,1,1,0,1,0,0,0,0,1,1,1,0,0,0,0,0,1,0,1,0,1,0,0
865,-0.934725485877967,0,1,0,1,0,0,0,1,0,0,1,0,1,0,0,0,0,0,1,1,0,0,1,1,0
866,-0.0422417740861868,1,0,1,1,0,0,1,0,0,0,1,1,0,0,0,0,0,0,1,0,1,1,1,1,0
867,1.55306047667181,1,1,1,1,1,1,0,1,1,1,1,0,1,0,0,1,0,0,1,1,1,1,1,1,0
868,-0.919583177388973,0,1,1,0,0,1,0,0,0,0,1,0,1,0,0,0,0,0,0,0,0,1,1,1,1
869,-1.51512343212117,0,1,0,0,0,0,0,0,0,0,1,0,1,0,0,0,0,0,0,0,0,0,0,0,1
870,-0.310715302268059,0,1,0,1,0,0,0,0,1,0,1,1,1,0,0,0,0,0,1,0,0,1,0,1,1
871,-0.326494767265655,0,1,1,1,0,1,0,0,1,0,1,1,1,0,0,0,0,0,0,1,0,0,1,1,1
872,-0.407984031664824,0,1,1,1,0,0,0,0,0,1,1,1,1,0,1,0,0,0,1,0,0,1,0,1,1
873,0.0860819597040154,0,1,1,1,0,1,1,0,1,0,1,0,1,0,1,0,0,0,1,0,1,0,1,1,1
874,0.471069328731919,1,0,0,1,0,0,1,0,1,0,1,1,1,0,0,0,0,0,1,1,1,1,1,1,1
875,-0.142169567725203,0,1,1,1,0,1,0,0,0,1,0,0,1,0,0,0,0,0,1,1,1,1,1,1,1
876,1.38238013914682,1,1,1,1,1,1,1,1,1,1,1,1,1,1,0,0,0,0,0,1,1,1,1,1,0
877,-1.84858567588679,0,1,0,0,0,1,0,0,1,1,1,0,1,0,0,0,0,0,0,0,0,1,0,0,1
878,-0.00094779700281045,1,1,1,1,0,0,0,0,1,0,1,1,1,0,1,0,0,0,1,0,1,1,1,0,0
879,0.130844311738452,0,1,1,1,0,1,1,0,1,0,1,1,1,0,0,0,0,0,1,1,1,1,0,1,0
880,0.343487820418079,1,1,0,1,0,1,1,0,0,0,1,0,0,1,0,0,0,0,0,0,1,0,1,0,1
881,1.73089340362739,0,1,1,1,0,1,0,1,0,1,1,1,1,1,1,0,0,1,0,1,1,1,0,1,0
882,0.713517041938272,0,1,1,1,0,1,0,0,1,1,1,1,1,0,1,0,0,0,1,0,1,1,1,1,1
883,0.0677931159520216,0,1,1,1,0,0,0,0,1,0,1,0,1,0,1,0,0,0,1,1,1,1,1,1,1
884,-0.607777688850526,1,0,1,0,0,1,0,0,0,0,1,0,1,1,0,0,0,1,1,1,1,0,0,0,0
885,0.719871375890222,1,1,0,1,1,1,0,1,1,0,1,1,1,0,1,0,0,1,1,1,1,1,1,1,1
886,-1.41842424860132,0,1,0,1,0,1,0,0,0,0,1,0,1,0,0,0,0,0,0,1,0,1,1,0,0
887,-1.55033532340709,0,0,1,1,0,0,0,0,1,0,1,0,1,0,0,0,0,0,0,1,0,1,0,0,1
888,-0.599900226014934,0,1,1,1,0,0,1,1,0,0,1,0,0,0,0,0,0,0,1,1,1,1,0,1,0
889,1.01412105478005,0,1,1,1,0,1,0,1,0,1,0,0,0,0,0,0,0,0,1,1,1,1,1,1,1
890,-1.22828524739775,0,1,0,1,0,1,0,0,0,1,1,0,1,0,0,0,0,0,1,0,0,1,0,1,1
891,1.31643287635495,1,1,1,1,0,1,1,1,0,1,1,1,1,0,0,0,0,0,1,1,1,1,1,1,1
892,1.54482329758345,1,1,1,1,1,1,1,1,1,0,1,1,1,1,1,0,0,0,1,1,1,0,1,1,1
893,-0.644646916013675,0,1,0,0,0,1,0,0,1,0,1,0,0,0,0,0,0,0,0,1,0,1,1,1,0
894,-0.842494373876125,0,1,0,0,0,1,0,1,0,0,0,0,0,0,0,0,0,0,1,1,1,1,1,1,1
895,0.237178881450244,1,1,1,1,0,1,1,1,0,0,1,0,1,0,0,0,0,0,1,1,0,1,0,1,1
896,0.95912139069792,1,1,1,1,0,0,1,1,0,1,1,1,1,0,0,0,0,0,1,0,0,1,1,1,1
897,-2.34455986522413,0,0,0,0,0,0,0,0,1,0,1,1,0,0,0,0,0,0,0,0,0,1,0,0,0
898,-0.402519282579172,1,0,1,0,0,0,0,0,0,0,0,1,1,0,0,0,0,0,1,1,0,1,1,1,1
899,0.527382180799709,1,1,0,1,0,1,0,0,0,0,1,1,1,0,1,0,0,0,1,1,1,0,1,1,1
900,0.038705565659553,0,1,0,1,0,1,0,0,0,0,1,1,1,0,0,0,0,0,1,1,1,1,1,1,1
901,-0.0310557852802367,0,1,1,1,0,1,0,0,1,0,1,1,1,0,0,0,0,1,1,1,1,1,1,1,0
902,1.5849187701391,1,1,1,1,1,1,0,0,0,1,1,1,1,0,1,1,0,1,1,1,1,1,1,0,1
903,-0.359857162267755,0,1,1,1,0,1,0,0,0,0,1,0,1,0,0,0,0,0,1,0,0,1,1,0,1
904,-2.64001714025064,0,1,0,0,0,0,0,0,1,0,0,0,0,0,0,0,0,0,0,1,0,0,0,0,0
905,0.696952698104517,1,1,1,1,0,0,0,1,1,1,1,1,1,1,0,0,0,0,1,0,1,1,1,1,0
906,-0.622507762369127,1,1,0,0,0,1,0,0,0,0,1,1,0,0,0,0,0,0,1,1,0,1,0,1,0
907,0.607408962378702,1,0,1,1,0,1,1,1,1,0,1,0,0,1,1,0,0,0,0,1,1,0,1,1,1
908,0.61999926811275,0,0,1,1,1,1,1,0,0,0,1,0,1,0,0,0,0,0,0,1,1,1,1,0,1
909,-1.33243829357379,0,0,0,0,0,0,0,0,0,0,0,0,0,0,0,0,0,0,0,0,1,0,0,1,1
910,0.378747377343555,0,1,1,1,1,1,1,0,0,0,1,1,0,0,0,0,0,0,1,1,1,1,1,1,1
911,-0.278465113705019,0,0,1,1,1,1,0,0,1,0,1,0,1,0,0,0,0,0,1,1,1,0,1,1,1
912,2.46029983164088,1,1,1,1,1,1,1,1,1,1,1,1,1,1,1,1,0,0,0,1,1,0,0,1,1
913,0.572948536349722,0,1,1,1,0,1,0,0,1,1,1,0,1,0,0,0,0,0,1,1,1,1,1,1,0
914,-0.513754760725487,0,1,1,1,0,1,0,0,0,0,0,0,1,0,0,0,0,0,0,1,1,1,1,1,0
915,0.120732163459238,0,0,0,0,0,0,0,0,1,0,1,0,1,0,0,0,0,0,0,0,0,0,0,0,1
916,0.231548707514726,0,1,0,1,1,1,0,0,0,1,1,1,1,0,1,0,0,0,1,1,1,1,0,1,1
917,0.0147934954263779,1,0,1,1,1,0,0,0,1,0,1,1,1,0,0,0,0,0,0,1,0,0,1,1,0
918,0.310906471063093,0,1,1,1,0,1,1,1,1,0,1,1,1,0,1,0,0,0,1,1,1,1,1,1,0
919,-0.165965749752163,0,1,0,0,0,1,0,1,1,1,1,0,1,0,1,0,0,0,1,1,1,1,1,1,0
920,0.17923043380998,0,1,1,1,1,1,0,1,1,0,1,1,1,0,0,0,0,0,1,1,0,0,0,1,1
921,0.772507847929289,0,1,1,1,0,1,1,0,0,0,1,1,1,0,0,0,0,1,1,0,1,1,1,1,0
922,-0.766050792710331,0,1,0,0,0,1,0,0,1,0,0,0,1,0,0,0,0,0,0,1,0,1,1,0,1
923,0.361217100964848,0,1,0,1,0,0,1,0,0,0,1,1,1,0,0,0,0,1,1,0,1,1,1,1,1
924,-0.0917165381354519,1,0,1,1,0,0,0,0,1,0,1,1,1,0,0,0,0,0,1,1,0,1,0,1,1
925,-1.31712036184208,0,1,1,0,0,1,0,0,1,0,0,0,1,0,0,0,0,0,1,0,1,1,0,0,1
926,0.118473261181132,1,1,0,1,0,1,1,1,0,0,1,1,1,0,0,0,0,0,1,1,1,1,1,1,1
927,0.622755237835681,0,1,1,0,0,1,1,0,0,0,0,1,1,1,0,0,0,0,0,1,1,1,1,1,0
928,0.327550975891334,0,0,0,1,0,0,1,1,0,1,1,0,1,0,1,0,0,0,1,1,0,1,0,1,1
929,-0.766196066809929,0,0,1,1,0,0,0,0,0,0,0,0,1,0,0,0,0,0,0,1,1,1,1,0,1
930,-0.376349090125194,0,0,1,1,0,0,0,0,0,1,1,0,1,0,0,0,0,0,1,1,1,1,1,1,1
931,-1.37198194018551,0,0,1,1,0,0,0,0,0,0,0,0,1,0,0,0,0,0,0,0,0,1,0,0,0
932,0.0214034406302697,0,0,0,1,0,0,0,0,1,0,1,1,1,0,0,0,0,0,1,1,1,1,1,0,0
933,-0.321617491030336,0,1,1,1,0,1,0,0,0,0,1,1,1,0,1,0,0,0,0,1,1,0,1,1,0
934,-0.644597443147702,0,1,0,1,0,0,1,1,1,0,1,0,1,0,0,0,0,0,1,1,1,1,1,0,0
935,-1.03621204940444,0,1,1,0,0,1,0,0,0,0,1,0,1,0,0,0,0,0,1,1,0,1,1,0,1
936,-0.661532497203258,0,0,0,1,0,1,0,0,0,0,0,1,1,0,0,0,0,0,1,1,0,1,1,0,1
937,-0.704421693319445,0,1,0,1,0,1,0,1,1,0,1,0,1,0,0,0,0,0,1,1,0,1,0,1,1
938,-0.728042896674866,0,1,1,0,0,1,0,1,0,0,0,0,1,0,0,0,0,0,1,1,0,1,0,1,1
939,-1.28188678515073,0,1,1,0,0,0,1,0,0,0,1,0,1,0,0,0,0,0,0,1,0,1,1,0,0
940,0.354201258068131,0,0,1,1,1,1,0,1,1,1,1,0,1,1,0,0,0,0,0,0,1,1,1,0,1
941,0.638104506643769,1,1,1,1,0,1,0,1,1,0,1,1,1,0,0,0,0,0,1,1,1,1,0,1,1
942,-0.660995468002536,0,1,1,1,0,1,0,0,0,0,1,1,1,0,0,0,0,0,1,1,1,1,1,1,1
943,0.0810344059121595,0,1,0,0,1,1,1,0,0,1,1,0,1,0,1,0,0,1,1,1,1,1,1,1,1
944,1.75197845078981,1,1,1,1,1,1,1,1,1,1,1,1,1,1,1,1,0,1,1,1,1,1,1,1,1
945,0.36060477259262,1,1,1,1,1,1,0,0,0,0,1,1,0,0,0,0,0,0,1,1,1,0,0,1,0
946,0.439199927348904,0,0,1,1,0,1,0,0,1,1,1,1,1,0,1,0,0,0,1,0,0,1,0,0,1
947,-2.08146290783997,0,0,0,0,0,0,0,0,1,0,0,0,0,0,0,0,0,0,1,1,0,1,0,0,1
948,1.13616064582046,0,1,1,1,0,1,1,0,1,1,1,1,1,1,0,0,0,0,1,1,1,1,1,1,1
949,0.348591041545053,1,1,0,1,0,0,1,0,0,1,1,0,1,0,0,0,0,0,1,1,1,1,0,1,0
950,0.597681765436936,0,1,1,1,0,1,1,1,0,0,0,0,1,0,1,0,0,0,0,1,1,1,0,1,1
951,1.11632926601005,1,1,1,1,0,1,0,1,0,1,1,1,1,1,0,1,0,0,1,1,1,1,0,1,1
952,0.430436026303164,0,1,1,1,1,1,1,0,1,1,1,1,0,1,0,0,0,0,0,1,0,0,1,0,1
953,-0.327327795129114,0,1,1,1,0,1,1,1,0,0,1,0,1,0,0,0,0,0,0,1,0,1,0,1,0
954,0.259159407364944,1,1,0,0,0,1,0,0,1,0,1,1,1,0,1,0,0,0,1,0,1,1,1,1,1
955,0.0337811463052486,0,1,1,0,0,0,1,0,1,1,1,0,1,0,1,0,0,0,1,1,1,0,1,1,1
956,-0.480065047240465,0,1,1,1,0,1,0,0,1,0,1,0,1,0,0,0,0,0,1,1,1,1,0,1,1
957,-1.41984697786664,0,1,1,0,0,0,0,0,1,0,1,0,1,0,0,0,0,0,1,0,0,0,1,1,1
958,0.428676283974539,1,1,0,1,0,1,0,0,0,1,1,1,1,1,0,0,0,0,1,0,0,1,0,1,1
959,-0.575924580474478,0,1,1,1,0,0,0,0,0,1,1,0,1,0,0,0,0,0,1,1,1,1,0,0,1
960,-0.229077257291921,0,1,0,1,0,1,1,1,1,0,1,1,1,0,0,0,0,0,1,1,1,1,0,0,1
961,0.104398122728501,0,1,1,1,0,1,0,1,0,0,1,1,0,0,1,0,0,0,1,1,0,1,1,0,0
962,0.83441588168758,1,1,1,0,1,1,0,1,1,0,1,1,1,0,1,0,0,0,1,1,1,1,1,0,0
963,-0.670123091184838,0,0,0,1,0,1,0,0,1,0,1,1,0,0,0,0,0,0,1,1,0,0,1,0,0
964,0.771782950528492,0,1,1,1,1,0,0,0,1,1,1,1,1,1,0,0,0,1,0,1,1,1,1,1,1
965,-1.57910489045853,0,1,1,0,0,0,0,0,1,0,0,0,1,0,0,0,0,0,0,0,0,1,0,0,0
966,2.31017097970535,1,1,0,1,1,1,1,1,1,1,1,1,1,1,1,1,1,1,1,1,1,1,1,1,1
967,0.327551716097499,0,1,0,1,1,1,0,0,1,0,1,1,1,1,0,0,0,0,1,1,0,1,0,1,1
968,-0.0758860644109075,0,1,0,1,0,0,1,0,1,1,1,1,0,0,0,0,0,0,0,0,0,0,1,1,0
969,0.360869110772763,0,1,1,0,0,0,0,1,0,0,1,0,1,0,0,0,0,0,1,1,1,1,1,1,1
970,-0.567085486585995,0,0,0,1,1,0,0,0,1,0,1,1,1,0,0,0,0,0,0,0,1,1,0,0,1
971,1.39795502561728,0,1,0,0,0,1,1,0,1,1,1,1,1,1,0,0,0,0,0,1,0,1,0,1,1
972,0.252894294588287,0,1,0,1,0,1,1,1,0,1,1,0,0,0,0,0,0,0,1,1,1,0,1,0,1
973,0.154100199284504,0,0,1,1,0,0,0,1,1,1,1,0,1,0,1,0,0,0,1,1,1,0,1,0,0
974,-1.02673905341173,0,1,1,0,0,1,0,0,0,0,0,0,1,0,0,0,0,0,0,1,0,0,0,0,0
975,0.0918014662285296,0,1,0,1,0,1,0,0,1,0,1,0,1,0,0,0,0,0,0,1,0,1,0,0,1
976,0.081692440722494,0,1,1,1,0,1,1,0,1,0,1,1,1,0,1,0,0,0,1,1,1,0,1,1,1
977,1.25835367444949,1,1,1,1,0,1,1,1,1,1,1,1,1,1,1,0,0,0,1,1,1,0,1,0,0
978,-2.16500546161311,0,1,0,1,0,0,0,0,1,0,0,0,0,0,0,0,0,0,0,1,0,1,1,0,0
979,-0.169888680796254,0,1,1,1,0,1,0,0,0,1,1,0,1,0,0,0,0,0,1,1,0,1,1,1,1
980,1.80796120688887,0,1,1,1,0,1,1,1,0,1,1,1,1,1,1,0,0,0,0,1,1,1,0,1,1
981,-0.300493437051866,0,1,1,0,1,1,1,0,0,0,0,0,1,0,0,0,0,0,0,1,1,1,0,1,0
982,-0.655427072089764,0,1,1,1,0,1,0,1,0,0,1,1,1,1,0,0,0,0,1,1,1,1,1,0,1
983,1.63657490594123,1,1,1,1,1,1,1,0,1,1,1,1,1,1,1,0,0,0,1,0,1,1,1,1,1
984,-1.39514185186333,0,1,0,0,0,0,0,0,0,0,0,0,1,0,0,0,0,0,0,1,1,0,0,0,1
985,-0.930808645023406,0,1,1,1,0,0,0,0,0,0,1,1,0,0,1,0,0,0,1,0,1,0,1,0,0
986,0.604445898073941,0,1,0,0,0,1,0,0,0,0,1,1,1,0,1,0,0,0,1,1,1,1,0,1,1
987,1.35396230262719,1,1,1,1,0,1,1,1,1,0,1,1,1,1,0,0,0,1,1,1,0,1,1,1,1
988,-0.0755983844480763,0,0,1,1,0,1,0,0,1,1,1,1,0,0,0,0,0,0,1,1,1,0,1,1,0
989,1.05573931724347,1,1,1,1,0,1,1,1,1,1,1,1,1,0,0,0,0,0,1,1,0,0,1,1,1
990,0.37886024761523,1,1,1,1,1,1,1,1,0,0,0,1,0,0,0,0,0,0,1,1,1,1,1,1,0
991,2.45270668296912,1,1,1,1,0,1,0,1,1,1,1,1,1,1,1,1,1,1,1,1,1,1,1,1,1
992,-0.12114006460835,0,1,1,0,0,1,1,0,1,0,1,0,1,0,1,0,0,0,0,1,0,1,1,0,0
993,-1.63341784775889,0,1,0,1,0,1,0,0,1,0,0,0,1,0,0,0,0,0,0,1,0,1,1,1,0
994,-1.17469413992874,0,0,1,1,0,0,0,0,1,0,0,0,1,0,0,0,0,0,0,0,0,1,0,0,1
995,0.160778473902673,0,0,1,1,1,1,1,1,0,1,1,1,1,0,0,0,0,0,1,1,1,0,0,1,1
996,0.762922592723464,1,1,1,1,0,0,0,0,1,1,1,1,0,1,1,0,0,0,1,1,0,1,0,1,0
997,0.632581085361683,0,1,1,1,1,1,1,0,1,1,1,0,1,0,1,0,0,0,1,1,1,1,1,1,1
998,0.520794078995695,0,1,1,1,0,1,0,1,1,0,1,1,1,1,0,0,0,0,1,1,0,1,1,0,1
999,1.13141474858963,1,1,0,1,0,1,1,1,1,1,1,1,1,0,1,0,0,1,1,1,1,1,1,1,1
1000,0.597204331799877,0,1,1,1,0,1,0,1,0,0,1,1,1,0,0,0,0,0,1,1,1,1,1,0,0
1001,-0.851816072015645,0,1,1,1,0,1,1,0,0,0,0,0,1,0,0,0,0,0,0,1,1,0,1,0,1
1002,0.219521701820355,0,1,0,1,0,1,0,0,1,1,0,0,0,0,0,0,0,0,1,1,0,0,1,1,0
1003,-0.0333384110168368,0,0,0,0,1,1,0,0,1,0,0,1,1,0,1,0,0,0,1,1,1,1,1,0,0
1004,-1.14440742688713,0,0,0,0,0,1,0,0,1,0,0,0,1,0,0,0,0,0,1,1,1,1,0,0,1
1005,-0.508508845117711,0,1,1,1,0,0,0,0,1,0,1,1,1,0,1,0,0,0,1,0,1,0,0,0,1
1006,-0.0383767883033687,0,1,0,1,0,1,1,1,1,0,0,1,1,0,0,0,0,0,1,1,1,1,1,0,0
1007,0.293101175196308,1,1,0,1,0,0,0,0,1,0,1,1,0,0,0,0,0,0,1,0,1,1,1,0,1
1008,0.00792822308987325,0,1,0,1,0,1,0,0,1,0,1,1,1,0,0,0,0,0,1,1,1,1,0,0,1
1009,-0.370955086928024,0,1,1,1,0,0,0,0,0,0,1,0,1,0,0,0,0,0,0,1,1,1,0,1,0
1010,1.97072867789137,1,1,1,1,0,1,1,1,1,1,1,1,1,1,1,1,0,1,1,1,1,1,1,1,1
1011,-1.9274737795855,0,1,1,0,0,0,0,0,1,0,1,0,1,0,0,0,0,0,0,0,0,1,1,1,0
1012,-1.33868261167574,0,1,1,1,0,1,0,0,0,0,1,1,1,0,0,0,0,0,0,1,0,0,0,0,0
1013,-0.123347387489214,0,0,1,0,0,0,0,0,0,1,1,1,1,0,0,0,0,0,1,1,0,1,1,1,1
1014,-0.210595906234876,0,1,1,1,1,1,1,0,1,0,1,0,0,0,0,0,0,0,0,1,1,0,1,1,0
1015,-0.280655966349447,0,1,1,0,0,0,0,1,1,0,0,0,1,0,0,0,0,0,1,1,1,0,1,1,1
1016,-1.88290351036816,0,1,1,0,0,0,0,0,0,0,0,0,1,0,0,0,0,0,1,0,1,1,0,1,1
1017,-0.868444989409392,0,1,0,0,1,0,0,0,0,0,1,0,1,0,1,0,0,0,1,0,0,0,0,0,1
1018,0.000850368523335901,0,0,1,1,1,1,0,1,0,0,1,1,1,0,1,0,0,0,1,0,0,1,1,1,0
1019,-0.3414304787418,0,1,1,1,0,1,0,1,0,0,1,1,1,0,0,0,0,0,1,1,1,0,1,1,0
1020,0.883019663811439,1,0,1,1,0,1,1,0,0,0,1,1,1,0,0,0,0,1,1,1,1,1,1,1,1
1021,-0.532496000789455,0,1,1,1,0,1,0,0,0,0,0,0,0,0,0,0,0,0,1,1,0,1,0,0,1
1022,-1.62698783470745,0,1,0,0,0,1,0,0,1,0,0,0,0,0,0,0,0,0,0,1,0,0,1,0,0
1023,-1.08288645656032,0,0,0,0,1,1,0,0,1,0,1,0,1,0,0,0,0,0,0,1,1,1,0,1,1
1024,0.435921646996117,0,1,1,1,0,0,1,0,1,0,1,0,0,0,1,0,0,0,1,1,1,1,0,1,1
1025,-2.27012825475341,0,0,0,0,0,0,0,0,0,0,0,0,1,0,0,0,0,0,0,0,0,0,0,0,0
1026,1.37736819210309,1,1,1,1,1,1,1,1,1,0,1,1,1,1,1,1,0,0,1,1,1,1,0,1,1
1027,0.720421193229581,0,1,0,1,0,1,0,1,1,1,0,1,1,0,1,0,0,1,1,1,1,1,1,1,1
1028,0.690264936230872,1,0,1,1,1,0,0,1,0,0,1,1,1,0,0,0,0,0,1,0,1,1,1,1,1
1029,0.83464435178799,1,1,0,1,1,1,1,1,1,1,1,0,1,0,1,0,0,1,1,1,0,1,0,1,1
1030,0.214836097984175,0,1,0,1,0,1,0,0,1,1,1,1,1,0,1,0,0,0,1,1,0,1,1,1,1
1031,-1.20293452674557,0,1,0,1,0,1,0,0,1,0,0,0,1,0,0,0,0,0,0,1,1,1,0,0,0
1032,0.170291799283484,1,1,0,1,0,1,0,0,0,0,1,1,1,0,1,0,0,0,1,1,1,0,0,1,0
1033,0.513525735754918,1,1,1,1,1,1,1,0,1,1,1,1,1,0,0,0,0,0,1,1,1,0,0,1,1
1034,0.714248268154797,1,1,1,1,0,0,1,1,0,1,1,1,1,1,0,0,0,1,1,1,1,1,1,1,1
1035,-0.495198824414587,0,0,1,1,0,0,0,0,0,0,1,0,1,0,1,0,0,0,0,1,1,1,0,1,1
1036,-1.05111051175393,1,1,0,0,0,1,0,0,0,0,0,1,1,0,1,0,0,0,1,0,1,0,0,0,0
1037,-1.57570339963415,0,1,0,1,0,0,0,1,1,0,0,1,1,0,1,0,0,0,0,1,0,0,0,1,1
1038,1.65291123458304,1,1,0,1,0,1,1,0,1,1,1,1,0,1,1,0,0,1,1,1,1,1,1,1,0
1039,-0.618995770411629,0,1,1,1,0,1,0,0,1,0,1,0,1,0,0,0,0,0,1,0,1,0,0,1,1
1040,0.294077044545495,1,0,1,1,0,1,0,0,0,0,1,1,0,0,1,0,0,0,0,1,1,1,0,1,1
1041,0.886172065324447,0,1,1,1,0,1,1,0,1,1,1,1,1,0,1,0,0,1,0,0,1,0,1,1,1
1042,-1.0459616168069,0,0,1,0,0,1,1,0,1,0,0,0,1,0,0,0,0,0,1,0,1,0,0,0,1
1043,0.622104728720198,0,1,1,1,0,0,0,1,0,1,1,1,1,0,0,0,0,1,0,1,1,0,1,1,0
1044,-0.42576942926614,0,1,0,1,0,0,1,0,1,1,0,1,0,1,1,0,0,0,0,1,0,1,0,1,1
1045,0.353703022641891,1,1,0,1,0,1,1,1,1,1,1,0,1,0,1,0,0,0,0,0,1,1,1,1,1
1046,0.997302151667562,1,1,1,1,1,1,0,0,1,1,1,0,1,0,1,0,0,1,1,0,1,1,1,1,1
1047,0.647401407565284,1,1,1,1,1,0,0,1,1,0,1,1,1,0,0,0,0,0,1,1,1,1,0,1,1
1048,0.658413487157515,1,1,1,1,0,0,0,0,1,1,1,1,1,0,0,0,0,0,1,0,1,1,1,1,0
1049,1.4530976960682,1,1,1,0,1,1,1,1,1,1,1,1,1,1,1,0,0,1,1,0,1,1,1,1,1
1050,-1.49208287598494,0,0,1,0,0,1,0,0,1,0,0,0,0,0,0,0,0,0,0,0,1,0,0,0,1
1051,0.19139956649981,0,1,1,1,0,1,0,1,1,0,1,1,1,1,1,0,0,0,0,1,1,1,1,1,1
1052,0.707560335967851,1,1,0,1,1,1,1,1,1,1,1,1,1,0,0,0,0,0,1,1,1,1,1,1,0
1053,-0.144205178116759,0,0,1,1,0,1,0,1,1,1,1,1,1,0,0,0,0,0,1,0,1,1,1,1,1
1054,-0.0567579473054191,0,1,0,1,0,1,0,0,1,0,1,1,1,1,0,0,0,0,1,1,1,1,0,0,0
1055,-1.72943647074776,0,0,1,0,0,1,0,0,0,0,1,0,1,0,0,0,0,0,1,0,1,1,1,0,0
1056,1.53361442514907,1,1,1,1,1,1,0,1,1,1,1,1,1,1,0,0,0,0,1,1,0,1,0,1,1
1057,-0.29055370367354,0,0,1,1,0,1,0,0,0,0,1,0,1,0,0,0,0,0,1,0,0,0,0,0,1
1058,-0.572733530056503,0,0,0,0,0,0,0,0,1,0,0,0,0,0,0,0,0,0,0,1,0,0,1,1,0
1059,-1.9437140690295,0,1,0,0,0,1,0,0,0,0,0,0,1,0,0,0,0,0,0,1,0,0,1,1,0
1060,0.421891084535114,0,1,0,1,0,1,0,1,1,1,1,1,1,0,1,0,0,0,1,0,1,1,1,1,1
1061,-0.407810791146831,0,0,1,1,0,1,0,0,0,0,1,0,1,1,0,0,0,0,1,0,1,0,1,0,1
1062,0.829655087083299,1,1,1,1,0,1,0,1,1,0,1,1,1,0,1,0,0,0,0,1,1,1,1,1,1
1063,0.271978169887532,1,1,1,1,0,0,0,0,0,1,1,1,1,0,0,0,0,0,1,0,1,1,1,1,1
1064,0.548433661005607,0,1,0,1,0,1,1,0,1,1,1,1,0,1,1,0,0,0,0,1,1,1,1,1,0
1065,-1.46926383225934,0,1,1,1,0,1,0,0,1,0,0,1,0,0,0,0,0,0,0,0,0,0,0,0,1
1066,-0.441972322955781,1,1,0,1,0,1,0,0,1,0,1,0,1,0,0,0,0,0,0,1,0,0,1,1,1
1067,1.18461179216738,0,0,1,1,0,1,1,0,1,1,1,1,1,1,1,0,0,1,1,0,1,1,0,1,0
1068,-0.872717825482409,0,0,0,0,0,1,0,0,0,0,0,1,1,0,0,0,0,0,1,1,1,1,1,1,1
1069,-2.14288021229976,0,0,1,0,0,1,0,0,0,0,0,0,0,0,0,0,0,0,0,1,0,0,0,0,1
1070,1.5001643994677,0,1,1,1,1,1,1,0,0,0,1,1,1,1,1,0,0,0,1,1,1,0,0,1,1
1071,-0.219448176319211,0,1,1,1,0,1,0,0,1,0,1,1,1,0,0,0,0,0,1,1,0,1,0,1,0
1072,0.729216769190674,1,1,0,1,1,1,1,0,1,0,1,1,1,1,0,0,0,1,0,1,1,0,1,1,1
1073,1.54591431941629,0,1,1,1,1,1,1,1,1,1,1,1,1,0,1,0,0,0,1,1,1,1,1,1,1
1074,1.13907022366391,0,1,1,1,0,1,0,1,1,0,1,0,1,1,1,1,0,0,1,1,0,1,1,1,1
1075,0.991820304768688,1,1,0,1,0,1,0,0,1,0,1,1,0,1,0,0,0,0,1,1,1,1,1,1,1
1076,-1.10140325671639,0,1,0,1,0,0,0,0,1,0,0,0,1,0,0,0,0,0,1,1,1,0,0,0,1
1077,0.441291017702831,0,1,1,1,0,1,0,0,1,1,1,1,1,0,0,0,0,0,0,0,0,1,1,1,1
1078,-0.0574535089337123,0,1,0,0,0,1,0,1,1,0,1,1,1,0,1,0,0,0,1,1,0,1,1,1,1
1079,-0.881745055300382,0,1,0,1,0,0,0,0,0,0,0,1,1,0,0,0,0,0,0,1,0,0,1,0,1
1080,-0.31975004006609,0,0,0,1,0,1,0,0,1,0,1,1,1,0,0,0,0,0,1,1,1,1,0,1,1
1081,-0.657805624692151,0,1,1,1,0,1,0,0,0,0,1,0,0,0,0,0,0,0,1,1,0,0,0,1,1
1082,0.626938203605154,0,1,1,1,1,1,0,1,0,0,1,1,0,0,1,0,0,0,1,0,1,1,1,1,1
1083,1.00117317539987,1,1,1,1,1,1,1,0,1,1,1,1,1,0,1,1,0,0,1,1,1,1,1,1,1
1084,-0.725507685305652,0,0,0,0,0,1,0,0,0,0,1,0,0,0,0,0,0,0,0,0,0,1,0,1,1
1085,0.365509932142045,0,1,0,1,0,1,0,0,1,1,1,1,1,1,1,0,0,0,1,1,1,1,0,1,1
1086,0.864235672718671,1,1,1,1,0,0,1,1,1,1,1,0,1,0,0,0,0,1,1,1,1,1,1,1,0
1087,0.494455590475853,1,0,1,1,0,1,0,0,1,0,1,0,1,1,0,0,0,1,1,1,1,1,0,1,1
1088,1.25273604560704,1,1,0,1,0,1,1,1,1,1,0,0,1,0,0,0,0,0,1,1,0,1,0,1,1
1089,0.0208214109939169,0,1,1,1,0,1,0,0,1,0,1,1,1,0,0,0,0,0,1,1,1,0,0,1,1
1090,0.652879649745085,0,1,1,1,1,0,0,0,1,1,1,1,1,0,1,0,0,0,0,1,1,1,1,1,1
1091,-1.15110208723252,0,0,1,0,0,0,0,0,1,0,1,0,1,0,0,0,0,0,1,1,0,1,0,0,1
1092,0.0889849094198994,0,1,0,1,0,1,0,0,1,1,0,0,1,0,1,0,0,0,1,0,1,1,1,1,1
1093,-0.373386625151119,1,1,1,0,1,1,0,0,1,0,0,1,1,0,1,0,0,0,1,0,1,0,0,1,0
1094,1.09191878664289,0,1,0,1,0,1,0,0,1,1,1,1,1,1,0,0,0,0,1,1,1,1,1,1,1
1095,1.218067314836,0,1,0,1,1,1,0,1,1,1,1,1,1,1,1,0,1,0,1,1,1,1,1,1,0
1096,1.03657925508067,0,1,1,1,1,1,1,1,1,0,1,0,1,0,0,0,0,0,1,1,1,1,0,0,1
1097,-1.07204238438215,0,1,1,0,0,1,0,0,0,0,1,0,0,0,0,0,0,0,1,0,0,0,0,0,1
1098,0.941351809297823,1,1,1,1,0,1,1,1,1,1,0,1,1,0,0,0,0,0,0,1,1,1,1,1,1
1099,0.121220163983058,0,1,1,1,0,1,1,1,1,1,1,0,0,0,0,0,0,0,1,1,1,0,1,0,1
1100,0.242394025402561,0,0,0,1,0,0,0,0,1,1,1,1,0,0,0,0,0,0,1,0,0,1,0,0,0
1101,-0.0755602387490373,0,1,1,1,0,1,0,0,1,0,1,1,1,0,0,0,0,1,1,0,1,1,1,0,0
1102,0.343912397450081,1,1,1,1,0,0,0,0,0,1,1,0,1,1,0,0,0,1,0,1,1,1,0,1,1
1103,-0.319287644893967,0,1,0,1,0,0,0,0,0,0,0,0,0,0,0,0,0,0,1,1,1,0,1,1,0
1104,0.842319854851557,1,1,1,1,1,1,1,0,1,0,1,1,1,0,1,0,0,1,1,1,0,1,1,0,1
1105,1.86821345089443,1,0,1,1,1,1,1,1,1,1,1,1,1,0,1,1,0,0,1,1,1,1,1,1,1
1106,-0.65471306689613,0,1,1,0,0,1,0,1,1,0,1,0,1,0,0,0,0,0,1,0,1,1,0,1,1
1107,-0.365637165445722,0,1,1,1,0,1,0,0,1,0,1,0,1,0,0,0,0,0,1,1,1,0,1,0,1
1108,0.799903012036113,0,1,0,1,0,1,1,0,1,1,1,1,1,0,1,0,0,0,0,1,0,1,1,1,0
1109,0.446218464176787,0,1,1,1,1,1,0,0,1,1,1,0,1,0,0,0,0,0,0,1,1,1,1,1,0
1110,-0.855196134441706,0,0,0,1,0,0,0,0,0,0,1,0,0,0,0,0,0,0,0,1,0,1,1,0,0
1111,-1.56675393587805,0,1,0,0,0,0,1,0,1,0,1,1,0,0,0,0,0,0,0,1,1,1,0,0,1
1112,-1.809806303176,0,0,0,0,0,0,0,0,0,0,1,0,0,0,0,0,0,0,1,0,1,1,0,1,1
1113,-0.680947037539516,0,1,0,1,0,1,0,0,0,1,1,0,1,0,0,0,0,0,0,0,1,1,1,0,0
1114,0.582041622814917,1,1,1,1,0,1,1,0,1,1,1,1,1,0,0,0,0,0,1,1,1,1,0,1,0
1115,1.36131757156145,0,0,1,1,0,1,1,0,0,1,1,1,1,1,1,0,0,1,1,0,0,1,1,1,1
1116,-0.501137258576674,0,1,1,1,0,1,0,0,1,0,1,0,1,0,1,0,0,0,1,0,0,1,0,0,0
1117,0.126176912496795,0,1,0,1,0,1,0,0,1,1,1,1,1,0,1,0,0,0,1,1,0,1,1,1,0
1118,0.0441138745502089,0,0,1,1,1,0,1,1,1,0,1,1,1,0,1,0,0,0,1,1,1,1,0,1,1
1119,0.697364164544179,1,1,0,1,1,0,1,0,1,0,1,1,1,0,0,0,0,0,1,0,1,1,1,1,1
1120,1.55893732583494,1,1,1,1,0,1,1,1,1,1,0,1,1,1,0,0,0,0,1,1,1,1,1,1,1
1121,0.0499273740283436,0,1,0,1,0,1,0,0,1,1,1,1,1,0,0,0,0,0,1,0,0,1,1,1,1
1122,-0.157402113430388,0,1,0,1,1,1,0,0,0,0,1,0,1,0,0,0,0,0,0,1,0,1,1,0,1
1123,2.55967139587141,1,1,1,1,1,0,1,1,0,1,1,1,1,0,1,1,1,1,1,1,1,1,0,1,1
1124,-0.94711732714309,0,0,1,0,0,1,0,1,1,0,1,1,1,0,0,0,0,0,0,1,1,0,0,0,1
1125,0.408336244757443,0,1,0,1,0,0,0,0,1,0,1,0,1,0,1,0,0,0,1,1,1,1,1,0,0
1126,-0.723289284965664,0,1,1,1,0,1,0,0,1,0,1,0,1,0,0,0,0,0,0,1,1,1,1,0,0
1127,-0.765514845233102,0,1,0,0,0,0,0,0,1,0,1,0,1,1,0,0,0,0,1,0,1,0,0,0,1
1128,-1.40871800362175,0,1,0,1,0,1,0,0,1,0,1,0,1,0,0,0,0,0,0,0,0,0,0,1,0
1129,-0.0109252092949388,0,1,1,1,0,1,1,0,1,0,1,1,1,1,1,0,0,0,0,1,0,1,1,1,1
1130,-0.566578714875678,1,0,0,1,0,1,0,0,1,0,1,1,1,0,0,0,0,0,1,1,0,0,0,1,1
1131,-0.456249494136377,0,0,0,1,0,0,0,0,1,0,1,0,0,1,1,0,0,0,0,1,0,0,1,1,0
1132,-0.593682613614098,0,1,1,1,0,1,0,0,0,0,1,1,1,0,0,0,0,0,1,1,1,1,0,0,1
1133,0.285360075442401,0,1,1,1,0,1,0,0,1,0,0,1,1,0,0,0,0,0,0,1,0,1,1,1,1
1134,-0.224152777353802,0,1,0,1,0,1,0,0,0,0,0,0,1,0,0,0,0,1,0,1,1,1,0,1,1
1135,1.37679065351291,1,1,1,1,0,1,1,1,1,1,1,0,1,1,1,0,0,0,1,1,1,1,1,1,1
1136,-0.636339328363637,0,1,0,1,0,1,0,1,0,0,1,1,1,1,0,0,0,0,0,0,0,0,0,0,0
1137,0.186561300036872,1,1,1,1,0,1,1,0,0,0,0,1,0,1,1,0,0,0,0,0,1,0,1,1,1
1138,0.530377421696969,0,1,0,1,0,0,0,0,1,1,1,0,1,0,0,0,0,0,0,1,1,1,0,0,0
1139,0.711371476504488,1,0,1,0,0,1,1,0,1,1,1,0,1,1,0,0,0,0,1,0,1,1,1,0,1
1140,1.1006584460676,0,0,1,0,0,1,0,0,1,1,0,1,1,0,0,0,0,0,1,1,0,1,0,1,1
1141,-0.834695832079742,0,1,0,1,0,1,0,0,1,0,0,0,1,0,1,0,0,0,0,1,0,1,0,0,0
1142,-0.335318213363625,0,1,0,1,0,0,0,0,1,0,1,1,1,0,0,0,0,0,0,0,1,0,1,1,1
1143,-0.585010883357474,1,0,0,0,0,0,0,1,1,0,0,0,1,0,0,0,0,0,0,1,1,1,1,1,1
1144,0.569459882406683,0,1,0,1,1,0,0,0,0,0,1,1,1,0,1,0,0,0,1,0,1,1,1,1,1
1145,1.12576556085993,1,1,1,1,1,0,1,0,1,1,0,1,1,0,1,0,0,0,1,1,1,1,0,0,1
1146,0.529629823543283,0,1,1,1,1,1,1,1,0,0,1,1,1,1,1,0,0,0,1,1,1,0,0,1,1
1147,0.963254426025857,0,1,1,1,0,1,1,0,0,1,1,0,1,1,1,0,0,0,1,1,1,1,1,0,0
1148,-1.79439961469275,0,1,1,0,0,1,0,0,1,0,1,0,0,0,0,0,0,0,1,1,1,0,0,1,0
1149,0.0570853679519652,0,1,1,1,0,1,0,1,0,0,1,0,1,0,0,0,0,0,1,1,1,1,0,1,0
1150,-0.00744251423102291,0,1,0,1,1,0,0,0,1,0,1,0,0,0,0,0,0,0,0,0,0,1,0,1,1
1151,-0.42121373210111,0,0,1,1,0,0,0,1,0,0,1,1,0,0,0,0,0,0,0,1,1,1,0,0,1
1152,-0.566285012057872,0,0,1,1,0,0,0,0,1,0,0,1,1,0,0,0,0,0,0,1,1,0,0,0,0
1153,0.868021105128581,0,1,0,0,1,0,0,0,1,0,1,1,1,1,0,0,0,0,1,1,1,1,0,1,1
1154,-0.641398030405719,0,1,1,1,0,0,0,0,1,0,1,0,0,0,0,0,0,0,1,1,1,0,1,1,0
1155,-0.881741553103725,0,0,0,1,0,1,0,0,0,0,1,0,1,0,0,0,0,0,1,1,1,0,1,1,0
1156,0.421607551199464,1,1,1,1,0,0,0,0,1,0,0,1,1,0,0,0,0,0,0,1,0,0,1,0,1
1157,1.4480322880346,1,1,1,1,1,1,0,1,0,0,1,1,1,1,1,1,0,0,0,1,1,1,1,1,1
1158,0.264585092420663,0,1,1,1,0,1,0,0,1,0,0,0,1,0,0,0,0,0,1,1,1,0,1,0,0
1159,-0.622507084973567,0,1,0,1,0,1,0,0,0,0,1,0,0,0,0,0,0,0,1,0,0,1,0,1,0
1160,0.758525691893124,1,1,1,1,1,1,0,1,0,0,0,1,1,1,0,0,0,0,1,1,1,1,1,0,1
1161,-0.622150568566343,0,1,1,0,0,0,0,0,0,0,1,1,1,0,0,0,0,0,1,1,0,0,0,0,0
1162,-1.05810529735313,0,0,1,0,0,0,0,0,0,0,1,0,1,0,0,0,0,0,0,1,0,1,0,0,0
1163,1.33056862529483,1,0,0,1,1,1,1,1,1,1,1,0,1,1,1,0,0,1,1,1,1,0,1,1,1
1164,-0.679072926169024,0,1,0,1,0,0,0,0,1,0,0,0,1,0,0,0,0,0,0,1,1,1,1,1,1
1165,0.11876171681769,0,1,0,1,0,1,0,1,1,0,1,0,1,0,1,0,0,0,1,1,0,1,1,0,0
1166,-0.0446145750288084,0,0,1,1,0,0,0,0,1,0,1,0,1,0,0,0,0,0,0,0,1,0,1,1,1
1167,0.313365937301447,0,1,0,0,1,0,0,0,1,0,1,1,1,0,1,0,0,0,1,0,1,1,1,0,1
1168,-0.658014410806386,1,1,1,1,0,1,0,0,1,0,1,0,1,0,0,0,0,0,0,0,1,1,1,0,0
1169,0.464539742871367,0,1,0,1,0,0,1,0,1,0,1,0,1,1,1,0,0,0,1,1,1,1,1,1,0
1170,-0.768204083114264,0,1,1,1,0,0,0,0,1,0,1,0,1,0,0,0,0,0,1,1,0,1,0,0,0
1171,1.06003607691343,0,1,1,1,1,0,1,0,1,1,1,1,1,1,1,0,0,1,1,1,1,0,1,1,1
1172,0.453572165737732,1,1,0,1,0,1,0,0,1,1,1,1,1,0,0,0,0,0,1,1,0,1,1,1,1
1173,-1.25353659824515,0,0,0,0,0,1,0,0,1,0,1,0,1,0,0,0,0,0,1,0,0,1,0,0,1
1174,0.408780771762945,0,1,1,1,0,1,0,0,1,0,1,1,1,0,1,0,0,0,1,1,1,1,1,1,0
1175,-0.724243666290212,0,1,0,0,0,1,0,0,1,0,1,0,1,0,0,0,0,0,1,0,0,1,0,0,1
1176,-2.105868594671,0,1,0,0,0,1,0,0,1,0,0,1,0,0,0,0,0,0,1,0,0,1,1,0,0
1177,1.18108511073143,1,1,0,1,1,1,1,1,1,1,1,1,1,0,0,0,0,0,1,1,1,1,0,0,1
1178,-1.20418986162019,0,1,1,1,0,0,0,0,0,0,0,0,1,0,0,0,0,0,1,1,0,1,0,1,0
1179,0.341515084540886,0,1,1,1,0,1,0,0,0,1,1,1,1,0,1,0,0,0,1,1,1,1,1,1,1
1180,1.64492599942014,0,1,1,1,1,1,1,1,1,1,1,1,1,0,1,0,0,1,1,1,1,1,1,1,1
1181,-0.483047158290361,1,0,0,1,1,1,0,0,1,0,0,0,1,0,1,0,0,0,1,1,1,1,0,0,1
1182,-1.22905738004624,0,1,1,1,0,0,0,0,1,0,0,1,0,0,0,0,0,0,0,1,1,0,0,1,0
1183,0.436994433496593,0,1,0,1,0,1,0,1,1,0,1,1,1,0,0,0,1,0,0,1,1,0,1,1,1
1184,-1.0311195248963,0,1,0,0,0,1,0,0,0,0,1,0,0,0,0,0,0,0,1,0,0,1,1,1,1
1185,-1.57744747216754,0,1,1,0,0,0,0,0,1,0,1,0,0,0,0,0,0,0,0,0,0,1,0,0,0
1186,-0.300190373280404,0,0,1,1,0,1,1,0,1,0,1,1,1,0,0,0,0,0,1,0,1,0,1,0,1
1187,0.0938042961419753,0,1,0,1,0,0,0,0,1,0,1,1,0,1,0,0,0,0,0,1,1,1,1,1,1
1188,1.90701598939535,0,1,1,1,1,1,1,1,0,1,1,1,1,1,1,0,0,1,1,1,1,1,1,1,0
1189,-0.197191315478681,0,0,1,1,0,1,0,0,0,0,1,1,1,0,0,0,0,0,1,1,1,0,0,0,1
1190,0.988028335437492,1,1,1,1,1,1,1,0,1,1,1,1,1,0,0,0,0,0,1,0,1,1,1,1,1
1191,0.123538757493806,0,0,1,1,0,0,0,0,1,1,1,0,1,0,0,0,0,0,1,0,1,1,1,1,0
1192,-1.5428146314813,0,0,1,0,0,0,0,0,1,0,0,0,1,0,0,0,0,0,0,1,1,1,0,0,1
1193,0.093552008740472,1,1,0,1,0,0,1,0,0,0,1,1,1,0,0,0,0,0,1,0,1,0,1,1,0
1194,0.315309523858136,1,1,1,1,0,1,0,0,0,0,1,0,1,0,0,0,0,0,0,1,0,1,1,1,0
1195,-0.497307812514805,0,1,0,1,0,0,0,0,0,0,1,1,1,0,0,0,0,0,0,0,0,1,1,1,1
1196,0.629935722490524,1,1,0,1,0,1,0,1,1,1,1,1,1,1,0,0,0,0,0,0,1,1,1,1,1
1197,-0.117505173138281,0,0,0,1,0,1,0,0,1,1,1,1,1,0,0,0,0,0,0,1,1,1,0,0,1
1198,0.163402680943122,0,1,1,1,0,0,0,0,1,0,1,0,1,0,0,0,0,0,0,1,1,0,1,1,0
1199,-0.405468904853579,0,0,1,0,0,0,0,0,1,0,1,1,1,0,0,0,0,0,1,0,1,0,0,1,0
1200,1.19842625877323,0,1,1,1,1,1,0,1,1,1,1,1,1,0,1,0,0,0,1,0,1,1,1,1,1
1201,-0.193653814126922,0,1,0,1,0,0,0,1,0,0,1,1,1,0,0,0,0,0,1,0,1,1,1,0,0
1202,-0.681178366290374,0,1,1,1,0,1,0,0,1,0,1,0,0,0,0,0,0,0,1,1,1,0,1,0,0
1203,-0.625839478427664,0,1,1,1,0,1,0,0,0,0,1,1,1,0,0,0,0,0,1,0,1,1,1,1,1
1204,-0.826980168979744,0,1,0,1,0,1,0,1,1,0,1,0,1,0,0,0,0,0,1,1,0,0,1,1,1
1205,1.74406229021725,1,1,1,1,1,0,1,0,1,1,1,1,1,1,1,1,1,1,1,1,0,1,1,1,1
1206,1.40375454825711,1,1,1,1,0,1,0,0,0,1,0,1,1,0,1,0,0,0,1,1,1,1,1,1,1
1207,-0.41399980130195,0,1,1,1,1,1,0,0,0,0,1,0,1,0,0,0,0,0,1,1,1,1,1,0,1
1208,0.898821993625434,0,1,0,1,1,1,0,0,0,1,1,1,1,1,1,0,0,0,0,1,1,0,1,1,1
1209,1.20368675608811,0,1,0,1,0,1,1,0,1,0,1,1,1,1,1,0,1,0,1,1,1,1,1,1,1
1210,0.680666790687378,1,1,1,1,0,1,1,1,1,1,1,1,1,0,0,0,0,0,1,1,1,0,1,1,0
1211,0.871947372169596,0,1,0,1,1,0,1,1,1,1,1,0,1,1,0,1,0,0,0,1,1,1,1,1,1
1212,0.253150607244541,0,1,0,1,0,1,1,0,0,0,1,1,1,0,1,0,0,0,0,0,1,0,1,1,0
1213,-1.67281528430872,0,0,1,0,0,1,0,0,1,0,0,0,1,0,0,0,0,0,1,0,0,0,0,0,1
1214,0.731950852951621,1,1,1,1,1,0,1,0,1,1,1,1,1,1,1,0,0,0,1,0,0,1,1,1,0
1215,-1.34247515041135,0,1,1,1,0,1,0,0,0,0,1,0,0,0,0,0,0,0,0,0,1,0,0,1,0
1216,0.772940094913255,1,0,0,1,1,1,0,0,0,1,1,1,1,1,1,0,0,0,0,1,0,1,1,1,1
1217,-0.553312118066673,1,1,0,1,0,1,0,0,0,1,1,0,1,0,0,0,0,0,1,1,1,1,0,1,1
1218,-0.30220041530332,1,0,1,1,0,1,1,0,0,0,1,1,1,0,0,0,0,0,1,1,0,1,0,1,0
1219,-1.73010505038881,0,1,0,0,0,0,0,0,1,0,0,0,0,0,0,0,0,0,0,0,0,0,1,0,0
1220,1.58562157767381,1,0,0,1,0,1,1,0,1,1,1,1,1,1,1,0,0,1,0,1,1,1,1,1,1
1221,0.107114153722493,0,1,1,1,0,1,0,0,1,1,0,1,1,0,0,0,0,0,1,1,1,1,1,1,1
1222,1.14845871261579,0,1,1,1,1,0,0,1,1,1,1,1,1,1,0,0,0,1,1,1,1,1,0,1,0
1223,-1.21814543276991,0,1,0,1,0,1,0,0,1,0,0,0,0,0,0,0,0,0,1,0,1,1,0,1,0
1224,0.476923388542528,0,1,1,0,0,1,1,0,1,1,1,0,1,0,1,0,0,0,1,1,1,0,0,1,1
1225,-0.864128567386002,0,0,0,0,0,0,0,0,1,0,1,1,0,0,0,0,0,0,1,1,1,1,0,1,0
1226,-0.456252163249624,0,1,0,1,0,1,0,1,0,1,1,0,1,0,0,0,0,0,1,1,1,0,1,1,0
1227,-0.439009460702345,0,1,1,1,0,1,0,0,1,0,1,1,1,0,0,0,0,0,1,1,1,1,0,1,1
1228,1.08346477280401,0,1,0,1,0,1,1,1,1,1,1,1,1,0,0,0,0,0,0,1,1,1,1,1,1
1229,-1.62800854072546,0,0,0,0,0,0,0,0,0,0,1,0,1,0,0,0,0,0,0,0,0,0,0,0,0
1230,1.25754674373846,1,1,1,1,0,0,0,0,0,1,1,1,1,1,1,0,0,1,1,0,0,0,1,1,0
1231,-1.92666850993789,0,0,1,0,0,0,0,0,0,0,0,0,1,0,0,0,0,0,0,0,0,1,0,0,0
1232,0.61956976515793,0,1,0,1,0,1,0,0,1,1,1,1,1,0,1,0,0,0,1,1,1,1,1,1,1
1233,1.20168430432664,1,0,1,1,0,1,1,1,1,1,1,1,1,1,1,0,0,1,1,0,0,1,1,1,1
1234,-0.989251163304408,0,1,1,0,0,0,1,0,0,0,0,0,1,1,0,0,0,0,0,0,0,1,1,0,1
1235,1.00830258240195,1,1,1,1,0,0,0,0,1,1,1,1,1,1,0,0,0,0,1,1,1,0,1,1,1
1236,-0.50915976482952,0,0,1,0,0,1,0,0,1,0,1,1,1,0,0,0,0,0,0,1,0,1,0,0,0
1237,-1.75333652417533,1,1,1,1,0,0,0,0,1,0,0,0,0,0,0,0,0,0,0,0,0,1,1,1,0
1238,0.490102464539784,0,1,1,1,0,0,0,1,0,0,1,0,1,0,0,0,0,0,1,0,0,0,1,1,1
1239,0.0840074007239071,1,1,1,1,0,1,1,0,0,0,1,1,1,0,0,0,0,0,0,1,1,0,1,1,1
1240,1.67322663882891,1,1,0,1,1,1,1,1,1,1,1,1,1,0,0,1,0,0,1,1,1,1,1,1,1
1241,-2.2074761617978,0,1,1,0,0,0,0,0,0,0,0,0,0,0,0,0,0,0,0,1,0,1,0,1,0
1242,0.471071996523155,0,1,0,1,0,1,1,0,1,0,1,1,1,0,0,0,0,0,1,0,1,1,1,1,0
1243,0.797644282904505,1,1,1,1,1,1,1,0,1,1,1,1,1,0,1,0,0,0,1,1,1,1,1,1,1
1244,0.00830219085698005,0,1,1,1,0,0,0,0,0,0,1,0,1,0,1,0,0,0,1,1,1,1,1,1,1
1245,0.819231380533094,0,1,1,1,0,1,1,0,1,1,1,1,1,1,0,0,0,0,1,1,1,1,1,0,1
1246,-0.141798861283704,0,1,0,0,0,1,0,1,1,0,1,1,1,0,0,0,0,0,0,0,0,1,1,1,0
1247,0.2769516267336,0,1,0,0,0,0,0,0,1,1,1,1,1,0,0,0,0,0,1,1,1,1,0,1,1
1248,0.918640200647519,1,1,1,1,0,0,1,0,0,1,0,1,1,1,1,0,0,1,1,1,0,1,1,1,1
1249,-0.82347268247386,0,1,1,1,0,0,0,0,0,0,1,0,1,0,0,0,0,0,0,0,0,1,0,1,1
1250,0.0756361065613257,0,1,0,1,0,1,0,1,1,0,1,1,1,1,0,0,0,0,1,1,0,1,1,1,0
1251,-1.36957441240948,1,0,0,1,0,0,0,0,1,0,1,0,1,0,0,0,0,0,1,1,1,1,0,0,1
1252,2.73043860696653,1,0,1,1,1,1,1,1,1,1,1,1,1,1,0,1,1,1,1,1,1,1,1,1,1
1253,0.871819911011174,0,0,1,1,0,1,1,0,1,1,1,1,1,0,1,0,0,1,1,1,1,1,1,1,1
1254,-0.244870032189966,0,0,1,1,0,1,0,1,1,1,1,0,1,1,0,0,0,0,0,0,1,1,0,1,1
1255,-0.0285008010977462,1,1,0,0,0,1,0,0,1,0,0,0,1,0,1,0,0,0,1,1,1,0,1,0,1
1256,0.322303339614213,0,1,0,1,0,1,1,0,1,0,1,1,1,0,1,0,0,0,0,1,0,1,0,1,0
1257,0.500258836772154,1,0,0,1,0,0,1,1,1,1,0,1,0,0,1,0,0,0,0,1,1,1,1,1,1
1258,0.592202354165458,1,1,0,1,0,1,0,0,1,0,1,1,1,1,0,0,0,0,1,1,1,0,1,1,1
1259,-0.933904634397416,1,1,0,0,0,1,0,0,0,0,1,1,1,0,0,0,0,0,1,1,1,0,0,0,0
1260,0.577767552677604,0,0,0,1,0,1,0,1,1,1,1,0,1,1,0,0,0,0,1,1,0,1,1,0,0
1261,-0.738820281869965,0,1,0,0,0,1,0,0,0,0,1,1,1,0,0,0,0,0,0,1,0,0,1,0,0
1262,0.997539842183757,0,1,1,1,1,0,1,0,1,0,1,1,1,0,0,0,0,0,1,1,1,0,0,1,1
1263,-0.610224951411131,0,1,1,0,0,1,0,0,1,0,0,0,1,1,0,0,0,0,1,1,1,1,1,0,1
1264,-3.03487317438476,0,1,0,0,0,1,0,0,1,0,1,0,1,0,0,0,0,0,0,0,0,0,0,0,0
1265,-0.224449374669843,0,0,0,1,0,0,0,0,0,0,1,0,0,0,0,0,0,0,1,1,0,1,1,1,0
1266,-0.464138636950007,0,1,1,1,0,1,0,0,1,0,1,0,0,0,0,0,0,0,1,1,0,1,1,0,1
1267,-0.415569011693281,1,0,0,1,0,1,0,0,0,0,1,1,0,0,0,0,0,0,1,0,1,0,0,1,1
1268,1.40156991195923,1,1,1,1,0,1,1,1,1,1,1,1,1,0,0,1,0,0,1,1,0,1,1,1,0
1269,-0.0312676839309043,0,1,1,1,0,0,0,0,0,1,1,0,1,0,0,0,0,0,1,1,1,0,1,0,0
1270,-0.264839035487618,0,1,1,1,0,0,0,0,1,1,1,1,0,0,1,0,0,0,1,1,1,1,1,1,0
1271,-0.625965045844407,0,1,1,1,0,1,0,0,0,0,1,1,1,1,0,0,0,0,1,1,0,0,0,0,1
1272,0.10736369625296,1,1,1,1,0,1,0,1,0,1,1,0,0,1,0,0,0,0,1,1,0,1,1,1,0
1273,-0.31975004006609,0,1,1,1,0,1,0,0,1,0,1,0,0,0,0,0,0,0,0,1,1,0,0,0,1
1274,-0.752499086675228,0,0,0,1,0,1,0,0,1,0,0,0,1,0,0,0,0,0,1,1,1,1,1,1,1
1275,0.975205042171127,0,1,1,1,0,1,1,1,1,1,1,0,1,0,0,0,0,1,1,1,1,1,1,1,1
1276,1.34900182406011,1,1,0,1,0,1,1,1,0,1,1,1,1,0,1,0,0,0,1,1,1,0,0,1,0
1277,0.815220487507656,1,1,0,1,1,1,1,0,1,0,1,0,1,0,1,0,0,1,1,1,1,0,1,1,1
1278,-0.371516699363445,0,1,0,1,0,0,0,0,1,0,0,0,1,1,0,0,0,0,0,1,1,1,1,0,1
1279,-0.240270921510876,0,1,1,1,0,1,0,1,0,0,1,0,0,0,1,0,0,0,0,0,0,1,1,1,1
1280,1.3898970809879,1,1,1,1,0,1,1,1,1,1,1,1,1,0,1,0,0,0,1,1,1,0,1,1,1
1281,-0.0395547716216557,0,0,1,0,0,0,0,1,0,0,0,1,1,0,0,0,0,0,1,1,0,0,0,1,0
1282,0.723668804671773,0,1,1,1,0,1,0,1,0,0,1,1,1,1,0,0,0,0,0,1,1,0,1,1,1
1283,-1.39774919180891,0,1,0,1,0,0,0,0,0,0,1,0,1,0,0,0,0,0,1,0,0,0,0,1,1
1284,0.0837628739596985,0,1,0,1,0,1,0,0,0,0,0,1,1,0,1,0,0,0,1,1,1,1,1,1,0
1285,1.54447984529134,1,1,1,1,1,1,1,0,1,1,1,1,1,1,1,0,0,1,0,0,1,1,1,1,1
1286,-0.015004280801524,0,1,0,1,0,1,0,1,0,0,1,1,1,0,1,0,0,0,1,0,1,1,0,1,0
1287,-0.6071447853416,0,0,1,1,0,0,1,0,1,0,1,0,1,0,0,0,0,0,1,1,0,1,0,0,1
1288,-0.102297357949766,0,1,1,1,0,1,0,0,0,0,0,1,1,0,0,0,0,0,1,1,1,1,1,1,1
1289,-0.4884937811234,0,1,1,1,0,1,0,0,0,1,1,1,0,0,0,0,0,0,1,0,1,1,0,1,0
1290,-0.12295396370642,0,1,0,1,0,0,0,0,1,0,0,1,0,0,0,0,0,0,1,1,1,0,1,1,1
1291,1.69690988918066,0,1,1,1,1,1,1,1,1,1,1,1,1,0,1,1,0,0,1,1,1,1,1,1,0
1292,2.15705672749295,1,1,1,1,1,1,1,0,1,1,1,1,1,1,1,1,0,0,1,1,1,1,1,1,1
1293,-0.000195878624597509,0,1,0,1,0,1,0,0,0,1,1,0,1,0,0,0,0,0,1,1,1,0,0,1,1
1294,-0.448012654414188,0,1,0,1,0,1,0,0,0,1,1,0,1,0,0,0,0,0,0,1,0,1,0,1,1
1295,-0.278462641086579,0,0,1,1,0,1,1,0,1,0,1,1,0,0,0,0,0,0,0,0,0,1,1,0,0
1296,0.459838751872142,0,0,0,0,0,1,0,0,1,0,0,0,1,0,1,0,0,0,1,1,1,1,0,1,1
1297,-0.202901859232676,1,1,1,1,0,1,1,0,1,0,1,1,1,0,1,0,0,0,1,0,1,1,1,0,0
1298,0.848475634342367,1,1,1,1,0,1,1,0,1,1,1,1,1,0,0,1,0,0,1,1,1,0,1,1,0
1299,-1.26179028346369,0,0,0,1,0,1,0,0,0,0,1,0,1,0,0,0,0,0,1,0,0,1,0,0,1
1300,-0.255004986608612,0,1,1,1,0,0,0,0,0,0,0,1,1,0,1,0,0,0,1,0,1,1,0,0,0
1301,0.346865646593874,0,1,1,1,0,1,0,0,0,0,1,1,1,0,0,0,0,0,1,1,1,1,1,0,0
1302,-0.613185484508816,0,1,0,1,0,1,0,1,1,0,1,1,0,1,0,0,0,0,1,0,1,1,0,0,0
1303,0.243280362379143,1,0,1,1,1,0,1,0,0,0,1,1,1,0,1,0,0,0,1,1,1,1,0,1,1
1304,0.359050598727071,0,0,1,1,0,1,0,0,0,0,1,0,1,1,1,0,0,0,1,0,1,1,1,1,1
1305,0.661619421973901,1,1,1,0,0,1,1,1,1,0,1,1,1,0,1,0,0,0,1,0,0,1,1,1,1
1306,0.348744830273701,0,1,1,0,0,1,0,0,1,0,1,0,1,0,1,0,0,0,1,0,1,1,1,0,1
1307,1.31564534194159,1,1,1,1,0,1,1,1,1,1,1,1,1,1,0,0,0,1,1,1,1,1,1,1,1
1308,1.30988957146865,1,1,1,1,0,1,0,0,0,1,1,0,1,1,1,1,0,0,1,1,1,1,1,1,1
1309,0.887138949993574,1,0,1,1,1,1,1,1,1,1,1,0,1,0,1,0,0,0,1,1,1,0,1,1,1
1310,-0.0123600143472352,0,1,1,1,0,1,0,0,1,0,1,1,1,0,0,0,0,0,1,1,1,1,1,0,1
1311,-0.263944471457538,1,0,1,1,0,0,0,0,1,0,1,1,1,0,0,0,0,0,1,1,1,0,0,0,1
1312,0.691090302496556,0,1,1,1,0,1,1,1,1,1,1,0,1,0,0,0,0,0,1,1,1,1,0,1,1
1313,1.12657563721182,0,1,1,1,0,1,1,1,0,0,1,1,1,0,1,0,0,1,0,1,1,1,1,1,1
1314,-0.39615020709338,0,1,0,1,0,1,0,0,1,0,1,0,1,0,0,0,0,0,1,1,0,1,1,0,0
1315,-0.0306198357887123,0,1,1,0,0,1,0,0,0,0,1,1,0,0,0,0,0,0,1,1,1,1,1,0,1
1316,-1.14072502906069,0,0,0,0,0,0,0,0,1,0,0,0,1,1,0,0,0,0,1,0,0,1,0,1,1
1317,-0.834463758848746,0,1,1,1,0,1,0,0,0,0,1,0,1,0,0,0,0,0,1,1,0,1,0,1,1
1318,1.39045490183471,1,1,1,1,1,0,1,1,1,1,1,1,1,1,1,0,0,0,1,1,1,1,1,0,0
1319,-0.834753955434456,0,1,0,1,0,1,0,0,1,0,0,0,1,0,0,0,0,0,0,1,1,0,0,1,1
1320,1.45516525665989,0,1,1,1,1,0,1,0,1,0,1,1,1,1,0,0,0,1,1,0,1,1,1,1,1
1321,-1.49294277650739,0,0,1,0,0,0,0,0,0,0,1,0,1,0,0,0,0,0,1,1,1,0,0,0,0
1322,0.39381457465544,0,1,0,1,0,1,0,1,1,1,1,1,1,0,0,0,0,0,0,1,1,1,1,0,1
1323,-1.68689149733483,0,0,0,0,0,0,0,0,1,0,0,0,0,0,1,0,0,0,0,0,1,0,1,1,0
1324,0.661300167401465,1,0,1,1,0,1,0,0,1,1,1,1,1,0,1,0,0,1,1,1,1,1,1,1,1
1325,0.781031946919441,1,1,1,1,1,1,1,0,1,1,1,1,1,1,0,0,0,1,1,0,1,1,1,0,1
1326,0.800360079137342,0,1,0,1,0,1,0,1,0,1,1,1,1,1,1,0,0,0,0,0,1,0,1,1,0
1327,0.673904993919688,0,1,0,1,0,0,1,0,1,1,0,0,1,0,1,0,0,0,1,1,0,0,1,1,1
1328,-0.226996463309872,0,0,1,1,0,0,0,0,0,0,1,1,1,0,0,0,0,0,1,0,1,0,1,1,1
1329,-0.963310840880655,0,0,0,1,1,0,0,0,0,0,1,0,1,0,0,0,0,0,1,0,0,0,0,1,1
1330,-0.324162787914628,0,1,1,1,0,0,0,0,1,0,1,0,1,0,0,0,0,0,0,1,0,1,1,1,0
1331,0.175242333965915,0,1,1,1,1,1,0,0,1,0,1,0,1,0,1,0,0,0,1,0,1,1,0,1,0
1332,0.755501996888484,1,1,1,1,0,1,1,0,1,1,1,0,1,0,1,0,0,0,1,1,1,1,0,1,1
1333,0.0154801019251208,0,0,1,1,0,1,0,0,1,1,1,1,1,0,0,0,0,0,1,1,1,1,0,1,0
1334,0.3915368452145,1,1,0,1,0,1,1,1,0,1,0,0,1,1,0,0,0,0,1,1,1,1,1,0,0
1335,0.913401045293225,0,1,0,1,1,1,0,0,0,1,1,1,1,0,1,0,0,0,1,0,1,1,0,0,1
1336,-0.0758815754672003,0,1,1,1,1,1,0,0,0,0,1,0,1,0,0,0,0,0,1,0,1,1,1,1,0
1337,0.871587841485843,0,1,0,1,0,1,0,0,1,0,1,1,1,0,1,0,0,1,1,1,1,0,1,1,1
1338,1.30026779343377,0,1,1,1,0,1,0,0,1,1,1,1,1,1,1,0,0,0,1,1,1,1,1,1,1
1339,0.184413432149074,0,0,0,1,0,0,0,0,1,0,0,1,1,0,1,0,0,1,1,1,0,1,1,1,0
1340,-0.448497928845541,0,1,0,1,0,1,1,0,0,0,1,0,1,0,0,0,0,0,0,1,1,1,0,1,0
1341,-0.158093891097048,0,1,1,0,1,1,0,1,1,0,1,0,1,0,0,0,0,0,0,1,1,1,0,1,1
1342,-1.08706435238162,0,1,0,0,0,1,0,0,1,0,1,0,1,0,0,0,0,0,1,1,0,1,0,1,0
1343,-1.15141463220879,0,1,0,1,0,1,0,0,1,0,1,0,1,0,1,0,0,0,0,1,1,1,0,0,0
1344,-0.596613068997835,0,1,1,1,0,1,1,1,0,0,1,1,1,0,1,0,0,0,0,0,1,0,1,1,0
1345,-0.647440658285139,0,1,1,1,0,1,0,0,0,0,1,1,1,0,0,0,0,0,1,1,0,1,1,0,1
1346,0.952446985842333,1,1,1,1,0,1,1,0,1,0,1,0,1,1,1,0,0,0,1,1,1,1,1,1,1
1347,-0.248303183772562,1,1,1,1,0,1,0,0,1,0,1,0,1,0,0,0,0,0,0,0,0,1,1,1,0
1348,0.438808870753402,0,1,1,1,0,1,0,0,1,1,1,0,1,0,0,0,0,0,1,1,1,1,1,1,1
1349,-1.53538522883986,0,1,1,1,0,1,0,0,0,0,0,0,0,0,0,0,0,0,1,0,0,1,0,0,0
1350,0.117630257196942,0,1,1,1,0,0,0,0,1,0,1,0,1,0,0,0,0,0,1,1,1,0,1,1,1
1351,-0.575166601673339,0,1,1,0,0,0,0,0,0,0,1,1,1,0,0,0,0,0,1,1,1,0,0,1,0
1352,-0.193537341588048,0,1,1,1,0,1,0,0,0,0,1,0,1,0,0,0,0,0,1,1,1,0,1,0,1
1353,1.91103782822215,1,1,0,0,1,1,1,1,0,1,1,1,0,1,1,1,0,1,1,1,1,1,1,1,1
1354,0.913401045293225,0,1,1,1,0,1,0,1,1,1,1,1,1,0,0,0,0,1,1,1,1,1,1,1,1
1355,0.611009531239988,0,1,1,1,0,1,1,0,1,0,1,1,1,1,0,0,0,0,1,1,1,1,0,1,0
1356,0.923250750804139,1,1,1,1,1,1,1,1,1,1,1,1,1,0,1,0,0,1,1,1,1,0,1,1,0
1357,-0.693623591068554,0,1,0,1,0,1,0,1,0,0,1,0,1,0,0,0,0,0,0,1,1,1,0,1,1
1358,0.415616207645675,0,0,1,1,0,1,0,0,0,1,1,1,1,0,0,0,0,0,1,1,0,1,1,1,1
1359,0.783956963093612,0,1,1,1,0,1,1,0,1,0,0,1,1,0,0,0,0,0,1,1,1,1,0,1,1
1360,0.226494194876612,0,0,0,1,0,0,0,0,1,1,1,0,0,1,0,0,0,0,0,1,1,1,0,1,1
1361,-0.291071575052707,0,1,1,1,0,1,0,0,1,1,1,1,1,0,1,0,0,0,0,1,0,1,1,1,1
1362,-1.28835922171371,0,0,0,1,0,0,0,0,0,0,0,0,1,0,0,0,0,0,0,1,0,0,0,0,0
1363,0.151858617647176,0,1,0,1,1,1,1,0,1,1,1,0,1,0,1,0,0,0,1,1,1,1,1,1,0
1364,-1.12561564320844,0,1,1,1,0,1,0,0,1,0,0,1,1,0,0,0,0,0,0,1,1,1,0,1,0
1365,1.15094337637888,0,1,0,1,0,1,1,0,1,0,1,1,1,0,0,0,1,1,1,1,1,1,1,1,1
1366,-0.319202389771684,0,1,0,1,0,0,0,0,0,0,1,0,0,0,0,0,0,0,0,0,1,1,1,1,1
1367,0.860930766835301,0,1,1,1,0,1,0,1,0,0,1,1,1,0,1,0,0,0,1,1,0,1,1,1,1
1368,-0.337181022439344,0,0,0,1,0,0,0,0,1,0,1,1,1,0,1,0,0,0,0,0,1,1,0,1,1
1369,1.29324168135166,1,1,1,1,1,1,1,1,1,1,1,1,1,0,0,0,0,0,1,0,1,1,1,1,1
1370,0.783275720440751,0,1,1,0,0,0,0,1,1,0,1,1,1,1,0,0,0,1,0,1,1,1,1,1,1
1371,1.54259368337603,0,1,0,1,0,0,1,0,1,1,1,1,1,1,0,1,0,0,1,1,1,1,1,1,1
1372,0.308116304544498,1,1,1,1,0,1,0,1,0,1,1,1,0,0,0,0,0,0,0,1,1,1,0,0,1
1373,0.551678079195385,0,1,1,1,0,0,0,0,1,0,1,0,1,0,0,0,0,0,0,0,1,1,0,1,0
1374,-0.0418317878075468,1,1,0,0,0,0,1,0,0,0,1,1,1,1,0,0,0,0,1,1,1,1,1,1,0
1375,2.15532059211859,1,1,1,1,1,1,1,1,1,1,1,1,1,1,1,0,0,1,1,1,1,1,1,1,1
1376,-1.46207199777088,0,1,0,1,0,1,0,0,1,0,1,0,1,0,0,0,0,0,1,0,0,0,1,1,1
1377,-0.947621765481772,0,1,1,1,0,0,0,0,0,0,1,0,1,0,0,0,0,0,1,1,0,0,0,1,1
1378,-0.411053224230962,1,1,1,1,0,0,0,0,1,0,1,0,1,0,0,0,0,0,0,1,1,1,1,1,0
1379,-0.226115980799512,0,1,1,1,0,1,0,0,0,1,1,0,1,0,0,0,0,0,1,0,0,1,0,0,0
1380,0.186895997866809,0,1,0,1,1,1,0,1,1,1,1,1,1,0,0,0,0,0,1,1,0,1,1,1,1
1381,-0.97421880798405,0,1,1,1,0,1,0,0,0,0,0,1,1,0,0,0,0,0,0,1,0,0,0,0,1
1382,0.121421582130672,0,0,1,1,0,1,1,0,0,1,1,1,1,0,0,0,0,0,0,1,1,1,1,0,0
1383,-0.10930499158823,0,1,0,1,0,0,0,1,0,0,1,0,1,0,0,0,0,0,1,1,1,0,1,1,0
1384,-1.01532716461604,0,1,0,0,0,1,0,0,0,0,0,0,1,0,0,0,0,0,1,0,1,0,0,0,0
1385,0.146593842506165,0,1,1,1,1,1,0,0,1,1,1,0,1,0,0,0,0,0,1,1,0,0,0,1,0
1386,-0.748317695889464,0,1,0,1,0,0,0,0,0,1,0,1,1,0,0,0,0,0,0,0,0,0,0,1,1
1387,0.307265851627491,0,0,1,1,1,1,1,1,1,1,1,0,1,0,0,0,0,0,1,1,1,1,1,1,0
1388,1.14371495992513,0,1,0,1,1,1,1,1,0,1,1,0,1,1,0,0,0,0,1,1,1,1,1,1,0
1389,-1.04571159617215,0,1,1,0,0,1,0,0,0,0,0,1,1,0,0,0,0,0,1,1,1,1,0,0,1
1390,-0.56354622857718,0,0,1,1,0,1,0,0,1,0,1,0,1,0,0,0,0,0,0,0,1,1,1,1,1
1391,0.368014506681142,0,0,1,0,0,0,0,1,1,1,1,1,1,0,0,0,0,0,1,1,1,1,0,1,1
1392,-0.878147039622809,0,0,0,0,0,1,0,0,0,0,0,0,1,0,0,0,0,0,0,1,1,0,0,0,1
1393,0.492446382300381,0,1,1,0,0,1,0,0,1,0,1,1,1,0,0,0,0,0,1,1,1,1,0,0,1
1394,0.714438509589201,0,1,1,1,0,1,1,1,1,0,1,1,0,1,0,0,0,0,1,1,0,1,1,1,0
1395,1.54399735428379,1,1,1,1,0,1,1,1,1,1,1,1,1,1,1,0,0,0,0,0,1,1,0,1,1
1396,-0.734626085034545,0,1,1,1,0,0,0,0,0,0,1,1,1,0,0,0,0,0,0,1,1,1,0,0,1
1397,0.907076945119854,0,1,0,1,0,1,0,0,1,1,1,1,1,1,0,0,0,0,0,1,1,1,0,1,1
1398,-0.219338532937672,0,1,1,0,0,0,0,0,1,0,1,0,0,0,0,0,0,0,1,1,1,0,1,1,0
1399,1.53510586255696,1,1,1,1,1,1,1,0,1,1,1,1,1,0,1,0,0,0,1,1,1,1,0,1,1
1400,1.14510131391656,0,1,1,1,0,1,1,0,1,0,1,1,1,1,1,1,0,0,0,1,1,1,0,1,0
1401,0.855242908649432,0,1,1,1,1,1,0,0,1,0,1,0,0,0,0,0,0,0,0,1,1,1,1,1,0
1402,0.116763905499588,1,1,0,1,0,0,1,1,1,0,1,1,1,0,0,0,0,1,1,1,1,1,1,1,0
1403,-0.788043207277761,0,1,0,1,0,0,0,0,0,0,1,0,1,0,0,0,0,0,1,1,0,1,0,0,0
1404,-0.988496489983641,0,1,1,0,0,1,0,0,1,0,0,0,1,0,0,0,0,0,0,1,0,0,0,1,1
1405,0.740601293404354,0,1,1,1,1,1,1,0,1,0,1,0,1,1,1,0,0,0,0,1,1,1,1,1,1
1406,-0.731860373191698,0,1,1,1,0,1,0,0,0,0,0,1,0,0,0,0,0,0,1,1,1,0,1,0,1
1407,0.903157641074117,0,1,1,1,0,1,0,1,1,1,1,1,0,0,0,0,0,0,1,1,1,0,1,1,1
1408,0.354051393161652,0,0,0,1,0,1,0,0,1,1,1,1,1,0,0,0,0,0,0,1,1,1,1,1,1
1409,0.221208578729935,0,1,0,1,0,1,0,0,1,0,1,0,1,0,0,0,0,0,0,1,0,0,1,0,0
1410,-0.181814456055222,0,1,1,1,0,1,1,0,1,0,0,1,1,0,0,0,0,0,1,0,0,1,1,1,0
1411,1.01052952483906,1,1,0,0,0,1,1,1,0,1,1,1,1,0,1,0,0,0,1,1,1,1,1,1,1
1412,-0.0862921104857809,0,0,1,1,0,1,0,0,1,0,1,0,1,0,0,0,0,0,1,0,1,1,1,0,1
1413,-0.321424258132475,0,1,0,0,0,0,0,0,1,0,1,1,1,0,0,0,0,0,1,1,0,1,1,1,0
1414,-1.00931273899234,0,0,0,0,0,1,0,0,0,0,1,0,0,0,0,0,0,0,0,1,1,1,0,0,1
1415,0.551629132139869,0,0,1,1,0,1,0,0,1,1,1,1,1,0,1,0,0,0,1,0,1,1,1,1,1
1416,0.247929539405263,0,1,0,1,0,0,1,1,1,0,1,0,1,1,0,0,0,0,1,0,1,1,1,1,0
1417,1.59489273826655,0,0,1,1,1,1,1,0,1,1,1,0,1,1,1,0,0,1,1,1,1,1,1,0,1
1418,-0.987900690352337,0,0,1,1,0,1,0,0,1,0,1,1,1,0,0,0,0,0,0,0,1,0,1,0,1
1419,1.7291619350114,0,1,1,1,1,1,1,1,0,1,1,1,1,1,1,0,1,0,1,1,1,1,1,1,1
1420,-0.0337458881805241,0,1,1,1,0,1,1,1,1,0,1,0,1,0,0,0,0,0,0,1,0,1,1,1,1
1421,-0.163212099838186,1,1,1,1,0,1,0,0,1,0,1,0,0,1,0,0,0,0,1,1,0,1,0,0,0
1422,-0.25957158938329,0,0,0,1,1,0,0,0,0,0,0,0,1,0,0,0,0,0,0,1,1,1,0,1,1
1423,1.3111424191329,1,1,0,1,1,1,1,1,1,1,1,1,1,1,1,0,0,1,1,1,1,1,1,0,1
1424,0.874893106207814,1,0,1,1,0,1,0,1,1,0,1,1,0,1,1,0,0,1,1,0,0,1,0,1,1
1425,0.597007934281912,0,1,1,1,1,1,1,1,1,0,1,1,1,0,1,0,0,0,1,1,1,1,1,1,1
1426,0.321955561585285,0,1,1,1,0,0,0,1,0,0,0,0,1,1,0,0,0,0,0,0,1,1,1,1,0
1427,0.15728426858273,0,1,1,0,0,1,0,1,1,1,1,0,0,0,0,0,0,0,1,1,1,1,1,1,1
1428,-0.361426094788695,0,1,0,1,0,1,0,0,0,0,1,0,0,0,0,0,0,0,1,1,1,1,0,1,1
1429,-0.315984721071098,0,1,1,1,0,0,0,0,0,0,1,1,1,0,0,0,0,0,1,1,1,1,1,1,1
1430,-0.327354474392414,0,1,0,1,0,0,0,1,0,0,0,0,1,0,0,0,0,0,1,1,1,0,1,1,0
1431,2.8671145752774,1,1,1,1,0,1,1,1,1,1,1,1,1,1,1,1,1,1,1,0,1,1,1,1,1
1432,0.242836525978957,1,1,1,1,0,1,1,0,1,0,1,0,1,1,1,0,0,0,1,1,1,1,0,0,1
1433,0.872184213447056,0,1,0,1,0,1,0,0,1,1,1,1,1,1,0,0,0,0,1,1,1,1,1,1,1
1434,-0.819478130786922,0,1,0,0,0,1,0,0,1,0,1,0,0,0,0,0,0,0,1,1,1,1,1,0,1
1435,-0.158418550164016,0,1,1,1,0,0,1,0,0,0,1,1,1,0,0,0,0,0,0,1,1,0,1,1,1
1436,-0.830220078058983,0,1,0,0,0,0,0,0,0,0,0,0,1,0,0,0,0,0,1,1,1,0,0,1,0
1437,0.786387448336357,0,1,1,1,1,1,0,1,1,1,1,1,1,0,1,0,0,0,0,0,0,1,1,0,1
1438,0.445277391510228,0,1,0,1,0,0,1,1,0,1,1,1,1,0,0,0,0,0,1,1,1,1,1,1,0
1439,-0.494923419132639,0,1,1,0,0,0,1,0,0,0,0,0,1,0,0,0,0,0,1,1,1,0,0,1,1
1440,-0.619258826090547,0,1,1,0,0,1,0,0,1,0,1,1,1,0,0,0,0,0,1,1,1,1,0,1,0
1441,2.21163959570677,1,1,1,1,1,1,1,1,1,1,0,1,1,1,1,0,1,1,1,1,1,1,1,1,0
1442,-0.039232358297984,0,1,1,1,0,1,1,1,1,1,0,1,0,0,0,0,0,0,1,0,1,0,0,1,0
1443,-1.42780860790143,0,1,0,1,0,0,0,0,0,0,0,0,1,0,0,0,0,0,0,0,1,1,1,1,0
1444,0.363377608189437,0,1,1,1,0,1,0,1,1,0,1,1,1,0,1,0,0,0,1,0,1,1,1,1,1
1445,1.05832153363253,0,1,0,1,0,1,1,1,1,1,1,1,1,1,1,0,0,0,1,1,1,1,1,1,1
1446,0.371603147434815,1,1,0,0,0,1,0,0,0,0,1,0,1,0,1,0,0,0,1,1,1,0,1,1,0
1447,0.128412317305465,0,1,0,0,0,1,0,0,1,0,1,0,1,0,0,0,0,1,1,1,0,1,1,1,1
1448,-0.302503632825787,0,1,1,1,0,1,1,0,1,0,1,0,1,0,0,0,0,0,1,0,0,0,1,0,1
1449,1.39611652629314,1,1,1,1,1,1,1,0,0,1,1,1,1,0,1,0,1,0,1,1,1,1,1,1,0
1450,0.383125255945835,0,1,1,1,0,1,0,0,1,0,1,0,1,1,1,0,0,0,1,1,1,1,1,1,1
1451,-1.53124994255529,0,0,0,1,0,1,0,0,1,0,0,0,1,0,0,0,0,0,1,1,0,1,0,0,0
1452,-0.240134405318709,0,1,1,1,0,1,0,0,1,0,1,1,0,1,0,0,0,0,1,1,0,1,1,1,0
1453,0.673636796728002,0,1,1,0,0,0,0,0,1,1,1,1,1,1,1,0,0,0,1,1,1,1,1,0,1
1454,-1.25246519884882,0,1,0,0,0,0,0,0,0,0,0,0,1,0,0,0,0,0,0,0,1,1,1,1,0
1455,-0.288047160260825,0,1,1,0,0,1,0,0,1,0,1,1,1,0,1,0,0,0,1,1,0,0,0,1,0
1456,1.46641873509475,1,1,1,1,0,1,0,1,1,1,1,1,1,1,1,0,0,0,1,1,1,1,1,0,0
1457,-0.800704764006852,0,1,1,0,0,1,0,1,1,0,1,0,1,0,0,0,0,0,0,1,1,0,0,1,0
1458,0.485540816446185,1,0,1,1,0,1,0,0,1,0,1,1,1,0,1,0,0,0,1,1,1,0,1,1,1
1459,1.2925035396685,1,1,1,1,0,1,1,1,1,1,1,1,1,1,1,0,0,1,1,1,1,1,1,1,1
1460,-0.154032098534757,0,1,0,1,0,1,0,0,1,1,1,0,0,1,1,0,0,0,1,1,0,1,1,1,0
1461,-1.84233064523583,0,1,0,0,0,0,0,0,1,0,0,0,1,0,0,0,0,0,0,0,0,1,0,0,0
1462,0.500667748845401,1,1,0,0,0,1,0,0,0,0,1,1,1,1,1,0,0,0,1,0,1,1,1,1,1
1463,0.226909725925188,0,0,1,0,0,0,0,0,1,0,1,1,1,0,0,0,0,0,1,0,0,1,1,1,0
1464,-0.172519306990037,0,1,0,1,0,1,0,0,0,0,1,1,1,0,0,0,0,0,1,1,0,1,0,1,1
1465,-1.13065002710175,0,1,1,1,0,1,0,1,1,1,1,0,0,0,0,0,0,0,1,1,0,1,0,0,0
1466,-0.186817225743731,0,1,1,0,1,1,0,0,0,0,1,0,1,0,0,0,0,0,1,1,0,1,1,1,1
1467,0.777534909856089,0,0,0,1,0,1,1,0,1,1,1,0,1,1,0,0,0,1,1,1,1,1,1,1,1
1468,-0.308034498075304,0,0,1,1,0,1,0,0,1,1,1,1,1,0,0,0,0,0,1,0,1,1,0,1,1
1469,-0.0173229537947721,0,1,1,1,0,0,0,0,1,0,1,0,0,0,1,0,0,0,1,1,1,1,1,1,1
1470,0.575101026151827,0,1,1,1,0,1,0,0,1,1,0,0,1,0,1,0,0,0,1,1,1,0,1,1,1
1471,-1.68916400661247,0,0,0,0,0,1,0,0,0,0,0,0,0,0,0,0,0,0,0,1,0,0,1,0,0
1472,-0.0477249979667824,0,1,1,1,0,0,0,1,0,0,1,1,1,1,1,0,0,0,0,1,0,1,0,1,1
1473,1.05924662353505,1,1,1,1,1,0,0,1,1,1,0,1,1,0,1,0,0,1,1,1,1,1,1,1,1
1474,-0.326489400331576,0,1,0,1,0,0,1,0,0,0,0,1,0,0,0,0,0,0,1,1,1,0,1,0,1
1475,0.365507407135135,1,1,1,1,0,1,0,1,1,0,1,0,1,0,0,0,0,0,0,1,1,1,1,1,0
1476,1.78015170898798,1,1,0,1,1,1,0,1,0,0,1,1,1,0,1,0,0,1,1,1,1,1,0,1,1
1477,-0.202872096606135,0,1,1,1,0,1,0,0,1,0,0,0,0,0,1,0,0,0,0,0,1,0,1,0,1
1478,-0.948202880428002,0,1,0,1,0,1,0,0,1,0,0,0,1,1,0,0,0,0,1,1,0,0,0,1,0
1479,-0.403570205124868,0,0,0,1,0,1,0,1,1,0,1,1,1,0,1,0,0,0,1,1,1,1,1,0,1
1480,1.18613560640415,1,1,1,1,0,1,1,1,1,1,1,1,1,0,0,0,0,1,1,1,1,1,0,1,0
1481,0.356764869209738,0,1,0,1,0,1,1,1,1,1,1,1,1,1,1,0,0,0,1,0,1,1,1,1,1
1482,-0.632983034637384,0,0,0,0,1,0,0,1,1,0,0,0,1,0,0,0,0,0,0,0,0,1,1,1,1
1483,-0.855829814668881,0,1,1,0,0,1,0,0,1,0,0,0,1,0,0,0,0,0,0,0,0,1,0,0,1
1484,0.505513659735627,0,1,1,1,0,1,1,0,0,0,1,1,0,0,1,0,0,0,1,1,0,1,0,1,1
1485,0.049032537725936,0,1,1,1,0,0,0,0,0,0,1,0,1,1,0,0,0,0,0,0,0,1,1,0,0
1486,0.635628955400196,1,1,0,1,0,0,1,1,0,0,1,1,1,1,1,0,0,0,1,1,1,0,0,1,1
1487,0.78015564657501,1,1,1,1,0,1,0,0,0,1,1,0,1,0,1,0,0,0,1,1,1,1,1,0,0
1488,-1.38397171486067,0,0,0,1,0,0,0,0,0,0,0,0,0,1,0,0,0,0,0,1,1,1,1,1,0
1489,0.642404102563801,0,1,1,1,1,1,1,0,1,0,1,1,1,0,1,0,0,0,1,0,1,1,1,1,1
1490,0.0723538016849369,0,1,0,1,1,1,0,0,1,0,1,1,1,0,0,0,0,0,1,1,1,1,1,1,1
1491,0.816248271980056,0,1,1,1,0,1,0,1,1,0,1,1,1,0,1,0,0,0,1,0,1,1,1,1,0
1492,-0.0444382607647515,0,1,1,1,0,1,0,0,1,0,1,0,0,0,1,0,0,0,0,0,1,1,1,0,1
1493,-1.75481573186706,0,1,0,0,0,0,0,0,0,0,0,0,1,0,0,0,0,0,0,1,1,1,1,0,1
1494,0.492698202508964,1,1,0,1,1,1,0,0,1,1,1,1,1,0,0,0,0,0,1,1,1,1,1,1,1
1495,-0.160530775803583,1,0,0,1,0,0,0,0,1,0,1,1,1,0,1,0,0,0,1,1,1,1,1,1,1
1496,-0.683790482837395,0,1,1,0,0,1,0,0,1,0,1,1,1,0,0,0,0,0,0,1,1,1,0,1,0
1497,-0.898201844488638,0,1,0,1,0,1,0,0,1,0,0,1,1,0,0,0,0,0,1,1,1,1,1,1,1
1498,-0.184042987866081,0,1,0,0,0,1,0,0,0,0,1,1,1,0,1,0,0,0,0,1,1,0,1,0,1
1499,1.78083437019962,1,1,1,1,1,1,0,1,1,1,1,1,1,1,1,0,1,1,1,1,1,1,1,1,0
1500,1.75313320427262,1,1,0,1,0,1,1,1,1,1,1,0,1,1,1,0,0,1,1,1,1,1,1,0,1
1501,1.18003620638486,1,1,1,1,0,1,1,0,0,0,1,0,1,1,0,0,0,0,1,1,1,0,1,1,0
1502,-1.14892470264836,0,0,1,0,0,0,0,0,0,0,0,0,1,0,0,0,0,0,0,1,1,0,0,0,0
1503,-0.868184514578762,0,0,1,0,0,1,0,0,0,0,1,0,0,0,0,0,0,0,1,1,1,1,1,0,0
1504,1.53418578463796,1,1,1,1,1,1,1,0,1,0,1,1,1,1,1,0,0,0,1,1,1,1,1,1,1
1505,1.19862456304316,1,1,0,1,0,0,0,1,1,0,1,1,1,0,1,0,0,1,1,1,0,0,1,1,1
1506,0.89082159796114,0,1,0,0,0,1,1,0,1,1,1,1,1,0,1,0,0,1,1,1,1,1,1,1,0
1507,-0.485398354422239,0,0,0,1,0,1,0,0,1,0,1,0,1,0,0,0,0,0,1,0,0,0,0,1,1
1508,0.759862708660942,0,1,1,1,0,1,0,0,1,1,1,1,1,1,0,0,0,0,1,1,1,1,0,1,0
1509,-0.256063387790407,0,1,1,0,0,1,0,0,0,1,1,0,0,0,0,0,0,0,1,1,1,1,0,1,0
1510,-0.385313599225635,0,1,0,1,0,1,0,0,1,0,1,0,1,0,0,0,0,0,0,1,1,0,1,0,1
1511,-0.0865304206370765,0,1,1,0,0,0,0,1,1,0,1,1,1,1,0,0,0,0,0,1,1,1,1,1,0
1512,0.24034101471416,0,1,1,0,0,1,0,1,1,0,1,0,1,0,1,0,0,0,0,0,1,1,1,1,1
1513,-0.482429914136541,1,0,0,1,0,0,0,0,0,0,0,1,0,0,0,0,0,0,1,1,1,0,0,1,0
1514,0.495390635312295,0,0,1,0,0,0,1,0,1,1,1,1,1,0,1,0,0,0,1,1,0,1,1,1,1
1515,0.212906451087255,0,1,1,1,0,1,0,1,1,0,1,0,1,0,0,0,0,0,0,0,0,0,0,0,1
1516,-0.547971161928712,1,1,1,1,0,0,0,0,1,0,1,0,0,0,0,0,0,0,1,0,0,1,0,1,1
1517,1.10110556306951,0,0,1,0,0,1,0,1,1,1,1,1,1,1,1,0,0,1,1,1,1,1,0,1,1
1518,1.47849797206184,1,0,1,1,1,1,1,1,0,1,1,1,1,1,1,0,1,0,1,1,1,1,1,1,1
1519,1.61703136316461,1,1,1,1,1,1,1,1,1,1,1,0,1,0,1,0,0,0,1,1,1,1,1,1,1
1520,0.622257536596262,0,1,1,1,0,1,0,1,0,1,1,1,1,0,0,0,0,0,1,1,1,1,1,1,1
1521,0.970919338717085,1,1,1,1,1,1,0,0,1,0,1,1,1,1,1,0,0,0,1,0,0,1,1,0,1
1522,0.157918175903063,0,1,1,1,0,1,1,0,1,1,1,1,1,0,0,0,0,0,1,1,1,1,1,1,1
1523,-1.47899581632704,0,1,1,1,0,1,0,0,0,0,1,0,1,0,0,0,0,0,1,1,0,0,1,0,0
1524,-1.63682460606297,0,0,0,1,0,0,0,0,0,0,1,0,0,0,0,0,0,0,1,0,0,0,1,1,0
1525,-0.701488233521861,0,1,1,1,0,1,0,0,1,0,0,0,1,0,0,0,0,0,1,0,1,1,1,0,1
1526,-0.787159142591625,0,0,0,1,0,1,0,0,0,0,1,1,1,0,1,0,0,0,1,1,0,0,0,0,0
1527,-2.16036541895517,0,0,1,0,0,0,0,0,0,0,0,0,1,0,0,0,0,0,1,1,0,0,0,1,0
1528,0.271717745620363,0,1,0,1,0,1,0,1,1,0,1,1,0,0,1,0,0,1,0,1,1,0,0,1,1
1529,1.44093451421747,0,1,0,1,0,1,0,1,1,0,1,1,1,0,1,0,0,1,1,1,1,1,1,1,1
1530,-1.13602258928859,0,0,0,1,0,1,0,0,0,0,1,0,1,0,0,0,0,0,0,0,1,1,1,0,0
1531,1.05548331286467,0,1,0,1,0,1,1,1,1,0,1,1,1,1,1,0,0,0,1,1,1,1,1,1,1
1532,0.696946224001088,1,1,1,1,0,1,0,1,0,0,1,1,1,0,0,0,0,1,1,1,1,1,0,1,1
1533,-0.170327865022248,0,1,1,0,0,1,1,0,0,1,1,1,0,0,0,0,0,0,1,1,1,1,1,1,1
1534,-0.289065913389062,0,1,0,1,0,1,0,0,1,0,1,1,1,1,0,0,0,0,0,1,0,1,1,0,1
1535,-1.49422340327303,0,1,0,0,0,0,0,0,0,0,0,0,0,0,0,0,0,0,1,0,0,0,0,0,0
1536,-0.175537544186388,0,1,1,1,0,0,0,0,1,0,1,0,0,0,0,0,0,0,1,1,1,0,0,1,0
1537,0.962626172648049,0,0,1,1,0,1,1,1,0,1,1,1,1,0,0,1,0,0,1,1,0,1,1,1,1
1538,0.914198319573023,1,1,1,1,0,1,0,1,0,0,0,1,1,0,0,0,0,0,0,0,1,1,1,1,1
1539,-0.697045229115603,0,1,0,1,0,1,0,0,0,0,0,0,1,0,0,0,0,0,0,1,0,1,0,1,0
1540,-1.12145577593487,0,1,0,1,0,1,0,0,1,0,1,0,1,0,0,0,0,0,0,1,1,0,1,1,0
1541,0.2269077614567,0,1,1,0,0,0,1,1,1,1,1,1,1,0,1,0,0,0,1,1,0,1,1,1,1
1542,-1.35550657576281,0,1,1,1,0,1,0,1,1,0,1,0,0,0,0,0,0,0,1,1,1,1,0,1,0
1543,0.373622900867737,1,1,1,1,1,1,1,0,1,0,1,1,1,0,1,0,0,0,1,1,1,1,1,1,0
1544,0.6473922247647,1,1,1,1,0,0,0,0,1,0,1,1,1,0,1,0,0,0,1,1,0,1,1,0,1
1545,-0.474055786835187,0,1,1,1,0,0,1,0,1,1,1,0,1,0,0,0,0,0,1,1,1,1,1,0,1
1546,0.181936684904315,0,1,1,1,0,0,1,1,1,0,1,1,0,0,0,0,0,0,0,1,1,0,0,1,1
1547,-0.809523499559013,0,1,0,0,0,1,0,1,1,0,0,1,1,0,0,0,0,0,1,0,1,1,1,0,0
1548,-2.30591420091881,0,0,0,0,0,0,0,0,1,0,1,0,1,0,0,0,0,0,0,0,0,1,1,0,0
1549,-0.907185990612674,0,0,0,0,0,1,0,0,0,0,1,0,1,0,0,0,0,1,1,1,0,1,1,1,0
1550,-0.711623881412557,0,0,1,0,0,1,0,1,1,0,0,0,0,0,0,0,0,0,0,0,1,0,1,1,1
1551,-0.141957267716243,0,1,0,1,0,0,0,0,0,0,0,1,1,0,1,0,0,0,0,1,0,1,1,1,1
1552,1.02007690698004,0,1,1,1,1,1,1,0,1,0,1,1,0,0,1,0,0,1,1,1,1,1,1,1,1
1553,-1.01017370424653,0,1,1,0,0,0,1,0,0,0,0,1,1,0,0,0,0,0,1,1,1,1,0,0,0
1554,-1.38331790314673,0,0,1,1,0,1,0,0,0,0,1,0,1,0,0,0,0,0,0,0,0,0,0,1,0
1555,2.56709989733381,1,1,1,1,0,1,1,1,1,1,1,0,1,1,1,1,1,1,1,1,1,1,1,1,1
1556,-2.21748378451943,0,0,1,0,0,0,0,0,1,0,1,0,1,0,0,0,0,0,1,1,0,0,0,0,0
1557,-0.408690798042612,0,1,1,0,0,0,0,0,1,0,1,0,1,0,1,0,0,0,1,1,0,1,0,1,0
1558,-0.135722372749129,0,1,1,1,0,1,0,0,0,0,1,1,1,1,0,0,0,0,0,1,1,1,1,0,1
1559,-0.231537967359213,0,1,1,1,0,1,0,0,1,0,1,0,1,0,0,0,0,0,0,1,1,0,1,1,1
1560,-0.604853545301039,0,0,1,0,0,0,0,1,0,0,1,0,1,0,0,0,0,0,0,1,0,1,0,1,0
1561,0.822679353496896,0,1,0,0,0,1,1,0,1,1,1,1,0,0,0,0,0,0,1,1,1,1,1,1,0
1562,-0.618857313469573,0,1,0,0,0,0,0,0,0,1,0,0,1,0,0,0,0,0,1,1,0,1,1,1,0
1563,-0.613400476813984,0,0,0,1,0,1,0,0,1,0,1,0,1,1,0,0,0,0,1,1,1,1,0,1,1
1564,1.33214849587608,1,0,1,1,1,1,1,1,1,1,1,1,1,1,0,1,0,0,1,1,0,1,0,1,1
1565,0.354006271070233,0,0,1,1,0,1,0,0,1,1,1,0,1,1,0,0,0,0,1,1,1,1,1,1,1
1566,0.388419669435022,0,1,1,1,0,0,1,1,1,0,1,0,1,0,0,0,0,0,0,0,1,1,1,0,1
1567,0.109563832552906,0,1,1,1,0,1,0,0,1,0,1,1,1,0,0,0,0,0,1,1,1,1,0,1,1
1568,-0.197626606372857,0,1,1,1,0,0,0,0,1,1,1,0,0,1,0,0,0,0,1,1,1,0,1,0,0
1569,0.671028479941336,0,1,1,0,0,1,0,1,1,0,1,1,1,1,1,0,0,0,1,0,1,1,1,1,1
1570,-0.0385433837437676,0,1,0,1,0,0,0,1,0,1,1,1,1,1,1,0,0,0,1,1,1,1,1,1,1
1571,-0.73101075712662,1,1,1,0,0,0,0,0,1,0,0,0,1,0,0,0,0,0,1,1,0,1,0,0,0
1572,1.84364672950977,1,1,1,1,1,1,1,1,0,1,1,1,1,1,0,0,0,0,1,1,1,1,1,1,1
1573,1.57079522195721,1,1,1,1,0,1,1,1,1,1,1,1,1,1,1,0,0,1,1,1,1,1,1,1,1
1574,1.00802497869655,1,1,1,1,0,1,1,0,0,1,1,1,0,1,0,0,0,0,0,0,1,1,0,1,0
1575,0.0473602739152671,0,1,1,1,0,1,0,0,1,1,1,0,1,0,0,0,0,0,1,1,1,1,1,1,1
1576,0.809636388243277,0,1,0,1,1,1,1,1,1,0,1,1,1,0,1,0,0,0,1,1,1,1,1,1,1
1577,-0.484987627047177,0,1,0,1,0,0,0,0,0,0,1,0,1,0,0,0,0,0,1,1,1,1,0,1,0
1578,0.551289938280261,1,1,1,0,0,0,1,0,0,0,1,1,1,0,1,0,0,0,1,1,1,1,1,0,0
1579,-0.226947590925139,1,1,0,1,0,1,0,0,1,1,1,0,1,0,0,0,0,0,0,1,1,1,1,1,1
1580,0.00532610012610055,0,1,0,0,0,1,0,0,1,0,1,1,1,0,0,0,0,0,0,0,1,0,1,0,1
1581,0.156829840284373,0,1,1,1,1,0,0,1,1,0,1,0,1,0,0,0,0,0,0,0,1,1,1,1,0
1582,0.0756613311562473,0,1,0,0,0,0,1,1,1,0,0,0,1,0,1,0,0,0,1,1,1,1,0,1,0
1583,-0.0365067123543531,0,1,0,0,0,1,1,0,0,0,1,1,1,0,0,0,0,0,1,1,1,0,0,0,1
1584,0.497110924342672,0,1,1,1,0,1,1,1,0,0,0,1,0,0,1,0,0,0,1,1,1,1,0,0,1
1585,-1.99709078485517,0,0,0,1,0,1,0,0,0,0,1,0,1,0,0,0,0,0,1,1,0,1,1,0,1
1586,0.95136462161899,1,1,0,1,0,1,0,0,1,1,1,1,1,0,1,0,0,1,1,0,1,1,1,1,1
1587,-0.37408744284066,0,0,0,1,1,0,0,0,1,0,0,0,1,0,0,0,0,0,1,1,0,1,0,1,0
1588,-0.169882894593613,0,1,1,0,0,1,1,0,0,0,1,0,1,1,0,0,0,0,1,1,0,1,0,1,1
1589,-0.594379314452498,0,0,1,1,0,1,0,0,1,0,0,1,1,0,0,0,0,0,1,1,1,1,0,0,0
1590,0.485489228700921,0,1,1,1,0,1,0,0,1,0,1,1,1,0,0,0,0,0,1,0,1,1,1,1,1
1591,-2.24222578490143,0,0,1,0,0,0,0,0,1,0,0,0,1,0,0,0,0,0,1,0,1,1,0,0,0
1592,0.255434221884345,0,1,1,1,1,0,0,0,1,0,1,1,1,0,0,0,0,0,1,0,1,1,0,1,1
1593,-2.49473449105566,0,1,0,0,0,0,0,0,0,0,0,0,0,0,0,0,0,0,0,1,1,1,0,1,1
1594,-1.34849434532911,0,1,1,1,0,1,0,0,0,0,1,0,1,0,0,0,0,0,0,1,0,1,1,0,0
1595,0.0265682987862616,0,1,0,1,0,0,0,1,0,0,1,1,0,0,0,0,0,0,1,0,1,1,1,1,0
1596,0.563642037788415,1,1,0,1,0,1,0,0,1,1,1,0,1,0,0,0,0,0,1,1,1,1,1,1,1
1597,-1.28712454526117,0,1,0,1,0,0,0,0,0,0,1,0,1,0,0,0,0,0,1,1,1,0,0,0,1
1598,0.967769486525954,0,1,1,0,1,1,0,1,1,1,1,1,1,1,1,0,0,1,1,1,1,1,1,0,1
1599,0.849473732784228,0,1,1,0,1,0,1,1,0,1,1,1,1,0,1,0,0,0,1,1,1,0,1,1,1
1600,-0.359165570531076,0,0,0,1,0,1,0,0,0,0,1,1,1,0,0,0,0,0,0,1,0,0,1,1,0
1601,0.934447395603036,0,1,1,1,0,1,0,1,1,1,1,0,1,0,0,0,0,1,0,1,1,1,1,1,1
1602,-1.40309253910576,0,0,0,1,0,1,0,0,1,0,1,0,0,0,0,0,0,0,0,0,0,1,0,1,1
1603,0.52646696333609,0,1,1,1,0,1,0,0,1,0,1,0,1,0,0,0,0,0,1,1,0,1,1,1,0
1604,0.332133209880243,1,1,1,1,0,1,0,0,0,1,0,1,1,1,0,1,0,0,1,1,0,1,1,0,0
1605,0.529810378210827,1,0,1,1,1,1,1,1,0,0,0,1,1,0,1,0,0,0,1,1,1,1,1,1,1
1606,0.500667748845401,0,1,1,1,0,0,1,0,0,0,1,0,1,1,1,0,0,0,0,0,1,1,0,0,1
1607,0.29680048965289,0,1,0,1,0,0,0,0,1,1,1,1,1,0,1,0,0,0,1,1,0,1,0,1,1
1608,2.09735853781184,1,1,1,1,1,0,1,1,1,1,1,1,1,1,1,0,1,1,1,1,1,1,0,1,1
1609,0.0601669475577271,0,1,1,1,0,0,0,0,1,0,1,1,1,0,0,0,0,0,1,1,0,1,1,1,1
1610,0.993419555686764,1,1,1,1,1,0,1,0,1,0,1,0,1,0,1,0,0,0,1,1,0,1,1,1,0
1611,-0.130107069544079,0,1,1,1,0,1,1,1,0,0,1,0,1,0,0,0,0,0,1,0,1,1,1,1,1
1612,0.28142097066107,0,1,1,1,1,1,0,0,1,1,1,1,1,0,1,0,0,0,1,0,1,1,0,1,1
1613,-0.992827660469382,0,0,1,1,0,0,0,0,1,0,1,0,1,0,0,0,0,0,1,0,0,1,1,1,1
1614,-0.404963790883968,0,1,1,1,0,1,1,0,1,0,1,0,1,0,0,0,0,0,1,1,0,1,1,1,1
1615,0.548056673701432,0,1,1,1,1,1,1,0,0,1,1,1,1,1,1,0,0,0,1,1,0,1,1,1,1
1616,-0.524680614012402,0,1,0,1,0,1,0,0,0,0,1,0,0,0,0,0,0,0,1,1,1,1,1,1,1
1617,-0.165851006234126,0,1,1,0,0,0,1,0,1,0,1,1,1,0,1,0,0,0,1,1,1,1,1,1,0
1618,-0.548886400819136,1,1,1,1,0,0,0,0,1,0,0,0,1,0,0,0,0,0,0,1,1,1,1,1,0
1619,-0.63333337498204,1,0,0,1,0,0,0,0,0,0,1,1,0,1,0,0,0,0,0,1,0,1,0,1,1
1620,0.387847648415932,1,1,0,0,1,1,1,1,1,0,1,1,1,0,1,0,0,0,1,1,0,1,0,1,1
1621,0.64174876174323,0,1,1,1,1,0,1,1,0,1,1,1,1,1,1,0,0,1,1,1,1,1,1,0,1
1622,1.66406501249128,0,1,0,1,1,1,0,1,1,1,1,1,1,0,1,1,0,0,1,1,1,1,1,1,1
1623,0.234090110985402,0,1,0,1,0,1,0,0,0,0,1,1,1,0,0,0,0,0,0,0,1,0,1,1,0
1624,-1.18093341185413,0,1,0,1,0,1,0,0,1,0,1,1,1,0,0,0,0,0,1,1,1,0,0,0,1
1625,-1.00868714128014,0,1,1,1,0,0,0,0,0,0,1,0,1,0,0,0,0,0,0,1,0,1,0,1,0
1626,1.63315807207574,0,1,1,1,1,1,1,0,1,1,1,1,1,1,0,1,0,0,1,1,1,1,1,1,1
1627,0.548011679516907,0,1,1,1,0,1,1,1,1,1,1,1,1,1,0,0,0,1,1,0,1,1,1,1,1
1628,2.71370240297038,1,1,1,1,1,0,1,1,0,1,1,1,1,1,1,1,1,0,1,1,1,1,1,1,1
1629,-1.13424243742646,0,1,0,0,0,1,0,0,0,0,1,1,1,0,0,0,0,0,1,1,1,0,1,0,1
1630,-1.02292133493591,0,1,0,1,0,0,0,1,1,0,0,0,0,0,0,0,0,0,1,0,1,0,1,0,0
1631,2.87430237441908,1,1,0,1,1,1,0,1,1,1,1,1,1,1,1,1,1,1,1,1,1,1,1,1,1
1632,0.604709473176073,0,1,1,1,0,0,0,0,0,1,1,1,1,0,0,0,0,0,1,1,1,0,1,1,1
1633,-0.896230209345047,0,1,0,1,0,1,0,0,1,0,1,0,1,0,0,0,0,0,1,1,0,1,0,1,0
1634,-0.0959182593099429,0,0,1,1,0,1,0,0,1,0,0,1,0,0,0,0,0,0,1,1,1,1,0,1,0
1635,0.286244916609505,1,0,1,1,0,0,0,0,1,0,1,1,1,1,0,0,0,0,1,1,1,1,1,1,1
1636,-1.51593432245433,0,1,0,1,0,0,0,0,1,0,0,0,0,0,0,0,0,0,1,1,0,1,0,0,1
1637,0.247859750983949,1,1,1,1,0,1,1,0,1,1,1,0,1,0,1,0,0,0,1,1,1,0,1,1,1
1638,0.0315592114931173,0,0,1,1,0,1,0,0,1,1,1,0,1,0,0,0,0,0,1,1,0,1,1,1,0
1639,1.49268837549907,1,1,1,1,0,1,1,0,1,1,1,1,1,1,1,0,0,0,1,1,1,0,1,1,1
1640,-0.370771571899605,0,1,1,1,0,1,0,0,0,0,0,0,1,0,0,0,0,0,1,1,1,1,1,0,1
1641,-0.386239427291359,0,1,0,1,0,0,0,0,1,0,1,0,1,0,0,0,0,0,1,0,0,1,1,1,0
1642,0.160079996948593,0,1,0,1,0,1,1,1,1,1,1,0,1,0,0,0,0,0,1,1,1,0,1,1,1
1643,0.123023542014046,0,1,0,1,0,1,0,0,1,0,1,1,0,1,1,0,0,0,1,1,1,1,1,1,1
1644,-1.79315725319615,0,1,0,1,0,0,0,0,0,0,1,0,0,0,1,0,0,0,1,1,0,0,0,0,1
1645,-1.97803158857009,0,1,0,0,0,0,0,0,0,0,0,0,1,0,0,0,0,0,1,1,0,0,0,0,0
1646,-0.582095065550712,0,1,1,1,0,1,0,0,1,0,0,0,1,0,0,0,0,0,0,1,0,0,1,0,0
1647,-0.313407583428365,1,0,0,1,0,1,1,0,1,1,1,0,1,0,0,0,0,0,0,1,0,0,0,0,0
1648,-0.927769171358718,0,1,1,1,0,1,0,0,1,1,0,0,1,0,0,0,0,0,1,1,1,1,1,1,1
1649,1.77026795496628,1,1,1,1,1,0,1,1,1,1,1,1,1,1,1,0,0,1,1,1,1,1,1,1,1
1650,1.91042343888585,1,1,0,1,1,1,0,0,1,0,1,1,1,1,1,1,0,1,1,1,1,1,1,1,1
1651,-0.195874100686794,0,1,1,1,0,1,0,0,0,0,1,0,1,0,0,0,0,0,0,0,1,0,1,0,1
1652,0.923688919659073,1,1,1,1,0,0,1,1,0,1,1,1,1,1,1,0,0,0,1,1,1,1,1,1,0
1653,1.09251293401487,1,1,0,1,0,1,1,1,1,1,1,1,1,0,1,0,0,0,1,1,1,1,1,1,1
1654,-0.229557626147527,1,1,0,1,0,1,1,0,1,0,1,0,1,0,0,0,0,0,1,0,1,1,0,1,1
1655,-0.070490325626622,0,1,0,1,0,1,0,1,0,0,1,1,0,0,0,0,0,0,1,0,1,0,0,0,0
1656,-0.35697188878313,0,1,0,0,0,0,0,1,1,0,1,1,1,0,0,0,0,1,1,1,1,1,0,0,0
1657,0.303011954153387,0,1,0,1,0,1,1,0,1,0,1,1,1,0,0,0,0,0,1,1,1,1,1,1,1
1658,0.848234142671009,1,1,1,1,1,1,1,0,0,1,1,1,1,1,1,0,0,0,1,0,1,1,1,1,1
1659,0.737822397643848,0,1,0,1,0,1,0,0,1,1,1,1,1,1,0,0,0,0,1,1,1,1,1,1,1
1660,-0.444502756285376,0,1,1,1,0,1,0,0,0,0,1,1,1,0,0,0,0,0,0,1,0,0,1,0,1
1661,0.725830077852658,0,0,1,0,1,1,0,0,1,0,0,0,1,1,1,0,0,0,1,1,1,0,0,1,0
1662,0.988897056290486,0,1,1,1,0,1,0,1,0,1,0,1,1,0,0,0,0,0,1,1,1,1,1,1,1
1663,0.946332779360749,1,1,1,1,0,1,0,1,0,0,1,1,1,0,1,0,0,1,1,1,1,1,0,1,0
1664,0.583245764672173,0,1,1,0,1,1,1,0,1,0,1,0,1,0,0,0,0,0,1,1,1,1,1,1,1
1665,0.433912476902943,0,1,1,1,0,1,0,1,1,0,1,0,1,0,1,0,0,0,1,1,1,1,0,1,1
1666,-0.967911271628672,0,1,0,1,0,0,0,1,0,0,1,1,1,0,0,0,0,0,1,1,0,0,0,0,1
1667,1.38238013914682,1,1,0,1,1,1,0,0,0,0,1,1,1,0,1,0,0,1,1,1,1,1,1,1,1
1668,-0.641214924181611,0,1,0,1,0,1,0,0,1,0,1,0,1,0,0,0,0,0,1,1,1,1,0,0,0
1669,0.468322323227087,0,1,1,1,1,1,1,1,1,0,0,1,1,1,0,0,0,0,1,1,1,1,1,0,1
1670,-0.461899207852527,0,0,0,0,0,0,0,0,1,0,1,0,1,0,0,0,0,0,1,1,1,1,1,1,1
1671,-0.334278285404885,1,1,0,1,1,0,0,0,1,0,1,1,0,0,0,0,0,0,1,1,0,1,1,1,0
1672,0.473994955606785,1,1,0,1,0,1,0,0,1,0,0,1,1,0,0,0,0,0,1,1,1,1,1,1,1
1673,-1.69844777025288,0,0,0,1,0,1,0,0,0,0,0,0,1,0,0,0,0,0,0,0,0,1,0,0,0
1674,-0.513006408814421,0,1,1,1,0,0,1,0,0,0,1,1,1,0,0,0,0,0,0,0,1,1,1,1,1
1675,-0.167367318800753,0,1,1,1,0,1,0,0,0,1,0,0,1,0,1,0,0,0,1,1,1,1,0,1,1
1676,1.02734468625323,1,1,1,1,0,0,0,1,0,1,1,0,1,1,1,0,0,0,0,1,1,0,1,1,1
1677,0.783524382771709,0,1,0,1,1,1,1,0,1,0,1,1,1,0,0,0,0,1,0,1,1,1,1,1,1
1678,-0.327355079359987,0,0,0,1,0,0,0,0,1,0,1,1,1,0,0,0,0,0,0,0,1,1,1,1,0
1679,-0.143807092498939,1,1,1,1,0,1,0,0,1,0,1,1,1,0,0,0,0,0,1,1,1,1,1,1,1
1680,0.00988230072158279,0,1,0,1,0,1,0,0,1,0,1,0,1,0,0,0,0,0,1,1,0,1,1,0,0
1681,0.907068350564941,0,1,1,0,1,1,0,1,1,1,1,1,1,0,1,0,0,1,1,1,1,1,1,0,0
1682,-0.613365411073527,0,1,0,0,0,1,0,0,0,0,1,0,0,0,1,0,0,0,1,0,1,1,1,1,1
1683,0.812632433170098,1,1,0,1,0,0,1,0,0,1,1,1,1,0,1,0,0,0,1,1,1,0,0,1,0
1684,-0.849582950641276,0,1,0,1,0,1,0,0,1,0,1,0,1,0,0,0,0,0,1,0,0,1,0,0,1
1685,-0.359747964945644,0,1,1,1,1,1,0,0,1,0,1,1,1,0,0,0,0,0,1,1,0,1,1,0,0
1686,0.963085088237961,1,1,1,1,1,1,1,0,1,1,1,1,1,0,0,1,0,0,0,1,1,1,0,1,0
1687,0.0606756517007468,0,1,1,1,0,1,1,0,1,0,1,1,1,0,0,0,0,0,0,0,0,1,1,1,0
1688,1.02304044441861,0,1,0,1,0,1,0,1,0,1,1,0,1,0,0,0,0,1,1,1,1,1,0,1,1
1689,-2.20891490345046,0,0,1,0,0,1,0,1,1,0,0,0,0,0,0,0,0,0,0,0,0,1,0,0,0
1690,1.38320640567448,0,1,1,1,0,1,1,1,1,1,1,1,1,1,0,0,0,0,1,0,1,1,1,1,1
1691,-1.69709592005471,0,0,0,0,0,0,0,0,0,0,0,0,1,0,0,0,0,0,1,1,0,1,1,1,0
1692,1.15990283366365,1,1,1,1,1,1,1,1,0,0,1,1,1,1,0,0,0,0,1,1,1,0,1,1,1
1693,0.74065269903419,1,1,1,1,1,0,0,0,1,1,1,1,1,0,0,0,0,0,0,1,0,1,0,0,1
1694,0.941703736499083,0,1,1,1,1,1,1,0,1,1,1,1,1,0,1,0,0,0,1,1,0,1,1,1,1
1695,-1.89591624990451,0,1,0,1,0,1,0,0,0,0,0,0,0,0,0,0,0,0,0,0,1,0,1,0,0
1696,1.06321507623345,1,1,1,1,0,1,0,1,0,0,1,0,1,1,1,0,0,0,1,1,1,0,1,1,1
1697,1.37821178316309,1,1,1,1,0,1,0,0,1,1,1,1,1,1,1,0,0,1,1,1,1,1,1,0,0
1698,1.37604484717321,1,1,0,1,1,1,0,1,0,0,1,1,1,1,0,0,1,0,1,1,0,1,1,1,0
1699,-0.532205728520243,0,1,1,0,0,1,0,0,1,0,1,0,1,0,0,0,0,0,1,1,0,1,1,1,0
1700,0.529296743773722,0,1,1,1,0,1,1,1,1,1,1,1,1,0,1,0,0,1,1,0,1,1,1,0,0
1701,-1.03670215380965,0,1,0,1,0,0,0,0,1,0,1,0,0,1,0,0,0,0,1,0,1,1,1,0,0
1702,0.189005591800432,0,1,0,0,1,1,1,0,1,0,1,0,1,0,0,0,0,0,0,1,1,1,1,1,0
1703,0.898086828508364,0,1,0,1,0,1,0,0,1,0,1,1,1,1,1,0,0,0,0,1,1,1,1,1,1
1704,-0.66519755367221,0,1,0,1,0,1,0,0,1,0,1,0,0,1,1,0,0,0,1,0,0,1,1,1,0
1705,0.264731753061608,1,1,0,1,0,1,1,0,1,1,1,1,1,0,0,0,0,0,1,1,1,1,1,1,1
1706,-0.942807670360412,1,1,1,1,0,1,0,0,1,0,0,0,1,0,0,0,0,0,1,0,0,0,0,0,0
1707,0.278380084858502,0,1,1,1,0,1,0,0,1,0,0,1,1,0,0,0,0,1,1,1,0,0,0,0,1
1708,-1.44031514499759,0,0,1,0,0,0,0,0,1,0,0,0,1,0,0,0,0,0,1,0,0,1,1,0,0
1709,0.448695316165732,0,1,1,1,0,1,0,0,1,1,1,1,1,0,0,0,0,0,0,1,1,1,1,1,0
1710,-0.738060829531924,0,0,1,1,0,1,0,0,0,0,1,0,1,0,0,0,0,0,0,0,0,0,0,1,1
1711,0.398867343258024,0,1,1,1,1,1,1,0,1,0,1,0,1,0,0,0,0,0,1,0,1,1,0,0,0
1712,-1.41918368873523,0,0,0,1,0,0,0,0,1,0,0,0,0,0,0,0,0,0,0,1,1,1,0,1,0
1713,-0.357279419841582,0,0,1,0,0,1,1,0,1,0,1,0,1,0,0,0,0,0,1,1,1,1,0,0,0
1714,-0.0307600176608124,0,0,0,1,0,1,0,0,0,0,1,1,0,0,0,0,0,0,1,1,1,1,0,1,1
1715,-0.148918869804385,0,1,1,1,0,1,0,0,1,0,1,1,0,0,0,0,0,0,1,1,1,0,1,0,0
1716,0.363494042940282,0,1,1,1,0,1,0,0,0,0,0,0,0,0,0,0,0,0,1,0,1,1,0,1,1
1717,-0.0885820661290655,0,1,1,1,0,1,1,0,1,0,1,1,1,0,0,0,0,0,1,1,0,1,0,0,1
1718,0.382548657942856,0,1,1,1,0,1,0,1,1,0,1,0,1,0,0,0,0,0,1,1,1,0,1,1,1
1719,1.55306047667181,1,1,1,1,1,1,1,1,1,0,1,1,1,0,0,0,0,1,1,1,1,1,1,1,0
1720,-0.537468014838043,0,1,0,1,0,1,0,0,1,0,1,0,1,0,0,0,0,0,1,1,0,0,1,0,0
1721,-1.32439579293657,0,0,1,0,0,1,0,0,0,0,1,0,1,0,0,0,0,0,0,1,0,0,1,1,1
1722,-2.18929613149922,0,0,0,0,0,0,0,0,0,0,0,0,1,0,0,0,0,0,0,1,0,0,0,0,1
1723,1.02686716149916,1,1,1,1,1,1,1,0,1,0,0,0,1,0,1,0,1,0,0,0,1,0,1,1,0
1724,-0.46936983235225,0,1,0,0,0,0,0,1,1,0,0,0,1,0,0,0,0,0,1,1,0,0,1,1,0
1725,-0.0539139444810712,0,1,1,0,0,1,0,0,1,0,1,1,1,0,0,0,0,0,0,0,1,1,0,1,0
1726,0.644546839021219,0,1,1,1,0,1,0,1,1,1,1,1,1,1,0,0,0,0,1,1,1,1,0,1,1
1727,-0.926495699450567,0,0,1,0,0,1,0,0,0,0,1,0,1,0,0,0,0,0,1,0,1,1,0,0,0
1728,-0.772602876622863,0,1,1,1,0,1,0,0,1,1,1,0,0,0,0,0,0,0,1,1,1,1,0,1,0
1729,0.315578199405549,0,1,1,1,0,1,1,0,1,0,1,0,1,0,1,0,0,0,0,0,1,0,0,1,1
1730,-1.38884054098426,0,1,0,1,0,0,0,0,0,0,1,0,0,0,0,0,0,0,0,0,1,1,1,1,0
1731,0.476916934819204,0,1,1,1,1,0,1,1,0,0,1,0,1,0,0,0,0,0,1,1,1,1,1,0,1
1732,-0.167944618190608,0,1,0,1,0,1,0,0,0,0,1,1,1,0,0,0,0,0,1,1,1,1,1,0,0
1733,2.24129342903313,0,1,0,1,1,1,0,1,1,1,1,1,1,1,1,1,1,1,1,1,1,1,1,1,1
1734,0.65267373782985,1,1,1,1,0,1,1,1,1,1,1,1,1,1,1,0,0,0,1,1,0,1,1,1,1
1735,0.307689210969277,0,1,0,0,1,1,0,0,1,0,1,0,1,0,0,0,0,0,1,0,1,0,1,1,1
1736,1.24220283637978,1,1,1,1,0,1,1,0,1,1,1,0,1,1,1,0,1,0,1,1,1,1,1,1,0
1737,0.582812026034116,0,1,1,1,0,1,1,0,1,0,1,0,1,0,1,0,0,0,1,0,1,1,1,0,1
1738,0.413920093759945,0,0,1,1,0,1,1,1,1,1,1,0,1,1,1,0,0,0,1,0,1,1,1,0,1
1739,-2.58072454225874,0,0,0,1,0,0,0,0,0,0,0,0,1,0,0,0,0,0,0,1,0,1,0,0,0
1740,2.38942862884446,1,1,1,1,0,1,1,1,1,1,1,1,1,1,1,1,0,1,1,1,1,1,1,1,1
1741,-1.70068269283526,0,1,0,0,0,0,0,0,0,0,0,0,0,0,0,0,0,0,0,0,0,0,0,0,0
1742,0.941700030040177,1,1,0,1,0,1,0,0,1,1,1,1,0,1,0,0,0,0,1,0,1,1,1,1,1
1743,-0.878151055372608,0,0,0,1,0,0,0,1,0,0,0,0,1,0,0,0,0,0,1,1,0,0,1,1,1
1744,-0.604010817360173,0,1,1,1,0,0,0,0,0,0,1,1,1,0,1,0,0,0,0,1,1,1,1,1,1
1745,1.21852806951908,1,1,1,1,1,1,0,0,1,0,0,1,1,1,1,0,0,0,1,1,1,1,1,1,1
1746,-0.607142486796617,0,1,0,1,0,1,0,0,1,0,1,0,1,0,0,0,0,0,0,0,1,0,1,1,0
1747,1.77069120662777,1,1,1,1,1,1,1,0,1,1,1,1,1,1,1,0,0,1,1,1,1,1,1,1,1
1748,2.15819090972499,1,1,1,1,1,1,0,1,1,0,1,1,1,1,0,0,1,1,1,1,1,1,1,1,1
1749,0.627493153559826,1,1,1,1,0,1,0,1,1,1,1,1,1,0,1,0,0,1,1,0,1,1,1,1,1
1750,1.37052067207749,1,1,1,1,0,0,0,1,1,0,1,1,1,1,1,1,0,0,0,1,1,1,1,1,1
1751,-1.93919823864932,0,0,0,0,0,0,0,0,0,0,0,0,0,0,0,0,0,0,0,0,0,0,1,1,0
1752,-0.787450097421333,0,1,0,1,0,1,0,0,0,0,1,0,1,1,1,0,0,0,0,1,0,1,0,0,0
1753,0.540214373318999,0,1,1,1,0,1,0,1,0,1,1,1,1,0,1,0,0,0,1,1,0,1,1,1,0
1754,0.966212970183054,1,1,0,1,1,1,0,1,1,1,1,1,1,1,1,0,0,0,1,1,1,1,0,1,1
1755,-2.09573756569699,0,1,0,0,0,1,0,0,0,0,0,0,0,0,0,0,0,0,0,1,0,0,0,0,0
1756,-1.25228289257901,0,1,1,1,0,0,0,0,0,0,1,0,1,0,0,0,0,0,1,1,1,0,0,1,1
1757,-0.506350828504563,0,1,0,1,0,1,0,0,1,0,1,0,0,0,0,0,0,0,1,0,1,0,1,1,1
1758,0.578784036525822,1,1,1,1,0,0,0,0,1,1,1,1,1,0,0,0,0,0,0,0,0,1,1,1,1
1759,1.0549871064713,1,0,1,1,1,1,0,1,1,1,1,1,1,1,1,0,0,0,1,1,0,1,1,1,0
1760,1.10910727552315,1,1,1,1,1,1,1,0,1,1,1,1,1,0,0,0,0,1,1,1,1,1,0,1,0
1761,-0.542975692751198,0,1,1,0,0,1,0,1,0,0,0,0,1,0,0,0,0,0,1,1,0,0,0,0,0
1762,-1.43232490062953,0,0,1,1,0,1,0,0,1,0,0,0,1,0,0,0,0,0,1,1,1,1,0,0,0
1763,1.39101205659148,1,1,0,1,0,1,1,0,1,1,1,1,1,1,0,0,0,0,1,1,1,0,1,0,1
1764,1.8778372867901,1,1,0,1,1,0,1,1,1,1,1,1,1,1,1,1,0,1,0,1,1,1,1,1,1
1765,-0.492771761778063,0,1,1,0,0,0,0,0,1,1,1,0,1,0,0,0,0,0,1,1,1,0,0,1,0
1766,-1.25354061210725,0,0,0,0,0,1,0,0,0,0,0,1,1,0,0,0,0,0,0,1,0,0,0,0,0
1767,0.238365470074735,0,1,1,1,0,0,1,0,0,0,1,1,1,0,1,0,0,0,1,1,1,1,1,1,0
1768,-0.527051995502003,1,1,1,0,0,1,0,0,1,1,0,0,1,0,1,0,0,0,1,1,0,1,0,0,1
1769,-0.296162114529766,1,1,1,1,1,0,0,0,0,0,1,0,1,0,0,0,0,0,0,0,1,1,1,1,1
1770,0.485483512449197,0,0,1,1,0,1,1,1,0,1,0,0,1,1,0,0,0,0,1,0,1,1,1,1,1
1771,-2.50683848752485,0,1,1,1,0,0,0,1,1,0,0,0,0,0,0,0,0,0,0,0,1,0,0,0,0
1772,-0.324886826975364,0,0,0,0,0,0,0,0,1,0,1,0,1,0,0,0,0,0,1,1,1,1,1,1,0
1773,-0.762321613411488,0,1,1,1,0,1,0,0,1,0,0,1,1,0,0,0,0,0,1,0,1,1,0,1,1
1774,-0.212840005948765,0,1,1,1,0,1,0,1,1,1,1,1,1,0,1,0,0,0,1,0,0,1,0,1,1
1775,-0.732132798205738,0,0,0,0,0,0,0,0,1,0,1,0,1,0,0,0,0,0,1,0,1,1,0,1,1
1776,-0.508837689829849,0,0,0,1,0,1,1,0,1,0,1,1,0,1,0,0,0,1,1,1,0,1,0,0,1
1777,0.0289888901706622,0,1,1,1,0,0,0,1,1,1,1,1,1,0,1,0,0,0,1,1,1,1,1,1,0
1778,1.40408150060083,1,0,1,1,0,1,1,1,1,1,1,1,1,0,1,0,0,1,1,1,1,1,1,1,0
1779,0.51628665426789,0,1,0,1,0,1,0,1,1,0,1,1,1,0,1,0,0,0,1,0,0,1,0,1,1
1780,1.25210760161142,0,1,1,1,0,0,0,0,1,0,1,1,1,1,1,1,0,0,1,1,0,1,1,1,1
1781,-0.937724903954283,0,1,1,1,0,1,0,0,1,1,0,0,0,1,0,0,0,0,1,0,1,0,0,0,1
1782,0.43646480609536,0,1,1,1,1,1,1,1,1,1,1,1,1,0,0,0,0,0,1,1,1,0,1,1,1
1783,1.39764358246283,1,1,0,1,1,0,1,1,0,1,1,1,1,0,1,0,0,0,1,1,1,1,1,1,1
1784,0.24089979497265,0,1,1,1,1,1,1,0,1,0,1,0,1,1,0,0,0,0,1,1,0,1,0,1,0
1785,-0.76302520396582,0,1,0,0,0,0,0,0,0,1,1,0,0,0,0,0,0,0,1,0,0,0,1,0,1
1786,0.357188196635086,0,1,1,1,0,1,1,1,1,1,1,0,1,0,0,0,0,0,1,0,1,0,0,1,1
1787,-0.805015536600586,1,1,1,1,0,1,0,0,0,0,1,1,0,0,0,0,0,0,1,0,0,1,0,0,0
1788,-1.72162869132229,0,1,0,1,0,1,0,0,1,0,1,0,1,0,0,0,0,0,1,0,1,0,0,0,0
1789,-0.446262552387284,0,0,1,0,0,1,0,0,0,0,1,0,1,0,0,0,0,0,0,1,1,1,1,1,0
1790,1.32584775577444,1,1,1,1,1,0,1,1,1,0,1,1,1,1,1,0,0,0,1,1,1,1,1,0,1
1791,0.64505398747775,1,1,0,1,1,1,1,0,1,0,1,1,1,1,0,0,0,1,0,1,1,1,0,0,1
1792,0.128410190308978,1,1,0,1,1,1,0,0,1,0,1,0,1,0,0,0,0,0,1,1,1,1,1,0,1
1793,0.425813424714388,0,1,1,1,0,0,0,0,1,0,1,1,1,1,1,0,0,0,1,1,1,1,1,1,1
1794,-0.411398296560729,0,0,1,0,0,1,0,0,1,0,1,0,1,0,0,0,0,0,1,1,0,0,1,1,0
1795,-1.33075189301043,0,0,0,1,0,1,0,0,1,0,0,1,1,0,0,0,0,0,0,1,0,0,0,0,0
1796,0.905588454175593,1,1,1,1,0,0,1,1,1,1,1,1,1,1,0,0,0,0,1,0,1,1,1,0,1
1797,-0.0316292377491106,1,1,1,1,0,1,1,0,0,0,1,0,0,1,0,0,0,0,1,1,0,0,0,1,1
1798,0.360429642418848,0,1,1,1,0,1,1,0,1,1,1,0,1,0,0,0,0,0,1,1,1,1,1,1,1
1799,0.888366590608493,1,1,1,1,0,1,1,1,0,0,1,1,1,0,1,0,0,0,1,1,1,1,1,1,1
1800,-0.775216674969428,0,1,1,0,0,1,0,0,1,0,1,0,1,0,0,0,0,0,1,1,1,1,1,0,0
1801,0.105233953480511,0,0,0,1,0,1,0,0,1,0,1,1,1,1,0,0,0,0,0,0,1,1,0,0,1
1802,-1.24678883474988,0,0,1,1,0,1,0,0,1,0,1,0,1,0,0,0,0,0,0,1,1,1,0,0,1
1803,0.489282103151693,0,0,0,1,1,1,0,1,1,0,1,0,1,0,0,0,0,1,1,1,1,1,0,1,1
1804,-0.875523893215321,0,1,1,1,0,1,0,0,1,1,0,0,1,0,0,0,0,0,1,1,0,1,1,0,0
1805,1.20771937087252,1,1,1,0,1,1,0,0,0,1,1,1,1,0,1,0,0,0,1,0,1,0,1,1,1
1806,0.144381304366423,0,1,1,1,0,1,1,0,1,0,1,0,0,1,0,0,0,0,0,0,1,1,1,1,1
1807,0.591819027984915,0,1,1,1,0,0,1,1,1,0,1,0,1,1,1,0,0,0,0,1,1,0,0,1,0
1808,0.194135646570007,0,1,0,1,0,0,1,0,0,0,1,1,1,1,0,0,0,1,1,1,1,1,0,0,1
1809,-1.17930672628275,0,0,0,0,0,1,0,1,0,0,0,1,1,0,0,0,0,0,0,1,1,0,0,0,1
1810,-0.199969055546384,1,1,1,1,0,1,0,1,1,0,0,0,1,0,0,0,0,0,1,1,1,0,1,1,1
1811,0.223674854356264,0,1,1,1,1,1,0,0,1,1,1,1,0,0,0,0,0,0,0,0,1,1,1,1,1
1812,-1.04996676959974,0,1,1,0,0,0,0,0,1,0,1,0,1,0,0,0,0,0,0,0,0,0,1,1,0
1813,-0.332592372782726,0,1,1,1,0,1,0,0,1,1,1,1,0,0,0,0,0,0,1,1,1,0,0,1,1
1814,-0.497684627799353,0,1,1,1,0,1,0,0,0,0,1,0,0,0,0,0,0,0,0,1,0,0,0,1,0
1815,0.26446769214346,1,1,1,1,0,1,1,0,0,1,1,1,1,0,0,0,0,0,0,1,1,1,1,1,1
1816,0.906258279995656,1,1,1,1,1,0,1,1,1,0,1,1,1,0,1,0,0,0,1,1,1,1,1,1,0
1817,-0.563404659135658,0,1,1,0,0,1,1,0,0,0,0,0,0,0,0,0,0,0,0,1,1,0,1,1,1
1818,0.69621190557223,0,0,1,1,1,1,1,0,0,0,1,1,1,1,0,0,0,1,1,1,1,1,1,1,1
1819,-0.0810738375647047,0,1,0,1,0,0,0,0,1,0,1,0,1,0,0,0,0,0,0,0,1,0,1,1,0
1820,-1.51504008596956,0,1,0,1,0,1,0,0,1,1,1,1,0,0,0,0,0,0,0,1,1,0,1,1,0
1821,1.07208482435232,0,1,1,1,0,1,1,0,1,0,1,1,0,0,1,0,0,0,1,1,1,1,0,0,1
1822,-1.53590967405606,0,1,1,1,0,0,0,0,1,0,1,0,1,0,0,0,0,0,0,0,0,0,0,1,1
1823,0.422199894769418,0,1,1,1,0,0,1,1,1,1,0,1,1,1,0,0,0,0,1,1,1,1,1,1,0
1824,-0.788043207277761,1,0,1,0,0,1,0,0,1,1,1,0,1,0,0,0,0,0,0,1,1,0,0,0,1
1825,0.728625421901799,0,1,0,1,0,1,1,1,0,0,1,0,1,0,1,0,0,0,0,1,1,0,0,1,1
1826,-0.30275857864388,0,1,0,1,0,1,0,0,0,0,1,1,0,0,0,0,0,0,0,0,1,0,0,1,0
1827,-0.152109314884966,0,1,0,1,0,1,1,1,1,0,1,1,1,0,0,0,0,1,1,1,1,1,1,0,1
1828,-1.55426954583791,0,1,1,0,0,1,0,0,0,0,1,0,1,0,0,0,0,0,0,1,1,1,0,0,1
1829,0.747465589214088,1,1,1,1,0,1,0,1,1,1,0,1,1,1,0,0,0,0,1,1,1,1,0,0,1
1830,-1.92224347300499,0,1,1,0,0,0,0,0,1,0,0,0,1,0,0,0,0,0,1,0,1,0,0,0,0
1831,0.239895125512945,0,1,1,1,0,1,0,0,1,0,1,0,1,0,0,0,0,0,1,1,0,1,1,1,0
1832,0.0267181106622425,0,1,0,1,0,1,0,0,0,0,1,0,1,0,0,0,0,0,1,1,0,0,1,0,1
1833,-3.08707742503408,0,0,0,0,0,0,0,0,0,0,0,0,0,0,0,0,0,0,0,1,0,1,1,1,1
1834,-0.938349225149314,0,0,0,0,0,1,0,0,1,0,1,1,0,0,0,0,0,1,1,1,0,0,0,0,0
1835,-1.03669891962513,0,1,0,0,0,1,0,0,1,0,1,0,1,1,0,0,0,0,1,1,1,0,1,0,0
1836,-0.590950876499375,0,1,0,1,0,1,0,0,1,0,0,0,1,0,0,0,0,0,0,1,1,1,0,1,1
1837,1.34227969620351,0,1,0,1,0,1,0,1,1,1,1,1,1,1,0,0,0,0,1,1,0,1,1,0,1
1838,1.70670557729754,1,1,1,1,0,1,1,1,1,1,1,0,1,1,1,0,1,0,1,1,1,1,1,1,1
1839,-0.668291056503856,0,1,1,1,0,0,0,1,0,0,1,0,1,0,0,0,0,0,1,0,1,0,1,1,1
1840,-1.55279073858724,0,1,1,1,0,0,0,0,1,0,0,1,1,0,0,0,0,0,1,0,0,1,0,0,0
1841,0.530558724083503,0,1,1,0,1,0,1,1,1,0,1,1,1,1,0,0,0,0,1,0,1,1,0,0,1
1842,0.229521406055348,0,1,1,1,0,1,1,0,0,0,0,1,1,0,1,0,0,0,0,1,1,1,1,0,1
1843,-0.0496436968890223,0,1,1,1,0,1,0,1,0,1,1,0,1,1,0,0,0,0,1,1,1,1,1,0,0
1844,-1.24678883474988,0,1,0,0,0,1,0,0,1,0,0,0,1,0,0,0,0,0,0,0,1,0,0,0,1
1845,-0.704478880680761,0,1,1,0,0,0,1,0,1,1,1,0,0,0,0,0,0,0,1,0,0,0,0,0,0
1846,0.0316730248233574,0,1,1,1,0,1,0,1,0,0,1,1,1,0,0,0,0,0,1,1,0,0,1,0,1
1847,0.41923631565309,0,1,1,1,1,1,0,0,1,0,1,0,1,1,0,0,0,0,0,1,0,1,1,0,0
1848,0.963081790778324,1,1,1,1,0,0,0,0,1,1,1,1,1,1,0,0,0,0,1,1,1,1,1,1,1
1849,0.318939908563197,1,1,1,1,0,0,1,1,1,0,1,1,1,1,0,0,0,0,1,1,0,1,1,1,1
1850,0.790806270184246,0,1,1,1,0,1,1,1,1,1,1,0,1,1,0,0,0,0,0,1,1,1,1,0,0
1851,1.72896912626312,1,1,1,1,1,1,1,0,1,1,1,1,1,0,1,1,0,0,1,1,1,1,0,1,0
1852,0.351091079506418,1,0,0,1,0,1,1,0,1,0,1,1,1,0,1,0,0,0,1,0,1,0,0,0,0
1853,1.76894863312753,1,1,1,1,1,0,1,1,1,1,1,1,1,1,0,0,0,0,1,1,1,1,1,1,1
1854,-0.120648190222608,0,1,0,1,0,1,0,0,1,0,1,0,1,0,1,0,0,0,0,0,1,1,1,1,1
1855,-0.295871098362883,0,1,0,1,0,1,0,0,1,0,1,1,1,0,0,0,0,0,0,1,1,0,0,0,1
1856,-1.10443896617536,0,1,0,0,0,0,0,0,0,0,0,0,1,0,0,0,0,0,0,1,0,1,1,1,0
1857,1.18439393030136,1,1,1,1,0,1,1,0,1,1,1,1,1,0,0,0,0,0,1,1,1,0,1,1,0
1858,0.32240753475235,0,1,0,0,0,1,0,0,0,0,1,0,1,0,0,0,0,0,0,1,1,1,1,1,1
1859,-0.895042999347654,0,0,0,1,0,1,0,0,1,1,1,0,0,0,0,0,0,0,1,0,0,1,0,0,0
1860,0.125641572415316,0,1,1,1,0,1,0,0,0,0,1,0,1,1,0,0,0,0,1,0,0,0,0,0,1
1861,0.707697666313079,0,0,0,1,0,1,0,1,0,0,1,1,1,0,1,0,0,0,0,1,1,1,0,0,1
1862,-0.436739294714813,0,1,1,1,0,1,0,0,0,0,1,1,0,0,0,0,0,0,1,1,0,0,0,0,1
1863,0.46144386097981,1,1,1,1,0,0,1,0,0,0,1,1,1,1,0,0,0,0,0,0,1,1,1,1,0
1864,-0.755929554556835,0,1,0,1,0,1,0,0,1,0,1,0,1,1,0,0,0,0,1,1,0,1,1,0,0
1865,0.645551195712692,0,1,0,1,0,1,0,0,1,0,1,1,1,0,1,0,0,0,1,1,1,0,1,1,1
1866,-1.15235893300098,0,1,1,0,0,1,0,0,0,0,1,0,1,0,0,0,0,0,1,0,0,1,0,0,0
1867,-0.392982461378129,0,0,0,1,0,0,0,0,1,1,1,0,0,0,1,0,0,0,0,1,0,1,0,1,1
1868,-0.345865029204759,0,1,1,0,0,1,0,0,0,0,1,1,1,0,0,0,0,0,1,1,1,0,1,1,1
1869,0.529913270588099,1,1,0,1,0,1,0,0,1,1,1,1,1,1,0,0,0,1,0,0,1,1,1,1,0
1870,-2.0151705046049,0,0,0,0,0,0,0,0,0,0,0,0,1,0,0,0,0,0,0,0,1,0,1,1,0
1871,1.15678655244351,0,1,0,1,0,1,0,1,1,1,1,1,1,1,1,0,0,0,0,1,1,1,1,1,0
1872,-0.661886622786509,0,0,1,0,0,1,0,0,1,1,1,0,1,0,0,0,0,0,1,1,0,1,0,0,0
1873,-0.902456598553236,0,0,0,1,0,0,0,0,1,0,0,0,0,0,0,0,0,0,0,1,1,1,1,1,1
1874,0.442057713620778,1,1,1,0,0,0,0,0,1,0,1,1,1,1,0,0,0,0,1,1,0,0,1,1,1
1875,0.139890215966287,0,0,1,0,0,1,1,0,1,0,1,1,1,1,0,0,0,0,1,0,1,0,0,0,1
1876,0.548681587127769,0,1,1,1,0,1,0,0,1,1,1,1,0,0,0,0,0,0,1,1,0,0,1,1,1
1877,-0.224451492181799,0,1,0,0,0,1,1,1,1,0,1,0,1,0,0,0,0,0,0,1,1,0,1,0,0
1878,-0.607090631950665,0,0,1,0,0,1,0,0,0,0,1,1,0,0,0,0,0,0,1,1,0,0,1,1,0
1879,1.40194730467524,0,1,1,1,1,1,1,1,1,0,1,1,0,1,1,0,0,0,1,1,1,1,1,1,0
1880,-1.00937029199416,0,0,0,1,0,0,0,1,1,0,0,0,1,0,0,0,0,0,1,0,1,0,0,1,0
1881,0.402250350770977,1,1,0,1,0,1,0,0,1,0,0,0,1,0,0,0,0,1,0,0,0,1,1,1,1
1882,-2.02288251384248,0,0,1,1,0,1,0,0,1,0,0,0,1,0,0,0,0,0,1,1,0,0,1,0,1
1883,-0.489785924650576,0,1,1,1,0,0,0,0,0,0,1,0,1,1,0,0,0,0,1,0,0,0,0,1,0
1884,-0.207914733027644,1,1,1,1,0,1,1,0,0,0,1,1,1,0,1,0,0,0,1,1,1,1,1,1,0
1885,1.06855990771935,1,1,0,1,1,1,1,1,1,0,1,1,1,1,0,0,0,0,1,1,1,1,0,0,0
1886,0.396775944359733,0,1,1,1,0,1,0,0,0,0,1,0,1,1,1,0,0,0,1,0,0,1,1,1,1
1887,1.50150328955888,1,1,1,1,1,1,1,0,1,0,1,1,1,1,1,1,0,0,1,0,1,1,1,1,0
1888,1.24750571486649,1,1,1,1,1,0,1,0,1,1,1,1,1,1,1,0,0,0,1,1,1,1,1,1,1
1889,2.18256822776735,1,1,1,1,1,1,1,1,1,1,1,0,1,1,1,1,0,1,1,1,1,1,1,1,1
1890,-1.34819638289357,1,1,0,0,0,0,0,0,0,0,1,0,1,0,0,0,0,0,1,0,0,1,1,1,0
1891,-0.600340659632689,0,1,1,0,0,1,0,0,1,0,0,1,1,0,0,0,0,0,0,1,0,1,1,1,0
1892,-1.33832338552854,0,1,0,1,0,1,1,0,0,0,1,0,0,0,0,0,0,0,1,1,1,0,1,0,0
1893,-0.593860372482057,0,1,1,1,0,0,0,0,1,0,1,0,1,0,0,0,0,0,1,0,0,1,0,0,0
1894,-0.985054642154805,1,0,0,1,0,1,0,0,1,0,1,0,1,0,0,0,0,0,1,0,1,1,1,1,0
1895,-0.23697490816504,0,0,1,1,0,1,0,0,1,1,1,0,1,0,0,0,0,0,1,1,1,1,1,0,1
1896,1.89290381906545,1,1,1,1,0,1,1,1,0,1,1,1,1,1,1,0,0,0,1,0,1,1,1,1,1
1897,1.61704367900721,1,1,1,1,1,0,0,0,1,0,1,1,1,0,1,0,0,1,0,1,1,1,1,1,0
1898,0.515168264133643,0,1,1,1,0,1,0,0,0,1,1,1,1,1,1,0,0,0,0,1,1,1,1,1,0
1899,-1.10570258546302,0,0,0,1,0,0,0,0,1,0,1,0,1,0,0,0,0,0,0,0,0,0,1,1,1
1900,0.422199894769418,0,0,0,0,0,1,0,0,0,1,1,0,1,1,0,0,0,0,1,1,1,0,1,0,0
1901,-0.0819738114597915,0,1,1,1,0,1,0,1,1,0,1,0,1,0,0,0,0,0,1,1,1,0,0,0,1
1902,0.351661071825087,0,1,0,1,0,1,0,0,1,0,0,0,0,0,1,0,0,0,1,1,1,0,1,1,0
1903,-0.157510019427627,0,1,0,1,0,1,0,1,1,0,0,1,1,0,0,0,0,0,1,1,1,1,0,1,0
1904,1.2467124583086,0,1,1,1,1,1,1,1,1,0,1,1,1,1,1,0,0,0,1,1,1,1,1,1,1
1905,-0.36108164192456,0,0,1,1,0,1,0,0,1,0,1,1,1,0,0,0,0,0,1,0,1,0,0,0,1
1906,0.593771274778597,0,1,0,1,0,0,1,0,1,1,1,1,1,0,0,0,0,1,1,1,1,1,1,1,1
1907,1.13142440844901,1,1,1,1,1,1,1,0,1,1,1,1,1,1,1,0,0,1,1,1,1,1,1,1,1
1908,0.74772624873189,1,1,1,1,0,1,0,1,0,1,1,0,0,1,0,0,0,0,1,1,0,1,1,0,1
1909,1.20906874809567,1,1,0,1,0,1,0,1,0,1,1,1,1,0,1,0,0,1,1,0,0,1,0,1,1
1910,-0.974926722307025,0,1,0,1,0,0,0,0,0,0,1,1,0,0,0,0,0,0,1,1,0,0,0,0,1
1911,0.0776932458891932,1,1,1,1,0,1,0,1,1,0,1,1,1,0,0,0,0,0,1,1,1,1,1,0,0
1912,-0.240805652648829,1,1,0,1,0,1,0,0,0,0,1,1,1,0,0,0,0,0,1,1,1,1,1,0,0
1913,0.60029071466024,0,1,1,1,0,1,0,1,0,1,1,0,1,0,1,0,0,1,1,1,1,1,1,1,0
1914,0.349317535209228,1,1,1,1,0,0,0,0,1,1,1,1,1,1,0,0,0,0,1,1,1,1,1,1,1
1915,-0.790857129049578,0,1,0,1,0,1,0,0,1,0,1,0,0,0,0,0,0,0,0,1,1,0,1,0,1
1916,-0.464452604974511,0,1,0,1,0,1,0,1,1,0,1,0,1,0,0,0,0,0,0,1,1,1,0,0,0
1917,-0.0331722752414226,0,1,1,1,0,0,1,0,0,1,1,0,1,0,0,0,0,0,1,1,0,0,1,1,1
1918,0.315912543389593,1,1,0,1,0,0,1,0,1,0,1,0,1,0,0,0,0,0,1,1,1,1,1,1,0
1919,-0.839158961036529,0,0,0,1,0,0,1,0,1,0,1,1,1,0,0,0,0,0,0,0,1,1,0,1,1
1920,-0.459154518143524,0,1,1,1,0,1,0,0,0,0,1,0,1,0,0,0,0,0,1,1,0,1,1,0,1
1921,1.275759381843,1,1,1,1,1,1,1,0,1,1,1,0,1,0,1,0,0,0,1,0,1,1,1,1,0
1922,-2.31119759006748,0,1,0,0,0,1,0,0,0,0,1,0,1,0,0,0,0,0,1,1,1,0,1,0,0
1923,0.346131851479254,1,1,0,1,0,0,0,0,1,0,1,0,1,1,0,0,0,0,1,0,1,0,1,0,1
1924,1.12979866935732,0,1,1,1,0,1,0,1,1,0,1,1,1,1,0,0,0,0,1,1,1,1,1,0,1
1925,0.947277502747378,1,1,1,1,1,1,1,1,1,0,1,1,1,0,0,0,0,0,1,1,0,1,1,1,1
1926,-1.33193344871073,0,1,0,0,0,1,0,0,0,0,1,0,1,0,0,0,0,0,1,1,0,1,1,0,0
1927,-0.443908697963169,0,1,1,0,0,1,1,0,1,0,1,1,1,0,0,0,0,0,0,1,1,1,1,1,1
1928,0.871656588296707,0,0,0,1,1,1,1,0,0,0,1,1,1,0,1,0,0,0,1,1,1,1,1,1,1
1929,-1.51638522375675,0,1,0,1,0,0,0,0,0,0,1,0,1,0,0,0,0,0,0,1,0,0,1,0,0
1930,0.489147241617974,0,1,1,1,0,1,1,0,1,1,1,1,1,1,1,0,0,0,1,1,1,1,1,1,1
1931,2.12183277106609,0,1,1,1,0,1,0,1,1,1,1,1,1,1,0,1,1,1,1,1,1,1,1,1,0
1932,1.02284595028214,1,1,0,1,0,1,0,1,0,1,1,1,0,1,1,0,0,1,1,1,0,1,1,1,1
1933,-0.212947137094914,0,1,1,0,0,1,1,0,1,0,1,1,1,0,0,0,0,0,1,0,1,0,1,1,1
1934,0.842144959505574,1,1,0,1,0,1,1,1,1,0,1,0,1,0,1,0,0,0,1,1,1,1,0,1,1
1935,-0.368404971521177,0,1,0,0,0,1,1,0,0,1,1,1,1,0,0,0,0,0,1,1,1,1,1,1,1
1936,0.935289540527889,1,1,0,1,0,1,1,0,0,1,1,1,1,0,0,0,0,0,1,0,1,1,0,1,1
1937,0.0724836483338923,0,1,1,1,0,0,0,0,1,0,1,0,1,0,1,0,0,0,1,1,1,1,1,1,0
1938,0.444344117916481,0,0,1,1,0,0,1,1,1,0,0,1,1,0,1,0,0,0,1,1,0,0,1,1,1
1939,0.223968982375819,1,1,0,1,0,0,0,0,0,1,1,1,1,1,1,0,0,0,1,1,1,1,0,1,0
1940,0.378552057897209,0,1,0,0,0,1,0,0,1,0,1,0,1,1,1,0,0,0,1,1,1,0,0,0,1
1941,0.66834320369532,0,1,0,1,0,1,0,1,1,1,1,1,1,1,1,0,0,0,1,1,0,1,1,1,1
1942,-0.337330049593811,1,0,0,1,0,0,0,0,1,0,1,0,1,0,0,0,0,0,0,0,0,0,1,1,0
1943,2.12484180444405,0,1,1,1,0,1,1,0,0,1,1,1,1,1,1,0,1,1,1,1,1,1,1,1,0
1944,0.783275720440751,1,1,0,1,0,1,0,0,1,0,1,1,1,0,0,0,0,1,0,1,1,1,1,1,1
1945,1.30439761497252,0,1,0,1,1,1,0,0,1,1,1,0,1,1,0,0,0,1,1,1,1,1,0,1,1
1946,-0.269482888125212,0,1,0,0,0,1,1,0,0,0,1,1,0,0,0,0,0,0,1,0,1,1,1,1,0
1947,-1.60919599916018,0,1,0,0,0,1,0,0,1,0,1,0,0,0,0,0,0,0,0,0,0,0,1,0,0
1948,-0.471550097322997,0,1,1,1,0,1,0,0,0,0,1,0,1,0,1,0,0,0,0,1,0,1,0,1,1
1949,-0.530190891502392,0,0,0,0,0,0,0,0,0,0,1,0,0,0,0,0,0,0,1,0,1,1,1,1,0
1950,0.56118942293273,0,1,1,1,1,1,0,0,1,0,1,0,0,0,0,0,0,0,1,0,1,1,0,1,1
1951,-2.22069638334445,0,0,0,0,0,1,0,0,1,0,1,0,1,0,0,0,0,0,1,0,0,0,0,0,1
1952,-0.919617967646855,0,1,0,1,0,1,0,0,1,0,1,0,1,1,0,0,0,0,0,0,1,0,0,0,1
1953,-1.23562923103886,0,1,0,1,0,1,0,0,0,0,0,0,0,0,1,0,0,0,0,1,0,0,0,1,0
1954,-0.587926544977364,0,1,1,1,0,1,1,0,1,1,1,0,1,0,0,0,0,0,1,1,1,1,1,1,1
1955,0.626103443098336,0,1,1,1,1,1,0,0,0,0,1,0,1,1,1,0,0,0,1,1,1,1,0,1,1
1956,-0.221451445375987,0,1,1,0,0,1,0,0,1,0,1,1,1,1,0,0,0,0,0,1,1,1,0,0,0
1957,0.563785089406733,1,1,1,1,1,1,0,1,1,1,0,0,0,0,1,0,0,1,1,1,1,0,1,0,1
1958,-2.21074063053345,0,1,1,0,0,0,0,0,1,0,0,0,0,0,0,0,0,0,0,0,0,0,0,0,0
1959,0.543180770440248,0,1,1,0,0,1,1,0,1,1,1,1,1,0,1,0,0,1,1,0,0,1,1,1,1
1960,0.882805966185278,1,1,0,1,1,0,1,1,1,0,1,1,1,0,1,0,0,0,1,0,1,1,1,1,1
1961,1.02331668152736,1,1,1,1,0,1,0,1,1,1,1,1,1,0,1,0,0,0,1,1,1,1,1,1,1
1962,-1.17612247659809,0,0,0,0,0,1,0,0,0,0,1,0,1,0,0,0,0,0,0,1,1,0,1,0,0
1963,-1.614770757062,0,1,0,1,0,0,0,0,1,0,1,0,1,0,0,0,0,0,0,1,1,1,1,0,1
1964,1.50772883419807,1,1,0,1,0,1,1,0,1,1,1,1,1,0,1,0,0,0,1,1,1,1,1,1,1
1965,-1.13947440330163,0,1,0,1,0,1,0,0,1,0,0,0,1,0,0,0,0,0,1,0,0,0,1,0,0
1966,-0.0816051750483706,0,1,0,1,1,1,0,0,1,0,1,0,1,0,0,0,0,0,1,0,1,1,0,1,1
1967,-1.09264630802417,0,0,0,0,1,0,0,0,1,0,1,0,1,0,0,0,0,0,1,0,1,1,1,0,1
1968,0.114187939007719,0,1,1,1,1,0,1,0,1,0,1,0,1,0,0,0,0,0,0,1,1,1,1,1,1
1969,0.527221071367063,1,1,1,1,0,1,0,0,1,1,1,1,1,0,0,0,0,0,1,1,1,0,1,1,0
1970,0.72507705486091,1,1,0,1,0,1,0,0,1,0,1,0,1,0,1,0,0,0,1,1,1,1,1,1,1
1971,-0.115089259337384,0,1,0,1,0,1,0,0,0,0,0,0,1,0,0,0,0,0,1,1,1,1,1,1,0
1972,0.95167484749956,0,0,0,1,1,0,1,0,1,0,1,1,1,1,1,0,0,1,1,1,1,0,1,0,1
1973,-0.28611496471531,0,0,1,1,0,0,0,0,1,0,0,0,1,0,0,0,0,1,1,1,1,0,1,1,1
1974,-0.359170978328691,0,1,0,0,0,0,0,0,1,1,0,1,1,0,0,0,0,0,1,0,0,0,1,1,0
1975,1.4146129741682,1,1,0,1,1,1,1,0,1,0,1,1,1,1,0,0,0,1,1,1,0,1,1,1,1
1976,0.942210359836589,0,0,1,1,1,1,0,1,1,0,1,1,1,1,1,0,0,0,1,1,1,1,1,1,0
1977,-0.878311998498694,1,0,0,0,0,1,1,1,1,0,1,0,0,0,0,0,0,0,1,0,1,1,1,0,0
1978,0.714402361133297,0,1,1,1,1,1,1,1,1,0,0,0,1,1,1,0,0,0,1,1,1,1,1,1,1
1979,0.94525345049667,1,1,0,1,0,1,0,1,0,0,1,1,1,1,1,0,0,0,1,1,0,1,1,1,1
1980,1.24788232692719,1,1,1,1,1,1,0,1,1,1,1,1,1,1,1,0,0,1,1,1,1,1,0,1,0
1981,0.259126485478463,0,1,1,1,0,1,0,0,0,0,1,0,1,1,1,0,0,0,1,0,1,1,1,0,1
1982,0.790960135656328,1,1,1,1,0,1,0,0,0,0,1,1,1,0,0,0,0,0,1,1,1,1,1,1,1
1983,-1.36033410237885,0,0,0,1,0,1,0,0,1,0,0,0,0,0,0,0,0,0,0,0,0,0,0,0,0
1984,1.3835242608572,1,1,1,1,1,1,0,1,1,1,1,1,1,0,0,0,0,1,1,1,1,1,0,1,1
1985,-0.816142739860811,0,1,0,1,0,1,0,0,0,0,1,0,1,0,0,0,0,0,1,1,0,1,0,0,0
1986,1.31642887905643,1,1,1,1,1,1,1,1,1,1,0,1,1,0,1,0,0,0,0,1,1,1,1,1,1
1987,-0.723075796873147,0,1,1,1,0,1,0,0,0,0,0,1,1,0,1,0,0,0,1,1,1,1,1,0,0
1988,0.794556652881877,1,1,1,1,1,1,0,1,1,1,1,0,1,1,0,0,0,0,1,1,1,0,0,1,1
1989,-0.156502807033592,0,1,1,1,0,0,1,0,1,0,1,0,1,0,0,0,0,0,1,0,0,0,1,0,0
1990,-0.95536270975616,0,1,1,0,0,1,0,0,0,0,1,0,1,1,1,0,0,0,0,1,1,1,0,1,1
1991,-1.55980911615377,0,0,1,1,0,0,0,0,1,0,1,0,0,0,1,0,0,0,1,1,0,1,0,0,0
1992,0.667482434453404,0,1,1,1,1,1,0,0,1,0,1,1,1,0,0,0,0,0,0,1,1,1,1,1,0
1993,0.0401691221394722,0,1,0,1,0,1,0,1,0,0,1,0,1,1,1,0,0,0,1,1,0,1,1,1,0
1994,-0.566615834308735,0,0,1,0,0,0,1,0,0,0,0,1,0,0,0,0,0,0,0,0,0,0,0,0,0
1995,-0.393106997841772,0,0,1,1,0,1,0,0,1,1,0,0,1,0,0,0,0,0,1,0,1,1,0,0,0
1996,0.193864006950008,0,0,1,1,0,0,1,1,1,1,1,0,1,0,0,0,0,0,1,1,1,0,0,1,1
1997,0.48828826655911,0,0,0,0,0,1,1,0,0,1,1,1,1,0,1,0,0,0,0,1,1,1,0,0,1
1998,-0.368402953059121,0,0,1,0,0,1,0,1,1,0,1,1,1,0,1,0,0,0,0,1,1,1,0,0,1
1999,1.94399374674183,1,1,1,1,1,1,1,1,1,1,1,1,1,1,0,1,0,1,1,1,1,1,0,1,1
2000,-1.42700653553106,0,1,0,1,0,0,0,0,0,0,1,0,1,0,0,0,0,0,1,0,0,1,0,1,0
2001,-1.6087534255524,0,0,0,0,0,0,0,0,0,0,1,0,0,0,0,0,0,0,0,1,1,0,1,0,1
2002,-1.2282296863918,0,1,0,1,0,1,0,0,0,0,0,0,1,0,0,0,0,0,1,0,0,1,0,1,0
2003,0.685184046664226,1,1,1,1,0,1,1,1,1,0,1,1,1,1,0,0,0,0,0,1,1,1,0,1,0
2004,-0.0883963076279075,0,1,1,1,0,1,0,0,1,0,1,0,1,0,0,0,0,0,1,0,1,1,1,0,0
2005,0.165725201558972,0,1,1,1,0,1,0,0,0,0,0,0,0,0,0,0,0,0,1,0,0,1,1,1,1
2006,1.17568779532106,0,1,1,1,0,1,1,0,1,0,1,1,1,0,1,0,0,0,1,1,1,1,1,1,1
2007,-0.729109840139983,0,1,1,1,0,1,0,0,1,0,1,0,1,0,0,0,0,0,1,1,0,1,1,0,0
2008,1.42020059491982,0,1,1,1,1,1,1,1,1,1,1,1,1,0,1,0,0,0,1,1,1,1,1,0,1
2009,-0.856647609543613,0,0,1,1,0,1,0,0,0,0,1,0,1,0,0,0,0,0,0,0,0,0,1,0,0
2010,0.91007913634695,1,1,0,1,0,0,1,0,0,1,1,1,1,1,0,0,0,0,1,1,1,1,1,0,1
2011,-1.09146509174878,0,0,1,0,0,1,1,0,0,0,0,1,1,0,0,0,0,0,0,0,1,1,0,1,1
2012,-0.189232264222475,0,1,1,0,1,1,0,0,1,0,1,1,1,0,1,0,0,0,0,1,0,1,1,1,1
2013,1.35540285796439,1,1,1,1,0,1,0,1,1,1,1,1,1,1,1,0,0,0,0,1,1,1,1,1,1
2014,-0.572446741287416,0,0,1,1,0,1,0,0,0,0,1,0,1,1,0,0,0,0,0,0,0,1,1,1,1
2015,-0.368823799827657,0,1,1,1,0,0,0,0,0,0,1,1,1,1,0,0,0,0,1,1,1,1,0,1,1
2016,-0.407851881715267,0,1,0,0,0,1,0,0,1,1,1,0,1,0,0,0,0,0,0,1,1,1,1,0,0
2017,-0.164981734214099,1,1,0,1,0,1,0,0,1,0,0,1,1,0,0,0,0,0,1,0,1,1,0,0,1
2018,-1.31618457692694,0,0,0,0,0,0,0,0,1,0,0,0,1,0,0,0,0,0,1,1,0,1,0,0,0
2019,-0.588092498014381,0,1,0,1,0,1,0,0,1,0,1,1,0,0,0,0,0,0,0,1,1,1,1,0,0
2020,-0.439476329685672,0,1,0,1,0,1,0,0,1,0,1,0,1,0,0,0,0,0,0,1,1,0,0,1,0
2021,-1.14914592603478,0,1,1,1,0,0,0,0,0,1,0,1,1,0,0,0,0,0,0,0,0,1,0,0,0
2022,-0.264688260360461,1,0,1,0,0,0,0,0,1,0,1,1,1,0,0,0,0,0,1,0,1,1,0,1,1
2023,-2.12109736647099,0,1,1,0,0,1,0,0,1,0,1,0,0,0,0,0,0,0,0,1,0,0,0,0,0
2024,1.28254285010936,1,1,1,1,0,1,0,0,1,1,1,1,1,0,0,0,0,0,0,1,1,1,0,1,1
2025,-1.53288297016515,0,0,0,1,0,0,0,0,0,0,0,0,1,0,1,0,0,0,0,0,0,0,0,1,1
2026,0.070051892751944,1,1,1,1,0,0,0,0,0,0,1,0,1,0,0,0,0,0,0,1,0,1,1,0,0
2027,0.386167782603869,0,1,0,1,0,1,1,0,0,0,1,1,1,0,0,0,0,0,1,1,1,1,0,0,1
2028,-1.12500327892478,0,0,0,0,0,0,0,0,0,0,1,0,1,0,0,0,0,0,0,0,0,1,1,1,0
2029,1.57081062323684,1,1,0,1,1,1,1,1,1,0,1,1,1,1,1,1,0,1,1,1,1,1,1,1,1
2030,-1.13914462652897,0,1,0,1,0,1,0,0,1,0,1,1,1,0,0,0,0,0,1,1,1,0,0,1,0
2031,-0.558216263511484,0,1,1,1,0,1,0,0,1,0,1,0,1,0,0,0,0,0,1,0,0,0,1,1,0
2032,2.63551581359519,1,1,1,1,1,0,1,1,1,1,1,1,1,1,1,0,1,1,1,0,1,1,1,1,1
2033,0.909699008461608,0,1,1,1,0,1,1,1,0,0,1,1,1,0,0,0,0,1,1,1,1,1,1,0,1
2034,0.359670536869465,0,1,0,1,0,1,1,1,1,0,1,1,1,1,1,0,0,0,1,1,1,1,0,1,0
2035,1.05946604261085,1,1,0,1,1,1,1,1,1,0,1,1,1,1,0,0,0,0,1,1,1,0,1,1,1
2036,-1.4533934967327,0,1,1,0,0,1,0,0,0,0,1,0,1,0,0,0,0,0,0,0,0,0,0,0,0
2037,0.428840323774393,1,1,1,1,0,1,0,0,1,0,1,1,1,0,1,0,0,1,1,1,1,1,0,1,1
2038,-1.47789552651337,0,0,1,0,0,0,0,0,0,0,0,1,1,0,0,0,0,0,0,0,0,0,0,0,1
2039,0.220995091423797,0,1,0,1,0,1,0,0,1,0,1,1,0,1,1,0,0,0,1,1,1,1,1,1,1
2040,1.39569474556169,1,1,1,1,1,1,1,1,0,1,1,1,1,1,1,0,1,1,0,1,1,1,1,1,1
2041,-0.415850623944212,0,1,0,1,0,0,0,1,1,0,1,0,1,0,0,0,0,0,1,0,1,1,0,1,1
2042,-0.710575000305048,1,1,1,1,0,1,0,0,0,0,1,0,1,0,0,0,0,0,1,1,1,1,0,0,1
2043,-0.0814032734176794,0,0,0,1,0,1,1,0,0,0,1,0,1,0,0,0,0,0,1,0,1,0,1,0,1
2044,-3.4355749748542,0,1,0,0,0,1,0,0,1,0,0,0,0,0,0,0,0,0,0,0,0,0,0,0,0
2045,-2.73868493132128,0,1,0,0,0,0,0,0,0,0,0,0,0,0,0,0,0,0,1,0,0,0,1,0,0
2046,0.160617353879629,1,0,1,1,0,0,0,0,1,1,1,0,1,0,0,0,0,0,1,1,1,0,1,1,1
2047,0.878439128695627,0,1,1,0,0,0,0,1,1,1,1,1,1,1,0,0,0,0,1,1,1,0,1,1,1
2048,-0.488488728156602,0,1,0,1,0,1,0,0,0,0,1,0,1,0,0,0,0,0,0,1,1,0,0,0,0
2049,-0.102175257780973,1,1,0,1,0,1,1,0,1,0,1,0,1,0,0,0,0,0,1,1,0,1,0,0,1
2050,0.586116177777574,1,1,1,1,0,1,1,0,1,0,1,1,1,0,0,0,0,0,0,1,1,1,1,1,1
2051,-0.373586193293979,0,1,1,1,0,1,0,0,0,0,1,1,1,0,0,0,0,0,1,1,1,1,1,1,0
2052,0.125356991664077,1,1,1,1,0,0,1,1,0,0,1,0,1,1,0,0,0,0,1,1,1,0,1,0,1
2053,-0.36825013891718,0,0,1,1,0,1,0,0,0,0,1,0,1,0,0,0,0,0,1,1,1,0,0,0,1
2054,0.251063231011902,0,1,1,1,0,1,0,0,1,1,1,1,1,0,0,0,0,0,1,0,1,0,1,1,1
2055,-1.12994689583879,0,1,1,0,0,0,1,0,1,0,1,0,1,0,0,0,0,0,0,0,0,1,1,1,0
2056,-0.910358051906835,0,0,0,0,0,0,0,0,1,1,1,0,1,0,0,0,0,0,1,0,0,0,0,1,0
2057,-0.172670703896427,0,1,1,1,0,0,1,1,0,1,1,1,1,0,1,0,0,0,1,1,1,0,1,1,0
2058,0.745344088626587,1,1,1,1,1,1,1,0,0,1,1,1,1,1,0,0,0,0,1,1,0,0,0,1,0
2059,0.425277509365678,0,0,0,1,0,0,0,0,1,1,1,0,1,0,1,0,0,0,1,1,1,1,0,1,0
2060,0.618909734742416,0,1,1,1,1,1,0,0,1,0,1,1,1,0,1,0,0,0,1,1,0,1,0,0,1
2061,-0.819632980661889,0,1,0,1,0,1,1,0,1,0,0,0,1,0,1,0,0,0,0,1,1,1,0,1,1
2062,1.26258650434766,1,1,0,0,0,1,1,0,0,1,1,1,1,1,1,0,0,0,1,1,1,0,1,1,1
2063,-0.621804676861398,0,0,1,1,0,1,0,0,1,0,1,1,1,0,0,0,0,0,1,1,1,0,0,1,0
2064,-0.975333858307842,0,1,1,1,0,1,0,0,0,0,1,0,1,0,0,0,0,0,1,1,0,0,1,1,0
2065,-1.45962130776713,0,0,1,1,0,1,0,0,1,0,0,0,0,0,0,0,0,0,0,1,0,0,0,0,0
2066,0.0890120919043872,0,1,0,1,0,1,0,0,0,0,1,0,1,0,0,0,0,0,1,1,1,1,1,1,1
2067,1.24593082370485,1,1,1,1,0,1,1,0,1,1,1,0,1,1,1,0,0,0,1,1,1,1,1,1,1
2068,-2.49714186249923,0,1,0,0,0,0,0,0,0,0,1,0,1,0,0,0,0,0,1,0,0,0,0,0,1
2069,0.458707875517809,0,1,1,1,0,1,1,0,1,0,1,1,1,1,1,0,0,0,1,1,1,1,1,0,1
2070,-1.15134127135975,0,0,0,1,0,1,0,0,1,0,1,0,1,0,0,0,0,0,1,1,1,0,0,0,0
2071,0.575551244707356,0,1,1,1,0,1,1,0,1,1,1,0,0,1,0,0,0,0,1,1,1,1,1,1,0
2072,1.22407082643892,1,1,1,1,1,1,0,0,1,1,1,1,1,0,0,0,0,1,0,1,1,1,1,1,1
2073,0.515913313600836,0,1,1,1,0,1,0,0,1,0,1,1,1,0,1,0,0,0,1,1,1,1,1,1,0
2074,-0.264961814814084,0,0,0,1,0,1,0,0,0,0,0,0,1,0,1,0,0,0,0,1,0,0,1,1,0
2075,-0.26245280305386,0,0,1,1,0,1,0,0,0,1,1,1,0,0,0,0,0,0,1,0,1,1,1,0,1
2076,0.0859719516420662,0,0,1,1,0,1,1,0,1,1,1,0,1,1,0,0,0,0,0,1,0,1,0,1,1
2077,-1.23765185544148,0,1,0,1,0,0,1,0,1,0,1,0,1,0,0,0,0,0,0,0,1,0,0,0,0
2078,-1.30958647081658,0,0,0,1,0,0,0,0,1,0,1,0,0,0,0,0,0,0,0,1,0,0,1,1,0
2079,-0.822337359797321,0,1,0,1,0,1,0,0,0,0,1,1,1,0,0,0,0,0,0,1,1,0,0,1,0
2080,-0.888280570789629,0,1,1,1,0,0,0,0,1,0,0,0,0,0,0,0,0,1,1,1,0,1,1,0,1
2081,0.57862251437773,0,1,1,1,0,1,1,1,1,1,1,1,1,0,1,0,0,0,1,1,0,1,1,1,0
2082,0.154097754895242,0,1,1,0,0,1,0,1,1,1,0,0,1,1,0,0,0,0,0,1,0,0,1,0,0
2083,0.351831819008208,1,1,0,0,0,0,0,0,1,0,1,0,1,0,1,0,0,1,1,1,0,1,1,1,1
2084,-0.36017498294749,0,1,1,0,0,1,0,0,0,0,1,0,1,0,0,0,0,0,1,0,0,0,1,0,1
2085,0.450661819088728,0,1,1,1,0,1,0,0,0,0,1,0,1,0,0,0,0,0,1,1,1,0,1,1,1
2086,-1.19738346009411,0,0,1,1,1,0,0,0,1,0,1,0,0,0,0,0,0,0,0,1,0,1,1,0,1
2087,0.874893106207814,0,1,1,1,0,1,1,0,1,1,1,1,1,0,0,0,0,0,1,1,1,1,1,1,1
2088,-0.518398355117926,0,1,1,1,0,1,0,1,1,1,1,0,1,0,1,0,0,0,0,1,0,1,1,0,1
2089,0.885641048464191,0,1,1,1,0,1,0,1,1,0,1,1,1,0,1,0,0,0,1,0,1,1,0,1,1
2090,1.76893366291217,1,1,1,1,1,1,1,0,1,0,1,1,1,0,1,0,0,0,1,0,1,1,1,1,1
2091,0.207519148798407,0,1,1,1,0,1,1,1,1,0,1,0,1,1,0,0,0,0,1,1,1,1,0,0,0
2092,-1.23033206511338,0,1,1,1,0,0,0,0,1,0,1,0,1,0,1,0,0,0,0,0,0,1,0,0,0
2093,0.0268173899472725,0,1,0,1,0,1,1,0,1,0,1,0,1,0,1,0,0,0,1,1,1,1,0,1,1
2094,1.31600047549177,0,1,0,1,0,1,1,1,1,0,1,1,1,1,1,1,0,0,1,0,1,1,1,1,1
2095,-1.4101408646704,0,1,0,0,0,0,0,0,0,0,1,0,1,0,1,0,0,0,0,0,0,0,0,0,0
2096,-0.673860828081018,0,0,0,1,0,0,0,0,1,0,1,0,1,1,0,0,0,0,0,1,0,1,1,1,0
2097,1.05023985407526,1,1,1,1,1,1,0,0,1,1,1,1,1,0,1,0,0,0,0,0,1,0,1,1,1
2098,0.25551721283523,0,1,0,0,0,1,0,1,1,1,1,0,0,0,0,0,0,0,1,1,1,0,1,1,1
2099,-0.337441856167452,0,0,1,1,0,0,0,0,0,0,1,1,1,1,0,0,0,0,0,1,0,0,0,1,1
2100,-2.44857990490062,0,1,0,1,0,0,0,0,0,0,0,0,1,0,0,0,0,0,0,1,0,0,0,0,0
2101,1.696938793975,1,1,1,1,0,0,1,0,1,1,1,1,0,1,1,0,1,1,1,1,1,1,1,1,0
2102,0.664684953715698,0,1,0,1,0,1,1,0,1,1,1,1,1,0,0,0,0,1,1,1,1,1,1,1,1
2103,-2.45187672980828,0,1,1,1,0,1,0,0,0,0,0,0,1,0,0,0,0,0,0,1,0,0,1,0,0
2104,0.0675083106291602,0,1,1,0,0,1,1,1,0,1,1,1,1,0,0,0,0,0,0,1,1,1,0,1,0
2105,-0.834065702163849,0,1,1,1,0,0,0,0,0,0,1,1,1,0,0,0,0,0,1,1,0,0,0,0,1
2106,-0.351869047531218,0,0,0,1,0,1,0,0,0,0,0,1,1,0,0,0,0,0,0,1,1,1,0,0,0
2107,0.808840423777529,0,0,0,0,0,1,1,0,1,0,1,0,1,0,0,0,0,1,1,1,1,1,1,1,1
2108,0.19737726648259,1,1,1,1,0,1,0,0,0,1,1,0,1,0,0,0,0,0,1,1,1,0,0,0,1
2109,0.474195121442486,0,1,0,1,0,1,0,0,1,0,1,1,1,0,0,0,0,0,1,1,0,1,0,1,1
2110,0.945447101063957,0,1,0,1,1,1,1,1,1,1,1,1,1,1,0,0,0,0,1,0,1,0,1,0,1
2111,0.717776363711681,0,1,1,1,0,1,1,1,0,0,1,0,1,0,0,0,0,0,1,0,1,1,0,0,1
2112,-1.53803019143668,0,1,0,1,0,1,0,1,0,0,0,0,1,0,0,0,0,0,0,0,0,0,0,1,1
2113,0.121382049670522,0,0,1,1,0,0,1,0,0,0,1,1,1,0,1,0,0,0,1,1,1,0,1,1,1
2114,-0.891595875001497,0,1,0,0,0,1,0,0,0,0,0,0,1,0,0,0,0,0,0,0,1,1,1,1,1
2115,-0.464296408626517,0,1,1,0,0,0,0,0,1,0,1,0,1,0,0,0,0,0,0,1,0,1,1,1,1
2116,-0.307175853111427,0,0,1,1,0,1,0,0,1,0,0,0,1,0,0,0,0,0,1,1,1,1,0,1,1
2117,0.354768710045506,1,1,1,1,0,1,0,0,1,1,1,1,1,0,1,0,0,0,0,1,0,1,1,1,1
2118,0.237814219455773,0,1,0,1,0,1,1,1,1,1,1,1,1,0,0,0,0,0,1,1,1,1,1,1,0
2119,2.24538195988726,1,1,0,1,1,1,1,1,1,0,1,1,1,0,1,0,1,0,0,1,1,1,1,1,1
2120,3.04758803282961,1,1,1,1,1,1,1,1,0,1,1,1,1,1,1,1,1,1,1,1,1,1,0,1,1
2121,-0.527666809078393,0,1,0,1,0,0,0,0,1,0,1,0,1,0,0,0,0,0,1,1,0,0,1,0,0
2122,-0.537332463575752,0,1,1,0,0,1,0,0,0,0,0,0,1,0,0,0,0,0,1,0,1,1,0,0,0
2123,-0.245032271847783,0,1,1,1,0,0,0,0,0,0,1,1,0,0,0,0,0,0,1,1,1,1,1,1,1
2124,-0.346476375939921,0,0,0,0,0,1,1,0,0,1,1,0,1,1,1,0,0,0,1,0,1,0,0,0,0
2125,0.398383961684826,0,1,1,1,0,1,0,0,1,0,1,1,1,0,0,0,0,0,1,0,1,1,0,1,0
2126,-0.524681157000424,0,1,1,1,0,1,0,0,1,0,1,0,1,0,0,0,0,0,1,1,1,1,1,1,1
2127,-0.047166932209191,0,1,1,1,0,1,1,1,1,1,1,1,0,0,0,0,0,0,1,1,0,1,1,1,1
2128,0.674449877472639,0,1,1,1,0,1,1,0,1,0,1,1,1,1,1,0,0,0,1,1,1,1,1,0,1
2129,-1.06789543883061,0,1,0,1,0,1,0,0,1,0,1,0,0,0,0,0,0,0,0,1,1,0,0,0,0
2130,0.0360011001397224,1,1,1,0,0,1,0,1,0,0,0,0,1,1,0,0,0,0,0,1,0,1,0,0,1
2131,-1.13526783379092,0,1,1,1,0,0,0,0,1,0,0,1,0,0,0,0,0,0,0,0,0,0,1,1,0
2132,0.812029288836894,1,1,1,1,0,1,1,1,1,1,1,1,1,0,0,0,0,0,0,1,1,1,1,0,1
2133,-0.224185959797443,1,0,1,0,0,1,0,0,0,0,0,1,1,0,0,0,0,0,1,1,0,0,0,1,1
2134,-0.360961312041228,0,1,1,0,1,1,0,1,1,0,1,1,1,0,0,0,0,0,1,1,1,0,1,0,0
2135,0.797895791124996,1,1,1,1,0,0,0,0,0,0,1,0,1,1,1,0,0,1,0,1,1,1,0,0,1
2136,0.196955941302271,0,1,1,1,0,1,1,0,1,1,1,1,0,0,1,0,0,0,1,0,1,1,1,1,1
2137,-0.923753238915166,0,1,0,0,0,1,0,0,1,0,1,1,1,0,0,0,0,0,1,0,1,1,0,1,0
2138,-0.464133646154944,0,1,1,1,0,0,1,0,1,0,1,1,1,0,0,0,0,0,0,1,1,1,1,1,0
2139,-0.852388677124844,0,0,0,1,0,1,0,0,0,0,1,1,1,0,0,0,0,0,0,1,1,0,0,0,1
2140,0.308081900144368,0,1,1,1,0,0,0,0,1,0,1,1,0,0,1,0,0,0,1,1,0,1,1,1,0
2141,0.980802620872902,0,1,0,1,0,1,1,1,1,1,1,1,1,1,1,0,0,0,1,1,1,1,1,1,1
2142,-1.36998648959073,0,0,1,0,0,0,0,0,1,0,1,0,0,0,0,0,0,0,0,1,0,1,1,0,0
2143,1.31805715073794,1,1,1,1,0,1,1,0,1,1,1,1,1,1,0,0,1,0,1,1,1,1,0,1,1
2144,-1.16487183003638,0,1,0,1,0,1,0,0,0,0,1,0,1,0,0,0,0,0,0,1,1,0,0,0,0
2145,0.157986589859222,0,0,1,1,0,1,0,0,1,1,1,0,1,0,0,0,0,0,0,1,1,0,1,1,1
2146,-0.421529825591527,0,0,0,1,0,1,0,0,1,0,1,0,1,0,0,0,0,0,1,1,1,1,0,0,0
2147,0.337246782538782,0,0,0,1,1,1,1,0,1,0,1,0,1,0,1,0,0,0,1,1,1,0,1,0,1
2148,0.638160059977624,0,1,1,1,0,1,0,1,1,1,1,0,1,0,0,0,0,0,1,1,1,1,1,1,1
2149,2.44460505153468,1,1,1,1,1,1,1,1,1,1,1,1,1,1,1,1,1,1,1,1,1,1,1,1,1
2150,-0.86797108681975,0,0,1,0,0,0,0,0,0,0,0,0,1,0,0,0,0,0,0,1,1,0,1,1,0
2151,0.974610871784271,1,1,1,1,1,1,0,1,0,0,1,1,1,1,0,0,0,0,1,1,1,1,0,1,1
2152,2.14677319086619,1,1,1,1,1,1,1,1,1,1,1,1,1,1,1,1,0,0,1,1,1,1,1,1,1
2153,0.675706143617564,1,1,1,1,1,0,1,1,1,1,1,1,1,0,0,0,0,0,0,1,1,1,1,1,1
2154,-0.664331920333079,0,1,0,0,0,1,0,0,1,0,1,1,1,0,0,0,0,0,1,1,1,1,1,0,1
2155,0.31762753007126,0,1,0,1,0,0,0,0,1,1,0,1,1,1,0,0,0,0,1,1,1,1,1,1,1
2156,1.04725974943754,1,1,1,1,1,0,0,0,0,0,1,1,1,1,0,0,0,1,0,1,1,0,1,1,1
2157,0.14975138245357,1,1,1,0,1,1,0,1,1,1,1,0,1,0,1,0,0,0,0,0,1,1,1,0,1
2158,-0.64850295521257,0,0,1,1,0,0,0,0,1,0,1,0,1,0,0,0,0,0,0,1,1,0,0,1,1
2159,0.629887725821324,1,1,0,1,0,1,0,0,0,0,1,1,1,1,1,0,0,0,1,1,1,1,0,1,1
2160,0.454138341413525,1,1,1,1,0,1,0,0,1,1,1,1,1,1,0,0,0,0,0,1,1,0,1,1,1
2161,1.64398624216373,1,1,0,1,1,1,1,1,1,1,1,1,1,1,1,0,0,0,1,1,1,0,1,1,1
2162,0.219517118409213,0,1,1,1,0,1,1,0,0,0,1,1,1,0,0,0,0,0,0,1,1,0,1,1,1
2163,-0.261573395903941,0,1,1,1,0,1,0,0,1,1,1,1,1,0,0,0,0,0,1,1,1,1,1,1,0
2164,1.33005012878064,1,1,1,1,1,1,1,1,1,0,1,0,1,1,1,1,0,0,1,1,1,1,0,1,1
2165,1.54317266085965,1,1,0,1,1,1,1,1,1,1,1,0,0,1,1,0,0,1,1,1,1,0,1,1,1
2166,-0.776520816490156,0,1,0,1,1,1,0,0,1,0,1,1,1,0,0,0,0,0,0,0,1,1,0,0,1
2167,0.408477643067004,1,1,1,1,0,1,1,0,1,1,0,0,1,1,0,0,0,0,1,0,0,1,0,1,0
2168,-0.0630791824589439,1,1,1,1,0,1,0,0,1,0,0,1,0,0,0,0,0,0,0,1,1,0,1,1,1
2169,-0.773050361749567,0,0,0,1,0,0,0,0,0,0,1,0,1,0,0,0,0,0,1,1,1,0,1,1,1
2170,1.10971515122519,1,1,1,1,0,1,1,0,0,1,1,1,1,0,0,0,0,0,1,1,0,1,1,1,1
2171,-1.10477105365046,0,1,1,1,0,1,0,0,1,0,1,0,1,0,0,0,0,0,0,1,1,0,0,0,1
2172,-2.07414561355369,0,0,0,0,0,0,0,0,1,0,0,0,0,0,0,0,0,0,0,0,0,1,0,0,0
2173,0.0835033674809128,0,0,1,1,0,1,1,0,1,0,1,1,1,0,0,0,0,0,1,1,1,1,0,1,0
2174,1.84745043736314,1,1,1,1,1,1,1,0,0,1,1,1,1,1,0,0,1,1,1,0,0,1,1,1,1
2175,-1.46819829804849,0,1,1,0,0,0,0,0,1,0,0,0,1,0,0,0,0,0,0,1,0,0,1,0,1
2176,-0.748101905480805,0,1,0,0,0,1,0,0,1,0,0,0,0,0,0,0,0,0,0,0,1,0,0,0,0
2177,-0.359596300525378,0,1,0,0,0,0,0,0,0,0,1,0,0,0,0,0,0,0,1,1,1,1,1,1,1
2178,-0.0651314375996873,0,1,1,0,0,0,0,0,1,0,0,0,0,1,0,0,0,0,0,1,1,1,0,1,0
2179,1.37604484717321,0,1,1,1,0,1,0,0,1,1,1,1,1,1,0,0,0,0,1,1,1,1,1,1,1
2180,0.529487445925142,1,1,1,1,1,1,1,1,1,1,1,1,0,0,0,0,0,0,1,0,1,0,0,0,1
2181,-0.234021687507216,0,1,0,0,0,1,0,1,1,0,1,0,1,0,0,0,0,0,0,0,1,1,1,1,1
2182,-0.636168431014038,0,0,1,1,0,0,0,0,0,1,1,1,1,0,0,0,0,0,0,1,1,1,0,1,1
2183,-1.13499809430223,0,1,1,0,0,1,0,1,0,0,1,0,0,0,0,0,0,0,1,0,1,1,1,0,0
2184,0.567509037663586,0,1,1,1,0,1,0,1,1,1,1,1,1,1,0,0,0,0,1,1,1,1,0,1,0
2185,0.356628288132299,0,1,1,1,0,0,0,1,1,0,1,1,1,0,0,0,0,0,1,1,1,1,1,1,0
2186,-1.01418678029964,0,1,1,0,0,1,1,0,0,0,1,0,0,0,0,0,0,0,1,0,0,0,0,1,0
2187,0.354427901094282,1,1,1,1,0,1,0,0,0,0,1,1,1,1,0,0,0,0,1,1,1,0,1,0,1
2188,0.902137513549839,1,1,1,1,1,1,1,1,0,1,1,1,1,1,0,0,0,1,1,1,0,1,1,1,1
2189,-1.19326833009586,0,0,0,1,0,0,0,0,1,0,1,1,0,0,0,0,0,0,0,1,1,0,0,1,1
2190,0.142375617580402,0,0,0,0,1,1,0,0,1,0,1,1,1,1,1,0,0,0,0,0,1,0,1,1,1
2191,1.00802497869655,0,1,1,1,0,1,0,1,0,1,1,1,1,1,1,0,0,0,1,0,1,1,0,1,1
2192,1.6783278216608,1,1,1,1,1,1,1,1,1,1,1,1,1,1,1,0,0,1,0,0,1,1,1,1,0
2193,-0.100192423433573,0,1,0,1,0,0,1,0,1,0,1,1,1,1,0,0,0,0,1,1,1,0,1,0,1
2194,-1.79171483637565,0,0,0,0,0,1,0,0,1,0,1,0,1,0,0,0,0,0,1,1,0,1,0,0,0
2195,0.283831550234439,0,1,1,1,0,1,1,1,1,1,1,1,1,1,0,0,0,0,0,1,0,0,0,1,1
2196,0.254932108795399,0,0,1,1,0,1,0,0,1,1,1,0,1,1,0,0,0,0,0,1,1,1,0,1,1
2197,0.434033819649657,0,1,0,1,1,1,0,0,1,1,1,0,0,0,1,0,0,0,0,0,0,0,0,0,0
2198,-2.74042189782826,0,1,0,1,0,0,0,0,0,0,1,0,0,0,0,0,0,0,0,1,0,0,1,0,0
2199,-0.141791946663777,0,1,1,1,0,0,1,0,0,0,1,1,0,0,0,0,0,0,1,1,0,1,0,1,1
2200,-2.38570798875521,0,0,0,0,0,1,0,0,1,0,1,0,0,0,0,0,0,0,0,1,1,0,1,0,1
2201,0.22918762125643,0,1,1,0,1,1,0,0,1,0,0,1,1,1,0,0,0,0,0,0,0,1,1,1,1
2202,0.613308624549594,0,1,1,1,0,1,1,1,1,0,1,1,1,0,0,0,0,0,0,1,1,1,0,1,1
2203,-0.981327759995054,0,0,1,1,0,0,0,0,1,0,0,1,0,0,0,0,0,0,1,1,0,1,0,0,0
2204,-0.641795161799555,0,0,0,1,1,1,0,0,0,1,1,0,1,0,0,0,0,0,0,1,1,1,0,0,0
2205,1.33733688355161,0,1,1,1,1,1,1,0,1,1,1,1,1,1,0,1,0,0,1,1,1,1,1,1,0
2206,-0.0125661112911556,0,1,0,1,1,1,0,0,0,0,1,1,1,1,0,0,0,0,0,1,0,1,1,0,0
2207,-1.51003315831164,0,1,0,0,0,0,0,0,0,0,0,0,1,0,0,0,0,0,0,0,0,1,1,0,0
2208,0.250782477945182,0,1,1,1,0,1,0,0,0,0,1,0,0,0,0,0,0,0,0,1,0,1,1,0,0
2209,-0.793332801152651,0,1,0,1,0,0,0,0,0,0,1,0,0,0,0,0,0,0,1,1,1,1,1,0,1
2210,-0.41050565557903,0,1,0,0,0,1,1,0,0,0,1,1,1,0,0,0,0,0,0,1,0,1,0,1,1
2211,0.48974632050399,0,1,0,0,0,1,0,0,1,0,1,0,1,0,1,0,0,1,1,0,0,0,1,1,1
2212,-1.22827825160705,0,1,0,0,0,1,0,1,1,0,1,0,1,0,0,0,0,0,0,0,0,1,0,0,0
2213,-1.67281528430872,1,1,1,0,0,1,0,0,1,0,0,0,1,0,0,0,0,0,0,0,0,1,0,1,0
2214,-0.971623321727224,1,1,0,1,0,0,0,0,1,0,0,0,1,0,0,0,0,0,1,1,1,1,0,0,0
2215,-1.09998614511221,0,1,0,0,0,1,0,0,1,0,1,0,0,0,0,0,0,0,0,1,1,1,1,1,0
2216,0.117581043604275,0,1,0,0,1,1,1,0,0,0,1,1,1,0,0,0,0,0,1,0,1,1,1,1,1
2217,-0.136008814586276,0,1,1,1,0,1,0,1,1,1,1,1,1,0,0,0,0,0,1,1,0,1,0,1,0
2218,1.28205391500121,1,1,1,1,1,0,1,1,1,1,1,1,1,0,0,0,0,0,1,1,1,1,0,1,1
2219,-1.60816831948551,0,1,0,1,0,0,0,0,0,0,1,1,1,0,0,0,0,0,1,1,1,1,0,1,1
2220,-0.354469073939617,0,1,1,0,0,1,0,0,0,1,1,0,1,0,0,0,0,0,1,1,1,1,1,1,1
2221,1.53643211470296,1,1,1,1,0,1,1,1,1,1,1,1,1,1,1,0,0,0,1,1,0,1,1,1,1
2222,0.684089263779273,0,1,1,0,1,1,0,0,1,1,1,1,1,0,1,0,0,0,1,0,1,1,1,1,1
2223,0.312293228020794,0,1,0,1,0,1,0,0,1,0,1,0,1,1,0,0,0,1,1,1,1,1,1,0,0
2224,-0.0466303265794944,1,1,1,1,0,1,0,0,1,0,0,1,1,0,1,0,0,0,1,1,1,0,0,0,1
2225,-1.13002120154523,0,1,0,0,0,0,0,0,0,0,0,1,1,1,0,0,0,0,0,0,0,0,1,0,1
2226,-0.582482224072719,0,1,0,0,0,0,0,0,0,0,1,1,0,0,1,0,0,0,1,1,1,0,0,0,0
2227,1.84429858101935,1,1,1,1,1,1,1,1,0,1,0,1,1,0,1,1,0,0,1,1,1,1,1,1,1
2228,-0.293172001536495,0,1,1,0,0,1,0,1,0,0,1,0,1,0,1,0,0,0,1,0,1,1,0,0,1
2229,0.401900663038029,1,0,1,0,0,1,0,0,1,1,1,0,1,0,0,0,0,0,1,1,1,1,1,1,1
2230,1.28352413634194,1,1,1,0,1,0,1,1,0,1,1,1,1,0,1,0,0,0,1,1,0,1,1,1,1
2231,-1.46664586321786,0,1,1,0,0,1,0,0,1,0,1,1,0,0,0,0,0,0,0,1,1,0,0,0,0
2232,-1.13610100420766,1,1,1,1,0,1,0,1,1,0,1,1,0,0,0,0,0,0,1,1,0,0,1,0,0
2233,1.85613594880076,1,1,1,1,1,1,1,1,1,1,1,1,1,1,0,0,0,1,0,1,1,1,1,1,1
2234,-0.787110008469845,0,1,0,1,0,0,0,0,0,0,1,0,0,0,0,0,0,0,0,0,1,0,0,0,0
2235,1.57771817592005,1,1,1,1,0,1,1,1,1,1,1,1,1,1,1,1,0,1,0,1,1,1,1,1,1
2236,-0.846062836128507,0,1,1,1,0,1,0,0,0,0,1,1,1,1,0,0,0,0,1,1,1,1,0,1,1
2237,-0.161025435264885,0,0,0,1,0,0,0,0,1,0,0,1,1,0,0,0,0,0,0,1,0,1,0,0,0
2238,-0.0911411287862692,1,1,1,0,0,1,0,0,1,0,1,0,1,0,0,0,0,0,0,1,0,1,1,1,0
2239,1.12115228472345,1,1,0,1,0,1,0,0,0,1,1,1,1,1,1,1,0,0,1,1,1,1,1,1,1
2240,0.35139592836071,0,1,0,1,0,1,1,1,0,1,1,1,1,0,1,0,0,0,1,1,1,1,1,1,0
2241,0.691094063121516,0,1,1,1,0,1,0,0,1,0,1,1,1,0,1,0,0,0,1,1,0,0,1,1,0
2242,0.542233667906039,1,1,1,1,0,1,1,0,0,1,1,1,1,0,1,0,0,0,0,1,1,1,1,0,1
2243,-0.563887740231877,0,0,1,0,0,1,0,0,1,0,1,1,1,0,0,0,0,0,0,1,1,1,1,0,0
2244,1.25148662986753,0,1,0,0,1,1,0,1,1,1,1,1,1,0,0,0,0,0,1,1,1,1,1,1,1
2245,0.591483509540793,1,1,0,1,0,1,0,1,1,0,1,0,1,1,0,0,0,0,1,0,1,1,1,1,1
2246,-1.18518980853045,1,0,0,0,0,1,0,0,1,0,0,0,1,1,0,0,0,0,1,1,0,1,1,1,1
2247,-0.371297938361829,0,1,0,1,0,1,0,0,0,0,1,1,1,0,0,0,0,0,1,0,1,1,1,1,0
2248,0.869015895536016,1,1,1,1,1,1,1,1,0,0,1,0,1,1,0,0,0,0,0,1,1,1,1,0,1
2249,-2.87232849355898,0,0,1,0,0,0,0,0,1,0,0,0,1,0,0,0,0,0,0,0,1,0,0,0,0
2250,0.121098594299449,1,1,1,1,0,1,0,1,1,1,1,1,1,0,1,0,0,1,1,1,1,1,0,0,0
2251,0.799850940655171,0,1,1,0,0,0,0,0,0,0,1,1,1,0,1,0,0,0,1,0,1,1,1,0,1
2252,0.731994811438585,0,1,0,1,0,1,0,0,1,0,1,1,1,0,1,0,0,0,1,1,1,0,1,1,1
2253,-1.03621299586098,1,1,1,1,0,0,0,0,0,0,1,0,1,1,0,0,0,0,1,0,1,1,0,0,0
2254,0.231287607588668,0,1,1,1,0,0,1,0,0,0,0,0,1,0,0,0,0,0,0,1,0,1,1,0,1
2255,0.0733385834057871,0,1,0,1,0,1,0,0,0,0,1,0,1,0,0,0,0,0,0,1,1,1,1,0,0
2256,-0.331559223635541,0,1,0,1,0,1,0,0,0,0,1,1,1,0,0,0,0,0,1,1,0,1,0,1,1
2257,-1.28125055326947,0,0,1,1,0,0,0,0,1,1,1,0,1,0,0,0,0,0,0,0,0,1,0,1,1
2258,1.12466989141248,1,1,1,1,0,0,0,1,1,1,1,1,1,0,1,0,0,1,1,1,1,0,0,1,1
2259,0.861920835189891,0,1,1,1,0,0,0,0,0,0,1,0,1,1,1,0,0,1,1,0,1,1,1,0,0
2260,0.196619158885097,1,1,1,1,0,1,1,0,1,0,1,0,1,0,1,0,0,0,1,1,0,1,1,0,0
2261,0.865013274901913,0,1,1,1,1,1,0,1,1,1,1,1,0,1,0,0,0,0,0,1,1,1,1,0,1
2262,-0.334847540630492,0,1,1,1,0,1,0,0,1,0,0,1,1,0,0,0,0,0,1,1,0,1,1,1,1
2263,-0.2786764603142,0,0,1,1,0,1,0,0,1,1,1,1,1,0,1,0,0,0,1,0,1,0,0,1,1
2264,-0.69694013378184,0,0,0,0,0,0,0,0,0,0,1,1,1,1,0,0,0,0,0,1,0,1,0,0,1
2265,1.02007690698004,0,1,1,1,0,1,0,1,1,0,1,1,1,0,1,0,0,1,1,1,1,1,1,0,1
2266,0.391115188037494,0,1,1,1,0,1,0,0,0,0,1,1,1,1,0,0,0,0,1,1,1,1,1,1,0
2267,1.29808863173686,1,1,1,1,1,1,1,1,0,1,1,1,1,1,0,0,0,1,1,0,1,1,0,1,1
2268,0.497108207089189,1,1,0,1,0,1,0,0,1,0,1,1,1,0,0,0,0,0,1,1,1,1,1,1,1
2269,-1.35415600237156,0,0,0,1,0,1,0,0,1,0,1,0,1,0,0,0,0,0,0,1,1,1,1,1,0
2270,-0.864315720205973,0,1,1,1,0,1,0,0,0,0,1,0,1,1,0,0,0,0,0,1,1,1,1,1,1
2271,-0.740704397429167,0,0,0,0,0,1,0,0,0,0,1,0,1,0,0,0,0,0,1,1,0,1,0,0,0
2272,0.00764135356296611,1,1,1,1,0,1,0,0,0,1,1,1,1,0,0,0,0,0,0,1,0,1,0,0,1
2273,0.159914704898992,0,1,0,1,0,1,0,1,1,0,1,1,1,0,0,0,0,1,1,1,1,1,0,1,1
2274,0.926436435610284,1,1,1,1,1,1,1,0,1,0,1,1,1,1,0,0,0,0,1,1,1,0,1,1,1
2275,-0.373509794306618,0,1,1,1,0,1,1,1,0,0,1,0,0,0,0,0,0,0,1,1,0,0,1,1,0
2276,0.426203240710881,0,1,0,1,0,1,1,1,0,0,1,1,0,0,0,0,0,0,1,1,1,1,1,1,1
2277,-0.0547071855645539,0,1,1,1,0,0,1,1,1,0,1,0,1,0,0,0,0,0,1,1,0,0,1,1,0
2278,-0.63353125079624,0,0,0,0,0,1,0,0,0,0,1,0,0,0,0,0,0,0,1,0,0,0,1,1,1
2279,-1.79314956481629,0,0,1,0,0,1,0,0,1,0,0,0,1,0,0,0,0,0,1,1,1,1,1,0,1
2280,0.78750290248301,1,1,0,1,0,1,1,1,1,1,1,1,1,1,0,0,0,0,1,1,1,1,1,1,1
2281,-0.577858937690937,0,1,1,1,0,1,0,0,1,0,1,1,1,0,0,0,0,0,1,1,0,0,1,1,1
2282,-0.984205288442987,0,1,0,0,0,0,0,0,1,0,1,1,1,0,1,0,0,0,1,0,1,0,0,1,1
2283,-0.658365092975166,0,1,1,1,0,0,0,0,1,0,0,1,1,0,0,0,0,0,0,1,1,1,1,0,0
2284,-0.84098636306601,0,1,1,0,0,0,0,0,0,0,1,0,1,0,0,0,0,0,0,0,0,1,1,1,0
2285,-0.966154086429009,0,0,0,1,0,1,0,0,1,0,1,0,0,0,0,0,0,0,1,0,1,1,0,0,0
2286,-0.970989043729774,0,1,0,0,0,0,0,0,1,0,0,0,1,0,0,0,0,0,1,1,0,0,1,1,0
2287,0.0361509705040444,0,1,1,1,0,1,0,1,0,0,1,0,1,1,0,0,0,0,1,1,1,0,1,0,1
2288,-0.501131499690629,0,0,0,1,0,1,0,0,1,1,1,1,1,1,0,0,0,0,1,0,0,0,0,1,0
2289,-0.14217030102134,0,0,1,1,0,1,0,0,1,1,1,1,0,0,0,0,0,0,1,1,0,1,1,1,1
2290,-1.34884599924394,0,1,1,0,0,0,0,1,0,0,1,0,1,0,0,0,0,0,1,1,0,1,0,0,0
2291,-1.15236879523748,0,1,0,1,0,1,0,0,0,1,0,0,0,0,0,0,0,0,1,0,0,0,0,0,0
2292,-0.887674404695456,0,1,1,1,0,1,0,0,0,0,1,0,1,0,1,0,0,0,0,1,0,0,0,1,1
2293,1.31737013248277,0,1,1,1,1,1,1,1,0,1,1,1,1,1,1,0,0,0,0,1,1,1,0,1,0
2294,-0.607611960541826,0,1,1,0,0,1,1,0,0,0,1,0,1,0,0,0,0,0,0,1,1,1,1,1,1
2295,1.16157111941884,0,1,1,1,0,1,1,1,0,1,1,1,1,1,0,0,0,0,1,1,0,0,1,1,1
2296,-0.485305451324249,0,0,1,1,0,1,0,0,1,0,1,0,0,0,1,0,0,0,1,1,0,1,1,1,0
2297,-0.500991780035559,1,1,0,0,0,0,0,0,1,0,1,1,1,0,1,0,0,0,1,1,1,1,0,1,1
2298,0.783670862162293,0,1,1,1,0,1,1,0,0,0,1,0,1,1,0,0,1,1,1,0,1,1,0,0,1
2299,-0.212791652836941,0,1,0,1,1,1,0,0,0,0,1,0,0,0,0,0,0,1,1,1,0,1,1,0,0
2300,0.453259873690425,0,1,1,1,0,1,0,0,1,0,1,0,1,0,0,0,0,0,1,0,1,0,1,1,1
2301,-0.374440599498156,0,1,1,1,0,1,0,1,1,0,1,1,1,0,0,0,0,1,0,1,1,1,1,0,1
2302,-1.18159294445467,0,1,0,0,0,0,0,0,1,0,0,0,1,0,1,0,0,0,1,1,0,0,1,1,1
2303,0.610963584250203,0,1,1,1,0,1,1,0,1,1,1,1,1,0,0,0,0,0,1,1,0,1,1,1,1
2304,-0.256028640018639,0,1,1,1,0,1,0,0,1,1,1,0,0,0,0,0,0,0,0,0,0,0,1,1,0
2305,0.34130397610068,1,1,1,1,0,1,0,0,1,1,1,1,1,0,0,0,0,0,1,1,0,1,0,1,1
2306,0.157774092434833,0,0,1,1,0,0,1,0,0,0,0,1,1,1,0,0,0,0,0,1,1,1,0,0,1
2307,-0.747190766935732,0,0,0,1,0,1,0,1,0,0,1,0,0,0,0,0,0,0,0,1,0,0,0,1,1
2308,-0.307481281346346,0,1,1,1,0,1,0,0,0,0,1,1,1,0,0,0,0,0,0,1,1,1,0,0,1
2309,-0.752886770248968,0,1,1,0,0,0,0,0,0,0,1,1,0,0,1,0,0,0,0,0,0,1,0,1,0
2310,0.797742226076685,1,1,1,1,0,1,0,0,1,1,1,1,1,1,1,0,0,0,0,1,1,1,1,1,1
2311,-1.19295003315445,0,1,0,1,0,1,0,0,0,0,1,0,1,0,1,0,0,0,0,0,0,0,0,1,0
2312,2.1826166372866,0,1,1,1,1,1,1,1,1,0,1,1,1,1,1,1,0,1,1,1,1,1,1,1,1
2313,1.49270780296906,1,1,1,1,1,1,1,1,0,1,1,1,1,0,0,0,0,1,1,1,1,1,1,1,1
2314,0.996407557706486,1,1,1,1,0,1,0,0,1,0,1,1,1,1,1,0,0,0,0,1,1,1,1,1,1
2315,1.30449435648358,0,1,0,1,1,1,0,0,0,0,1,1,1,0,1,0,0,0,1,0,1,1,1,1,1
2316,0.580099930061312,0,1,0,1,0,1,1,0,1,1,1,1,0,0,0,0,0,0,1,1,0,0,1,1,1
2317,-0.00539752407163493,0,1,1,1,0,0,1,0,1,0,1,1,1,0,0,0,0,0,1,0,0,1,1,0,1
2318,-0.926875068880376,0,0,1,1,0,1,0,0,1,0,1,0,1,0,0,0,0,0,0,1,1,1,1,1,1
2319,-1.10043081383072,0,0,1,0,0,0,0,0,1,0,1,0,1,0,0,0,0,0,0,1,1,0,1,0,1
2320,-2.07974394342714,0,0,0,0,0,0,0,0,1,0,1,0,0,0,0,0,0,0,0,0,0,1,0,1,0
2321,-0.0888350022814594,0,1,0,0,0,0,0,0,0,0,0,0,1,1,0,0,0,0,0,1,1,1,1,1,1
2322,0.133223796313833,1,1,0,1,0,1,1,0,0,0,1,1,1,0,0,0,0,0,1,0,0,1,1,0,0
2323,0.307219235305996,0,0,1,1,1,1,0,0,0,0,1,1,1,0,1,0,0,0,1,1,1,1,1,1,1
2324,-0.0835740796569359,0,1,0,1,0,1,0,0,1,0,1,0,1,0,0,0,0,0,1,0,1,1,1,1,1
2325,-0.439120947297879,0,1,0,1,0,1,1,0,0,0,1,1,1,0,0,0,0,0,1,0,1,0,0,1,0
2326,-0.341215480274098,0,0,0,1,0,0,1,0,0,0,1,0,1,1,0,0,0,0,1,1,1,0,0,1,1
2327,0.830117202217093,0,1,1,1,0,1,0,0,0,1,1,1,1,1,0,0,0,0,0,1,1,1,1,1,1
2328,-0.521953434521755,1,0,0,0,0,1,0,1,0,0,1,0,1,0,0,0,0,0,0,1,1,0,0,1,1
2329,-1.26202763481642,0,1,0,1,0,0,0,0,1,0,1,0,1,0,0,0,0,0,0,0,1,1,0,1,0
2330,0.0360044301315493,0,0,0,1,1,1,0,0,1,1,1,0,1,0,1,0,0,0,1,1,1,1,0,1,0
2331,-0.370771571899605,0,1,0,0,0,1,0,1,0,0,0,0,1,0,0,0,0,0,0,1,1,1,1,0,1
2332,-0.0635672762832153,0,1,0,0,0,0,0,0,0,0,1,0,1,1,1,0,0,0,1,0,0,1,0,0,0
2333,1.95973506998209,1,1,1,1,1,0,1,1,1,0,1,1,1,1,1,0,0,1,1,1,1,1,1,1,1
2334,1.51489941412715,1,1,1,1,0,0,0,0,1,0,1,1,1,0,1,0,0,1,1,0,1,1,1,1,1
2335,0.23767240450205,0,1,1,1,0,1,1,0,0,0,1,0,0,0,0,0,0,0,1,1,1,1,0,1,1
2336,-1.13892549285488,0,1,0,1,0,1,0,0,1,0,1,0,0,0,0,0,0,0,0,0,0,1,1,1,1
2337,0.114180444486168,0,1,0,1,0,0,0,1,1,0,1,0,1,0,0,0,0,1,0,0,1,1,0,0,0
2338,0.797742226076685,1,1,1,1,1,1,1,0,0,0,0,1,1,0,1,0,0,0,1,1,1,0,1,1,1
2339,-0.283303591199148,0,0,0,1,0,1,0,0,0,0,0,1,1,0,0,0,0,0,1,1,0,1,1,0,1
2340,-0.931125407700691,0,1,0,0,0,1,0,0,1,0,1,0,1,0,0,0,0,0,0,0,1,0,1,1,0
2341,1.66408176048837,1,1,1,1,1,1,1,0,1,1,1,1,1,0,1,0,1,1,0,1,1,1,1,1,1
2342,1.82014411165883,0,1,1,1,1,1,1,0,1,0,1,1,1,1,1,1,0,1,1,1,1,1,0,1,1
2343,-1.60834682948457,0,1,0,1,0,0,0,1,1,0,1,0,0,0,1,0,0,0,1,1,0,1,1,1,0
2344,0.670221552648959,1,1,1,1,0,1,1,0,0,0,1,1,1,1,1,0,0,0,1,1,0,1,0,1,1
2345,-1.9126991454012,0,1,0,0,0,1,1,0,0,0,1,0,1,0,0,0,0,0,0,0,0,0,1,0,0
2346,-2.16041768658469,0,0,0,0,0,1,0,0,1,0,0,0,0,0,0,0,0,0,0,0,0,0,0,1,0
2347,0.0627959151252708,0,1,1,1,0,1,0,0,1,0,1,1,1,0,0,0,0,0,1,1,1,1,1,0,1
2348,-1.13947962679841,0,0,1,1,0,1,0,0,0,0,1,0,1,0,0,0,0,0,1,1,0,0,0,1,1
2349,-0.701857818441859,1,0,1,1,0,1,1,0,1,0,0,0,1,0,0,0,0,0,0,1,1,1,0,0,0
2350,-1.07157827490316,0,0,1,1,0,1,0,1,1,1,1,1,1,0,0,0,0,0,0,0,0,1,1,0,0
2351,-0.865546508444264,0,0,1,1,0,1,0,0,1,0,1,1,1,0,0,0,0,0,0,1,0,1,0,0,0
2352,-0.0650272609228839,0,1,1,1,0,0,0,1,1,0,0,1,1,0,0,0,0,0,1,0,1,0,1,0,1
2353,0.979930994367623,1,1,0,1,0,1,0,1,1,0,1,1,1,1,0,0,0,0,1,0,0,1,0,1,1
2354,-1.06863792111639,0,0,1,0,0,0,0,0,1,0,1,0,1,0,0,0,0,0,1,0,1,1,0,0,1
2355,0.359400362161334,1,1,0,0,1,1,0,0,1,1,1,0,0,0,0,0,0,0,1,1,1,1,1,0,0
2356,1.53046663211654,1,1,0,1,0,1,1,1,1,1,1,1,1,0,1,0,0,0,1,1,1,1,1,1,0
2357,-0.341264826184713,0,1,1,0,0,1,0,0,0,0,1,0,1,0,0,0,0,0,1,0,1,1,1,0,1
2358,0.959697722421778,1,1,1,1,0,0,0,1,1,1,1,1,1,1,0,0,0,0,1,1,1,1,1,1,1
2359,0.149025050612793,0,1,1,1,0,1,0,0,1,0,1,0,1,0,1,0,0,0,1,1,0,1,0,1,0
2360,1.05095134157876,1,1,1,0,0,0,1,1,0,1,1,1,1,1,1,0,0,0,1,1,1,1,1,0,0
2361,1.72126579800659,1,1,1,1,0,1,1,1,1,1,1,1,1,1,1,0,0,0,1,1,1,1,1,1,0
2362,0.403004530356135,1,1,0,1,0,1,1,0,0,1,1,0,1,0,0,0,0,0,1,1,1,1,1,1,1
2363,0.993416557067611,0,1,0,0,0,1,0,1,1,1,1,1,1,0,0,0,0,1,1,1,1,1,0,1,1
2364,0.249895484822811,0,1,0,1,0,1,0,0,0,0,1,1,1,1,0,0,0,0,1,1,1,1,1,1,1
2365,-0.780045755569266,0,1,0,1,0,0,0,0,0,0,1,1,1,0,0,0,0,0,1,1,0,1,0,0,1
2366,-0.0964557447719274,0,0,1,0,0,1,0,0,1,0,1,1,1,0,0,0,0,0,1,0,1,1,1,1,1
2367,-1.40213419563011,0,0,0,0,0,1,1,0,1,0,0,1,0,0,0,0,0,0,1,1,0,1,0,1,0
2368,1.08632997371638,1,0,1,1,1,1,0,0,1,1,1,0,1,1,1,0,0,0,0,1,0,1,1,1,1
2369,0.831125503174741,0,1,1,1,0,1,1,0,1,1,1,0,1,0,0,0,0,0,1,1,0,1,0,1,0
2370,0.468379548038169,0,1,0,1,1,1,0,1,0,1,1,0,1,0,0,0,0,0,1,1,0,1,1,1,1
2371,-1.55154278688206,0,0,0,0,0,1,0,0,1,0,0,0,1,0,0,0,0,0,0,1,0,0,0,1,1
2372,0.624692758975694,1,1,0,1,0,0,1,0,1,0,1,1,1,1,1,0,0,0,0,1,1,1,0,1,0
2373,-2.21310621942446,0,1,0,0,0,0,0,0,1,0,0,0,1,0,0,0,0,0,0,0,0,1,0,1,0
2374,0.774831145421809,0,1,1,1,1,0,0,1,1,0,1,1,1,1,0,0,0,0,0,0,1,0,1,1,1
2375,0.471825880102387,0,1,1,1,0,1,1,0,0,1,1,1,1,0,1,0,0,0,1,1,1,1,0,1,1
2376,-1.6087534255524,0,0,0,0,0,1,0,0,1,0,0,0,1,0,0,0,0,0,0,1,1,0,0,1,0
2377,2.30035405777371,0,1,1,1,1,1,1,1,1,1,1,1,1,0,1,1,0,1,1,1,1,1,1,1,1
2378,1.42769219244966,1,1,0,1,1,0,0,0,0,1,1,1,0,1,1,0,0,0,1,1,1,1,1,1,1
2379,-1.2625098946862,0,1,1,1,0,1,0,0,0,0,1,1,1,0,0,0,0,0,1,1,0,0,0,1,1
2380,-0.591285591846392,0,1,1,1,0,1,0,0,0,1,0,0,1,0,0,0,0,0,1,0,0,0,1,0,0
2381,0.0398816579352659,0,1,0,1,0,1,0,1,1,0,1,0,1,0,0,0,0,0,1,0,1,1,0,1,1
2382,-0.386358133847877,0,1,1,0,0,1,0,0,1,0,1,0,1,0,0,0,0,0,1,1,1,0,1,0,1
2383,-0.491962816787605,0,1,0,1,0,1,0,0,1,0,0,1,1,0,0,0,0,0,1,1,1,0,0,1,1
2384,0.299852830564032,0,1,1,0,0,1,0,0,1,0,0,0,1,0,0,0,0,0,1,1,1,0,0,1,0
2385,-0.861356194254322,0,1,0,1,0,1,0,0,0,0,1,1,1,0,0,0,0,0,1,1,0,1,1,0,1
2386,0.513478896512012,0,1,0,0,1,1,1,0,1,1,1,1,1,0,0,0,0,0,1,1,1,0,1,1,1
2387,-1.10895977699358,0,1,0,0,0,0,0,0,1,0,1,0,0,0,0,0,0,0,1,0,0,1,1,0,1
2388,0.81232489070125,1,0,1,1,0,1,1,0,1,1,1,1,1,1,0,0,0,0,1,1,0,1,1,1,1
2389,-0.0862921104857809,1,1,1,1,0,1,0,0,1,0,1,1,1,0,1,0,0,0,1,1,1,1,1,0,0
2390,-1.42709798868278,0,0,0,0,0,1,0,0,1,0,1,0,1,0,0,0,0,0,0,1,1,1,1,0,0
2391,-0.376611609806016,0,1,1,1,0,1,0,1,1,0,1,1,1,0,0,0,0,0,0,1,1,0,0,0,1
2392,-1.28180435989507,0,0,1,0,0,1,0,0,1,0,1,1,1,0,0,0,0,0,1,0,1,1,1,0,0
2393,-0.139829971927318,0,1,1,1,0,1,1,0,0,0,1,1,1,0,0,0,0,0,1,1,0,1,1,0,0
2394,-0.958413612621035,0,0,0,1,0,0,0,0,0,0,1,0,0,0,1,0,0,0,0,1,0,1,0,0,1
2395,-0.741402100142564,0,0,0,1,0,0,0,0,0,0,0,1,1,0,0,0,0,0,0,1,0,0,0,0,1
2396,-1.22965675857478,0,0,0,1,0,1,1,0,0,0,1,1,1,0,0,0,0,0,1,0,1,0,0,0,0
2397,-1.01010467184792,1,0,0,1,0,0,0,0,1,0,1,1,1,0,0,0,0,0,0,1,1,1,0,0,0
2398,1.03993107436056,0,1,1,1,0,1,1,0,1,1,1,1,1,0,1,0,0,0,1,1,1,1,1,1,1
2399,-1.31702238746546,0,1,0,1,0,0,1,1,0,0,0,1,0,1,1,0,0,0,0,1,0,0,0,1,1
2400,1.0321339894545,1,1,1,1,1,1,0,0,1,0,1,0,1,0,1,0,0,0,0,0,1,1,1,1,0
2401,-0.231586401721695,0,1,0,1,0,1,0,0,0,0,1,1,1,0,0,0,0,0,1,1,1,1,1,1,0
2402,-0.0422417740861868,0,1,0,1,0,1,0,0,1,0,1,0,0,0,0,0,0,0,1,0,1,1,0,0,1
2403,-1.60684561330746,0,0,0,0,0,0,0,0,1,0,0,0,1,0,0,0,0,0,1,1,0,1,0,0,1
2404,-0.529210712125438,0,1,0,1,0,1,0,0,1,0,1,1,1,0,0,0,0,0,1,1,0,0,1,0,1
2405,-0.557834336071086,0,1,1,1,0,0,0,1,0,0,1,1,1,0,0,0,0,0,1,0,1,1,1,0,0
2406,-0.723984182140281,0,1,1,0,0,1,0,0,0,0,1,0,1,1,0,0,0,0,0,0,1,1,0,1,0
2407,-0.724250383976808,0,1,1,1,0,0,0,0,1,0,1,0,1,0,0,0,0,0,1,0,1,1,1,1,0
2408,2.46446020818367,1,1,1,1,1,1,1,1,1,1,1,1,1,1,1,0,0,1,1,1,1,1,1,1,1
2409,0.938095587511167,0,1,1,1,0,1,1,1,0,0,1,0,1,1,0,0,0,0,0,1,0,1,1,1,1
2410,-0.226154069709054,0,0,0,1,0,1,0,0,0,0,1,0,1,0,0,0,0,0,1,0,0,1,0,0,1
2411,-0.975858247649476,0,1,1,1,0,1,0,0,0,0,1,1,1,0,0,0,0,0,1,1,1,0,1,1,1
2412,0.975210399211002,0,1,1,1,0,1,1,1,1,0,1,1,1,1,1,0,0,0,1,1,1,1,1,1,1
2413,-0.314964584508567,0,0,0,1,0,1,0,0,0,0,1,0,1,1,0,0,0,0,1,1,0,1,0,1,1
2414,0.304666004703191,0,1,0,1,0,1,1,0,0,0,0,0,1,0,0,0,0,0,1,1,1,1,1,1,1
2415,-0.597743570880863,0,1,0,1,0,0,0,0,0,0,1,1,1,0,0,0,0,0,1,0,0,1,0,0,1
2416,-0.476963974359548,0,1,0,1,0,1,0,0,0,0,1,0,1,0,0,0,0,0,1,0,1,1,0,0,0
2417,0.607705125216727,0,1,0,1,0,1,1,0,1,1,1,1,1,0,0,0,0,0,1,1,1,1,1,0,1
2418,-0.948023158687564,0,0,1,1,0,1,1,0,1,0,1,0,1,0,0,0,0,0,0,1,0,1,1,0,0
2419,1.54306107032076,0,1,0,1,1,1,1,1,0,1,1,1,1,0,1,0,1,1,0,1,1,1,1,1,1
2420,0.534210286435711,0,0,1,1,0,0,0,0,1,0,1,0,1,1,0,0,0,0,0,1,0,1,1,1,0
2421,-0.0934440580294976,0,1,1,1,1,0,0,0,0,0,1,0,1,0,0,0,0,0,1,1,1,1,1,1,1
2422,0.023543878370438,0,1,1,1,0,0,0,0,0,1,1,0,1,0,1,0,0,0,1,1,1,1,1,0,0
2423,1.38950405676178,0,1,1,1,1,1,1,1,1,1,1,1,1,0,0,0,0,1,1,1,1,1,1,1,1
2424,-1.48724866317044,0,1,0,0,0,1,0,0,1,1,0,1,1,0,0,0,0,0,1,0,0,1,1,1,0
2425,-0.411206339090237,1,1,1,1,0,0,0,0,1,0,1,0,1,0,0,0,0,0,1,1,1,0,1,0,1
2426,-0.825554503264295,0,1,0,1,0,1,0,0,0,0,1,0,1,0,0,0,0,0,1,0,0,1,0,1,1
2427,-0.396144013289579,0,1,1,1,0,0,0,0,1,1,1,0,1,0,0,0,0,0,1,0,1,0,1,0,0
2428,-2.21074063053345,0,1,1,1,0,0,0,0,1,0,1,0,1,0,0,0,0,0,1,1,1,1,0,1,1
2429,-0.200386700736065,0,1,1,0,0,1,0,0,1,1,1,1,0,0,0,0,0,0,1,1,1,1,0,1,1
2430,1.64241577717316,1,1,1,1,1,1,1,1,1,1,1,1,1,0,1,0,0,1,0,1,1,0,1,1,1
2431,0.0918083491193468,0,1,1,1,0,1,0,0,0,0,1,1,1,0,1,0,0,0,1,1,1,0,0,0,1
2432,2.44720641907592,1,1,1,1,1,1,1,1,1,1,1,1,1,1,1,1,0,0,1,1,1,1,1,1,1
2433,-1.00150518421262,0,0,0,1,0,1,0,1,1,0,0,1,1,0,1,0,0,0,1,1,0,1,0,1,1
2434,1.52297835764724,1,1,0,1,0,0,1,1,1,1,1,1,1,1,1,0,0,0,0,1,1,0,1,0,1
2435,2.31053782301281,1,1,1,1,1,1,1,1,1,1,1,1,1,1,1,1,0,1,0,1,1,1,0,1,0
2436,-1.35426673391173,0,0,1,0,0,1,0,0,0,0,1,0,1,0,0,0,0,0,1,0,0,0,1,1,0
2437,0.787059684557675,1,1,1,1,0,1,0,1,1,0,1,1,1,0,0,0,0,1,1,1,1,1,1,1,0
2438,0.357188196635086,1,1,1,1,0,1,0,0,0,1,1,1,1,0,0,0,0,1,1,0,1,1,1,0,1
2439,1.9739791292377,1,1,1,1,0,1,1,1,1,1,1,1,1,1,1,1,0,1,1,1,1,1,1,1,1
2440,0.315048668963868,0,1,0,1,0,1,0,0,1,1,1,0,1,0,1,0,0,0,1,1,1,1,1,1,1
2441,0.0779852730447017,1,0,1,1,0,1,0,0,1,0,1,1,0,1,0,0,0,0,0,0,0,1,1,1,1
2442,-0.088724805938658,0,1,0,1,0,1,0,0,0,0,1,0,1,0,1,0,0,0,1,1,1,1,0,1,0
2443,-2.12065440322211,0,1,0,1,0,0,0,0,1,0,0,0,0,0,0,0,0,0,0,1,0,0,0,0,0
2444,-0.327507756480995,0,1,0,1,0,1,0,0,0,1,0,0,0,0,0,0,0,0,1,1,0,1,0,1,0
2445,-0.55143773213018,0,1,1,1,1,0,0,0,1,0,1,1,1,0,0,0,0,0,1,0,0,1,1,0,0
2446,0.0795450189309478,0,0,1,1,1,1,0,0,1,0,0,0,1,0,0,0,0,0,1,0,0,0,1,0,0
2447,-0.772557590959878,0,1,0,1,0,1,0,1,0,0,1,0,1,0,0,0,0,0,1,0,1,1,0,0,1
2448,-0.818681599199048,0,0,0,1,0,1,0,0,1,0,1,0,1,0,0,0,0,0,1,1,1,0,1,0,1
2449,1.13534401230952,1,1,1,1,1,1,1,1,1,0,1,1,1,0,0,0,0,0,0,1,1,1,1,1,1
2450,1.23189957511296,1,1,1,1,1,1,1,1,1,1,0,1,1,1,0,1,0,0,1,1,0,1,1,1,1
2451,0.453696820973272,0,1,1,1,0,1,0,1,1,0,1,0,1,0,0,0,0,0,1,1,1,0,0,1,1
2452,-0.0208964609544281,0,1,1,0,0,1,1,0,1,1,1,1,0,0,1,0,0,0,1,1,1,1,1,0,1
2453,1.22465032480833,1,1,0,1,0,1,1,1,0,0,1,1,1,0,0,0,0,0,1,1,1,1,1,1,1
2454,-1.56050273254287,0,0,0,0,0,0,0,0,1,0,1,0,1,0,0,0,0,0,0,1,0,0,0,0,1
2455,-1.51821522175727,0,0,1,1,0,1,0,0,1,0,0,0,0,0,0,0,0,0,0,1,0,1,0,1,1
2456,0.250560559545428,0,1,0,1,0,1,1,1,1,0,1,0,1,0,1,0,0,0,1,0,1,1,1,1,1
2457,1.00535283347452,0,1,1,1,0,1,1,1,1,0,1,1,1,0,1,0,0,0,0,1,1,1,0,1,0
2458,0.70140492128383,0,1,1,1,1,1,0,1,1,0,1,1,1,1,0,0,0,0,1,1,1,1,1,0,1
2459,-0.68089909247503,0,0,0,1,0,1,0,0,0,0,0,0,1,0,0,0,0,0,0,1,0,1,0,0,0
2460,1.53735887638652,1,1,1,1,1,1,0,1,0,1,1,1,1,1,0,0,0,0,1,1,1,1,0,1,1
2461,-0.421406477993391,0,0,1,1,0,1,0,0,1,0,1,1,1,0,0,0,0,0,1,1,1,0,1,1,0
2462,-0.47390975179784,0,1,0,0,0,0,0,0,0,0,1,0,1,0,0,0,0,0,1,1,0,1,1,1,1
2463,2.65331677444596,1,1,1,1,1,1,1,1,1,1,1,1,1,1,1,1,0,1,1,1,1,1,1,1,1
2464,-0.683797034124278,1,1,0,0,0,0,0,0,0,0,0,1,0,0,0,0,0,0,1,1,1,0,0,0,0
2465,-1.02242996868751,0,1,1,0,0,0,0,0,1,0,1,0,1,0,0,0,0,0,0,1,0,1,1,1,0
2466,0.277542515230067,0,0,1,1,0,1,0,1,1,1,1,0,1,0,1,0,0,0,1,1,0,1,1,0,1
2467,0.661578787672912,0,1,0,1,0,1,0,0,1,0,1,0,1,0,0,0,0,0,1,1,1,0,1,1,1
2468,-0.472149138667324,0,0,0,0,0,0,0,0,1,1,1,1,1,1,0,0,0,0,1,0,0,0,1,1,0
2469,1.00404394217797,1,1,1,1,0,1,1,1,1,0,1,1,1,0,1,0,0,0,1,1,1,1,1,1,1
2470,-1.44157107557529,0,0,1,0,0,1,0,0,1,0,0,1,1,0,0,0,0,0,1,1,0,0,1,0,0
2471,0.307093533969742,0,0,1,1,0,1,1,0,1,0,1,1,1,1,1,0,0,0,1,1,1,1,1,1,1
2472,-1.53383625548136,0,1,0,1,0,0,0,0,1,0,0,0,1,0,0,0,0,0,0,0,0,0,0,1,0
2473,-0.63859730093474,1,1,0,1,1,1,0,0,0,0,1,0,0,0,0,0,0,0,0,1,1,1,0,0,1
2474,1.26773188890019,0,1,1,1,1,1,1,1,1,1,1,1,1,0,1,0,0,0,1,1,1,0,1,1,0
2475,-0.186436354640148,1,1,1,0,0,0,0,1,1,0,1,1,0,1,0,0,0,0,1,0,1,1,0,0,0
2476,-0.112763429628046,0,0,0,1,0,1,0,0,1,0,1,1,1,1,0,0,0,0,1,0,1,0,0,1,1
2477,-0.293439920167625,0,0,1,1,0,1,1,0,0,0,1,1,0,0,0,0,0,0,1,1,1,1,0,1,1
2478,-1.77266259513503,0,1,0,1,0,1,0,0,1,0,0,0,0,0,0,0,0,0,0,0,1,0,1,0,0
2479,-0.276908332535405,1,1,1,1,0,1,0,0,0,1,1,1,1,1,0,0,0,0,0,1,1,1,1,1,1
2480,0.401349899613814,0,1,0,1,0,1,0,0,1,0,0,1,1,0,0,0,0,0,0,1,0,1,0,1,0
2481,-0.343865947198302,0,1,1,1,0,0,0,0,0,0,1,0,1,0,0,0,0,0,1,1,1,1,0,1,1
2482,0.445228379355861,0,0,1,1,0,1,0,0,1,0,1,1,1,0,1,0,0,0,1,0,1,1,1,1,1
2483,0.582815726819566,1,1,1,1,0,1,1,0,1,1,1,1,1,0,1,0,0,0,0,1,0,1,1,1,1
2484,-0.992687718237698,1,1,1,0,0,0,0,0,0,0,1,0,1,0,0,0,0,0,0,0,1,1,0,1,0
2485,-2.46530981745124,0,0,0,0,0,0,0,0,0,0,1,0,0,0,0,0,0,0,0,0,0,0,0,0,0
2486,-0.290558133556759,0,1,1,1,0,1,0,0,0,0,0,0,1,0,1,0,0,0,1,1,0,0,1,1,1
2487,-0.24741599448747,0,1,0,1,0,1,0,0,0,1,1,0,1,0,0,0,0,1,1,1,1,0,0,0,0
2488,-0.644646916013675,0,1,1,0,0,1,0,0,0,0,1,1,1,0,0,0,0,0,0,1,0,0,1,1,0
2489,-1.41102009265859,0,1,0,0,0,0,0,0,0,0,1,0,1,0,0,0,0,0,1,1,0,0,0,1,0
2490,-2.62172852672174,0,1,1,0,0,0,0,0,0,0,0,0,1,0,0,0,0,0,0,1,1,0,0,0,1
2491,0.131168784860544,0,1,0,0,0,0,0,0,1,0,1,1,1,0,0,0,0,1,1,1,0,1,1,0,1
2492,0.0391566034125879,0,1,1,1,0,0,0,0,1,0,0,0,1,0,0,0,0,0,0,0,1,0,1,1,0
2493,0.984332986141753,0,1,1,1,0,1,0,0,1,1,1,1,1,1,1,0,0,0,1,1,1,1,0,1,1
2494,-0.237444475320101,1,0,0,1,0,1,1,0,1,0,1,0,1,0,0,0,0,0,0,1,0,0,0,1,0
2495,-0.593856979405663,0,1,1,1,0,0,0,0,1,0,1,0,1,0,0,0,0,0,1,0,1,0,0,1,1
2496,2.86726131512412,1,1,1,1,1,1,1,1,1,1,1,1,1,1,1,1,1,1,1,1,1,1,1,1,1
2497,-0.360052564050379,0,1,1,0,0,0,0,0,0,1,1,0,0,0,0,0,0,0,0,1,1,1,0,0,1
2498,1.33770292910565,1,1,1,1,0,1,1,0,1,1,1,1,1,0,1,0,0,1,0,1,1,0,1,1,1
2499,0.547799108847274,1,0,1,1,0,1,1,0,0,0,1,0,1,1,1,0,0,0,1,0,1,1,1,0,1
2500,0.40833816272442,0,1,1,1,0,1,0,1,0,1,1,1,1,0,0,0,0,0,1,1,1,1,1,0,1
2501,0.644854623587811,0,1,1,1,0,1,0,0,1,0,1,1,1,0,0,0,0,0,1,0,1,1,1,1,1
2502,-0.927367846347215,0,1,1,1,0,1,0,0,1,0,1,0,0,0,0,0,0,0,1,0,1,1,0,0,0
2503,-0.14692625893481,1,1,1,1,0,1,1,0,0,0,1,1,1,0,0,0,0,1,1,1,1,1,0,1,1
2504,0.346516212350954,0,1,0,1,0,1,1,1,1,1,1,1,1,0,1,0,0,0,1,1,0,0,1,1,1
2505,-1.29265739995725,0,1,0,0,0,1,0,0,0,0,0,0,1,0,0,0,0,0,1,0,0,1,0,0,0
2506,-1.68748215471989,0,1,1,1,0,1,0,0,0,0,1,0,1,0,0,0,0,0,0,0,0,0,1,0,1
2507,-1.17527515114864,0,1,1,1,1,0,0,0,0,0,1,0,0,0,0,0,0,0,0,1,0,1,0,0,1
2508,-0.29055370367354,1,0,1,1,0,1,0,1,1,0,1,0,1,0,0,0,0,0,1,0,0,1,1,1,0
2509,-0.0630305574696804,0,0,1,1,0,1,0,0,0,0,1,1,1,0,0,0,0,0,0,1,1,1,1,1,0
2510,-0.0868228466854482,0,1,0,1,0,1,1,0,1,1,1,0,1,0,0,0,0,0,1,0,0,1,0,0,1
2511,0.526632358188107,0,1,1,1,0,1,1,1,1,1,1,1,1,1,1,0,0,1,0,1,1,0,0,1,0
2512,-0.448059645029922,0,1,0,1,0,1,0,0,1,1,1,1,1,0,0,0,0,0,1,1,0,1,1,0,1
2513,0.310641309969207,1,1,0,1,0,1,0,0,1,0,1,1,1,0,0,0,0,0,1,1,1,1,0,0,0
2514,0.354549221530605,0,1,1,1,1,0,1,0,1,1,1,1,1,0,0,0,0,0,1,1,0,0,1,0,1
2515,0.591488861844125,1,1,0,1,1,1,1,1,1,1,1,1,1,0,0,0,0,0,1,1,1,1,0,0,1
2516,-1.0623912659278,0,1,0,1,0,1,0,0,1,0,1,0,1,0,1,0,0,0,0,0,1,0,0,0,0
2517,1.15118347082572,1,1,1,1,0,1,1,0,1,0,1,1,1,1,1,0,0,0,1,0,1,1,0,1,1
2518,-0.529955696657657,0,1,1,0,0,1,0,1,1,0,0,1,1,0,0,0,0,0,0,1,0,1,0,1,1
2519,1.35405698358362,1,1,1,1,1,1,1,0,0,1,1,1,1,1,1,0,0,1,1,1,1,1,1,1,1
2520,0.0150848740154355,0,0,1,1,1,0,0,1,1,0,0,1,1,0,1,0,0,0,1,1,1,0,1,1,1
2521,1.17006395871644,1,1,0,1,0,0,1,1,1,0,1,1,1,1,0,0,0,0,1,1,1,0,1,1,1
2522,-1.19408639120596,0,0,0,1,0,1,0,0,0,0,0,0,1,0,0,0,0,0,1,1,0,0,1,1,0
2523,1.36186458904745,0,0,1,0,1,1,0,0,1,1,1,0,1,0,1,0,0,1,1,1,1,1,0,1,1
2524,2.38387520104204,1,1,1,1,1,1,1,1,1,1,1,1,1,1,1,1,1,1,1,1,1,1,1,1,1
2525,-2.07663808753231,0,1,1,0,0,0,0,0,1,0,0,0,1,0,0,0,0,0,1,0,0,1,0,0,0
2526,-1.51603559234905,0,0,0,0,0,1,0,0,1,0,1,0,0,0,0,0,0,0,0,0,0,0,0,0,0
2527,-0.745286308217052,1,1,0,1,0,1,0,0,0,0,1,1,1,0,0,0,0,0,1,1,1,1,0,1,0
2528,-0.224041923191315,1,1,0,1,0,1,0,0,0,0,1,1,1,1,1,0,0,0,1,0,1,1,0,1,0
2529,0.0338275106466771,1,1,0,1,0,0,1,0,1,0,1,0,1,0,0,0,0,0,1,1,1,1,1,1,0
2530,-1.19775709153489,0,0,1,1,0,0,0,0,1,1,1,0,1,0,0,0,0,0,0,1,0,0,0,0,0
2531,0.543059428471676,0,1,1,1,0,0,1,0,0,0,1,1,1,0,1,0,0,0,1,1,1,1,0,1,0
2532,-0.360393131260491,0,1,0,1,0,0,0,0,0,0,1,1,1,0,0,0,0,0,1,0,1,1,1,1,0
2533,0.173111627948174,0,1,1,1,0,0,0,1,1,0,1,0,1,0,0,0,0,0,1,1,1,1,0,1,1
2534,0.894612893861426,1,1,1,1,1,0,0,1,1,0,1,1,1,0,0,0,0,0,1,1,1,1,1,1,1
2535,-0.579424306421648,1,0,0,1,0,0,0,0,1,0,1,0,0,0,0,0,0,0,1,1,1,1,1,0,0
2536,-0.664185261943409,0,1,1,1,0,1,0,0,1,0,0,1,1,0,0,0,0,0,1,1,1,1,1,0,1
2537,1.2832864231045,1,1,1,0,0,1,0,1,0,1,1,1,1,1,1,0,0,0,1,1,1,1,1,1,1
2538,1.26386798900431,0,1,0,1,0,1,0,1,0,0,1,1,1,1,1,0,0,1,1,1,1,1,0,1,1
2539,0.458915560002638,1,0,1,1,0,1,1,0,1,0,1,0,1,1,0,0,0,0,1,0,1,1,1,1,1
2540,0.259492872132158,1,0,0,1,0,1,0,1,0,0,1,0,1,0,0,0,0,0,1,0,1,1,1,1,1
2541,-0.290950682834061,0,1,1,1,0,1,0,0,0,1,1,1,1,0,1,0,0,0,1,1,1,1,1,1,0
2542,1.46852737541217,0,0,1,1,0,1,1,1,1,1,1,1,1,1,1,0,0,0,1,1,1,0,1,1,1
2543,0.259724492998066,0,1,1,1,0,1,1,0,1,0,1,0,1,0,0,0,0,0,1,1,1,1,0,1,1
2544,-1.06435378488915,0,1,1,1,0,1,0,0,0,0,1,1,1,0,0,0,0,0,1,0,0,0,1,0,0
2545,-1.19236584575396,0,0,0,0,0,0,0,0,0,0,0,1,1,0,0,0,0,0,0,0,0,1,1,0,0
2546,-0.0650272609228839,0,1,0,1,0,0,0,0,1,1,1,0,1,0,1,0,0,0,0,1,0,1,1,0,0
2547,0.690375444808455,1,1,1,1,1,1,1,1,1,0,1,1,1,0,1,0,0,0,1,1,1,0,1,1,1
2548,0.657908992915845,0,1,1,1,0,1,0,0,1,1,1,1,1,1,0,0,0,0,1,1,1,0,1,1,0
2549,-0.786493689905759,1,0,1,0,0,1,0,0,1,0,0,0,1,0,0,0,0,0,1,1,1,0,0,0,1
2550,-1.2818001808707,0,0,0,1,0,0,0,0,0,0,0,0,1,0,0,0,0,0,1,1,0,1,0,0,0
2551,1.10880114937274,0,1,1,1,0,1,0,1,0,1,1,1,1,0,1,0,0,0,0,1,0,1,1,1,0
2552,0.800079592634367,0,1,1,1,0,1,0,1,1,0,1,1,1,1,0,0,0,0,1,1,1,1,1,1,0
2553,0.57316411034215,1,1,1,0,0,1,0,0,1,0,1,0,1,0,0,0,0,0,1,1,1,0,1,1,1
2554,-0.346478150426711,1,1,1,0,1,1,0,0,1,0,0,0,1,0,1,0,0,0,0,1,1,0,1,0,0
2555,0.958857712826761,1,1,1,1,0,1,1,0,1,1,1,1,1,0,0,0,0,0,1,1,0,1,1,1,0
2556,-4.10881675693065,0,0,1,0,0,0,0,0,0,0,0,0,0,0,0,0,0,0,0,1,0,0,0,0,0
2557,1.16601410338071,1,0,1,1,0,1,1,1,1,1,1,0,0,1,1,0,0,0,1,0,1,1,1,1,0
2558,-1.6650599727452,0,1,1,0,0,0,0,0,0,1,1,0,1,0,0,0,0,0,1,1,1,1,0,0,0
2559,-2.20750332117136,0,0,0,1,0,0,0,0,0,0,0,0,1,0,0,0,0,0,1,1,1,0,0,0,0
2560,-1.84322705919569,0,0,1,0,0,0,0,0,0,0,1,0,0,0,1,0,0,0,1,0,0,1,1,0,0
2561,-1.11667162235349,0,0,1,0,0,1,0,0,1,1,1,1,1,0,0,0,0,0,1,1,1,1,1,0,0
2562,1.19342620947822,1,1,1,1,0,1,1,0,1,1,1,1,1,0,1,1,0,0,1,1,1,1,1,1,1
2563,-0.198329061985835,0,0,1,1,0,1,1,0,0,0,1,1,1,0,0,0,0,0,0,1,1,0,0,0,0
2564,1.32498712463789,0,1,0,1,0,1,1,1,1,1,1,1,1,1,0,0,0,1,1,1,1,1,1,1,0
2565,-1.2472699464698,0,1,0,1,0,1,0,0,0,0,1,0,1,0,0,0,0,0,1,0,1,1,0,0,1
2566,-1.51717757883892,0,0,0,0,0,1,0,0,1,0,0,0,1,0,0,0,0,0,1,0,1,1,0,0,0
2567,0.766290566487469,1,1,0,0,1,1,1,0,1,0,1,1,1,0,0,0,0,0,1,1,0,1,1,1,1
2568,0.909699008461608,0,0,1,1,0,1,0,0,1,1,1,0,1,0,0,1,0,0,1,1,1,1,1,1,1
2569,1.29356459004551,0,1,1,1,1,1,1,1,1,1,1,1,1,0,1,0,0,0,1,1,1,0,1,1,1
2570,0.599647400450421,1,1,1,1,1,1,1,1,1,0,1,1,1,0,1,0,0,0,1,1,1,0,1,1,1
2571,-0.482398878547421,0,1,0,0,0,1,0,0,1,0,1,0,1,1,0,0,0,0,0,1,1,0,0,0,0
2572,0.10204333651842,0,1,1,1,0,1,1,0,1,0,1,0,1,1,0,0,0,0,0,1,1,1,1,0,1
2573,-0.518680089328254,0,1,1,1,0,0,0,0,1,0,1,0,1,0,0,0,0,0,1,0,1,1,1,1,1
2574,0.839057763854993,1,1,0,1,0,1,1,0,0,1,1,1,1,1,1,0,0,0,1,0,1,1,1,1,1
2575,0.536421221124309,1,0,0,1,1,1,0,0,1,0,1,1,1,1,0,0,0,0,1,1,1,1,1,1,1
2576,-0.362996354924703,0,0,1,1,0,1,0,0,1,0,1,0,1,0,0,0,0,0,0,1,1,1,1,0,1
2577,0.0173566984804653,0,1,1,0,0,1,0,1,1,0,1,0,1,0,0,0,0,0,0,0,1,1,1,1,1
2578,0.744008138809735,1,1,0,1,0,1,0,0,0,0,1,1,1,0,1,0,0,1,0,1,1,1,1,1,0
2579,-1.08353545188652,0,1,0,1,0,1,0,0,1,0,1,0,0,0,0,0,0,0,0,1,1,0,0,1,1
2580,0.215533920389641,0,1,1,1,1,1,0,0,1,0,1,0,1,0,0,0,0,0,1,1,1,1,1,1,1
2581,-0.398735583063421,0,1,1,0,0,0,0,0,1,0,0,1,1,1,0,0,0,0,1,0,1,0,1,0,0
2582,0.94140828639225,0,0,1,1,0,1,0,0,0,0,0,1,1,0,1,0,0,0,1,1,1,1,1,1,0
2583,1.26992176222291,1,1,0,1,0,1,1,1,1,1,1,1,1,0,1,1,0,1,1,1,0,1,1,1,1
2584,-1.14080246014777,0,0,0,0,0,0,0,0,0,0,0,0,0,0,0,0,0,0,1,1,1,0,1,1,0
2585,-0.439125898760208,0,1,1,1,0,0,0,0,1,0,1,1,1,0,0,0,0,0,0,0,0,0,0,1,1
2586,-0.180945557409055,1,1,0,1,1,1,1,0,0,0,0,0,1,0,0,0,0,0,0,0,0,1,0,1,0
2587,0.532406926567928,0,1,1,1,1,1,0,0,1,0,1,1,1,1,1,0,0,0,1,1,1,1,1,1,1
2588,1.86262912679051,1,1,1,1,1,1,1,1,0,1,1,1,1,1,1,0,0,0,0,1,1,1,1,1,1
2589,0.354273022613409,1,0,1,1,0,1,0,1,1,0,1,1,1,1,1,0,0,0,1,1,1,1,1,1,1
2590,-0.25576624270101,0,1,1,1,0,1,0,0,0,0,1,0,1,0,0,0,0,0,1,1,1,1,1,0,0
2591,0.192103355062178,0,1,0,1,0,1,0,1,0,0,1,1,1,1,0,0,0,0,0,0,1,1,1,0,1
2592,0.0127716109261919,0,1,1,0,0,1,0,0,1,1,1,0,1,0,0,0,0,0,0,0,1,0,1,1,0
2593,0.128195894668867,0,1,1,1,0,1,1,0,0,0,1,1,1,0,0,0,0,0,0,1,1,0,1,1,1
2594,-0.737723072916342,0,0,0,0,0,0,0,0,0,0,1,0,0,0,1,0,0,0,0,1,1,1,1,0,1
2595,0.846119057634534,1,0,1,1,1,1,0,0,0,0,1,1,1,0,1,0,0,0,1,1,1,0,1,0,1
2596,0.506442626910685,0,1,1,1,0,1,1,1,0,0,1,0,1,0,1,0,0,1,1,1,1,1,0,1,1
2597,-0.266625170744706,0,1,1,1,0,1,0,0,0,0,1,0,1,0,0,0,0,0,0,1,1,1,1,0,0
2598,-0.383737747762567,0,1,0,1,0,0,0,1,1,0,0,0,1,0,0,0,0,0,1,1,0,1,0,0,0
2599,0.885460386928014,1,1,0,1,0,1,0,0,1,1,1,1,1,1,0,0,0,1,1,1,1,0,1,1,1
2600,0.0836451502000864,0,1,1,1,0,1,1,0,1,0,1,0,0,0,0,0,0,0,1,1,1,0,0,0,1
2601,0.0314855250001274,0,1,1,0,0,1,1,0,0,1,1,0,1,0,1,0,0,0,0,1,0,1,0,1,1
2602,-0.0313108306437388,0,1,1,1,0,1,0,0,1,1,1,0,1,0,0,0,0,0,1,1,1,1,1,0,1
2603,0.656102600668343,1,1,1,1,1,1,0,0,1,1,1,0,1,1,0,0,0,0,1,1,1,1,1,0,1
2604,2.04007715936989,1,1,0,1,1,1,1,0,1,1,1,1,1,1,1,0,0,1,0,1,1,1,0,1,1
2605,-0.393508123727454,0,1,1,1,0,1,0,0,0,0,1,1,0,0,0,0,0,0,1,1,0,1,0,0,1
2606,0.898507119430015,0,1,1,1,0,1,0,1,1,1,1,1,1,1,0,0,0,0,1,1,1,1,1,1,1
2607,-0.130107708110531,1,1,0,1,0,1,0,0,1,0,1,0,1,1,0,0,0,1,0,1,1,1,0,1,0
2608,-0.299778344973686,0,1,0,0,0,1,0,1,1,0,1,0,1,0,0,0,0,0,1,1,1,0,1,1,0
2609,0.0219460250137951,1,1,1,1,0,1,1,0,1,0,0,1,1,0,0,0,0,0,1,1,0,1,1,0,1
2610,-1.08730981831737,0,0,0,1,0,0,0,0,1,0,1,1,1,0,0,0,0,0,1,1,0,0,1,0,1
2611,0.302066351599057,0,1,1,1,0,1,1,0,1,1,1,1,0,0,0,0,0,0,1,1,1,1,1,1,1
2612,-0.283197378099662,1,1,0,1,0,1,1,1,0,0,1,0,1,0,1,0,0,0,1,1,1,1,0,1,1
2613,-1.7523372013004,0,0,1,0,0,0,0,0,1,0,0,0,0,0,0,0,0,0,0,1,0,1,0,1,0
2614,-2.57162721863281,0,0,0,0,0,1,0,0,0,0,0,0,1,0,0,0,0,0,0,0,1,1,1,0,1
2615,-2.00039009504299,0,1,0,1,0,0,0,0,0,0,1,1,0,0,0,0,0,0,0,0,1,0,1,0,1
2616,-0.94198301946021,0,1,1,1,0,0,0,0,0,0,1,0,0,0,0,0,0,0,0,0,1,0,1,1,0
2617,0.414095969466327,1,0,0,1,1,0,0,1,1,0,1,1,1,0,1,0,0,0,1,1,1,1,0,1,1
2618,-0.0233043411718317,1,0,0,0,0,1,0,1,0,0,1,0,1,0,0,0,0,0,1,0,0,1,1,1,0
2619,-1.21865736098489,0,1,1,0,0,0,0,0,1,0,1,0,1,0,0,0,0,0,1,0,1,0,1,0,0
2620,-1.88205619538596,0,1,1,1,0,0,0,0,0,0,1,1,0,0,0,0,0,0,0,0,0,1,1,0,1
2621,1.63520204807308,0,1,1,1,0,0,1,0,0,0,1,1,1,1,0,1,0,1,1,0,1,1,1,1,0
2622,-0.31975004006609,0,1,1,1,0,1,0,0,0,1,1,0,0,0,1,0,0,0,1,0,0,1,0,1,0
2623,-1.84590590670602,0,0,1,0,0,1,0,0,0,0,0,0,1,0,0,0,0,0,0,1,0,1,0,0,0
2624,1.1061590931096,0,1,1,1,1,1,1,0,1,0,1,1,1,0,0,0,0,0,1,1,1,1,1,1,1
2625,-1.04588702358986,0,1,1,1,0,0,0,0,0,0,0,1,1,0,0,0,0,0,0,0,1,1,0,1,1
2626,1.26732827311414,1,1,1,1,0,1,1,0,1,1,1,1,1,1,1,0,1,0,1,1,1,1,1,1,1
2627,-0.272221414475884,0,1,0,1,0,1,0,1,1,0,0,0,0,0,0,0,0,0,0,1,1,1,0,1,1
2628,0.193872085912256,0,1,0,1,0,1,0,0,1,1,1,1,1,0,1,0,0,0,1,1,1,0,0,1,1
2629,-0.162820880602095,0,1,1,1,0,0,0,0,1,0,1,1,1,0,0,0,0,0,1,0,0,1,0,0,0
2630,1.86441689305849,1,1,1,1,1,1,0,1,1,1,1,1,1,0,1,1,0,1,1,1,1,1,1,0,0
2631,0.707556575910857,0,0,1,0,1,1,0,1,1,0,0,0,1,0,0,0,0,0,1,0,1,0,1,1,1
2632,-1.10917239359569,0,1,1,0,0,1,0,0,1,0,1,0,1,0,0,0,0,0,0,1,0,0,0,0,0
2633,0.360606637959602,1,0,1,1,0,1,0,0,0,1,1,1,0,0,0,0,0,0,1,1,0,1,0,1,0
2634,-1.30971269965291,0,0,0,1,0,0,0,0,1,0,1,0,1,0,0,0,0,0,0,0,0,1,0,0,0
2635,0.985459481812627,0,1,0,1,0,1,0,1,1,1,1,1,1,0,1,0,0,0,1,1,1,1,0,1,0
2636,1.67118928420934,0,1,0,1,1,1,1,1,1,1,1,1,1,1,0,0,0,1,1,1,1,1,1,1,1
2637,-0.146688684207964,0,0,1,0,0,0,0,0,1,0,1,1,1,0,0,0,0,0,1,1,0,1,1,0,1
2638,-0.156378112601998,0,0,1,1,0,0,0,0,1,0,1,0,1,0,0,0,0,0,1,1,1,1,0,0,0
2639,-0.0612225952871072,1,1,0,1,0,0,0,0,0,0,1,0,1,0,0,0,0,0,0,1,0,1,0,1,0
2640,-0.0678811650439638,0,0,1,1,0,0,1,0,1,0,1,0,0,0,1,0,0,0,1,0,0,1,0,0,1
2641,0.527250776924695,1,0,0,1,1,1,1,0,0,1,1,1,1,0,0,0,0,0,0,1,1,0,0,1,0
2642,0.658772826952437,0,1,1,1,0,1,1,0,1,0,1,0,1,0,0,0,0,1,1,1,1,1,1,1,1
2643,-0.207444278471601,0,0,0,0,0,1,0,0,0,0,1,1,0,0,0,0,0,0,1,1,1,1,0,1,1
2644,2.45035252723915,1,1,1,1,1,1,1,1,1,1,1,1,1,1,0,1,1,1,1,1,1,1,1,1,1
2645,0.430616069950375,1,1,1,1,1,1,1,1,1,0,1,1,0,0,1,0,0,0,0,0,1,1,1,1,1
2646,0.888370154091989,0,1,1,1,0,1,0,0,1,1,1,1,1,0,1,0,0,1,0,1,0,1,0,0,1
2647,-0.0838681968423136,0,1,0,1,0,0,0,1,1,0,1,1,1,0,1,0,0,0,1,0,1,1,1,1,1
2648,1.40408298097443,0,1,1,1,0,1,1,0,1,1,1,1,1,0,0,0,0,1,1,1,0,1,0,1,1
2649,0.619344864770466,0,1,1,1,0,1,0,0,1,1,1,1,1,0,1,0,0,0,1,1,1,1,1,1,0
2650,0.502840971702342,1,1,1,1,1,0,0,0,1,0,1,1,1,0,0,0,0,0,0,1,1,1,1,1,0
2651,-0.600384910282947,0,0,0,1,0,0,0,0,1,0,1,0,0,0,1,0,0,0,1,1,1,1,0,1,0
2652,0.641699312476072,0,1,1,1,0,1,0,1,1,1,1,0,1,0,0,0,0,0,1,1,1,1,0,1,1
2653,1.42492586797478,1,0,1,1,0,1,1,0,1,1,1,1,1,0,1,0,0,0,1,1,1,1,1,1,1
2654,0.0603505235982193,0,1,1,1,0,1,0,0,1,0,1,0,1,0,0,0,0,0,1,1,1,0,0,1,0
2655,0.580144202196707,1,1,1,1,1,1,1,1,0,0,1,1,1,0,1,0,0,0,0,1,1,0,1,1,0
2656,0.221210454734462,1,0,0,1,0,1,0,0,0,0,1,0,1,0,0,0,0,0,0,1,1,0,0,1,1
2657,-1.42482235729361,0,1,0,1,0,1,0,0,1,0,0,0,1,0,0,0,0,0,0,1,1,1,1,0,0
2658,-1.02333642659305,0,0,0,0,0,0,0,0,1,1,1,0,1,0,0,0,0,0,1,1,0,1,0,1,1
2659,-0.368093083817368,0,1,1,1,0,1,0,0,0,0,1,0,1,0,1,0,0,0,1,1,0,0,0,1,0
2660,-0.19339184542149,0,1,1,1,0,0,0,1,0,0,1,0,1,0,0,0,0,0,1,0,1,1,1,0,1
2661,-0.356723508663854,0,1,1,1,0,1,0,1,1,0,1,0,1,0,1,0,0,0,1,1,0,0,1,1,1
2662,1.19285299116183,1,1,1,1,1,1,1,1,1,1,1,1,1,0,1,0,1,0,1,1,1,0,1,1,1
2663,-1.28181035948852,0,1,1,0,0,0,0,0,0,0,1,0,0,0,0,0,0,0,1,0,0,1,1,1,0
2664,-1.53672045921141,0,0,0,1,0,1,0,0,0,0,0,1,1,0,0,0,0,0,0,1,0,1,0,0,0
2665,-0.141635790663373,0,1,1,1,0,0,0,1,1,0,1,0,1,0,0,0,0,0,0,0,1,1,1,1,0
2666,-0.83141689355906,0,1,0,0,0,0,0,0,0,0,1,0,0,0,0,0,0,0,0,0,0,1,1,0,0
2667,-1.34417549046051,0,0,0,1,0,0,0,0,1,0,1,0,0,0,0,0,0,0,1,1,0,0,0,1,0
2668,-0.46918906955249,1,0,0,1,0,0,0,0,0,0,1,1,1,0,0,0,0,0,1,1,1,1,0,0,1
2669,0.506756352169221,1,1,0,1,0,1,1,0,0,0,1,0,1,0,0,0,0,0,1,1,0,1,0,1,1
2670,-0.318578691691257,0,1,1,1,0,1,1,1,1,0,1,1,1,0,0,0,0,0,0,1,0,1,1,0,0
2671,-0.167367318800753,0,1,1,1,0,0,0,0,0,0,1,0,1,0,0,0,0,0,1,1,0,1,1,0,1
2672,0.590843396605683,1,0,1,0,0,1,1,0,1,1,1,1,1,1,1,0,0,0,1,1,1,1,0,1,1
2673,-0.385736029188396,0,0,0,0,0,1,1,0,0,0,1,0,1,0,0,0,0,0,0,1,0,1,1,1,0
2674,-0.81333115633519,0,1,0,0,0,0,0,0,0,0,1,0,1,0,0,0,0,0,0,0,1,1,1,0,0
2675,-0.269487524000588,0,1,1,0,0,1,0,0,1,0,1,0,1,0,0,0,0,0,1,0,0,0,1,1,1
2676,0.324294038849584,1,1,1,1,1,1,1,0,1,1,0,1,0,1,0,0,0,0,1,1,1,0,1,0,1
2677,-0.343753201133268,0,0,1,1,0,0,0,0,0,0,1,0,1,0,1,0,0,0,0,0,1,1,1,0,1
2678,-0.00582932173291942,0,1,1,1,0,1,1,0,0,1,1,1,1,0,0,0,0,0,1,1,1,0,1,1,0
2679,-0.931132322523779,0,1,0,1,0,0,1,1,0,0,0,0,0,0,0,0,0,0,1,1,0,1,0,0,1
2680,-1.36032125380789,0,0,0,1,0,0,0,0,0,0,1,0,1,0,0,0,0,0,0,1,0,1,0,1,0
2681,-0.926493137442266,0,1,1,1,0,1,0,0,0,1,1,0,1,0,0,0,0,0,1,1,1,1,0,1,0
2682,-0.582476204256688,0,1,1,1,0,1,0,0,0,0,1,1,1,0,0,0,0,0,1,1,1,0,0,1,0
2683,-0.588431383834441,0,1,1,1,0,0,0,0,0,0,1,1,1,1,1,0,0,0,1,0,1,0,0,0,0
2684,1.32394314988145,1,1,1,1,0,1,0,1,0,1,1,1,1,0,1,0,0,0,1,0,1,0,1,1,1
2685,-1.60639832969195,0,1,0,1,0,0,0,0,1,0,0,1,0,1,0,0,0,0,0,1,0,1,0,1,0
2686,0.172419888803863,1,1,0,1,0,1,0,0,1,0,0,1,1,1,0,0,0,0,1,0,1,0,1,1,1
2687,-1.67753079777936,0,1,0,0,0,1,0,0,0,0,0,0,1,0,0,0,0,0,1,0,0,1,1,1,0
2688,-0.831424083115114,0,0,1,1,0,1,0,0,1,0,1,1,1,0,0,0,0,0,0,0,0,0,0,0,1
2689,0.948084345823967,1,1,1,1,0,1,1,1,1,0,1,0,0,0,0,0,0,1,1,0,0,1,0,1,1
2690,-1.2138839915663,0,0,0,1,0,0,0,0,0,0,0,1,1,0,0,0,0,0,0,1,0,1,0,0,0
2691,1.45431899501289,1,1,1,1,1,1,1,0,1,1,1,1,1,0,1,0,0,0,0,1,1,1,1,1,1
2692,1.29406514410498,1,1,0,1,1,1,1,1,0,1,1,1,1,1,1,0,0,1,1,1,1,1,1,1,1
2693,-1.22388319135118,0,1,0,1,0,1,0,0,1,0,1,0,0,0,0,0,0,0,0,0,0,1,1,0,1
2694,-0.402691611764804,0,1,0,1,0,0,0,0,0,0,1,0,1,0,0,0,0,0,1,0,1,1,0,1,0
2695,0.80008183519706,0,1,1,1,0,1,0,1,1,0,0,1,1,1,0,0,0,1,0,1,1,0,1,1,1
2696,-0.0574946225239602,0,0,0,1,0,1,1,0,0,0,1,1,0,0,0,0,0,0,1,1,0,1,1,1,0
2697,-0.809009794772982,1,1,0,1,0,1,0,0,1,1,1,1,0,0,0,0,0,0,0,1,0,0,0,1,0
2698,1.12008266816777,0,1,1,1,1,1,1,1,1,1,1,0,1,1,0,0,0,0,0,0,1,1,1,1,1
2699,-1.86308133276272,0,1,0,1,0,1,0,0,0,0,0,0,1,0,0,0,0,0,1,1,1,1,0,0,0
2700,-0.04707723237142,0,1,0,1,1,1,1,1,1,1,1,1,1,0,0,0,0,0,1,1,1,0,1,1,1
2701,-0.0960437054600554,0,0,1,1,0,0,0,0,1,0,1,1,1,0,0,0,0,0,0,0,0,1,1,1,1
2702,0.0774483121493343,0,1,1,0,1,1,0,0,1,1,1,1,1,0,0,0,0,0,1,0,1,0,1,1,1
2703,-0.248494696300997,0,1,1,0,0,1,1,0,1,0,1,0,1,0,0,0,0,0,0,0,0,1,1,0,1
2704,0.0631164719791473,0,1,0,1,0,1,0,0,1,0,1,1,1,0,0,0,0,0,0,0,0,1,1,1,1
2705,-0.918586126284787,0,0,0,1,0,1,0,1,1,0,1,1,0,0,0,0,0,0,1,0,1,1,0,0,0
2706,-0.558594162699251,0,1,1,0,0,0,0,0,1,0,1,0,1,0,0,0,0,0,1,1,1,1,0,1,0
2707,-0.573293075752067,0,1,1,1,0,1,0,0,1,0,1,0,1,0,0,0,0,0,0,0,1,0,1,0,0
2708,-0.183898273028747,0,1,0,1,0,1,0,0,0,0,0,1,0,0,0,0,0,0,1,1,1,1,0,0,0
2709,-0.717820626152086,0,1,1,1,0,1,0,0,1,0,0,0,1,0,1,0,0,0,1,1,0,1,1,1,0
2710,0.813081513359633,1,1,1,1,0,0,1,0,1,1,1,1,1,1,1,0,0,0,1,1,1,1,1,0,0
2711,-0.678365464573488,0,1,0,1,0,1,0,0,1,0,1,1,1,0,0,0,0,0,0,0,1,1,1,0,1
2712,0.747293945379555,0,1,0,1,0,1,0,1,0,1,1,1,1,0,0,0,0,0,1,1,1,0,0,1,1
2713,1.49393692558431,1,1,0,1,0,1,1,1,1,1,1,1,0,1,1,0,0,1,1,1,1,1,1,1,0
2714,0.142248372171251,0,1,0,1,0,0,0,1,1,0,1,1,1,0,0,0,0,0,0,1,0,0,1,1,1
2715,0.112017101019856,0,1,0,1,0,1,0,0,1,0,1,1,1,1,0,0,0,0,1,1,1,1,0,1,1
2716,0.537378705964733,0,1,1,0,0,1,1,1,0,0,1,1,1,0,1,0,0,0,1,1,0,1,0,1,1
2717,0.626100520351406,0,1,1,1,1,1,0,0,1,1,1,1,1,0,0,0,0,0,1,1,1,0,1,1,0
2718,1.02685763415106,1,1,0,1,0,1,1,0,0,0,1,0,1,0,0,0,0,0,1,1,1,1,0,1,0
2719,-0.673685396602272,0,1,0,0,0,1,0,0,1,0,1,0,0,0,0,0,0,0,0,0,0,0,1,1,1
2720,-1.42600810759123,0,1,0,0,0,0,0,0,0,0,0,1,1,0,0,0,0,0,1,1,1,1,0,1,0
2721,-1.56996602882445,0,1,0,1,0,0,0,0,1,0,1,1,0,0,0,0,0,0,0,1,0,1,0,0,0
2722,0.15207198553818,0,0,0,0,1,0,1,0,1,1,1,0,1,0,0,0,0,0,1,1,1,1,1,1,1
2723,-0.000193512333290805,0,1,0,1,0,0,0,1,0,1,1,1,1,1,0,1,0,0,1,1,1,1,0,1,0
2724,1.14531020757443,0,1,0,1,1,1,1,1,1,1,1,1,1,1,1,0,1,0,1,1,1,1,1,1,0
2725,0.0423243672243371,0,1,0,1,0,1,0,0,1,0,1,0,1,1,0,0,0,0,1,0,1,1,0,1,1
2726,-0.5946333204666,0,1,1,1,0,1,0,0,0,0,1,1,1,0,0,0,0,0,0,1,1,1,0,0,1
2727,-0.540117462657907,0,1,1,1,0,1,1,0,0,0,0,0,1,0,1,0,0,0,0,1,1,1,0,0,1
2728,-0.0701638903319954,0,1,0,1,0,1,0,0,0,0,1,1,1,1,0,0,0,0,1,1,1,1,1,1,1
2729,0.495109767089296,1,1,1,1,1,1,0,1,1,0,1,1,1,1,0,0,0,1,1,1,1,0,1,1,1
2730,-0.289098434010551,0,1,1,1,0,0,0,0,0,1,1,0,1,0,0,0,0,0,1,1,0,1,1,1,0
2731,1.0189466370709,1,1,1,1,1,0,0,0,0,1,1,0,1,0,1,0,1,1,1,0,1,0,1,1,1
2732,-0.98068940988178,1,1,0,0,0,1,0,0,1,0,1,0,1,1,0,0,0,0,0,0,0,0,1,1,1
2733,-1.53578016671569,0,0,0,0,0,1,0,0,0,0,0,0,0,0,0,0,0,0,1,1,0,1,1,0,0
2734,-1.23217366595473,0,0,0,1,0,1,0,0,0,0,1,0,1,0,0,0,0,0,1,0,0,1,1,0,1
2735,0.564123616750739,0,1,1,1,0,1,0,0,0,1,1,1,1,1,0,0,0,0,0,1,1,0,1,1,1
2736,-0.374319294096045,0,1,0,0,0,0,0,0,0,0,1,0,1,0,0,0,0,0,1,1,1,1,0,0,0
2737,-1.15245560559041,0,1,0,0,0,0,0,0,1,0,1,0,0,0,0,0,0,0,1,1,0,0,1,0,0
2738,-2.57931203631747,0,1,0,0,0,0,0,0,0,0,0,0,0,0,0,0,0,0,1,1,0,1,1,1,1
2739,1.38224220057185,1,1,0,1,1,1,0,1,1,1,1,0,1,1,1,0,0,0,1,1,1,1,1,1,1
2740,0.189267406997454,0,0,0,0,1,0,0,0,1,1,1,0,1,0,1,0,0,0,1,1,1,0,1,1,0
2741,0.482882078188252,0,0,1,0,0,1,0,0,0,0,1,1,1,0,0,0,0,0,1,1,1,1,1,1,0
2742,2.3065094982761,1,0,1,1,1,1,1,0,1,1,1,1,1,1,1,0,1,1,1,1,1,1,0,1,1
2743,-0.289058775511249,0,0,1,1,0,0,0,0,1,0,0,0,1,0,0,0,0,0,1,0,0,1,1,1,0
2744,-0.133411702193792,1,1,0,1,0,1,0,1,1,0,1,1,1,0,0,0,0,0,1,0,1,0,1,1,0
2745,-0.209718922010077,0,0,0,1,0,1,0,0,1,0,1,0,1,0,0,0,0,0,1,0,1,1,0,1,0
2746,-0.158531835054169,0,1,1,1,1,1,0,1,0,0,1,1,1,0,0,0,0,0,1,0,1,0,0,1,1
2747,1.24567780818457,1,1,1,1,0,1,0,0,0,1,1,1,1,0,0,0,0,1,0,1,1,1,1,1,0
2748,0.829648779152142,0,1,1,1,0,1,1,0,1,0,1,1,1,0,0,0,0,0,1,1,1,1,0,1,0
2749,1.41863081672749,1,1,1,1,0,1,1,1,1,1,1,0,1,1,1,0,0,1,1,1,1,1,1,1,1
2750,0.704580730335176,1,1,1,1,0,1,1,0,1,1,1,1,1,0,1,0,0,0,1,0,1,0,1,1,0
2751,-0.385263781280131,1,1,0,0,0,1,0,0,1,0,1,0,1,0,0,0,0,0,0,0,1,1,0,1,0
2752,-0.0810770818594569,0,1,1,1,0,1,0,0,1,0,1,1,0,0,0,0,0,0,1,1,1,0,0,0,1
2753,0.831131595596222,0,1,1,1,0,1,0,0,1,0,1,0,1,0,0,0,0,0,1,1,1,1,1,0,1
2754,0.594799074061144,0,1,1,0,0,1,1,0,1,1,1,1,1,0,0,0,0,0,0,1,1,1,0,1,0
2755,0.0759237798930369,0,1,0,1,0,1,1,0,1,0,1,1,1,0,0,0,0,0,0,1,0,1,1,0,0
2756,0.307820737894784,1,0,1,0,0,0,0,0,1,0,1,1,1,0,0,0,0,0,1,1,1,1,1,1,0
2757,-0.673320238622429,0,1,0,0,0,1,1,0,0,0,1,0,0,0,0,0,0,0,0,0,1,1,1,1,0
2758,1.0455691730673,1,1,1,1,0,1,1,1,1,0,1,0,1,0,1,0,0,1,1,1,0,1,1,1,0
2759,-0.373710743312315,0,0,1,0,0,1,0,0,0,0,1,1,0,0,1,0,0,0,0,1,0,0,1,1,0
2760,-0.818678299003805,0,1,0,0,0,1,0,0,0,0,1,0,1,0,0,0,0,0,1,1,0,1,0,0,0
2761,0.578790037281519,1,0,1,1,1,1,0,0,0,1,1,1,1,1,1,0,0,0,1,1,1,1,0,1,1
2762,-0.281166771972739,0,1,0,1,0,0,1,0,1,0,1,0,1,0,0,0,0,0,1,0,1,0,1,1,0
2763,0.0750878610235486,0,0,0,0,0,1,0,1,1,0,1,0,1,0,1,0,0,0,1,1,1,1,1,1,0
2764,-1.91151914967009,0,0,0,1,0,1,0,1,0,0,1,0,0,0,0,0,0,0,0,0,0,0,0,0,1
2765,1.2308746343979,1,1,0,1,1,1,1,1,0,1,0,1,1,1,0,0,0,0,1,1,1,1,1,1,0
2766,1.01052952483906,1,1,1,1,0,1,1,0,1,1,1,1,1,0,1,0,0,1,1,1,1,1,1,1,1
2767,-0.259237535069576,0,1,1,1,1,0,0,0,0,0,1,1,0,1,0,0,0,0,1,0,0,1,1,0,1
2768,1.02728357191984,0,1,1,1,0,1,0,1,0,0,1,1,0,0,1,0,0,0,0,0,1,1,1,1,1
2769,-0.0568026901942376,1,1,1,1,0,1,0,0,1,1,1,0,0,1,0,0,0,0,1,1,1,1,0,0,0
2770,-0.65312176796349,0,1,0,1,0,0,0,0,0,0,1,0,1,1,0,0,0,0,1,0,1,1,1,0,1
2771,0.963255440962642,1,1,1,1,0,1,0,0,1,1,1,1,1,0,1,0,0,0,1,1,0,1,1,1,1
2772,0.411129629102007,0,1,1,1,0,1,0,0,0,1,1,1,1,0,0,0,0,0,0,1,1,1,0,1,1
2773,-0.136176596814649,0,1,1,0,0,1,0,1,1,0,0,1,1,0,0,0,0,1,0,1,1,1,0,0,1
2774,0.0289913048221163,0,1,0,1,0,1,0,1,0,0,1,1,1,1,0,0,0,0,1,1,1,1,0,1,0
2775,1.31113669094274,0,1,1,1,0,1,1,1,1,1,1,1,1,1,1,0,0,1,1,0,0,1,1,0,1
2776,-1.47787495311218,0,0,0,1,0,0,0,0,1,0,0,0,1,0,0,0,0,0,0,0,0,1,1,1,0
2777,-0.546053780577833,0,1,0,1,0,0,0,0,0,0,1,1,0,0,0,0,0,0,1,1,0,1,1,1,1
2778,0.627135316422134,0,1,1,1,0,1,1,1,0,0,1,1,1,1,1,0,0,0,0,0,1,1,1,1,0
2779,0.221318613802635,0,1,1,1,0,0,1,1,0,1,1,1,0,0,0,0,0,0,0,1,1,1,1,1,1
2780,1.18174742385203,1,1,0,1,1,1,1,1,1,0,1,1,1,1,1,0,0,0,1,1,1,1,1,1,1
2781,-0.993539053244566,0,1,1,1,0,1,0,1,1,0,1,0,0,0,0,0,0,0,1,1,0,0,0,1,1
2782,-0.385736029188396,0,1,0,1,0,0,0,1,0,0,1,1,1,0,0,0,0,0,0,1,0,1,1,0,1
2783,-0.151240953175444,0,0,1,1,0,1,0,0,1,1,1,0,1,1,1,0,0,0,0,0,1,1,1,1,1
2784,1.05492068154356,1,0,1,1,1,1,0,0,1,1,1,1,1,1,1,0,0,0,1,1,1,1,0,0,1
2785,-1.92850720539315,0,0,0,0,0,0,0,0,0,0,0,0,1,0,0,0,0,0,0,1,0,0,0,1,0
2786,-0.390563644470976,0,1,1,1,0,1,0,0,0,0,1,1,1,0,0,0,0,0,0,1,1,1,1,0,0
2787,1.15727363769476,0,1,1,1,1,1,1,0,1,0,1,1,1,1,1,0,0,1,1,1,1,0,1,1,1
2788,-0.626547527692291,1,1,0,0,1,1,1,0,0,0,1,0,1,0,0,0,0,0,0,0,1,1,0,1,0
2789,1.3715599371572,1,1,1,1,1,1,1,1,0,1,1,0,1,1,0,1,0,1,1,1,1,1,0,1,1
2790,1.08782906506668,0,1,1,1,0,1,0,1,0,1,1,0,1,0,0,0,0,0,1,1,1,1,1,1,1
2791,1.24283366156469,0,1,1,1,0,1,1,1,0,1,1,1,1,1,0,1,0,1,1,1,1,1,1,1,1
2792,1.8180452941601,1,1,1,1,1,1,1,1,0,1,1,1,1,1,1,1,1,1,1,1,1,0,0,1,1
2793,-1.44745312248947,0,0,0,1,0,1,0,1,1,0,1,0,1,0,0,0,0,0,0,1,0,1,1,1,0
2794,0.391115188037494,0,0,1,0,0,1,0,0,1,0,1,1,1,0,0,0,0,0,1,1,1,1,1,1,1
2795,-1.21835868813028,0,1,1,1,0,0,0,0,1,0,0,0,1,0,0,0,0,0,1,1,0,1,0,0,1
2796,0.186561300036872,0,1,1,1,1,1,0,0,1,0,1,0,1,1,0,0,0,0,0,1,0,1,1,1,1
2797,1.0641718258455,0,1,1,1,1,1,1,1,1,0,1,1,1,0,1,1,0,0,1,1,0,1,1,1,1
2798,-1.08230208502933,0,0,0,0,0,1,0,0,0,0,1,0,1,0,0,0,0,0,1,0,0,0,1,0,0
2799,-0.652073427143429,0,1,0,1,0,1,0,0,0,0,1,0,1,0,0,0,0,0,0,0,1,1,0,0,0
2800,-1.44031514499759,0,0,0,0,0,1,0,1,0,0,0,0,0,0,0,0,0,0,1,0,1,1,0,0,0
2801,-0.197342105704039,0,1,1,1,0,0,0,0,1,1,1,1,1,0,0,0,0,0,0,1,1,1,1,1,1
2802,-0.266617440817051,0,1,0,1,0,1,0,0,1,0,1,0,1,0,1,0,0,0,1,1,0,1,0,1,0
2803,-0.390606280609827,0,1,0,1,0,1,0,1,1,0,1,1,1,0,0,0,0,0,0,0,1,1,1,0,0
2804,-0.933731055584498,0,1,0,1,0,1,0,1,0,0,1,0,1,0,0,0,0,0,0,1,0,1,1,0,1
2805,-0.149104433963375,0,1,0,0,0,1,0,0,1,0,1,0,1,0,0,0,0,0,1,0,0,1,0,1,1
2806,0.674118140637807,1,1,1,1,0,1,0,1,1,0,1,1,1,1,0,0,0,1,1,1,1,1,1,1,1
2807,0.81665126712172,1,1,0,1,0,1,1,0,1,1,1,1,1,0,1,0,0,0,1,1,1,0,1,1,1
2808,-0.874567340410312,0,1,0,1,0,1,1,0,1,0,1,1,1,0,0,0,0,0,1,1,0,1,0,0,0
2809,-0.87957584916656,0,1,0,1,0,1,0,0,0,0,1,0,1,0,0,0,0,0,1,1,1,1,0,1,0
2810,3.34687346173159,1,1,1,1,1,1,1,1,1,1,1,1,1,1,1,1,1,1,1,0,1,1,1,1,1
2811,2.08046096843279,1,1,1,1,1,1,0,1,0,1,1,1,0,1,1,1,0,1,1,1,1,1,1,1,0
2812,-0.144051439978893,0,1,0,0,0,0,1,0,0,0,1,1,0,0,0,0,0,0,1,1,1,1,1,1,1
2813,0.58515009952321,0,1,1,1,0,1,1,1,0,0,1,1,1,1,0,0,0,0,0,0,1,0,0,0,0
2814,0.832082098701117,0,1,1,1,0,0,0,1,1,0,1,1,0,0,0,0,0,0,0,1,1,1,1,1,1
2815,-0.905479096962313,0,1,1,0,0,1,0,0,1,0,0,0,1,0,0,0,0,0,0,1,0,0,0,1,1
2816,0.156712091854873,0,1,1,1,0,1,0,0,0,1,1,0,1,0,1,0,0,0,1,1,0,0,1,1,1
2817,-1.39025540242374,0,1,0,0,0,0,0,0,1,0,1,1,1,0,0,0,0,0,0,1,1,1,0,1,0
2818,0.385345271951735,1,1,0,1,0,0,0,0,1,1,1,1,1,0,0,0,0,0,0,1,0,0,1,1,1
2819,0.22170891732992,1,1,0,1,0,1,1,1,1,0,1,1,1,0,0,0,0,0,1,1,1,1,0,0,0
2820,0.610957463425278,1,1,1,1,0,0,1,0,1,1,0,0,1,0,1,0,0,0,1,1,1,1,1,1,1
2821,0.314851972983758,0,1,0,1,0,1,1,1,1,0,1,0,1,0,0,0,0,0,1,1,1,1,0,1,0
2822,-1.22354689271711,0,1,1,0,0,1,0,0,1,0,0,0,0,0,0,0,0,0,0,0,0,1,1,0,0
2823,1.19841223956763,1,1,1,1,1,0,1,1,1,0,0,1,1,0,0,0,0,0,1,1,1,1,0,1,0
2824,-1.19276587897865,1,0,1,0,0,0,0,0,0,0,0,0,0,0,0,0,0,0,1,0,1,0,0,0,0
2825,-1.60668977882099,0,1,1,0,0,0,0,0,0,0,1,0,1,0,0,0,0,0,1,1,1,1,0,0,0
2826,0.702323794107012,1,1,1,1,1,1,0,1,0,1,1,1,1,0,1,0,0,0,1,1,0,1,1,1,0
2827,1.27705892826099,1,1,1,1,0,1,1,0,0,0,0,1,1,1,1,0,0,0,1,1,1,1,1,1,1
2828,-0.378787689888557,0,1,0,1,0,1,0,0,0,0,1,0,1,0,0,0,0,0,1,1,1,1,0,0,0
2829,-0.914076672336828,0,1,0,1,0,1,0,0,0,0,1,1,1,0,0,0,0,0,0,0,0,0,0,0,0
2830,0.931439702677822,1,0,1,1,0,1,1,1,1,1,1,1,1,1,0,0,0,0,1,1,1,1,0,1,0
2831,1.16559561780997,1,1,1,1,1,1,0,0,1,1,1,1,1,1,1,0,0,1,0,1,1,1,0,1,1
2832,-0.503906373143299,0,1,1,1,0,1,0,0,0,1,1,0,1,0,1,0,0,0,0,1,1,1,0,0,1
2833,-0.57789983170811,0,1,0,0,0,1,0,0,0,0,0,0,0,0,0,0,0,0,0,1,0,0,1,0,1
2834,2.34649833911258,1,1,1,1,1,1,1,0,0,1,1,1,1,1,1,1,0,1,1,1,1,1,1,1,1
2835,-1.41886604789398,0,1,0,0,0,0,0,0,0,0,1,0,0,0,0,0,0,0,1,1,1,0,0,1,0
2836,2.51527956682054,1,1,1,1,1,0,1,0,1,1,1,1,1,1,1,0,1,1,1,1,1,1,1,1,1
2837,-0.307861746119998,0,1,0,1,0,1,1,0,1,0,1,1,1,0,0,0,0,0,1,0,1,0,0,1,1
2838,0.831681486580373,0,1,1,1,1,1,0,1,0,1,1,1,1,0,0,0,0,0,0,1,0,1,1,0,1
2839,-2.51969709286296,0,0,0,1,0,0,0,0,1,0,0,0,0,0,0,0,0,0,0,0,0,0,1,0,0
2840,1.86078988104796,1,0,1,1,1,1,1,1,1,0,1,1,1,0,1,1,1,0,1,1,1,1,1,1,1
2841,0.579277197172149,1,1,0,1,0,1,0,1,1,1,1,1,1,1,1,0,0,0,1,0,1,0,0,1,0
2842,0.821989798514605,0,1,1,1,1,1,1,0,1,0,1,1,1,1,0,0,0,1,0,1,1,1,1,1,0
2843,0.625739094976051,1,1,1,0,0,0,1,1,0,1,1,0,1,0,0,0,0,0,1,1,1,1,1,1,0
2844,1.9097359355141,1,1,1,1,0,1,1,1,0,1,1,1,1,1,1,0,1,1,1,1,1,0,1,1,1
2845,0.947915051354252,0,1,1,1,0,1,1,1,1,0,1,1,0,0,1,0,0,1,1,1,1,0,1,0,1
2846,0.784153740248767,0,1,1,1,0,0,0,1,0,1,1,1,1,1,0,1,0,0,1,1,0,0,1,0,0
2847,-0.682175159289085,1,1,1,0,0,1,0,1,1,1,1,1,1,0,0,0,0,0,1,0,1,1,0,0,1
2848,-0.687423719345695,0,1,1,1,0,1,0,0,1,0,0,0,1,0,0,0,0,0,1,1,0,1,0,0,0
2849,1.67528038541197,1,1,1,1,1,1,1,1,1,1,1,1,1,1,1,1,0,0,1,1,1,1,0,1,0
2850,-0.280655966349447,0,0,1,1,0,1,0,1,0,0,0,1,1,0,0,0,0,0,0,1,0,0,0,0,0
2851,-1.32020520317624,0,1,0,1,0,0,0,0,0,0,1,0,1,0,0,0,0,0,0,1,1,0,1,1,1
2852,-0.0175600941420879,0,1,0,1,0,0,0,0,1,0,1,0,1,0,0,0,0,0,0,1,1,1,1,0,0
2853,1.54436899968819,1,0,1,1,0,1,0,1,0,1,0,1,1,1,1,1,0,1,1,1,1,1,1,1,1
2854,0.198109063610832,0,0,1,1,0,1,0,0,0,1,1,0,1,0,1,0,0,0,1,1,0,1,0,1,1
2855,-0.285864745797713,0,1,1,1,0,1,0,0,0,0,1,1,1,1,0,0,0,0,1,1,0,1,1,0,1
2856,-2.27776272268995,0,1,1,0,0,0,0,0,0,0,0,0,1,0,0,0,0,0,0,1,0,0,0,0,0
2857,1.13617140697933,1,1,1,1,1,1,1,0,1,1,1,1,1,1,1,0,0,0,1,1,1,1,0,1,1
2858,0.533039667876346,0,1,0,1,0,1,0,0,1,0,1,0,1,0,1,0,1,1,1,1,1,1,1,1,1
2859,1.37188207374992,1,1,1,1,1,1,1,0,1,1,1,1,1,1,1,0,0,1,1,1,1,1,1,1,0
2860,0.600425881622336,0,1,1,1,1,1,0,0,1,0,1,1,1,0,0,0,0,0,1,1,1,0,0,1,1
2861,0.882000063536779,1,1,1,0,1,1,1,0,0,0,1,1,1,1,0,0,0,1,1,0,1,1,1,1,1
2862,-1.609785580246,0,0,1,1,0,0,0,0,0,0,1,0,1,0,0,0,0,0,1,0,0,0,0,0,1
2863,0.784150451579756,1,1,0,1,1,0,0,0,0,1,1,1,1,0,0,0,0,1,1,0,1,1,1,1,1
2864,0.435879807342145,0,0,1,1,0,1,1,0,1,1,1,1,1,0,0,0,0,1,1,1,0,1,1,1,1
2865,-3.43470906621489,0,0,0,0,0,0,0,0,1,0,1,0,0,0,0,0,0,0,0,0,0,0,0,1,0
2866,0.40134929850718,0,1,0,1,0,0,0,0,0,0,1,1,1,0,1,0,0,0,1,1,1,1,1,1,0
2867,0.254964097745998,1,1,0,1,0,1,0,1,0,1,1,0,1,0,1,0,0,0,1,0,0,0,0,1,1
2868,-1.41570358510152,1,1,1,0,0,1,0,0,0,0,1,0,1,0,0,0,0,0,1,0,1,0,1,1,0
2869,2.57821155659118,1,1,1,1,1,1,1,1,1,1,1,1,1,1,1,1,1,0,1,1,1,1,1,1,1
2870,0.162965346253695,0,1,1,1,1,1,0,0,1,0,0,1,1,0,0,0,0,0,1,1,1,1,1,1,1
2871,-0.123755443505527,0,1,0,1,0,1,0,1,0,0,0,0,1,0,1,0,0,0,0,1,1,1,1,1,1
2872,-1.92692739306811,0,1,0,0,0,0,1,0,0,0,1,0,0,0,0,0,0,0,1,0,0,0,0,0,0
2873,-0.673991849000737,0,1,1,1,0,1,0,0,1,0,1,0,1,0,0,0,0,0,1,0,1,0,1,1,1
2874,0.966999805065265,0,1,1,1,1,1,0,1,0,1,1,0,1,1,0,0,0,0,0,1,1,1,1,1,1
2875,2.31476233608566,1,1,0,1,1,1,1,1,1,0,1,1,1,1,1,1,1,0,0,1,1,1,1,1,0
2876,-0.439122965346892,0,1,0,1,1,0,1,0,0,0,1,1,1,0,0,0,0,0,1,1,0,1,1,0,1
2877,-0.690335454170549,0,1,0,0,0,0,0,0,1,0,1,0,1,0,0,0,0,0,0,0,1,1,1,1,1
2878,1.63641495507256,1,1,0,1,0,1,1,0,0,1,1,1,1,1,1,1,0,1,1,1,1,1,1,1,0
2879,-0.0397337661729271,1,0,1,1,1,1,1,0,1,1,1,1,1,0,0,0,0,0,1,1,1,0,1,1,0
2880,-0.815846201839572,0,1,0,0,0,1,1,0,1,0,0,0,1,0,0,0,0,0,0,1,0,1,0,1,1
2881,0.170453184747909,1,1,1,0,0,0,0,0,0,1,1,0,1,0,0,0,0,0,1,1,1,0,1,1,0
2882,1.41908680139447,1,1,0,1,0,0,1,1,1,1,1,1,1,0,1,0,0,0,1,1,1,1,1,0,0
2883,-0.826777503163201,0,0,1,0,0,0,0,0,1,0,1,0,0,0,0,0,0,0,0,1,0,0,1,1,0
2884,-1.17118674943638,0,0,1,0,0,0,1,1,0,0,1,0,0,0,0,0,0,0,0,1,0,1,1,0,1
2885,0.963484559864424,0,1,0,1,0,1,1,0,0,1,1,1,1,0,0,0,0,0,0,0,1,1,1,1,1
2886,-0.818888469998209,0,1,1,0,0,1,0,0,0,0,0,0,1,0,0,0,0,0,0,1,1,1,1,1,0
2887,-0.191700427912954,0,1,1,1,0,1,0,0,1,1,1,1,1,0,0,0,0,1,1,1,1,0,1,1,1
2888,-0.607921389493024,0,1,1,1,0,1,0,0,1,0,1,1,1,0,1,0,0,0,1,0,1,0,0,1,0
2889,-0.436322408594015,0,0,0,1,0,0,0,0,1,0,0,0,1,0,0,0,0,0,0,0,1,0,0,1,1
2890,0.109530520843397,0,1,0,0,0,1,0,0,1,0,1,0,1,0,1,0,0,0,0,1,0,0,0,1,1
2891,-0.519327509790923,0,1,1,0,0,1,0,0,0,0,0,1,1,0,0,0,0,0,1,0,1,1,1,0,1
2892,0.111979422858515,0,1,1,0,0,1,0,1,1,0,1,1,1,0,0,0,0,0,1,1,1,1,0,0,0
2893,-0.960092208970243,0,0,0,0,0,1,0,0,1,0,1,1,1,0,0,0,0,0,1,1,0,1,1,0,1
2894,0.202393449851013,1,1,0,1,1,0,1,0,1,0,1,0,1,1,0,0,0,0,1,0,1,1,1,1,1
2895,-0.787162648594218,0,1,0,1,0,1,0,0,1,0,1,0,0,0,0,0,0,0,1,0,1,0,0,0,0
2896,-1.05968876023647,0,1,0,1,0,0,0,0,1,0,1,0,1,0,0,0,0,0,1,1,1,1,1,1,0
2897,-0.735333162917284,0,0,0,0,0,1,0,0,0,0,1,1,1,0,0,0,0,0,0,1,0,1,1,1,1
2898,-0.37921323799359,0,1,1,1,0,1,0,0,0,0,1,0,0,0,1,0,0,0,1,0,1,0,0,1,0
2899,-0.38824946299985,0,1,0,1,0,1,0,1,0,0,1,0,1,0,0,0,0,0,1,1,0,1,0,1,1
2900,0.841907755439007,1,1,0,1,1,1,0,1,1,0,1,0,1,0,0,0,0,0,1,1,1,1,1,0,1
2901,0.834577255195545,1,1,0,1,0,1,1,1,1,1,1,1,1,1,1,0,0,1,0,1,1,1,1,1,1
2902,0.567001208752066,0,1,1,1,0,0,0,1,1,0,0,0,1,0,0,0,0,1,1,1,0,0,1,1,1
2903,0.296498967731488,0,1,1,1,0,1,0,1,0,0,1,1,1,0,0,0,0,0,0,1,1,1,1,1,1
2904,1.30949875573816,1,1,0,1,0,1,1,1,0,1,1,1,1,0,0,0,0,0,1,0,1,1,1,1,0
2905,-0.219598887287792,1,1,0,1,0,0,0,0,1,0,1,0,0,0,0,0,0,0,1,1,1,0,0,1,1
2906,-0.310262556908724,1,1,1,0,0,1,0,0,0,1,1,0,1,0,0,0,0,0,1,1,1,0,1,1,0
2907,-0.700984038423949,0,1,1,1,0,1,0,1,1,0,0,0,1,0,0,0,0,0,1,0,0,1,0,1,1
2908,0.31971149413956,0,1,1,0,1,1,1,0,1,0,1,1,1,1,0,0,0,0,1,1,0,1,1,1,1
2909,-0.945314867504736,0,0,0,1,0,1,0,0,1,0,1,1,0,0,0,0,0,0,1,1,1,1,0,1,1
2910,-1.35681260896543,0,1,1,1,0,0,1,0,0,0,1,0,1,0,0,0,0,0,1,0,0,1,0,0,1
2911,1.59243485486234,1,1,1,1,0,1,1,0,1,0,1,1,1,1,1,0,1,0,1,1,1,1,0,1,0
2912,-0.567420284548385,0,0,1,0,0,0,0,0,0,0,1,1,1,0,0,0,0,0,1,0,1,1,0,0,0
2913,0.787729373997723,1,1,1,1,0,1,0,1,1,1,1,1,1,0,0,0,0,1,1,0,0,1,0,1,1
2914,-0.594673115578428,0,0,0,0,0,1,0,0,0,0,0,0,1,0,0,0,0,0,0,1,0,1,0,0,1
2915,-0.477607705643337,0,1,1,1,0,0,0,0,0,1,0,0,1,0,0,0,0,0,1,1,0,1,0,1,1
2916,0.677943732878785,1,0,0,0,0,1,0,0,1,0,1,1,0,1,1,0,0,0,1,1,0,0,1,1,1
2917,0.383163404759041,1,1,1,1,0,1,1,0,0,0,1,1,1,0,0,0,0,0,1,1,1,1,1,1,1
2918,1.00493903372227,1,1,1,1,1,1,1,1,1,1,1,0,1,1,0,0,0,1,0,1,1,1,1,1,0
2919,0.71461854220737,1,0,0,0,0,1,0,1,0,0,1,1,1,1,1,0,0,0,1,1,1,1,1,1,1
2920,1.21261370565875,1,1,1,1,0,1,1,1,0,0,1,0,1,0,1,0,0,0,1,1,1,1,1,1,0
2921,-0.81172315609503,0,0,0,0,0,0,0,0,1,0,1,0,0,0,0,0,0,0,0,1,1,0,1,1,1
2922,-0.0291877072414671,1,1,1,1,0,0,1,0,1,0,1,0,1,0,0,0,0,1,0,1,0,1,0,1,1
2923,0.777013273572004,0,1,1,1,0,1,1,0,1,0,1,1,0,0,0,0,0,1,1,0,1,1,1,1,1
2924,-0.725217687548675,0,0,1,1,0,1,0,1,1,1,1,1,1,0,0,0,0,0,1,1,1,0,0,0,1
2925,-0.930499965691504,0,1,0,0,0,1,1,1,0,0,1,0,1,0,0,0,0,0,1,1,1,1,1,0,0
2926,0.324977842857077,0,1,1,1,1,1,0,0,0,1,1,0,0,0,0,0,0,0,1,1,1,0,1,0,1
2927,-1.54470850829625,0,0,1,1,0,1,0,0,1,0,1,1,0,0,0,0,0,0,1,1,1,0,1,0,0
2928,1.07958485106524,0,1,1,1,0,1,1,1,0,1,1,1,1,1,1,0,0,0,1,1,1,1,1,1,1
2929,0.0341081060713615,0,1,1,0,0,1,1,0,1,0,1,0,1,0,1,0,0,0,1,1,1,0,1,1,1
2930,-0.00565445283194822,1,1,1,1,0,0,0,0,0,0,0,1,1,0,1,0,0,0,1,1,1,1,1,1,0
2931,0.396421664537,1,1,1,0,0,1,1,1,1,0,1,0,1,0,0,0,0,1,1,1,1,1,1,1,1
2932,0.360481747813116,1,1,1,1,0,0,1,0,0,1,1,1,1,0,0,0,0,0,1,1,1,1,1,1,1
2933,-0.318267314783244,0,1,0,1,0,1,0,0,0,0,1,1,1,0,0,0,0,0,1,1,0,1,1,1,1
2934,0.0209411612381741,0,1,1,0,0,1,0,0,1,1,1,0,0,0,1,0,0,0,1,1,0,0,0,1,1
2935,0.926335555610381,1,1,0,1,1,1,1,0,1,0,1,1,1,1,0,0,0,0,1,0,1,1,1,1,0
2936,0.533036243440259,1,0,1,1,0,0,1,0,1,1,1,1,1,0,0,0,0,0,1,0,1,0,1,1,1
2937,0.054378162404566,0,0,0,1,0,1,0,1,0,0,1,1,1,0,1,0,0,0,1,1,1,0,0,1,0
2938,0.831888329948993,0,1,1,1,0,0,1,1,1,0,0,0,0,1,0,0,0,0,1,1,1,1,1,1,1
2939,-1.13575160336132,0,1,0,1,0,0,0,0,0,0,0,0,0,0,1,0,0,0,1,1,1,0,0,0,1
2940,-0.212791652836941,0,1,0,1,0,1,0,0,0,0,1,1,0,1,1,0,0,0,1,1,1,1,1,1,1
2941,-1.73124224532734,0,0,1,0,0,1,0,0,0,0,0,0,1,0,0,0,0,0,0,1,0,1,1,0,1
2942,-0.524536966850206,0,1,0,1,0,1,0,0,0,0,0,1,1,0,1,0,0,0,0,1,1,0,0,0,1
2943,0.186893592622578,1,1,1,1,0,0,0,0,0,1,1,0,1,0,1,0,0,0,1,1,1,1,1,1,1
2944,0.86088341686418,1,1,1,1,0,0,0,1,1,1,1,1,1,0,0,0,0,0,1,1,1,1,1,1,1
2945,0.118625886250665,0,1,0,1,0,1,0,1,0,0,1,1,1,0,0,0,0,0,1,1,1,1,0,0,0
2946,0.418918252376685,0,1,0,1,0,1,0,0,0,0,1,1,1,1,0,0,0,0,0,1,1,1,1,1,0
2947,1.42690448081438,0,1,0,1,1,1,1,0,0,1,1,1,1,0,0,0,0,1,1,1,1,1,1,1,1
2948,1.79539681667638,1,1,1,1,0,1,1,1,1,1,1,1,1,0,0,0,0,1,1,1,0,1,0,1,1
2949,0.456029099069989,0,1,1,1,0,1,0,0,1,1,1,0,1,0,0,0,0,0,1,1,1,0,1,1,1
2950,-0.539463935648838,0,0,1,1,0,0,0,0,1,0,1,0,1,0,1,0,0,0,0,0,0,1,1,0,1
2951,0.269338061380421,0,1,1,1,0,1,0,0,0,0,1,1,1,0,1,0,0,1,1,1,1,1,1,1,0
2952,-1.34377877223827,0,1,1,0,0,1,0,0,1,1,1,0,1,0,0,0,0,0,1,0,0,0,0,0,0
2953,-0.763094260124204,0,1,0,1,0,0,0,0,1,0,1,0,1,1,0,0,0,0,1,1,1,1,1,0,0
2954,0.707977986166181,1,1,1,1,0,1,1,0,0,0,0,1,1,0,0,0,0,0,1,1,1,1,0,1,0
2955,0.319158824747586,0,1,1,1,0,1,0,0,0,1,1,1,1,0,1,0,0,1,1,1,1,1,1,1,0
2956,0.0127689244798076,1,1,1,0,0,1,0,1,1,0,1,1,1,0,0,0,0,0,1,1,1,1,1,1,1
2957,0.98062879234821,1,1,0,1,1,0,1,0,1,0,1,0,1,1,1,0,0,1,1,1,1,1,0,1,1
2958,-0.261278855992806,0,1,0,1,0,0,1,0,1,0,0,0,1,0,0,0,0,0,1,1,1,1,1,0,0
2959,-0.459032722003861,0,1,1,1,0,1,0,0,0,0,1,0,1,0,0,0,0,0,1,0,1,1,0,0,1
2960,1.23190827811544,0,1,0,1,0,1,1,1,1,1,1,1,0,0,1,0,0,0,1,1,1,1,0,1,0
2961,-1.86398754380064,0,0,0,1,0,0,0,0,1,0,1,0,1,0,0,0,0,0,0,1,0,1,0,0,0
2962,-0.502759473946363,0,1,1,0,0,1,0,0,1,0,1,1,1,0,0,0,0,0,1,1,0,1,0,1,0
2963,2.20792524807479,1,1,0,1,0,1,1,0,1,1,1,1,1,1,0,0,0,1,1,1,0,1,1,1,1
2964,0.755865409207222,0,1,1,1,0,1,0,0,0,0,1,1,1,1,0,0,0,1,1,0,1,1,1,1,1
2965,-0.534495629184269,0,1,1,1,0,0,0,0,0,0,1,0,0,0,0,0,0,0,0,1,1,1,0,0,0
2966,-0.433836888444601,0,1,1,0,1,0,0,0,1,0,1,0,1,0,0,0,0,0,1,0,1,0,0,1,0
2967,-0.519136422194582,1,0,1,1,0,0,0,1,1,0,1,0,1,0,0,0,0,0,1,1,0,1,1,0,0
2968,-0.479333427416189,0,0,0,1,0,1,0,0,1,0,1,0,1,0,0,0,0,0,1,0,0,1,1,0,0
2969,0.882337107230624,1,1,1,1,0,1,0,0,0,1,1,1,1,1,0,0,0,0,1,1,1,1,1,0,1
2970,0.209680615183526,1,1,1,1,0,0,1,0,1,0,1,0,1,0,0,0,0,0,1,1,0,1,0,1,1
2971,0.633134829397817,0,0,0,1,0,1,1,0,1,0,1,0,1,1,0,0,0,1,1,1,1,1,1,1,0
2972,-0.512593276237078,1,0,0,1,0,1,0,1,1,0,0,0,1,0,0,0,0,0,1,1,1,1,0,0,1
2973,0.00793010609731009,0,1,0,1,0,0,1,0,0,0,1,1,0,1,0,0,0,1,1,1,0,0,1,1,0
2974,-0.701672391840935,0,0,0,1,0,1,0,0,0,1,1,1,1,0,1,0,0,0,0,0,1,1,0,1,1
2975,-1.53486012946466,0,1,1,0,0,1,0,0,0,0,1,0,1,0,0,0,0,0,0,1,0,0,0,0,0
2976,-0.448851859556997,0,1,0,1,0,1,0,0,0,0,1,0,1,0,0,0,0,0,1,1,0,1,1,1,1
2977,1.41655056561204,1,1,0,1,1,0,1,1,1,0,1,1,1,1,1,0,0,1,0,1,1,1,1,0,1
2978,-2.51289610897821,0,0,0,1,0,0,0,0,1,0,1,0,0,0,0,0,0,0,0,1,1,0,1,0,0
2979,-1.66523367954678,1,1,0,1,0,1,0,0,0,0,0,0,0,0,0,0,0,0,1,1,1,0,1,0,0
2980,1.02013891685587,0,1,0,1,0,1,1,0,1,1,1,1,0,1,1,0,0,0,1,1,1,1,0,1,1
2981,-1.37136698658258,0,1,0,0,0,1,0,1,1,0,1,0,0,0,0,0,0,0,0,1,0,0,0,1,0
2982,0.0178865979351912,0,1,0,1,0,1,0,0,1,0,1,0,1,0,0,0,0,0,1,1,1,1,1,0,0
2983,-0.652979503063759,0,1,1,1,0,1,0,0,1,0,1,0,1,0,0,0,0,0,1,1,0,1,1,1,0
2984,0.433291718674837,0,1,1,1,0,1,0,1,1,1,1,0,1,0,0,0,0,0,0,1,0,1,0,1,1
2985,-0.0674325878077653,0,0,1,1,0,1,1,0,0,0,1,0,0,0,1,0,0,0,1,1,1,1,1,0,1
2986,-0.278832766036122,1,1,0,1,0,1,0,0,1,0,1,1,1,0,0,0,0,0,0,1,0,1,1,1,1
2987,-1.81928285204471,0,1,0,0,0,1,0,0,1,0,0,0,1,0,0,0,0,0,1,0,0,1,1,0,0
2988,1.07778618279319,1,1,0,1,1,0,1,1,1,1,1,1,1,1,0,0,0,0,1,1,1,1,1,1,0
2989,0.644189775800528,0,1,0,1,0,0,0,0,0,0,1,0,1,0,0,0,0,0,1,1,1,1,1,1,0
2990,-0.047034323033626,1,1,0,1,0,0,0,0,1,1,1,1,0,1,0,0,0,0,1,1,1,0,0,0,1
2991,2.27832543431374,1,1,1,1,1,1,1,1,1,1,1,1,1,1,1,1,1,1,1,1,1,0,1,1,1
2992,0.0785724463334389,1,1,0,1,1,0,0,0,1,1,1,0,0,0,0,0,0,0,0,0,1,1,0,0,1
2993,-1.4203201548725,0,1,1,1,0,0,0,0,1,0,1,0,1,0,0,0,0,0,0,1,0,1,0,0,0
2994,-0.107610683543197,0,1,0,1,0,1,0,0,1,0,1,1,1,0,0,0,0,0,0,1,0,0,1,1,1
2995,-0.143948632963601,0,0,0,1,0,1,0,0,1,1,1,1,1,0,0,0,0,0,1,0,0,1,0,1,0
2996,-0.513065272430512,0,1,1,0,0,1,0,0,1,0,1,0,1,0,0,0,0,0,0,1,0,1,1,0,0
2997,-0.992420757965873,0,1,1,0,0,0,0,0,1,0,0,0,1,0,0,0,0,0,1,0,0,0,1,0,0
2998,-0.390606280609827,0,1,1,1,1,1,0,0,0,0,0,0,1,1,0,0,0,0,1,0,1,1,0,0,1
2999,-0.73214173630312,0,1,1,0,0,1,0,0,1,1,1,0,0,0,1,0,0,0,1,1,0,0,0,1,0
3000,-0.662032202371374,0,1,1,0,0,0,0,0,0,0,1,0,1,0,1,0,0,0,0,1,1,1,0,0,0
3001,-0.0425648059779804,1,1,1,1,0,0,0,0,1,0,1,1,1,0,0,0,0,0,1,1,1,1,0,1,1
3002,-1.11742983651908,0,1,0,0,0,1,0,0,0,0,0,1,1,0,0,0,0,0,0,1,0,1,0,1,1
3003,-0.318401174699102,0,0,1,1,0,1,0,0,1,0,1,1,1,0,0,0,0,0,1,1,1,1,1,1,0
3004,-0.0289081727193107,0,0,1,1,0,1,0,0,0,0,0,1,1,0,0,0,0,0,0,0,1,1,1,1,0
3005,0.967573910192021,0,1,0,1,0,1,0,1,1,1,0,1,1,1,0,0,0,0,1,0,1,1,1,1,0
3006,-0.0600954161786371,0,1,1,1,0,0,0,0,1,0,0,1,1,1,1,0,0,0,0,1,1,1,1,1,1
3007,0.202686729532717,0,1,1,1,0,1,1,0,1,0,0,1,1,1,1,0,0,0,1,1,1,1,1,1,1
3008,-0.971623321727224,0,1,0,0,0,0,0,0,1,0,0,0,1,0,0,0,0,0,0,1,0,1,0,1,1
3009,1.80793518531221,0,1,1,1,1,1,1,1,1,1,1,1,1,1,1,1,0,1,0,1,1,1,1,1,0
3010,-0.529952974886926,0,1,1,0,0,1,0,0,1,1,1,0,1,0,0,0,0,0,1,1,1,1,1,1,1
3011,-1.86726657108616,0,0,0,1,0,0,0,0,0,0,0,0,0,0,0,0,0,0,0,0,0,0,1,0,0
3012,0.667748868998054,1,1,1,0,0,1,1,0,1,1,1,1,1,1,0,0,0,0,1,1,1,1,1,1,1
3013,-1.25344769836802,0,0,0,0,0,1,0,0,0,0,0,1,1,0,0,0,0,0,1,0,1,0,0,1,1
3014,1.88353778768368,1,1,1,1,1,1,1,1,1,1,1,1,0,1,1,0,0,1,1,1,1,1,1,1,1
3015,-0.205411692577768,0,1,1,0,0,1,0,0,0,0,1,0,0,0,0,0,0,0,1,1,1,1,0,0,1
3016,-1.8223255300637,0,1,0,1,0,0,0,0,1,0,0,0,0,0,0,0,0,0,0,0,1,1,1,0,0
3017,-0.436596499671963,0,0,0,1,0,1,0,0,0,0,1,0,0,0,0,0,0,0,0,0,0,1,1,0,1
3018,1.05152856051044,1,1,1,1,0,1,1,1,1,1,1,1,1,1,1,0,1,0,0,1,1,1,0,1,0
3019,0.835158445124118,1,1,0,1,0,1,0,1,1,1,1,1,1,1,1,0,0,1,1,1,1,1,0,1,1
3020,-1.49296335274396,0,0,1,1,0,0,1,0,1,0,1,0,0,0,0,0,0,1,1,1,0,0,1,0,0
3021,1.02368367421317,1,0,0,1,0,1,1,1,1,1,1,1,1,1,1,0,0,0,1,1,0,1,1,1,0
3022,-0.61947815639969,0,0,0,1,0,1,0,0,1,0,1,1,0,0,0,0,0,0,0,1,0,0,0,1,1
3023,1.1559592115689,0,1,1,1,0,1,0,0,0,1,1,1,1,0,1,0,0,0,1,1,1,1,1,1,1
3024,-0.221080411323016,0,0,1,1,0,1,0,0,1,0,0,1,1,0,0,0,0,0,1,1,0,1,1,0,1
3025,1.12131055638533,0,1,0,1,0,1,1,0,1,1,1,1,1,1,1,0,0,0,1,1,1,1,1,0,1
3026,-0.895849462836107,1,0,0,1,0,0,0,1,0,0,1,0,1,0,0,0,0,0,1,1,1,1,1,1,1
3027,0.242538939595212,0,1,0,1,0,0,0,0,0,0,1,1,1,0,0,0,0,0,1,1,1,1,1,1,0
3028,1.63437368172539,1,1,0,1,0,1,1,0,1,1,1,1,1,1,1,1,0,0,1,0,1,1,0,1,1
3029,-1.48464577172989,0,1,0,1,0,1,0,0,0,0,0,0,0,0,0,0,0,0,1,0,1,0,1,0,0
3030,-0.906445117989757,0,0,1,1,0,1,0,0,1,0,0,0,1,0,0,0,0,0,1,0,1,0,0,0,0
3031,-0.0233377236830534,0,1,0,1,0,1,0,0,0,0,1,1,1,0,0,0,0,0,1,1,1,0,1,1,1
3032,-0.632391813199681,0,0,0,1,0,1,0,0,0,0,1,1,1,1,0,0,0,0,0,0,0,1,1,0,0
3033,1.92613377093242,1,1,1,0,1,0,1,1,1,0,1,1,1,1,1,0,1,0,1,1,1,0,1,1,1
3034,0.212506824159712,0,1,1,0,1,0,0,0,1,0,1,0,0,0,0,0,0,0,1,1,1,1,0,0,0
3035,-0.337439343275387,0,1,0,0,0,1,1,0,1,1,1,1,0,0,1,0,0,0,0,1,0,1,0,1,0
3036,-0.231204747949055,0,1,1,1,0,1,0,1,0,0,1,0,1,1,1,0,0,0,0,0,1,1,1,1,1
3037,1.30416550079759,0,1,0,1,1,1,0,1,1,1,1,1,1,1,0,0,0,0,1,1,1,1,1,1,1
3038,-0.902411677954684,0,1,1,1,0,0,0,0,1,0,1,1,1,0,0,0,0,0,0,0,0,1,1,1,1
3039,0.468503023220667,1,1,1,1,0,1,0,1,1,0,1,1,1,0,0,0,0,0,1,0,0,1,1,1,1
3040,-0.157363779711224,0,1,1,1,0,1,1,0,1,0,0,0,1,0,0,0,0,0,0,0,1,0,1,1,1
3041,-1.16480153914397,0,1,0,1,0,1,0,0,0,1,1,1,1,1,1,0,0,0,1,1,1,1,0,1,0
3042,-0.642322562356352,0,1,0,1,0,1,1,0,1,0,1,0,1,0,0,0,0,0,1,1,1,1,1,1,1
3043,-0.594673115578428,0,1,1,0,0,1,0,0,0,0,1,1,0,0,0,0,0,0,0,1,1,0,0,0,1
3044,1.3446784684461,1,1,1,1,1,1,1,1,1,0,1,1,1,0,1,0,0,1,1,0,1,0,1,1,1
3045,1.3197109533002,0,1,0,1,0,1,1,1,1,1,1,1,1,1,0,0,0,0,0,0,1,0,1,1,1
3046,0.44398588448903,1,0,0,1,1,1,0,0,1,1,0,1,1,0,1,0,0,0,1,1,0,1,0,1,1
3047,-0.387940769538824,1,1,0,1,1,1,0,0,0,0,0,0,1,0,1,0,0,0,1,1,0,0,1,1,1
3048,-0.360049987950453,0,1,1,1,0,1,0,0,1,0,1,0,1,0,0,0,0,0,0,1,1,1,1,1,0
3049,-0.444230897546789,0,1,0,0,0,1,0,0,0,0,1,1,1,0,0,0,0,0,1,0,1,1,1,0,1
3050,-1.40424325864043,0,1,0,0,0,0,0,0,0,0,0,0,1,0,0,0,0,0,0,0,0,0,1,0,1
3051,-1.08325664152556,0,0,0,0,0,1,0,0,1,0,0,0,1,0,0,0,0,0,1,0,0,0,1,0,1
3052,-0.550784885586122,0,1,0,1,0,0,0,0,1,0,1,0,0,0,0,0,0,0,0,1,1,1,1,0,1
3053,-0.308034498075304,1,1,1,1,0,1,0,1,1,0,1,1,1,0,0,0,0,0,0,0,0,1,0,0,1
3054,-0.277890076789065,0,1,0,1,0,1,0,1,0,0,1,0,0,0,1,0,0,0,1,0,1,1,1,0,0
3055,-1.150477366918,0,1,1,1,0,0,0,0,0,0,1,0,1,0,0,0,0,0,0,1,0,1,1,1,1
3056,-1.42741438165363,0,1,0,0,0,0,0,0,0,0,1,0,1,0,0,0,0,0,0,1,0,0,1,0,0
3057,-1.25353205557059,0,1,0,0,0,1,0,0,1,0,1,0,0,0,0,0,0,0,1,1,0,1,1,0,0
3058,0.413114810067635,0,1,0,1,0,1,0,0,0,0,1,1,1,0,1,0,0,0,1,1,1,0,0,1,0
3059,0.988789452599232,1,1,1,1,0,1,1,0,0,0,1,1,1,0,1,0,0,0,0,1,1,1,1,1,1
3060,-0.331902712918747,0,1,1,1,0,1,0,0,1,1,1,1,1,0,0,0,0,0,0,0,1,1,0,1,1
3061,-2.21074063053345,1,1,1,0,0,0,0,0,1,0,0,0,1,0,0,0,0,0,0,0,0,0,0,0,0
3062,0.0342678221100526,1,1,0,1,0,0,0,0,1,1,1,1,1,0,0,0,0,0,1,1,1,1,1,1,1
3063,-1.24053346708341,0,0,0,1,0,1,0,0,1,0,0,0,1,0,0,0,0,0,1,1,1,0,1,0,1
3064,-1.55223848118936,0,1,0,0,0,1,0,0,1,0,0,0,1,0,0,0,0,0,0,0,0,0,0,1,1
3065,0.681484430707522,0,1,1,1,1,0,1,1,0,0,1,1,1,0,0,0,0,0,0,1,1,1,1,1,1
3066,1.25835824261021,1,1,1,1,1,1,1,1,1,0,1,1,1,1,1,0,0,0,1,1,1,1,0,1,1
3067,-1.99704005861489,0,1,0,0,0,0,0,0,0,0,1,0,1,0,0,0,0,0,1,1,0,0,0,1,0
3068,0.0342701976506871,0,0,1,1,0,1,0,1,1,1,1,1,1,1,1,0,0,0,1,1,0,0,1,1,0
3069,1.55113008769135,0,0,0,1,1,1,0,0,0,1,1,1,1,1,1,0,0,0,0,1,1,0,1,1,1
3070,2.00344245591414,1,1,1,1,1,1,1,1,1,1,0,1,1,1,1,0,0,1,1,1,1,1,1,1,1
3071,-0.336756997329072,0,1,0,0,0,0,0,0,0,0,1,0,0,0,1,0,0,0,1,1,1,1,0,0,0
3072,-0.390414280313739,0,1,0,1,1,1,1,0,1,0,1,0,1,0,0,0,0,0,0,0,0,1,0,1,1
3073,-0.385886601341112,0,1,1,0,0,1,0,1,0,0,1,0,1,0,0,0,0,0,1,1,0,1,1,1,0
3074,0.622108683739576,1,1,1,1,0,1,1,0,1,1,1,1,1,0,1,0,0,0,0,1,0,1,1,1,1
3075,0.0306933026209635,0,1,0,0,0,1,1,0,1,0,1,0,1,0,0,0,0,0,1,1,0,1,1,1,1
3076,-0.627046247561325,0,1,0,0,0,1,1,1,1,0,1,0,1,0,0,0,0,0,0,1,1,1,0,0,0
3077,-0.878550260848376,1,1,1,0,0,1,1,0,0,0,1,0,1,0,0,0,0,0,1,1,0,0,0,0,0
3078,-0.109813089342508,1,1,1,1,0,1,0,1,0,0,1,0,1,0,1,0,0,0,1,0,0,0,1,1,0
3079,-0.114657398344046,1,0,1,1,0,1,0,0,0,0,0,1,1,0,0,0,0,0,0,1,1,1,1,0,1
3080,-1.86163032044538,0,0,0,0,0,1,0,0,1,0,0,1,1,0,0,0,0,0,0,1,1,1,0,1,1
3081,-1.24087206374845,0,1,1,0,0,1,0,0,1,0,1,0,1,0,0,0,0,0,0,1,0,1,0,1,0
3082,1.15166498325998,0,1,0,1,1,1,1,0,1,1,1,1,1,0,1,0,0,0,1,1,1,1,0,1,1
3083,-0.17293167137226,0,0,0,1,0,1,0,0,1,1,1,0,1,0,0,0,0,0,1,1,1,1,0,1,1
3084,0.118768689300789,0,1,0,0,0,1,1,0,1,0,1,1,1,0,0,0,0,0,1,0,1,0,1,1,1
3085,-0.745099373148442,0,1,0,1,0,1,0,0,0,0,0,0,1,0,0,0,0,0,0,0,1,0,1,1,0
3086,-1.06359692020477,0,0,0,0,0,0,0,0,0,0,0,0,1,0,0,0,0,0,1,1,1,0,1,0,0
3087,-0.120604339225463,0,0,0,1,0,0,0,0,1,0,1,0,1,0,0,0,0,0,0,1,1,1,1,1,1
3088,0.548851858250988,1,0,1,0,1,1,0,0,0,0,1,0,1,0,0,0,0,0,1,1,1,1,1,1,1
3089,0.479412542387662,0,1,1,1,0,1,0,0,1,0,1,1,1,0,1,0,0,0,0,1,1,1,1,1,1
3090,0.413505556624857,0,1,1,1,1,1,0,0,1,0,1,1,0,0,1,0,0,1,1,1,1,1,0,0,0
3091,-0.363345506859738,0,1,1,1,0,0,0,1,0,0,0,0,1,0,0,0,0,0,1,1,1,1,0,1,0
3092,1.35008542742943,1,1,1,1,1,1,0,1,1,0,1,1,1,0,0,0,0,1,1,1,1,1,1,1,1
3093,-0.22666139778914,0,1,1,1,0,1,0,0,1,0,0,1,1,0,0,0,0,0,1,1,1,1,0,0,1
3094,1.54495065934517,1,1,0,1,1,1,0,0,1,1,1,1,1,1,1,1,0,0,1,1,1,1,1,1,0
3095,-1.03083093663858,0,1,0,1,0,1,1,0,0,0,1,1,0,0,0,0,0,0,1,0,1,1,1,1,0
3096,0.139888511844184,0,0,0,0,0,1,0,0,1,0,1,0,1,0,1,0,1,0,0,0,1,1,1,0,0
3097,0.941863203824486,1,1,1,1,1,1,1,0,1,1,1,1,1,0,0,0,0,0,0,1,1,1,1,1,1
3098,0.560568081190692,1,1,1,1,1,1,0,0,1,0,1,1,1,0,0,0,0,0,1,1,1,1,1,1,1
3099,-0.809293722614314,0,0,0,1,0,0,0,0,0,0,1,0,1,0,0,0,0,0,1,0,1,1,0,1,0
3100,0.221328240370451,1,1,0,1,0,1,0,0,0,0,1,1,0,0,0,0,0,0,1,0,1,0,1,1,1
3101,0.842602131180983,1,0,1,1,0,0,1,1,0,0,1,1,1,0,1,0,0,0,1,1,0,1,1,1,1
3102,-0.705004246058693,0,1,0,1,0,0,0,1,1,0,1,0,0,0,0,0,0,0,1,0,1,1,1,1,0
3103,1.61861983982728,1,1,1,1,0,1,1,0,0,1,1,1,1,0,1,0,0,1,1,0,1,1,0,1,1
3104,0.0033048516732514,0,1,0,1,0,0,0,0,0,0,1,0,1,0,1,0,0,0,0,0,1,1,1,0,0
3105,0.498373208872671,1,1,0,1,0,1,0,0,0,0,1,1,1,0,1,0,0,0,0,0,1,1,1,1,1
3106,1.32001617200688,1,0,1,1,1,1,1,1,1,1,1,1,1,0,0,1,0,0,1,1,1,1,1,1,1
3107,1.26887711109406,1,1,1,1,0,1,1,0,0,1,1,1,1,1,0,0,0,1,0,1,1,1,1,1,1
3108,-0.491754482139439,0,0,1,1,0,0,0,0,1,0,1,0,1,0,1,0,0,0,0,1,1,0,1,1,1
3109,-1.73251990482043,0,1,0,0,0,1,0,0,1,0,1,0,1,0,0,0,0,0,1,1,0,1,1,0,1
3110,-0.485126524922443,0,1,1,1,0,1,0,1,0,1,1,0,1,0,0,0,0,0,0,1,1,0,0,0,0
3111,-2.02265479149433,0,1,0,0,0,0,0,0,0,0,0,0,1,0,0,0,0,0,0,1,0,0,0,0,1
3112,-0.337330049593811,0,1,1,1,0,1,0,0,1,0,1,1,1,0,1,0,0,0,1,1,0,0,0,1,1
3113,-0.286416330897065,1,1,1,1,0,0,1,1,0,1,1,0,1,0,0,0,0,0,1,1,1,1,1,0,1
3114,1.53149204123589,1,1,0,1,0,1,1,1,1,1,1,1,0,1,1,0,0,0,1,1,1,1,0,1,1
3115,1.6632738379622,1,1,1,0,1,1,1,0,1,0,1,0,1,0,0,0,0,1,0,1,1,1,1,1,1
3116,-0.724413366642175,0,0,0,1,0,0,0,0,1,1,1,0,0,0,0,0,0,0,1,0,1,1,1,1,0
3117,0.469465256744802,0,1,1,1,0,1,0,0,1,1,1,0,1,1,0,0,0,0,0,1,1,1,0,1,1
3118,-0.461844052181193,0,0,1,1,0,0,1,0,1,0,1,0,1,0,0,0,0,0,0,1,1,1,1,1,1
3119,-0.172374371701468,0,0,1,1,0,1,0,0,0,0,0,1,1,0,0,0,0,0,1,1,0,1,1,1,0
3120,0.491923191920657,1,1,1,1,0,1,1,0,0,1,1,1,1,0,1,0,0,0,1,1,1,0,0,1,1
3121,-0.293703906851957,0,1,0,1,0,1,0,0,0,0,0,1,1,0,0,0,0,0,1,1,1,1,1,1,1
3122,0.17902414927197,0,1,0,1,0,1,0,1,1,0,1,1,1,0,0,0,0,0,1,1,0,0,0,1,1
3123,0.184230302035732,0,1,0,1,0,1,0,0,1,0,0,1,0,0,0,0,0,0,1,1,1,1,1,1,1
3124,-0.117545886171008,0,1,1,1,0,1,1,0,0,0,1,0,1,0,0,0,0,0,1,1,0,1,1,1,1
3125,1.28198045842058,0,1,1,1,1,0,1,0,0,1,1,1,1,1,1,0,0,0,1,1,1,1,1,1,1
3126,-0.0864181661360714,0,1,1,0,0,0,0,0,1,0,1,0,1,1,1,0,0,0,1,0,0,0,0,1,1
3127,-1.1614175860595,0,1,1,0,0,1,0,0,1,0,1,0,0,0,0,0,0,0,1,1,1,1,0,1,0
3128,0.841094176768848,0,1,1,1,0,1,0,0,1,0,1,1,1,1,0,0,0,0,1,1,0,1,1,1,1
3129,0.744008138809735,1,1,1,0,0,1,0,0,1,0,1,1,1,1,0,0,0,1,1,1,1,1,1,0,0
3130,1.79296245658833,1,1,1,1,1,1,1,1,1,1,1,1,1,1,1,0,0,1,1,1,1,1,1,1,1
3131,1.2832117694566,0,1,1,1,1,1,0,0,1,1,1,1,1,1,0,0,0,0,1,1,1,0,1,1,1
3132,0.170502706835876,1,1,1,1,0,1,0,0,1,0,0,0,1,0,1,0,0,0,1,1,1,1,1,0,1
3133,-0.958416525855719,0,1,0,1,0,0,1,1,0,0,1,0,0,0,0,0,0,0,0,1,1,0,1,1,0
3134,-1.39150314310713,0,0,0,0,0,1,0,0,0,0,0,1,0,0,0,0,0,0,1,1,0,1,1,0,0
3135,-0.654936664393651,0,0,0,1,0,0,0,0,1,0,1,0,0,0,0,0,0,0,0,1,0,0,0,1,0
3136,-1.49356699622462,0,1,1,1,0,1,0,0,0,0,0,0,0,0,0,0,0,0,1,1,0,0,1,0,0
3137,0.391227578366192,0,1,0,1,1,1,0,0,0,1,1,0,1,0,1,0,0,0,1,0,1,1,0,1,0
3138,0.488578363683387,1,0,1,1,0,0,0,0,1,1,1,1,1,0,1,0,0,0,1,0,1,1,1,1,1
3139,-1.37757284451589,0,0,1,0,0,1,0,1,0,1,0,0,1,0,0,0,0,0,0,1,1,1,0,1,1
3140,1.76834866324555,0,1,1,1,1,1,1,0,1,1,1,1,1,0,1,1,0,1,1,1,1,1,1,1,0
3141,1.14336702853258,0,1,0,1,0,1,1,0,1,1,1,1,1,0,1,0,0,0,0,1,1,1,0,1,1
3142,0.353701090980157,0,1,0,1,0,1,0,1,0,0,1,0,1,0,0,0,0,0,1,0,1,1,1,1,1
3143,1.34971473894415,1,1,1,1,0,1,0,1,1,1,1,1,1,0,1,0,0,0,0,1,1,0,1,1,0
3144,1.07951227343324,0,1,1,1,1,1,1,0,0,1,1,1,1,0,1,0,0,0,1,1,1,1,0,1,1
3145,0.346561011630683,0,1,1,1,0,1,1,0,0,1,1,0,1,1,1,0,0,0,1,1,0,1,0,0,1
3146,-1.00877628439933,1,1,0,1,0,1,0,0,1,0,0,0,1,0,0,0,0,0,1,1,1,1,1,1,1
3147,-0.0627018957227133,0,1,1,1,0,0,0,0,1,0,1,1,1,1,1,0,0,0,1,1,1,1,0,1,0
3148,1.07254171148916,1,1,0,1,0,1,1,1,1,1,1,1,1,1,0,0,0,0,1,0,1,1,1,1,0
3149,1.10185514892603,0,1,1,1,1,0,0,0,1,0,1,1,1,1,1,0,0,0,1,0,1,0,1,1,1
3150,0.1812336798621,1,1,1,1,0,1,1,0,1,0,1,0,1,0,1,0,0,0,0,1,1,1,1,0,1
3151,-0.776713216514343,0,0,0,1,0,1,0,0,1,0,1,1,1,0,1,0,0,0,0,1,1,1,0,1,1
3152,-0.39060990578637,0,0,1,0,0,0,0,0,0,0,0,0,1,0,0,0,0,0,1,0,1,0,1,0,1
3153,0.047529139587701,0,1,1,1,1,1,0,0,0,0,1,1,1,0,1,0,0,0,1,1,0,0,1,1,1
3154,-0.886234233003696,0,0,0,0,1,0,1,0,1,0,1,0,1,0,1,0,0,0,1,1,0,1,0,0,1
3155,-1.24758083967202,0,1,0,1,0,1,0,0,1,1,1,0,1,0,0,0,0,0,1,0,0,0,0,0,0
3156,0.675211206306002,1,1,1,1,1,0,1,0,0,0,1,1,0,0,0,0,0,0,1,1,1,1,1,1,1
3157,-1.05903654311835,0,0,0,1,0,1,0,0,1,0,0,0,1,0,0,0,0,0,0,0,0,1,1,0,0
3158,0.261527480399832,1,1,0,1,0,1,0,0,1,0,1,1,1,0,0,0,0,0,1,1,1,1,0,1,1
3159,0.626840285571864,0,1,1,1,1,0,0,0,0,1,1,1,1,0,0,0,0,0,1,1,1,1,1,1,1
3160,-1.21423103380062,0,1,1,0,0,1,0,0,1,0,0,0,0,0,0,0,0,0,1,1,1,1,1,0,0
3161,0.0608596158367832,0,1,1,1,0,0,0,1,1,0,1,0,1,1,1,0,0,0,0,1,1,1,1,0,1
3162,-0.573080975105781,0,1,1,0,0,1,1,0,1,0,0,1,1,1,0,0,0,0,1,1,0,1,1,1,0
3163,-0.414139103882024,0,1,1,1,0,1,0,0,0,0,0,1,1,1,0,0,0,0,1,0,1,1,0,0,0
3164,0.411438443957221,0,1,1,1,0,1,1,0,1,0,1,1,1,0,0,0,0,0,0,1,1,1,1,0,0
3165,-1.85954721389274,0,0,0,0,0,0,0,0,0,0,1,0,1,0,0,0,0,0,0,0,0,1,1,0,1
3166,0.90353932645696,1,1,1,1,1,1,0,0,1,0,1,0,1,1,0,0,0,1,1,0,1,1,1,1,1
3167,0.52991233349894,1,1,1,1,0,1,0,0,1,0,1,1,1,0,0,0,0,0,0,0,1,1,1,1,1
3168,1.08653176575178,0,1,1,1,1,1,1,1,1,1,1,1,1,1,1,0,0,0,0,1,1,0,1,1,1
3169,0.0833572708633731,0,1,1,1,0,0,0,0,1,0,1,1,1,0,1,0,0,0,1,1,0,1,0,1,0
3170,0.0468264920375641,0,1,0,1,0,1,1,0,1,0,1,1,1,0,0,0,0,0,1,1,0,1,1,1,0
3171,0.123426492271173,0,1,1,1,0,1,1,1,0,0,1,1,0,0,0,0,0,0,1,0,1,1,0,1,1
3172,-0.305638062540793,0,0,1,1,0,0,1,0,0,0,1,0,1,0,0,0,0,0,1,1,1,1,1,0,0
3173,0.207186976370837,0,1,1,1,0,1,0,0,1,1,1,1,1,0,0,0,0,0,1,1,0,1,0,1,1
3174,-0.405736212489656,0,1,1,1,0,1,0,0,0,1,1,0,1,0,1,0,0,0,0,1,0,0,1,0,1
3175,-0.967649581794215,0,0,0,1,0,1,0,1,0,0,0,0,0,0,0,0,0,0,0,1,1,1,1,0,0
3176,-1.48550991515382,0,0,1,1,0,1,0,0,1,0,1,0,1,0,0,0,0,0,0,1,0,1,0,1,0
3177,-0.362841268643301,0,1,0,1,0,1,0,1,0,1,1,0,1,0,0,0,0,0,1,1,1,0,0,0,1
3178,0.322260013934297,1,1,0,0,1,0,0,0,1,0,1,1,1,0,0,0,0,0,1,1,1,1,0,1,1
3179,-0.607532886407707,0,0,0,0,0,1,1,0,0,0,0,1,1,0,0,0,0,0,1,1,0,0,0,0,1
3180,-0.200341539074365,0,0,1,1,0,0,0,1,1,1,1,1,1,0,0,0,0,0,1,0,1,1,1,1,1
3181,0.399394553471587,1,1,0,1,0,1,0,1,1,1,1,1,1,0,0,0,0,1,1,1,1,1,1,0,0
3182,0.625395310864646,0,1,1,1,0,1,1,0,0,1,1,1,1,0,0,0,0,0,1,1,1,1,1,0,1
3183,-1.13985298937497,0,0,0,1,0,1,0,0,0,0,0,1,1,0,0,0,0,0,0,1,1,0,1,0,0
3184,1.53696668859498,1,0,1,1,1,1,1,0,0,1,1,1,1,0,1,0,0,1,1,1,1,1,1,1,1
3185,0.318617836845468,1,0,1,1,0,1,1,0,1,1,1,1,1,0,0,0,0,0,1,0,1,1,1,0,1
3186,1.01023167906903,1,1,1,1,0,0,1,1,1,1,1,1,0,1,1,0,0,0,1,0,0,1,1,0,1
3187,0.611160832418149,1,1,1,1,1,1,0,0,1,0,1,1,1,0,1,0,0,0,0,1,1,1,1,0,0
3188,1.29809902672061,0,1,0,1,1,1,0,0,1,1,1,1,1,1,1,0,1,0,1,0,1,1,1,1,1
3189,0.0293118339454663,0,0,1,0,0,1,0,1,0,0,1,0,1,0,0,0,0,0,1,1,1,1,1,0,1
3190,0.471869151981975,1,1,1,1,0,1,1,1,1,1,1,1,1,0,0,0,0,0,1,1,1,0,1,1,1
3191,2.03618994502321,1,1,1,0,1,1,1,1,1,1,1,1,1,1,1,1,0,1,0,1,1,0,1,1,1
3192,-0.0659663505702719,0,1,1,0,0,0,0,1,1,0,0,1,1,0,1,0,0,0,1,1,1,1,1,0,1
3193,-3.36808512460205,0,0,1,0,0,0,0,0,0,0,0,0,0,0,0,0,0,0,1,1,0,1,0,0,0
3194,0.720005548548723,0,1,0,1,1,1,0,0,1,0,1,1,1,1,1,1,0,0,1,0,1,1,0,0,1
3195,-0.772122752184243,0,0,0,1,0,1,1,0,0,0,1,0,1,0,0,0,0,0,1,1,1,0,1,0,0
3196,0.963929122804286,1,1,1,1,0,1,1,0,1,1,1,0,1,1,0,0,0,0,1,1,1,1,0,1,1
3197,-0.250102579774517,1,0,0,0,0,1,1,0,1,0,1,0,0,0,0,0,0,0,1,0,1,1,1,1,1
3198,-0.642097388561323,0,1,0,0,0,1,0,0,1,0,1,1,1,0,1,0,0,0,1,0,0,1,0,0,0
3199,0.717083178617403,1,1,1,1,0,1,0,1,1,0,1,1,1,0,0,0,0,0,1,1,1,1,0,1,0
3200,0.324805299829827,0,1,0,0,0,0,0,0,1,1,1,1,1,0,0,0,0,0,1,1,1,1,0,0,1
3201,-0.318229339488915,0,1,0,1,0,1,0,0,0,0,1,0,1,0,1,0,0,0,0,1,0,1,1,1,1
3202,0.765755327173692,1,1,1,0,0,0,0,0,0,1,1,1,1,1,1,0,0,0,1,1,1,1,1,0,1
3203,-0.0291927787859091,0,1,0,1,0,0,1,0,1,1,1,0,0,0,0,0,0,0,1,1,1,1,0,1,0
3204,0.49233389458981,0,0,1,1,0,1,0,0,1,0,1,0,1,0,1,0,0,0,0,1,0,0,1,1,1
3205,0.0890099716881653,0,1,1,1,0,1,0,1,0,0,1,1,1,0,0,0,0,0,0,1,1,1,1,0,0
3206,-0.753036083883726,0,0,1,1,0,1,0,0,0,0,1,0,1,0,0,0,0,0,0,1,1,0,1,0,0
3207,-0.992743844072156,0,1,1,1,0,1,0,0,0,0,1,0,0,0,0,0,0,0,1,0,1,1,0,0,1
3208,-2.3395121478927,0,1,1,0,1,0,0,0,1,0,1,0,1,0,0,0,0,0,0,1,0,0,0,0,0
3209,-0.684255923089389,0,1,0,1,0,1,0,0,0,0,1,0,1,0,0,0,0,0,1,1,1,1,1,0,0
3210,0.871105145090057,0,1,1,1,0,1,1,1,1,1,1,1,1,0,0,0,0,0,1,1,1,1,1,0,1
3211,-0.214910369674184,0,1,1,1,0,0,0,0,0,0,1,0,1,0,1,0,0,0,1,1,1,1,1,1,1
3212,-0.139642843271241,0,1,1,1,0,0,0,0,1,0,0,1,1,1,0,0,0,0,1,1,0,1,1,1,1
3213,-0.304883633019896,0,1,1,1,0,1,0,0,1,0,1,0,1,0,0,0,0,0,1,0,0,1,1,0,0
3214,0.967003650325502,0,1,1,1,0,1,1,0,1,1,1,0,1,1,1,0,0,0,1,0,1,1,0,1,1
3215,1.49937369543574,1,1,0,1,0,0,1,0,0,1,1,1,1,1,1,0,0,1,1,1,1,1,1,1,1
3216,0.395874857266444,0,0,0,1,1,1,0,0,1,0,0,1,1,0,1,0,0,0,1,1,1,1,1,1,1
3217,0.94524384998163,0,1,1,1,0,0,1,1,1,0,1,1,1,1,1,1,0,1,0,1,1,1,0,1,1
3218,0.0818940467456338,1,1,1,1,1,1,0,0,0,0,1,1,1,1,0,0,0,1,0,1,1,1,1,1,1
3219,0.831469834961726,0,1,0,1,0,1,1,1,1,0,1,1,1,1,0,0,0,0,1,1,1,0,1,1,1
3220,-0.570423691606545,0,1,1,0,0,1,0,0,1,0,1,0,0,1,0,0,0,0,1,0,0,0,1,1,0
3221,-1.13892549285488,0,0,1,1,0,0,0,0,0,1,1,0,0,0,0,0,0,0,0,0,1,1,0,0,0
3222,0.18455805560132,1,1,1,1,0,1,1,1,0,0,1,0,1,0,0,0,0,0,1,1,1,1,1,1,1
3223,1.23686735053135,1,1,1,1,0,1,1,1,1,1,1,1,1,1,1,0,0,1,1,1,1,1,0,1,1
3224,0.354427901094282,0,1,0,1,0,1,1,0,0,0,1,1,1,0,0,0,0,0,0,1,1,0,1,1,1
3225,-0.714023341919953,1,1,0,1,0,0,1,0,1,0,0,1,1,0,0,0,0,0,0,1,1,1,0,0,1
3226,-1.14016216811874,0,1,0,1,0,1,0,0,1,0,0,0,0,0,0,0,0,0,0,0,0,0,0,0,1
3227,-0.0210084046801528,1,1,0,1,0,0,0,0,1,0,1,1,1,0,0,0,0,0,1,0,0,1,1,1,0
3228,0.469288806854849,1,1,1,1,0,1,0,0,0,1,1,1,1,0,0,0,0,0,1,0,1,0,1,1,1
3229,1.39535670437356,0,1,1,1,1,1,1,0,1,1,1,0,1,1,0,0,1,1,1,1,1,1,1,1,1
3230,0.0236983461285305,0,1,1,1,1,0,0,0,0,0,1,1,1,0,0,0,0,0,1,1,1,0,1,1,1
3231,0.906267561879826,1,1,1,1,0,0,1,1,1,1,1,1,1,0,1,0,0,0,0,1,1,1,1,1,1
3232,0.0449389713398177,0,1,1,1,0,1,0,0,1,0,1,0,0,0,1,0,0,0,1,0,1,1,1,0,1
3233,1.51480032270612,1,1,1,1,1,1,0,1,0,1,1,1,1,1,1,0,0,0,1,1,1,0,1,1,1
3234,0.975916975657116,0,0,0,1,0,1,1,0,1,1,1,1,1,0,1,0,0,0,1,0,1,1,1,1,1
3235,-0.669913230132222,0,1,1,1,0,0,0,0,1,0,1,1,1,0,1,0,0,0,1,0,1,0,1,0,0
3236,-0.184192147348465,0,1,1,1,0,0,0,1,0,0,0,0,1,0,0,0,0,0,1,1,1,1,0,0,1
3237,0.167610991412435,0,1,1,1,0,1,1,0,1,1,1,1,1,0,0,0,0,0,1,0,0,0,1,0,1
3238,-0.909859197174845,0,1,0,0,0,1,1,0,1,0,0,1,0,0,0,0,0,0,0,0,1,0,1,0,0
3239,0.607398602350786,1,1,1,1,0,1,0,0,1,1,1,0,1,0,0,0,0,0,1,1,0,1,0,1,1
3240,1.45936735496704,1,0,1,1,0,0,1,0,0,1,1,1,1,1,0,0,0,0,1,1,1,1,0,1,1
3241,-1.10622384798273,0,1,1,0,0,0,0,0,1,0,1,0,0,0,0,0,0,0,1,1,0,0,0,0,0
3242,-0.285430991309272,0,1,1,1,1,1,0,0,1,0,1,0,1,0,1,0,0,0,1,0,1,1,0,0,1
3243,-0.840990809564682,0,0,1,0,0,0,0,0,1,0,1,0,1,0,0,0,0,0,0,1,1,1,1,0,1
3244,-0.9804594762529,1,1,1,1,0,1,0,0,1,0,1,1,0,0,0,0,0,0,0,1,0,0,0,0,0
3245,0.909272575233653,1,1,1,1,0,1,0,0,0,0,0,0,1,0,0,0,0,1,1,0,0,1,0,1,1
3246,-0.324162787914628,0,1,0,1,0,1,0,0,1,1,1,1,1,0,0,0,0,1,1,0,1,0,0,1,1
3247,0.626498320488609,0,1,1,1,0,1,0,0,0,1,1,1,1,0,1,0,0,0,1,1,1,1,1,1,1
3248,-0.723768988066429,0,1,1,1,0,0,0,0,0,0,1,0,0,1,0,0,0,0,0,0,0,0,1,0,0
3249,0.797644282904505,1,1,0,1,0,1,0,1,1,0,1,0,1,1,0,0,0,1,1,1,1,1,1,1,0
3250,-0.652786901963708,0,0,1,1,0,1,0,0,1,0,1,0,1,0,0,0,0,0,0,1,1,0,0,1,0
3251,-2.73860966481814,0,0,1,0,0,0,0,0,0,0,1,0,0,0,0,0,0,0,1,0,0,0,1,1,0
3252,-1.21209739825563,0,1,1,0,0,0,0,0,0,0,1,1,0,0,0,0,0,0,0,1,0,1,0,1,1
3253,-0.237773792064972,1,0,0,1,0,1,0,1,1,1,0,0,1,0,1,0,0,0,0,0,0,0,1,1,1
3254,-1.09998614511221,0,1,0,1,0,0,0,0,1,0,1,0,1,0,0,0,0,0,1,1,1,0,1,0,0
3255,0.471432636560179,1,1,1,1,0,1,0,0,1,0,1,1,1,0,0,0,0,0,1,1,1,1,1,1,1
3256,-0.135473047051836,0,1,0,0,0,0,1,0,0,1,1,1,0,0,1,0,0,0,1,1,0,0,1,1,0
3257,0.975736413708638,0,1,1,1,0,1,0,0,1,1,1,1,0,0,0,0,0,1,1,1,1,1,1,0,1
3258,-0.0548529090319643,0,1,0,1,0,0,0,0,0,1,0,1,1,0,0,0,0,0,0,1,1,0,1,1,0
3259,2.87415535177132,1,1,1,1,1,1,1,1,0,1,1,1,0,0,1,1,1,1,1,1,1,1,1,1,1
3260,1.50036096145449,1,1,0,1,0,0,0,1,0,1,1,1,1,1,1,0,0,0,1,0,1,1,1,1,1
3261,0.125601056912278,0,1,0,1,0,0,0,1,0,0,1,0,1,0,0,0,0,0,0,1,1,1,0,1,1
3262,-0.769471037601588,0,1,0,1,0,1,0,0,0,0,1,0,1,0,0,0,0,0,0,0,0,1,0,1,1
3263,-1.60920468769644,0,0,1,1,0,1,0,0,0,0,1,1,1,0,0,0,0,0,1,0,1,1,0,0,1
3264,0.00984204965916702,0,1,1,1,0,0,1,0,1,1,1,0,0,0,0,0,0,0,1,1,1,1,1,0,1
3265,-0.521492702789554,0,1,0,1,0,1,0,0,1,0,1,0,1,0,0,0,0,0,1,0,0,1,0,1,1
3266,-0.403269577040516,0,1,0,1,0,0,0,0,1,0,1,0,1,0,0,0,0,0,0,1,0,1,1,0,1
3267,-0.255185071422075,0,1,0,1,0,1,0,0,1,0,1,1,1,0,0,0,0,0,1,0,1,0,1,0,1
3268,0.302290837035342,0,1,0,1,0,1,1,0,1,0,1,1,1,0,1,0,0,0,1,1,1,1,1,1,1
3269,2.46444698425018,1,1,1,1,1,1,1,1,1,1,1,1,1,0,1,1,1,0,0,1,1,1,1,0,1
3270,0.204613457489646,1,1,0,1,0,0,1,0,1,0,1,1,1,1,0,0,0,0,1,0,0,0,0,0,0
3271,1.46904469916069,1,1,0,1,0,1,0,0,1,1,1,1,1,0,0,0,1,0,1,1,1,1,1,1,1
3272,-0.0155505805090543,0,1,1,0,0,0,0,1,1,0,1,1,1,0,0,0,0,0,0,1,1,1,1,0,0
3273,1.17134641443097,0,1,0,0,0,1,1,0,1,0,1,1,1,1,0,0,0,1,1,1,1,0,1,1,1
3274,-0.635192755401748,0,0,0,1,0,1,0,1,1,1,1,1,1,0,0,0,0,0,1,1,1,0,0,0,1
3275,0.135394992133131,1,1,1,1,0,1,1,0,1,1,1,0,1,0,0,0,0,0,1,1,1,0,1,1,1
3276,0.766491449869292,1,1,1,1,0,1,0,1,0,0,1,0,1,1,0,0,0,0,0,1,1,1,1,1,0
3277,-1.18158658622717,0,0,0,0,0,1,1,1,1,0,0,0,0,0,0,0,0,0,1,0,0,0,0,1,1
3278,1.89734962255445,1,1,1,1,0,1,1,1,1,0,1,1,1,0,1,0,0,1,1,1,1,1,1,1,1
3279,1.00022658122613,1,1,1,1,0,0,0,1,0,0,0,1,1,0,1,0,0,1,1,1,1,1,0,1,1
3280,0.205025828908505,0,1,0,1,0,1,1,0,1,0,1,0,1,1,1,0,0,0,1,1,1,0,1,0,1
3281,-2.46187356319607,0,1,0,0,0,1,0,0,0,0,0,0,0,0,0,0,0,0,1,0,0,1,1,0,0
3282,0.51608051568397,0,0,0,1,1,1,1,0,1,1,1,1,1,1,1,0,0,0,1,1,1,1,1,0,0
3283,0.410568721454733,0,1,1,1,0,1,0,1,0,0,1,1,1,1,0,0,0,0,1,1,1,1,1,0,1
3284,1.36188206356392,0,1,1,1,1,1,1,1,1,0,1,1,1,1,1,0,0,0,1,1,1,1,1,0,0
3285,-0.863890655773372,0,1,0,0,0,1,1,0,0,0,1,0,0,0,0,0,0,0,1,1,1,1,0,1,1
3286,-0.274589359313826,0,0,1,1,0,1,0,0,1,0,1,1,1,0,0,0,0,0,1,1,0,0,0,0,1
3287,-1.72234211814272,0,1,1,1,0,1,0,0,1,0,0,0,0,0,0,0,0,0,0,0,0,0,1,0,1
3288,0.744574076128497,1,1,1,1,1,1,0,0,1,0,1,1,0,1,0,0,0,0,1,1,1,0,1,1,0
3289,0.00533037576661156,0,1,0,1,0,1,0,0,1,0,1,1,1,0,0,0,0,0,1,1,0,1,1,0,0
3290,0.234387725637941,0,1,0,1,0,1,0,1,0,1,1,1,1,1,0,0,0,0,1,1,1,1,0,1,1
3291,1.92798934429723,1,1,1,1,1,1,1,1,1,1,1,1,1,0,1,1,0,0,1,1,1,1,1,1,1
3292,-0.930296582505262,0,0,0,1,0,1,0,0,0,0,1,1,1,0,0,0,0,0,1,0,0,1,1,1,0
3293,-0.503530979346038,0,0,1,1,0,1,0,1,1,1,1,0,1,0,0,0,0,0,1,1,0,1,0,0,1
3294,-1.31548187964284,0,1,0,1,0,1,0,0,1,0,0,1,1,0,0,0,0,0,0,0,1,1,1,0,1
3295,-0.277288074295083,0,1,0,1,0,0,0,0,0,0,1,0,0,1,0,0,0,0,1,0,0,1,1,0,1
3296,-0.315533759771873,1,1,1,1,0,1,0,0,0,0,1,0,1,0,1,0,0,0,1,1,1,0,1,1,1
3297,-1.22896466401862,0,1,1,1,0,1,0,0,1,0,1,0,1,0,0,0,0,0,1,1,1,0,0,1,0
3298,0.312639057497625,1,1,1,1,0,1,0,0,1,0,1,1,0,1,1,0,0,0,1,1,0,0,1,1,1
3299,-0.0172759775906453,0,1,1,1,0,1,0,0,1,0,1,1,1,0,1,0,0,0,1,1,1,1,1,0,1
3300,-0.0365067123543531,0,1,1,1,0,1,0,0,0,0,0,0,1,0,0,0,0,0,1,0,1,1,0,1,0
3301,-2.03683114857634,1,0,0,0,0,1,0,0,1,0,1,0,1,0,0,0,0,0,0,1,0,1,0,1,1
3302,1.43942456383569,1,1,1,1,0,0,1,1,1,1,1,1,1,0,1,0,0,1,1,1,1,1,0,0,1
3303,0.64752609995907,0,1,1,1,1,1,1,1,1,1,1,1,1,0,1,0,0,1,1,1,1,1,0,1,1
3304,-0.354096072090283,0,0,0,1,0,0,0,0,0,0,0,1,1,0,0,0,0,0,0,1,0,1,1,0,0
3305,-0.33183550941609,1,1,0,1,0,1,0,1,0,0,0,0,1,1,0,0,0,0,1,0,0,1,1,1,1
3306,0.405982602896231,0,1,0,1,0,0,1,0,1,1,1,1,1,1,1,0,0,0,1,1,0,1,1,1,1
3307,-1.56870898725493,0,1,1,0,0,1,0,0,0,0,0,0,1,0,0,0,0,0,0,0,0,0,1,0,0
3308,-0.0133795924979327,0,1,1,1,0,1,0,0,1,0,1,1,1,0,0,0,0,0,1,1,0,0,1,1,1
3309,-0.371335782625059,0,0,0,1,0,1,0,0,1,0,1,0,1,0,0,0,0,0,1,0,1,1,0,1,1
3310,-0.845035250791529,0,0,0,1,0,1,0,0,0,0,0,0,0,0,0,0,0,0,0,1,1,0,1,0,0
3311,0.334407629973727,0,1,0,1,0,1,1,0,1,1,1,1,1,1,1,0,0,0,1,0,1,0,1,1,1
3312,-1.83004091943739,0,1,0,0,0,0,0,0,1,0,0,0,1,0,0,0,0,0,1,1,1,1,0,0,0
3313,-1.36151977703306,0,0,0,0,1,1,0,0,0,0,1,0,1,0,0,0,0,0,1,1,1,1,0,0,0
3314,-0.471544382629508,0,1,0,1,0,1,0,0,1,0,0,0,1,1,0,0,0,0,1,0,1,0,1,1,0
3315,1.62408584962144,1,1,1,1,1,0,1,0,0,1,1,1,1,1,1,0,0,1,0,1,1,1,0,1,1
3316,-0.806318101157564,0,1,0,1,0,0,0,1,1,0,1,0,1,0,0,0,0,0,1,1,0,1,0,1,1
3317,-1.52503595107038,0,0,0,0,0,0,0,0,0,0,1,1,1,0,1,0,0,0,1,0,0,0,0,0,0
3318,1.21313766193929,0,1,1,1,0,1,1,0,1,1,1,1,1,1,0,0,1,0,1,1,1,1,0,1,1
3319,0.818779388010691,0,1,1,1,0,0,1,1,0,1,1,0,1,0,0,0,0,0,1,1,1,1,1,1,0
3320,1.25211873088867,1,1,1,1,1,0,1,1,0,1,1,1,1,1,1,0,0,1,1,1,1,1,1,1,1
3321,-0.179312320476112,1,1,1,1,0,0,0,0,1,0,1,1,1,1,1,0,0,0,0,1,1,1,0,1,1
3322,-0.181150991233098,0,1,0,1,0,1,0,0,1,0,1,1,1,0,1,0,0,0,0,1,1,1,0,0,1
3323,-0.738813433178833,0,1,0,0,0,0,0,0,1,0,1,1,0,0,0,0,0,0,0,1,0,1,0,1,0
3324,-0.635717567772024,0,1,0,1,0,1,0,0,1,0,1,0,0,0,0,0,0,0,1,0,1,1,0,1,1
3325,-0.970758345832324,0,1,1,0,0,0,0,0,0,0,1,0,0,0,0,0,0,0,1,1,0,1,0,0,1
3326,-0.074767980235362,0,1,1,1,0,1,1,0,1,1,1,1,1,0,1,0,0,1,1,1,1,1,1,0,0
3327,-0.847952746178351,0,1,0,1,0,1,0,0,0,0,0,1,1,0,0,0,0,0,0,1,1,1,0,1,1
3328,0.937838599241725,0,1,1,1,0,1,0,1,0,0,1,1,1,0,1,0,0,0,1,1,1,1,1,1,1
3329,-1.72996911430018,0,1,0,1,0,0,0,0,0,0,0,0,0,0,0,0,0,0,0,0,0,0,0,1,0
3330,-0.647616848428559,0,1,0,1,1,1,0,0,0,0,1,0,1,0,1,0,0,0,1,0,0,1,1,1,1
3331,0.337140027599108,0,1,0,0,1,1,0,1,1,1,1,1,1,0,1,0,0,0,0,1,0,1,1,0,1
3332,0.835210215327896,0,1,1,1,0,1,1,0,1,1,1,1,1,1,1,0,0,0,1,0,1,1,1,1,0
3333,-0.125688110362182,1,0,0,1,0,1,1,0,0,0,1,0,0,0,0,0,0,0,0,1,1,1,0,1,1
3334,-0.434118877398108,0,0,0,1,0,0,0,0,1,0,1,0,1,0,0,0,0,0,0,1,0,0,1,0,0
3335,1.07113737833514,1,0,0,1,0,1,0,1,0,0,1,1,1,0,1,0,0,0,1,0,0,1,1,1,1
3336,-0.266787754666108,0,1,1,1,0,0,0,0,1,0,0,1,0,0,0,0,0,0,0,1,1,0,1,1,1
3337,0.783864991089877,0,1,1,1,0,1,1,0,1,1,1,0,1,0,0,0,0,0,1,1,1,1,1,0,0
3338,-0.430571607616148,0,1,0,1,0,1,0,1,1,0,1,0,1,0,0,0,0,0,1,1,1,1,0,1,0
3339,-0.357279419841582,0,0,1,1,0,1,0,0,1,1,1,0,1,0,0,0,0,0,1,1,1,1,1,0,1
3340,0.214707280424684,1,0,1,1,0,1,0,0,1,1,1,1,0,0,0,0,0,0,1,1,1,0,1,1,1
3341,-0.661402163877148,0,1,1,0,0,0,0,0,1,0,0,0,1,0,0,0,0,0,0,1,0,0,0,0,1
3342,-0.652919783136504,0,0,0,1,0,1,1,0,0,0,1,0,1,0,0,0,0,0,1,0,1,1,1,1,1
3343,-1.41986101478311,0,1,0,1,0,1,0,0,0,0,1,1,1,0,0,0,0,0,1,0,0,1,0,0,1
3344,-1.29818471200844,0,1,1,1,0,0,0,0,0,0,0,0,0,0,1,0,0,0,1,0,1,1,0,0,0
3345,-0.888906434895594,0,1,0,0,0,1,0,0,0,0,1,0,1,0,0,0,0,0,0,1,1,1,0,1,0
3346,0.401470582220321,0,1,0,1,1,1,1,0,1,0,1,0,1,1,0,0,0,0,1,1,1,1,1,1,1
3347,-0.285392646712832,0,1,0,1,0,1,0,0,1,1,1,0,0,0,0,0,0,0,0,1,1,1,0,1,0
3348,-0.809297048655064,0,0,0,1,0,1,0,0,0,0,1,1,1,0,0,0,0,0,1,1,1,1,0,0,1
3349,-0.0331718292002999,0,1,1,0,0,0,0,0,1,0,1,1,1,0,1,0,0,0,1,1,1,0,0,1,1
3350,-1.23764807946277,0,0,0,1,0,0,0,0,1,0,1,0,0,0,0,0,0,0,0,0,0,1,0,0,1
3351,1.18643291448519,1,1,1,1,0,1,1,0,1,1,1,1,1,1,1,1,0,1,0,1,1,1,1,1,1
3352,0.826588430560201,1,1,0,1,1,1,0,1,1,1,1,0,1,0,1,0,0,0,0,1,1,1,1,1,1
3353,-0.0287084224021038,0,1,1,1,0,1,0,0,1,0,1,1,1,0,0,0,0,0,0,0,1,0,1,0,1
3354,-0.741291385226838,0,1,1,1,0,0,0,0,0,0,1,0,0,0,0,0,0,0,0,1,1,1,1,0,0
3355,-0.841044080836215,1,1,0,1,0,0,0,0,1,1,0,0,0,0,1,0,0,0,1,1,0,0,1,0,1
3356,0.938098800352055,1,1,1,1,1,0,1,0,1,0,1,1,1,1,0,0,0,1,1,1,1,1,1,1,1
3357,2.72024787169064,1,1,1,1,1,1,1,1,1,1,1,1,1,0,1,1,0,1,0,1,1,0,1,1,0
3358,-0.941580471855643,0,0,0,0,0,1,0,1,1,0,1,0,1,0,0,0,0,0,0,1,0,1,1,0,1
3359,-0.179639488816655,0,0,1,1,1,0,0,1,0,0,1,1,1,0,0,0,0,0,1,1,1,1,1,0,0
3360,2.00374190985593,1,1,1,1,1,1,1,0,1,1,1,1,1,1,1,0,1,1,1,1,1,1,1,0,1
3361,-0.0418697040002882,1,1,1,1,0,1,0,0,0,0,1,0,1,0,0,0,0,0,0,1,0,1,0,0,1
3362,0.186561300036872,0,0,0,1,0,0,0,1,0,0,1,1,1,0,0,0,0,0,1,1,1,1,1,1,0
3363,0.498165641398552,1,0,1,0,0,1,0,0,1,1,1,0,1,0,1,0,0,0,0,1,1,0,1,1,1
3364,1.6266748479765,1,0,1,1,0,1,1,0,0,1,1,1,1,1,1,0,0,1,1,0,1,0,1,1,1
3365,0.0866171128998314,0,1,0,1,0,0,0,0,1,1,1,1,1,0,0,0,0,0,0,0,0,0,1,1,1
3366,-0.981570217598756,1,1,1,1,0,1,0,0,0,0,1,1,1,0,0,0,0,0,1,0,0,1,1,1,0
3367,-0.403577143688698,1,1,0,1,0,1,0,0,1,0,1,0,1,0,0,0,0,0,0,1,1,1,1,0,0
3368,1.54435424901241,1,1,1,1,0,1,0,1,0,0,1,1,1,0,1,0,0,0,0,1,1,1,0,1,1
3369,-0.642049904944692,0,1,0,1,0,1,0,0,0,0,1,0,1,0,0,0,0,0,1,0,0,0,1,0,1
3370,0.832086947855914,1,1,1,1,1,1,0,0,1,1,1,1,1,1,0,0,0,1,1,1,1,1,1,1,1
3371,-1.74218515250843,0,0,1,1,0,0,0,0,1,0,0,0,1,0,0,0,0,0,0,0,0,0,1,1,0
3372,-0.763248653485528,0,1,0,1,0,0,0,0,1,0,1,0,1,0,0,0,0,0,1,1,1,1,1,0,1
3373,-2.21559423340677,0,1,0,0,0,0,0,0,0,0,0,0,0,0,0,0,0,0,1,0,0,1,1,0,0
3374,-0.0651331371636768,0,1,0,1,0,1,1,0,1,0,0,0,0,0,0,0,0,0,0,0,1,1,0,1,0
3375,0.468554668837083,0,1,1,1,0,1,0,1,1,0,1,0,1,1,1,0,0,0,0,1,1,0,1,1,1
3376,-0.765127605541029,0,0,0,1,0,0,0,0,1,0,1,1,1,1,0,0,0,0,1,0,1,0,1,0,0
3377,1.10610316897413,1,1,0,1,1,1,1,0,0,1,1,1,1,0,1,0,0,1,1,1,1,1,1,1,1
3378,0.84497866234366,1,1,1,0,1,1,1,1,1,1,1,1,0,1,1,0,0,0,0,1,1,1,0,1,1
3379,0.189458789701309,1,1,1,1,0,0,0,0,1,1,1,0,1,0,1,1,0,0,1,0,1,1,1,1,0
3380,1.74457585303765,1,1,1,1,0,1,0,0,0,1,1,0,1,1,0,0,0,1,1,1,1,1,1,1,1
3381,-0.252638422393533,0,1,0,0,0,1,0,0,1,0,1,0,0,0,0,0,0,0,1,0,1,1,0,1,0
3382,-0.290436153337332,0,1,0,1,0,1,0,0,1,1,0,0,1,0,0,0,0,0,1,1,1,1,0,1,0
3383,-0.625176824952505,0,1,0,1,0,0,0,0,1,0,0,0,1,0,0,0,0,0,0,0,0,1,1,1,0
3384,0.317893868670282,1,1,0,1,0,1,0,0,1,0,1,0,1,0,1,0,0,0,1,1,1,1,1,1,0
3385,-1.30046337396212,0,0,1,1,0,1,0,0,1,0,1,1,1,0,1,0,0,0,0,1,0,1,0,1,0
3386,-0.164852421770928,0,0,1,1,0,1,0,0,0,0,1,1,1,0,1,0,0,0,0,0,1,0,0,1,1
3387,2.01595223937509,1,1,1,1,0,1,1,0,1,1,1,1,1,1,1,0,1,1,1,1,1,1,0,1,1
3388,1.65307101868729,1,1,1,1,1,1,1,1,1,1,1,1,1,0,1,0,0,1,1,1,1,1,1,1,1
3389,0.0749502516076071,0,1,0,1,0,1,1,1,1,1,1,0,1,0,0,0,0,0,1,0,1,0,1,1,0
3390,-0.728735688414486,0,1,1,1,0,1,0,0,1,0,0,0,0,0,0,0,0,0,0,1,0,0,1,0,1
3391,0.38243119982695,1,1,1,0,0,1,0,0,1,1,1,1,1,0,0,0,0,0,1,1,0,1,0,1,0
3392,-0.296154322731773,0,1,0,1,0,0,0,0,0,1,1,0,1,0,0,0,0,0,1,1,0,1,0,1,1
3393,0.444933149604987,0,1,1,1,1,1,0,0,0,0,1,1,1,0,0,0,0,0,1,1,0,1,1,1,1
3394,-0.477255111469668,0,1,1,1,0,1,1,0,0,0,1,0,1,0,0,0,0,0,1,1,1,0,1,0,1
3395,1.39611010931634,0,0,1,1,0,1,1,0,0,1,1,1,1,1,0,1,0,1,1,1,1,1,1,1,1
3396,1.16997427534387,1,1,1,1,0,1,1,1,0,0,1,1,1,1,1,0,0,0,0,1,1,1,1,1,1
3397,-0.747784536885647,0,1,1,0,0,1,0,0,1,0,1,0,0,0,0,0,0,0,1,1,0,1,0,0,0
3398,-1.57846743428102,0,1,0,0,0,1,0,0,0,0,1,0,0,0,0,0,0,0,1,0,1,1,0,0,0
3399,-2.24044374842417,0,0,1,0,0,0,0,0,1,0,0,0,1,0,0,0,0,0,1,0,0,0,0,0,0
3400,-1.00904483732966,0,1,0,0,0,0,0,0,1,1,0,1,0,1,0,0,0,0,1,0,1,0,1,0,0
3401,0.861099312727009,0,1,1,1,0,1,1,0,0,1,1,0,1,0,0,0,0,0,1,1,1,1,1,1,0
3402,1.42493827103583,1,1,1,1,1,0,1,0,1,1,1,1,1,0,0,0,0,0,1,1,1,1,1,1,1
3403,0.218973374505207,0,1,1,1,0,1,0,0,0,0,1,1,1,0,0,0,0,0,1,1,1,1,0,1,0
3404,0.109668568545427,0,1,0,0,0,1,0,0,1,1,1,1,1,0,0,0,0,0,1,0,1,0,1,0,1
3405,0.41565079327321,0,1,0,1,1,0,0,0,0,1,1,1,1,1,1,0,0,0,1,0,1,1,1,0,1
3406,0.433475301566347,1,1,0,1,0,1,0,1,1,0,1,1,1,0,0,0,0,0,1,1,1,1,0,1,1
3407,0.317929233878655,1,0,1,1,0,1,0,1,0,0,1,1,1,1,0,0,0,0,1,0,1,1,0,0,1
3408,-0.480281828334391,0,1,0,0,0,1,0,0,0,0,0,0,1,0,1,0,0,0,1,0,1,1,1,1,0
3409,0.97520611309716,1,1,1,1,1,0,0,1,0,1,1,0,1,0,1,0,0,0,1,1,1,1,0,1,1
3410,0.684571197623855,1,1,0,1,0,0,0,1,1,0,1,1,1,0,0,0,0,1,0,1,1,0,1,1,1
3411,-0.109994803349687,0,1,1,1,1,1,0,0,1,0,1,1,1,1,0,0,0,0,0,0,1,1,1,1,0
3412,0.427972425228021,1,1,0,1,0,0,0,1,1,0,1,0,1,0,0,0,0,0,0,1,1,1,1,1,1
3413,-0.26653027910788,0,0,0,1,1,1,0,0,1,1,1,0,1,0,0,0,0,0,0,1,0,1,0,1,1
3414,0.402734220107352,0,1,0,1,0,0,0,1,1,0,1,1,1,1,1,0,0,0,1,1,1,1,1,1,0
3415,-1.01197616929329,0,0,0,1,0,1,0,0,1,0,1,1,1,0,0,0,0,0,1,0,0,1,1,0,1
3416,-0.0360766940940104,1,1,1,1,0,0,0,1,1,1,0,1,0,0,0,0,0,0,1,1,1,1,1,0,0
3417,-1.08353980168176,0,1,0,1,0,1,0,0,1,0,0,0,1,0,0,0,0,0,0,1,1,0,0,0,1
3418,1.709491844517,1,1,1,1,0,1,1,1,1,1,0,1,1,1,0,1,0,1,1,1,1,1,1,1,0
3419,-1.16093850363931,0,0,0,1,0,1,0,0,1,1,1,0,1,0,0,0,0,0,0,1,1,0,0,0,1
3420,-1.05391297746161,0,0,1,1,0,1,0,0,1,0,1,0,1,0,0,0,0,0,1,0,1,0,1,1,0
3421,0.477162723714799,0,0,1,0,0,1,1,0,1,1,1,1,0,1,1,0,0,0,1,1,0,1,1,1,1
3422,-1.37135541987564,0,0,1,1,0,1,0,0,1,0,0,0,1,0,0,0,0,0,0,0,0,1,1,0,0
3423,0.586305602947562,0,1,1,1,1,1,0,0,0,0,1,0,1,1,1,0,0,0,1,1,1,1,1,0,1
3424,0.532414793621826,0,0,0,1,0,0,0,1,0,0,1,0,0,1,0,0,0,0,1,1,1,1,1,0,0
3425,-0.335354333075744,0,1,1,1,0,0,1,0,0,0,1,0,0,0,1,0,0,0,1,0,0,1,1,1,0
3426,0.128599167734117,0,1,1,0,0,1,0,0,1,0,1,1,1,1,0,0,0,0,0,1,0,1,0,1,1
3427,-0.7173371906816,0,1,1,1,0,1,0,0,0,0,0,1,1,0,0,0,0,0,1,1,0,1,0,0,0
3428,2.06039425059858,1,1,1,1,0,1,0,1,1,1,1,1,1,1,1,0,0,0,1,1,1,1,1,1,1
3429,0.576210669185995,0,1,1,1,0,1,1,0,1,0,1,0,1,0,0,0,0,0,1,1,0,1,1,1,1
3430,-1.12107683155578,0,1,0,1,0,1,1,0,1,0,0,0,1,0,0,0,0,0,0,1,1,1,0,1,0
3431,-1.36039696195384,0,1,1,1,0,0,0,0,0,0,0,1,1,0,0,0,0,0,1,1,0,1,1,0,1
3432,1.4389236674782,0,1,1,1,1,1,1,1,0,1,1,1,1,0,1,1,0,0,1,1,1,1,1,1,1
3433,0.701038727340538,0,1,1,1,1,1,1,0,1,1,1,1,1,1,0,0,0,0,1,1,1,0,0,1,1
3434,-1.23555119999176,0,1,1,1,0,0,0,0,0,0,0,0,0,0,1,0,0,0,0,0,1,0,1,0,1
3435,0.386272885971985,1,1,1,1,0,1,0,0,0,0,1,1,1,1,0,0,0,0,0,1,1,1,1,1,1
3436,1.44570234735351,0,1,1,1,1,1,1,1,0,1,1,0,1,0,1,0,0,0,1,1,1,1,1,1,1
3437,-1.20870413565243,0,1,1,1,0,0,0,0,1,0,1,0,1,0,0,0,0,0,1,1,0,1,0,0,0
3438,0.58218059910672,0,1,1,1,0,1,1,0,1,1,1,1,1,0,1,0,0,0,1,1,0,1,1,1,1
3439,2.21794007584253,1,1,1,1,0,1,0,1,1,1,1,1,1,1,1,0,0,1,1,0,1,0,1,1,1
3440,-0.808793028955046,1,0,1,1,0,1,0,0,0,0,1,0,0,0,0,0,0,0,1,0,1,1,0,0,0
3441,1.773023895614,1,1,1,1,1,1,1,1,0,1,1,1,1,0,0,0,0,1,1,1,1,1,1,1,1
3442,0.793211479203028,1,1,1,1,0,0,0,0,1,1,1,1,1,0,0,0,0,0,0,1,1,1,1,1,1
3443,0.989666622961991,1,1,1,0,0,0,0,0,1,1,1,0,1,0,1,0,0,0,1,1,0,1,1,1,0
3444,-0.996347925825532,0,0,1,0,0,0,0,1,1,0,1,0,1,0,0,0,0,0,1,0,1,1,1,1,0
3445,-1.46662389529835,0,0,0,1,0,0,0,0,1,0,0,1,0,0,0,0,0,0,1,1,0,1,0,0,0
3446,-0.457249814573298,0,1,0,0,1,1,0,1,0,1,1,1,1,0,0,0,0,0,0,0,1,1,0,0,1
3447,-0.0675966347802591,0,1,1,0,0,1,0,0,0,0,0,1,1,0,0,0,0,0,1,1,1,1,0,1,0
3448,-1.28779957658951,0,0,0,1,0,1,0,0,0,0,0,0,1,0,0,0,0,0,1,1,0,1,1,0,0
3449,-0.612891049920218,0,1,1,1,0,1,0,0,0,0,0,0,1,0,0,0,0,0,0,1,1,1,0,0,0
3450,0.796699850374881,1,1,1,1,0,1,1,1,0,0,1,0,1,1,0,0,0,0,1,1,1,1,0,1,1
3451,0.0516299133653241,1,1,1,1,0,1,1,1,1,0,1,1,1,0,0,0,0,0,1,0,1,1,1,0,0
3452,-1.43972894285786,0,0,0,1,0,1,0,0,0,0,0,0,0,0,1,0,0,0,1,1,0,0,1,1,0
3453,-1.48518708295724,0,0,0,1,0,0,0,0,1,0,0,0,0,0,0,0,0,0,0,1,0,1,1,0,0
3454,3.00709062225713,1,1,1,1,1,0,1,1,1,1,1,1,1,1,1,1,1,1,1,1,1,1,1,1,1
3455,-0.309650134876964,0,1,0,1,0,1,0,0,1,0,0,0,1,0,1,0,0,0,0,0,1,1,1,0,0
3456,-1.24263054220437,0,0,1,0,0,0,0,0,1,0,1,0,1,0,0,0,0,0,0,0,1,0,1,0,0
3457,1.15038725979309,1,1,1,1,1,1,1,0,0,1,1,1,1,1,0,0,0,0,0,1,1,1,1,1,0
3458,-0.768596270788423,0,1,1,1,0,1,0,0,1,0,0,1,0,0,0,0,0,0,0,0,1,0,0,0,0
3459,-0.583073200054224,0,1,0,1,0,1,0,0,1,0,0,1,1,1,0,0,0,0,1,0,0,1,1,0,0
3460,-1.2290463394455,0,0,0,0,0,0,0,0,1,0,1,0,1,0,0,0,0,0,1,1,0,1,1,1,1
3461,-0.685133988638058,0,0,0,1,0,0,0,0,1,0,1,1,1,0,0,0,0,0,0,1,1,0,0,1,1
3462,0.558932795025859,0,1,0,1,0,1,1,1,1,0,1,1,1,0,0,0,0,0,1,1,1,1,0,1,1
3463,-1.64523139919269,0,1,0,0,0,0,0,0,1,0,0,0,1,0,0,0,0,0,0,0,1,0,0,0,0
3464,1.00481406028834,1,1,1,1,1,1,0,1,0,0,1,0,1,1,1,0,0,0,1,0,1,1,1,1,0
3465,1.21253349235443,1,1,1,1,1,1,1,1,1,0,1,1,1,1,1,0,0,0,1,1,1,1,1,1,1
3466,-0.536709019142819,0,1,0,0,0,1,0,1,0,0,0,0,1,0,0,0,0,0,1,1,0,1,1,1,1
3467,-0.362954295832209,0,1,0,1,0,1,1,0,0,0,1,1,1,0,0,0,0,0,1,1,0,1,1,1,0
3468,0.0732230237691093,0,1,1,1,0,1,0,0,1,0,1,1,1,0,0,0,0,0,0,1,0,1,1,0,0
3469,0.0471993883314654,0,1,1,1,0,1,0,0,0,0,1,0,1,0,0,0,0,0,1,1,0,0,1,1,1
3470,-1.09650079600541,0,0,0,1,0,1,0,0,0,0,1,0,1,0,0,0,0,0,1,1,0,1,1,1,0
3471,-0.690471317415624,1,1,0,1,0,1,0,0,1,0,1,0,0,0,1,0,0,0,1,1,0,1,1,1,1
3472,2.58185316590744,1,1,0,1,1,1,1,1,1,1,1,1,1,1,1,1,0,1,1,1,1,1,1,1,1
3473,-0.891166524836274,0,1,1,0,0,0,0,0,1,0,1,0,1,0,0,0,0,0,1,1,0,1,0,0,0
3474,-0.253340113234607,0,1,1,0,0,1,1,0,0,0,0,0,1,0,0,0,0,0,1,1,0,1,0,1,0
3475,-0.142456163311787,0,1,1,1,0,0,0,0,0,0,1,0,1,0,0,0,0,0,0,1,1,0,1,1,1
3476,-0.162341745153132,0,1,1,1,0,1,0,0,0,0,1,0,1,1,0,0,0,0,1,1,1,1,1,0,0
3477,0.906644173340617,1,1,1,0,1,1,1,1,1,0,1,1,1,0,0,0,0,0,0,1,1,1,1,1,1
3478,-0.625443459277783,0,1,0,1,0,0,0,0,1,0,1,1,1,0,0,0,0,0,0,1,1,0,1,0,1
3479,1.51014339685563,1,1,0,0,0,0,1,1,1,0,1,1,1,1,1,0,0,0,0,1,1,1,1,1,1
3480,-1.46255661066613,0,1,0,1,0,1,0,0,1,0,1,0,1,0,0,0,0,0,1,1,0,0,0,0,0
3481,-0.26649052087291,0,1,1,1,1,1,0,0,0,0,0,1,1,0,0,0,0,0,0,1,1,1,0,0,0
3482,0.79080870169013,1,1,1,1,0,1,1,1,1,0,0,1,1,1,1,0,0,0,1,0,1,0,0,1,1
3483,-0.454406847413907,0,1,0,1,0,0,0,0,1,0,1,1,1,0,0,0,0,0,1,0,0,1,1,0,0
3484,-2.0423860281876,0,1,0,0,0,0,0,0,1,0,1,1,0,0,0,0,0,0,1,0,1,0,0,0,0
3485,-0.88269167374912,0,1,0,0,0,1,0,0,0,0,1,0,1,0,0,0,0,0,1,1,0,1,0,1,0
3486,1.26421413025958,0,1,1,1,0,1,1,0,1,0,1,0,1,1,0,1,0,0,0,1,1,0,1,1,1
3487,-0.0172731997092263,0,1,1,1,0,0,1,0,1,1,1,0,1,0,0,0,0,0,1,0,0,1,1,1,0
3488,-0.160862546618224,0,1,0,1,0,1,0,0,0,0,0,0,1,1,1,0,0,0,0,0,1,1,1,0,1
3489,1.94134082115748,1,1,1,1,1,1,1,0,0,1,1,1,1,0,1,0,0,0,1,1,1,1,1,1,1
3490,0.783715317186469,1,1,0,1,0,1,1,1,1,0,1,1,1,0,1,0,0,0,1,0,0,1,1,0,1
3491,-1.01588477833042,0,1,1,0,0,0,0,0,0,0,1,0,1,0,0,0,0,0,0,0,1,0,0,0,0
3492,0.512550035476669,1,1,0,0,0,1,1,0,1,1,1,1,1,0,0,0,0,0,1,1,0,0,0,1,1
3493,-1.55371476796038,0,1,0,0,0,1,0,0,1,0,0,0,0,0,0,0,0,0,1,0,0,1,0,0,0
3494,0.431509980653572,0,1,1,1,0,0,1,0,1,1,1,1,1,0,0,0,0,0,1,1,0,1,0,1,1
3495,0.398338263244946,1,1,0,1,1,1,0,1,1,0,1,0,1,0,0,0,0,1,1,1,1,1,1,1,1
3496,0.684974427340982,1,1,1,1,0,1,1,1,1,0,1,1,0,1,0,0,0,0,1,1,1,1,1,1,1
3497,-0.635714607432247,1,0,1,1,0,1,0,0,0,0,0,0,1,0,1,0,0,0,1,1,1,1,0,0,0
3498,0.0758064322973654,0,1,1,0,0,0,1,0,0,1,1,1,1,0,1,0,0,0,1,1,0,0,1,0,0
3499,2.24804987226892,1,1,1,1,1,1,1,1,0,0,1,1,1,1,1,1,0,1,1,1,1,1,1,1,0
3500,0.0549608530321617,0,1,1,1,0,0,0,0,1,1,1,1,1,0,0,0,0,0,1,1,0,1,0,1,1
3501,-2.3153353694433,0,1,0,1,0,1,0,0,0,0,0,0,0,0,0,0,0,0,1,0,0,0,0,0,1
3502,-1.15664142809983,0,0,0,1,0,0,0,0,0,0,0,0,1,0,0,0,0,0,0,1,0,1,1,0,1
3503,-0.296162114529766,0,1,0,0,0,1,0,0,1,1,1,0,1,0,0,0,0,0,0,0,0,1,0,0,1
3504,0.765751485553921,0,0,1,0,0,1,0,1,0,1,1,0,1,0,0,0,0,1,1,1,1,1,1,1,0
3505,-1.2132942919701,0,1,1,0,0,0,0,0,1,0,1,0,1,0,0,0,0,0,0,1,0,0,0,0,0
3506,0.264576784631031,0,1,1,1,0,0,1,0,1,0,1,1,1,1,0,0,0,0,0,0,1,0,1,1,1
3507,-1.00559465880195,0,1,1,0,0,0,0,0,0,0,1,1,1,0,0,0,0,0,0,1,0,1,0,0,1
3508,1.13869675562664,1,1,1,1,0,1,1,1,1,1,1,0,1,1,1,0,0,1,1,1,1,1,1,1,1
3509,-0.872549321234141,0,1,0,0,0,0,0,0,0,0,1,1,1,0,0,0,0,0,0,1,1,1,1,0,0
3510,0.84939724385873,0,0,0,1,0,1,1,0,1,1,1,1,0,1,0,0,0,0,1,1,1,1,1,1,1
3511,0.783870219668043,0,0,0,1,0,1,1,1,1,1,1,1,1,0,0,0,0,1,1,0,0,0,1,1,1
3512,-0.851451298905598,0,1,0,1,0,1,0,0,1,0,1,0,1,0,0,0,0,0,0,1,1,0,0,0,1
3513,0.906812464001981,1,1,1,1,0,0,1,0,1,0,1,1,1,1,0,0,0,0,1,1,1,1,0,1,1
3514,0.748441856875693,1,1,1,1,0,1,1,1,1,1,1,1,1,1,0,0,0,1,1,0,1,1,1,1,0
3515,-0.677897307462363,0,0,1,0,0,0,0,0,1,0,1,1,1,0,1,0,0,0,1,1,0,1,1,1,1
3516,-1.49370602566978,0,0,1,0,0,1,0,0,1,0,0,0,0,0,0,0,0,1,1,0,1,1,1,0,0
3517,1.39492354768742,1,1,1,1,0,1,1,1,0,1,1,1,1,1,1,0,0,0,1,1,0,1,1,1,1
3518,-1.23740919507191,1,1,0,1,0,0,0,0,0,0,0,0,0,0,0,0,0,0,1,0,1,1,0,0,1
3519,-0.23358101876882,0,1,0,1,0,0,0,0,1,1,0,0,1,0,0,0,0,0,1,1,1,0,0,0,1
3520,0.513481597141423,0,1,0,1,0,1,1,0,1,1,1,1,1,0,1,0,0,0,0,1,1,0,0,1,1
3521,-0.402473357993218,0,1,1,1,0,1,0,0,0,0,1,0,1,0,0,0,0,0,1,1,1,0,0,1,0
3522,-0.462438442396629,0,0,0,0,0,0,0,0,1,0,1,0,1,0,0,0,0,0,1,0,1,1,0,1,0
3523,0.605096966778125,1,1,1,1,0,0,0,1,1,1,1,1,1,0,0,0,0,0,1,0,1,0,1,1,1
3524,-1.2679772227847,0,0,0,1,0,0,0,0,1,0,1,0,0,0,0,0,0,0,0,1,0,0,1,0,1
3525,0.834980741863237,0,1,0,1,0,1,0,0,1,1,1,1,0,0,1,0,0,0,0,0,1,1,1,1,1
3526,0.21483091129085,0,1,0,1,0,1,0,1,0,0,1,1,1,0,1,0,0,0,0,0,1,0,1,0,1
3527,-0.0219043510419616,0,1,0,1,0,1,1,1,0,0,1,0,1,0,0,0,0,0,1,1,0,1,0,1,1
3528,-1.43198702044623,0,1,1,1,0,0,0,0,0,0,1,1,1,1,1,0,0,0,0,1,0,0,1,1,0
3529,0.360254988973541,0,1,1,1,0,1,0,0,1,0,1,0,0,0,0,0,0,0,0,1,1,1,1,0,1
3530,-0.186238578606084,0,1,0,1,0,0,0,0,1,1,1,1,1,0,1,0,0,0,0,1,1,1,0,0,1
3531,0.457160617209077,0,1,1,1,1,0,0,1,1,1,1,1,1,0,0,0,0,0,0,0,0,1,1,1,0
3532,-0.826325966003177,0,1,0,0,0,0,0,0,0,0,0,0,1,0,1,0,0,0,0,1,0,1,0,0,0
3533,-0.550771506565669,0,1,1,0,0,1,0,0,0,0,1,0,1,1,0,0,0,0,1,1,0,0,1,0,0
3534,1.07577298126625,1,0,1,1,1,1,1,1,1,1,1,1,1,0,1,0,0,1,1,1,1,1,1,1,0
3535,-0.641613399485983,0,1,0,1,0,1,1,0,0,0,1,0,1,0,0,0,0,0,1,1,1,1,0,1,0
3536,-0.826523609718514,0,1,1,0,0,0,1,0,0,0,1,0,1,0,0,0,0,0,0,0,1,1,1,1,1
3537,2.63082577354757,1,1,1,1,1,1,1,1,1,1,1,1,1,1,1,1,1,1,1,1,1,1,1,1,1
3538,0.318438406052718,1,1,0,0,0,1,0,0,0,1,1,1,1,1,0,0,0,0,0,1,1,0,1,0,1
3539,-0.378973186484177,0,0,1,1,0,1,0,0,0,0,1,0,1,0,0,0,0,0,0,0,1,0,1,0,1
3540,0.526847517321669,0,1,1,0,0,0,0,0,1,1,1,1,1,0,0,0,0,0,0,0,1,1,0,1,1
3541,-0.101810132948171,0,1,0,1,0,0,1,0,1,0,1,1,1,0,0,0,0,0,1,0,1,1,0,0,0
3542,-0.0918810645921449,0,0,1,0,1,1,0,1,0,0,1,0,1,0,0,0,0,0,0,0,0,1,1,1,1
3543,-0.421379843595788,0,1,0,0,0,1,0,0,1,0,1,0,1,0,1,0,0,0,0,1,0,1,1,1,0
3544,-1.09990044188244,0,1,0,0,0,1,0,0,0,0,0,0,1,0,0,0,0,0,1,1,0,0,0,0,0
3545,-1.32448752436157,0,1,0,0,0,1,0,0,1,0,0,0,1,0,0,0,0,0,0,0,1,0,0,0,0
3546,-1.3307643231635,0,0,0,0,0,1,0,0,1,0,1,0,1,0,0,0,0,0,1,0,0,1,1,0,0
3547,0.0287472460862413,0,1,0,0,0,1,0,0,1,0,1,1,1,0,0,0,0,0,1,1,0,0,1,0,1
3548,1.07701960023834,1,1,1,1,0,1,1,1,0,1,1,0,1,1,0,0,0,0,1,1,1,1,1,1,1
3549,0.419410323953543,0,1,1,1,0,1,0,0,1,0,1,0,0,0,1,0,0,0,1,1,1,1,1,1,1
3550,0.197703598116395,1,1,1,1,0,1,0,0,0,1,1,1,1,0,1,0,0,0,1,1,0,1,0,1,1
3551,-0.234426310944771,0,1,0,1,0,0,1,0,0,0,0,1,1,0,0,0,0,0,1,1,1,1,1,1,0
3552,0.755988191071528,0,1,0,1,1,0,0,0,1,1,1,0,1,0,0,1,0,1,1,1,1,1,0,1,0
3553,-0.0607815313313454,0,1,1,0,0,1,1,0,1,0,1,1,0,0,0,0,0,0,1,1,1,1,1,1,1
3554,-0.156384352754958,0,1,0,1,0,0,0,0,1,0,1,0,0,0,1,0,0,0,0,1,1,1,1,0,1
3555,0.2055744616688,0,1,0,0,0,1,0,1,0,0,1,1,1,1,0,0,0,0,1,1,1,1,1,1,1
3556,-1.07708636970867,0,1,0,0,0,1,0,0,0,0,1,0,1,0,0,0,0,0,0,1,0,0,0,1,0
3557,-0.226407811497658,0,1,1,1,0,1,1,0,1,0,1,0,1,1,0,0,0,0,1,1,1,1,0,0,1
3558,1.10185514892603,1,1,0,1,0,1,1,1,0,0,1,1,0,0,0,0,0,0,1,1,1,1,1,1,1
3559,0.307390980933711,0,0,0,1,0,1,0,0,1,1,1,0,1,0,0,0,0,0,1,1,1,0,0,0,1
3560,-1.05566284839473,0,1,0,1,0,1,0,0,1,0,1,0,0,0,0,0,0,0,0,0,1,1,1,1,0
3561,1.69830043719209,1,1,1,1,1,1,1,1,1,1,1,0,1,0,1,0,0,0,1,0,1,1,1,1,1
3562,0.856478283519748,0,1,1,1,0,1,0,1,0,0,1,1,1,1,0,0,0,0,1,1,1,1,1,1,1
3563,0.822220183586496,0,0,0,1,1,1,1,0,0,1,1,1,1,1,1,0,0,0,1,1,1,0,1,1,1
3564,-0.418746152057366,0,1,0,1,0,1,0,0,1,0,1,0,1,1,0,0,0,0,0,1,0,1,1,1,0
3565,-0.178615059350202,0,1,1,0,0,1,0,0,1,0,1,1,1,0,0,0,0,0,1,0,1,1,1,0,0
3566,0.997079498929447,1,0,1,1,0,1,1,0,1,0,1,0,1,1,1,0,0,1,1,0,1,1,1,1,1
3567,0.476595532869835,0,1,1,1,0,0,0,0,1,1,1,1,1,0,1,0,0,0,1,1,1,1,0,1,1
3568,-0.626145787770769,0,1,0,1,0,1,0,1,1,0,1,1,1,1,0,0,0,0,1,1,1,0,1,0,0
3569,-0.0316274031400196,0,1,1,1,0,1,1,1,0,1,1,1,1,0,1,0,0,1,0,1,1,0,0,1,1
3570,-0.0491031667720549,0,1,1,1,0,1,0,0,1,0,1,1,1,0,0,0,0,0,1,0,1,1,1,1,0
3571,-2.27516255896042,0,0,0,1,0,0,0,0,1,0,0,0,1,0,0,0,0,0,1,1,0,0,0,0,0
3572,-0.766389915302083,0,1,0,1,0,1,0,0,1,0,1,0,0,0,0,0,0,0,1,0,0,1,0,1,0
3573,2.27841547195488,1,1,1,1,1,1,1,1,1,0,1,1,1,1,0,0,1,1,1,1,1,1,1,1,1
3574,-0.110326285655917,0,1,0,1,0,0,0,0,0,1,1,0,1,0,0,0,0,0,0,1,1,1,1,1,1
3575,-1.14461751871333,0,1,1,0,0,0,0,0,0,0,0,0,0,0,0,0,0,0,1,0,0,1,0,1,0
3576,-0.524869481112062,0,0,0,0,0,0,0,0,1,0,1,1,1,0,0,0,0,0,0,0,0,1,0,0,0
3577,0.472070977468806,1,1,0,0,0,1,0,0,1,1,1,1,1,0,0,0,0,0,0,1,1,0,1,1,0
3578,1.07113311452369,1,1,1,1,1,0,1,1,1,0,1,1,1,0,1,0,0,0,1,1,0,1,1,1,1
3579,0.106825655695503,0,1,1,1,0,0,0,0,1,0,1,0,1,0,0,0,0,0,0,1,0,1,1,1,1
3580,0.312803082231493,0,1,1,1,0,1,0,0,1,1,1,1,1,0,1,0,0,0,1,1,1,0,0,1,0
3581,0.557940434598013,1,1,0,1,0,1,1,0,1,0,1,1,1,1,0,0,0,0,0,1,0,0,1,1,1
3582,-1.5103972241254,0,0,0,1,0,0,0,0,0,0,1,0,0,0,0,0,0,0,1,1,0,0,0,0,0
3583,1.10431173607485,0,1,0,1,0,0,1,0,1,1,1,1,1,0,1,0,1,1,1,1,1,1,1,1,1
3584,-0.883389001281725,0,1,1,0,0,1,0,0,1,0,1,0,1,0,0,0,0,0,0,1,0,1,1,0,0
3585,0.422202077311079,0,0,0,1,0,0,1,0,1,0,1,1,1,1,1,0,0,0,1,1,1,0,0,0,1
3586,0.274844270702214,1,1,1,1,0,1,0,0,0,1,1,0,1,1,0,0,0,0,0,1,1,1,0,1,1
3587,0.554355560068993,1,1,1,0,1,1,0,0,0,0,1,1,1,1,1,0,0,1,1,1,1,1,1,1,1
3588,2.21030946579028,1,1,0,1,1,0,1,0,1,1,1,1,1,1,1,1,1,1,1,1,1,0,1,1,1
3589,0.462389912928459,1,1,0,0,0,1,0,1,1,1,1,1,1,0,0,0,0,0,1,1,1,0,0,0,0
3590,0.293255058316686,0,1,1,1,0,1,0,0,0,1,0,1,1,0,1,0,0,0,1,1,0,1,1,1,1
3591,-0.0361854922847802,0,1,1,1,0,1,0,0,1,0,1,0,0,0,0,0,0,0,1,0,1,0,0,1,0
3592,0.139421091307459,0,1,0,1,0,0,0,1,0,0,1,0,1,0,0,0,0,0,1,1,1,1,1,1,1
3593,-0.554062083700228,0,1,1,1,0,0,0,0,1,0,1,0,1,0,0,0,0,0,0,0,1,0,0,1,0
3594,-0.286158295622504,0,1,0,1,0,1,0,1,1,0,1,1,1,0,0,0,0,0,0,1,0,0,0,1,1
3595,1.78082422559255,1,1,1,1,1,1,1,1,1,1,1,1,1,0,1,0,1,1,1,1,1,0,1,1,1
3596,0.0788723419759784,1,1,1,1,1,1,0,0,0,0,1,0,1,0,0,0,0,0,1,0,1,1,0,1,1
3597,0.335094714803129,1,1,0,1,1,1,1,1,1,0,1,1,1,0,0,0,0,0,1,1,1,1,0,1,0
3598,0.226321081861355,0,1,1,1,0,0,0,1,0,0,1,1,1,0,0,0,0,1,0,1,1,0,0,1,1
3599,0.0636493934056591,0,1,0,1,0,0,0,0,1,1,0,1,1,0,0,0,0,0,1,0,1,1,0,0,1
3600,0.938238880557625,0,1,1,0,1,1,1,0,0,0,1,0,1,1,0,0,0,0,0,1,1,1,0,1,1
3601,0.727731604769859,0,1,1,1,0,1,0,0,0,1,1,1,0,0,0,0,0,0,1,1,1,1,1,1,1
3602,0.905825820933586,0,1,0,1,0,1,1,0,1,1,1,0,1,0,1,0,0,0,1,1,0,1,1,1,1
3603,0.780374511787912,0,1,1,1,0,1,1,1,1,0,1,1,1,1,0,0,0,0,1,1,1,1,1,0,0
3604,0.855540329936478,1,1,1,1,0,1,1,0,1,0,1,1,1,0,0,0,0,1,1,1,1,0,1,1,1
3605,-0.0776135007966771,0,1,0,1,0,0,0,0,1,0,1,1,1,0,1,0,0,0,0,1,1,1,1,1,1
3606,-0.759333982137275,0,1,1,0,0,0,1,0,1,0,1,0,1,0,0,0,0,0,1,0,1,0,1,0,1
3607,-0.0122427479209159,0,1,1,1,0,1,0,1,1,0,1,1,0,0,0,0,0,0,0,1,1,1,1,1,0
3608,1.25337097084981,0,0,0,1,1,1,1,1,1,0,1,0,1,0,1,0,0,1,0,1,1,1,1,1,0
3609,-0.174869705215281,0,0,1,0,0,1,0,0,0,1,1,1,1,0,0,0,0,0,0,1,0,1,1,1,0
3610,-1.1347357671849,0,1,0,1,0,1,0,0,0,0,1,0,1,0,0,0,0,0,1,1,1,1,0,0,0
3611,-0.530513138424001,1,1,0,1,0,0,0,0,1,0,1,1,1,1,0,0,0,0,1,0,1,1,1,0,1
3612,0.212208838410635,0,1,1,1,0,1,0,0,1,0,1,1,1,1,0,0,0,0,1,0,0,1,1,1,0
3613,1.31719753413317,1,1,0,1,0,1,1,0,1,1,1,1,1,1,0,0,0,1,1,1,1,1,1,1,0
3614,-0.664386094066658,0,1,1,1,0,1,0,0,1,0,0,0,1,0,0,0,0,0,1,1,0,1,0,0,0
3615,-0.826476285433127,0,1,1,1,0,1,0,0,0,0,1,1,1,0,1,0,0,0,0,0,0,0,0,1,0
3616,0.036545772027166,0,1,1,1,0,1,0,0,1,0,1,0,1,0,0,0,0,0,0,1,0,1,0,0,1
3617,-0.783175827480308,0,0,0,0,0,1,0,0,1,0,1,0,1,1,0,0,0,0,0,1,1,1,0,0,1
3618,0.674528491744639,0,1,0,1,0,1,0,0,1,1,1,0,1,0,1,0,0,0,1,1,1,1,1,1,0
3619,-0.959836533472391,0,0,1,0,0,0,0,0,0,0,1,0,1,0,0,0,0,0,0,1,1,1,1,0,1
3620,1.53510586255696,1,1,1,1,0,1,1,0,1,0,1,1,1,1,1,0,0,1,0,1,1,1,1,1,1
3621,0.012861205946316,0,1,0,1,0,1,1,1,1,0,1,1,1,0,0,0,0,0,1,1,1,1,0,0,0
3622,-1.15134127135975,0,1,1,1,0,0,0,0,0,0,1,1,0,0,1,0,0,0,1,0,1,0,1,0,1
3623,0.00748275796363921,0,1,1,1,0,1,1,0,0,0,1,1,1,1,0,0,0,0,1,1,0,1,0,1,0
3624,0.156335584312401,0,1,0,1,0,0,0,1,0,1,1,1,1,1,0,0,0,0,0,0,0,0,1,1,0
3625,-0.762587968976369,0,1,0,0,0,1,0,0,0,0,1,1,1,0,0,0,0,0,1,1,0,1,0,1,1
3626,-0.111727067648656,0,1,0,1,0,1,0,0,1,0,1,1,1,0,0,0,0,0,1,0,1,0,0,1,1
3627,-0.207810882851585,0,1,1,1,0,1,1,1,0,0,1,1,0,0,0,0,0,0,0,1,0,0,1,1,1
3628,-0.0699504350950087,0,1,1,1,1,0,1,0,1,1,1,1,1,0,0,0,0,0,1,1,1,1,1,0,1
3629,0.664435927111008,0,1,1,1,1,1,1,0,1,0,1,0,1,1,0,0,0,0,1,1,1,1,1,0,0
3630,-1.1214521563959,0,1,0,1,0,1,0,0,1,1,1,1,0,0,0,0,0,0,0,1,1,1,1,0,0
3631,0.32758935058851,0,1,1,1,0,1,1,0,1,0,1,0,1,1,1,0,0,0,1,0,1,1,0,1,1
3632,0.678669248047567,0,1,1,1,1,1,1,0,1,1,1,1,1,0,1,0,0,0,1,1,1,1,1,1,1
3633,0.6272929733576,0,1,1,1,0,0,0,0,1,0,1,1,1,0,0,0,0,0,1,1,1,1,1,1,1
3634,-0.236679881118059,1,1,0,1,0,1,0,0,0,0,1,0,1,0,0,0,0,0,1,1,1,0,1,0,1
3635,0.622761291748067,0,1,1,1,0,0,0,1,1,0,1,1,1,0,0,0,0,0,1,1,0,1,1,1,1
3636,0.450716884547883,0,1,1,1,1,1,0,1,1,0,1,1,1,0,0,0,0,0,1,1,1,0,1,1,1
3637,2.16539764666283,0,0,1,1,1,1,1,1,0,0,1,1,1,1,0,0,1,1,1,0,1,1,1,1,1
3638,-0.15769509711463,0,1,1,0,1,0,1,0,0,0,1,0,1,1,0,0,0,0,1,1,1,0,0,1,1
3639,-0.194242747063429,1,1,1,1,0,0,0,0,0,0,0,0,1,0,0,0,0,0,0,0,1,0,0,1,1
3640,-1.20208352856321,0,1,1,1,0,0,0,0,0,0,1,0,0,0,0,0,0,0,1,0,0,1,0,0,1
3641,0.451158608080572,0,1,1,1,0,0,1,0,0,1,1,0,1,0,1,0,0,0,0,1,1,1,0,1,1
3642,1.65179025114918,1,1,0,1,1,1,1,1,1,0,1,1,1,0,1,0,0,1,1,1,1,1,0,0,1
3643,-1.06818199623015,0,0,1,1,0,0,0,0,1,0,1,0,1,0,0,0,0,0,1,0,0,0,0,1,0
3644,0.343336858515428,0,1,0,0,0,0,0,1,0,0,1,1,0,1,0,0,0,0,0,1,1,0,1,1,1
3645,-0.583162150949822,0,0,0,1,0,1,0,0,1,0,1,0,1,0,0,0,0,0,0,1,1,1,0,0,0
3646,-0.153892678808979,0,1,1,1,0,1,0,0,1,0,1,0,1,1,1,0,0,0,1,1,1,0,1,0,1
3647,0.583248264270093,0,1,1,1,1,0,1,1,1,1,1,1,1,0,0,0,0,0,0,1,1,1,0,0,1
3648,-1.17612392872718,0,0,0,1,0,0,0,0,1,0,1,0,1,0,0,0,0,0,1,1,0,1,0,0,1
3649,1.18117779835388,0,1,0,1,1,1,0,0,1,1,1,1,1,0,0,0,0,0,1,1,0,1,0,1,1
3650,-0.761725403130682,0,1,1,1,0,0,0,0,1,0,1,0,0,0,0,0,0,0,0,1,1,1,1,0,0
3651,-2.16450276699719,0,0,1,0,0,0,0,0,1,0,0,0,1,0,0,0,0,0,0,0,0,1,0,0,0
3652,0.616155061126429,1,1,1,1,1,1,1,0,1,0,1,1,1,1,1,0,0,1,0,0,1,1,1,1,1
3653,0.469465256744802,1,1,0,1,0,1,1,0,1,0,1,1,1,0,1,0,0,0,1,1,0,1,1,0,1
3654,0.652229890688739,1,1,1,1,0,1,1,0,1,1,1,1,1,1,0,0,0,0,1,1,1,0,1,0,0
3655,-0.667700658304045,0,1,0,1,0,1,0,0,1,0,1,0,1,0,0,0,0,0,0,1,1,1,1,0,1
3656,0.876096731305331,0,1,0,1,0,0,1,1,1,0,1,1,1,0,0,0,0,1,0,1,1,0,1,1,1
3657,-0.324166074892134,0,1,1,1,0,1,0,0,1,1,0,1,1,0,1,0,0,0,0,1,0,0,1,1,0
3658,2.05711599857486,1,1,1,1,0,0,1,1,0,1,1,1,1,1,0,0,0,1,1,1,1,1,1,1,1
3659,0.590997662740794,0,1,1,1,1,0,1,0,1,1,1,1,1,0,1,0,0,1,1,1,0,1,0,1,1
3660,0.779764529705632,0,1,1,1,0,1,0,1,1,0,1,1,1,0,0,0,0,0,0,0,0,1,1,1,1
3661,0.128594655087233,0,1,1,1,0,1,1,0,1,0,1,1,0,0,0,0,0,0,1,1,0,1,0,1,0
3662,-0.489655650691313,0,1,0,0,1,1,0,0,1,0,1,1,0,0,0,0,0,0,1,0,1,0,1,1,0
3663,0.10756922677497,0,1,0,1,1,0,0,0,1,0,1,1,1,0,0,0,0,0,1,1,1,0,1,1,1
3664,0.541934776530182,0,1,1,1,0,1,0,1,1,0,0,0,1,0,0,0,0,0,1,1,0,1,1,1,0
3665,-0.5083811942455,0,1,0,0,0,1,0,0,1,0,1,1,1,0,1,0,0,0,1,0,1,1,0,1,0
3666,0.66834320369532,0,1,1,1,0,0,0,0,1,0,1,1,1,0,0,0,0,0,1,0,1,1,1,1,0
3667,0.226075358578034,1,1,0,1,1,0,0,0,1,0,1,1,1,0,1,0,0,0,0,0,1,0,1,0,1
3668,-0.303098956033311,0,1,0,0,0,1,0,0,1,1,1,1,1,0,0,0,0,0,0,1,1,0,1,0,1
3669,-0.22091109437807,0,1,1,1,0,1,1,0,0,1,1,0,1,0,0,0,0,0,1,0,1,1,0,1,0
3670,0.156423487419601,1,1,1,1,0,1,0,1,1,1,1,1,1,0,0,0,0,0,0,1,0,0,0,1,1
3671,-0.186806719932722,0,1,1,1,0,1,0,0,1,0,1,0,1,0,1,0,0,0,0,0,1,1,1,1,1
3672,0.277854783637417,0,1,1,1,0,1,0,1,1,0,1,1,1,1,0,0,0,0,0,1,1,1,1,0,1
3673,-1.24679493658452,0,1,1,1,0,0,0,0,0,0,0,0,0,0,1,0,0,0,1,0,0,1,1,0,1
3674,0.539411441353648,1,1,1,1,0,1,1,1,0,0,1,0,1,1,0,0,0,0,1,1,1,0,1,1,0
3675,-1.01472646071576,0,1,0,0,0,1,0,0,0,0,0,0,0,0,0,0,0,0,1,1,0,1,1,0,1
3676,0.910465535494427,0,0,1,1,0,1,0,0,0,0,1,1,1,0,0,0,0,0,1,1,1,1,1,0,1
3677,-0.0283798122878221,0,0,0,1,0,1,0,0,0,0,1,0,1,0,0,0,0,0,1,1,0,1,0,1,1
3678,-1.45913923003283,0,0,1,1,0,1,0,0,1,0,0,0,1,0,0,0,0,0,1,1,1,1,1,0,1
3679,-0.561021283812243,0,1,0,1,0,1,1,0,1,1,1,0,0,0,0,0,0,0,1,1,1,1,0,0,1
3680,-0.87123404405933,0,0,1,1,0,1,0,1,0,0,0,0,0,0,0,0,0,0,0,1,1,1,1,1,0
3681,-0.286283658823896,0,1,1,0,0,0,1,0,1,1,1,1,1,0,0,0,0,0,1,1,1,0,1,0,1
3682,0.376223239694941,0,1,1,1,0,1,0,0,1,0,1,1,1,0,0,0,0,1,1,1,1,1,1,1,1
3683,-1.8788833378669,0,0,1,0,0,1,0,0,1,0,0,0,1,0,0,0,0,0,0,0,0,1,0,0,0
3684,0.951995565679712,0,1,1,1,0,0,1,0,1,1,1,1,1,0,1,1,0,0,1,1,1,0,1,1,1
3685,0.81665126712172,0,1,1,1,0,1,1,1,1,1,1,1,1,1,0,0,0,1,0,1,1,1,1,1,1
3686,-0.394034415498709,1,1,1,1,0,0,0,0,1,0,1,1,1,1,0,0,0,0,1,1,1,1,1,0,1
3687,0.77172805400432,0,0,1,1,1,1,0,0,1,0,1,1,1,0,0,0,0,0,1,1,1,0,1,1,1
3688,-1.77049862795065,0,0,0,1,0,1,0,0,1,0,1,1,1,0,0,0,0,0,0,0,0,1,0,0,1
3689,0.307271170177326,0,1,1,1,0,1,1,0,1,1,1,1,1,0,1,0,0,0,0,1,1,1,1,1,1
3690,0.36598910771148,1,1,1,0,1,1,1,0,0,1,0,1,1,0,0,0,0,0,0,0,1,0,1,1,1
3691,-0.394208171973396,0,0,0,1,0,0,0,0,0,0,1,0,1,0,0,0,0,0,1,0,0,1,0,1,1
3692,-0.307175336622574,0,1,1,0,0,0,0,1,0,1,1,1,1,0,0,0,0,0,1,0,0,1,1,1,1
3693,1.20698240543362,0,1,0,1,0,1,0,1,1,1,1,1,1,0,0,0,1,0,1,1,1,1,1,0,1
3694,0.832082098701117,1,1,0,1,1,1,1,1,1,0,1,1,1,1,1,0,1,1,1,1,1,1,1,1,1
3695,0.533036884447704,1,1,1,1,0,0,1,0,1,0,1,0,1,0,0,0,0,1,1,1,1,0,0,1,1
3696,0.238030400756283,0,1,1,1,1,1,0,0,0,0,1,1,1,1,0,0,0,0,1,1,0,1,1,1,1
3697,-1.53171130194981,0,1,1,0,0,0,0,0,1,0,0,0,0,0,0,0,0,0,1,0,0,1,1,1,0
3698,-0.882701809141916,0,1,0,0,0,1,0,0,1,0,0,0,0,0,0,0,0,0,1,1,0,1,0,0,1
3699,0.198109063610832,0,0,1,1,0,1,0,0,1,1,1,1,1,0,0,0,0,0,1,1,1,1,1,1,0
3700,1.43312256813687,1,1,0,1,1,1,1,0,1,1,1,1,1,1,1,0,0,0,1,0,1,0,1,1,1
3701,1.35405698358362,1,1,0,1,1,1,1,1,1,1,1,1,1,1,1,1,0,1,1,1,1,1,0,1,0
3702,2.45275546155082,1,1,0,1,1,1,1,1,1,1,1,1,1,1,1,1,1,1,1,1,1,1,1,1,1
3703,-1.25643932947795,0,1,1,0,0,1,0,0,0,0,1,0,1,0,0,0,0,0,0,1,0,1,1,0,0
3704,-0.186144467692558,0,1,1,0,0,1,0,0,1,0,1,0,1,1,0,0,0,0,1,1,1,1,0,0,0
3705,0.895898325403165,1,1,1,1,0,1,0,0,1,1,1,1,1,0,0,0,0,0,1,1,1,1,0,1,1
3706,-0.37124779945766,1,0,1,1,0,0,0,1,1,1,1,1,1,0,0,0,0,0,0,1,1,0,0,0,1
3707,-0.405159824937967,0,0,1,1,0,1,0,1,0,0,1,0,1,0,0,0,0,0,0,1,1,1,0,0,0
3708,0.448305379575718,1,1,1,0,1,0,1,0,1,0,0,1,1,0,0,0,0,0,1,1,1,1,1,1,0
3709,0.147140793757743,1,0,1,1,0,0,1,0,1,1,1,1,1,0,0,0,0,0,1,1,1,1,1,0,1
3710,-0.732321790990415,0,1,0,1,0,1,0,0,0,0,1,0,1,0,0,0,0,0,1,1,0,1,1,1,1
3711,-1.34417549046051,0,0,0,1,0,1,0,0,0,0,1,0,0,0,0,0,0,0,0,1,0,1,0,1,0
3712,0.135969494073283,0,0,1,1,0,1,1,0,0,0,1,1,1,0,0,0,0,0,0,0,1,0,0,1,1
3713,0.295907998288909,1,1,1,1,0,1,0,0,1,1,1,1,1,0,0,0,0,0,1,1,1,1,1,1,1
3714,-0.62186217495781,0,0,0,1,0,1,0,0,1,0,1,0,1,0,0,0,0,0,0,0,1,1,1,1,0
3715,1.18010501963746,1,1,1,1,1,1,0,1,1,1,1,1,1,1,1,0,0,0,0,1,1,0,1,1,1
3716,-0.808566081641015,0,1,1,1,0,1,0,0,0,0,0,0,1,0,0,0,0,0,0,0,1,1,0,0,0
3717,0.79040716895024,1,0,1,1,0,1,1,1,1,1,1,1,1,0,1,0,0,1,1,1,1,1,1,1,0
3718,0.0286259637660831,1,1,0,1,0,0,0,0,1,0,1,0,1,0,1,0,0,1,1,1,1,0,0,1,1
3719,-1.03130327664706,0,0,1,1,0,0,0,0,1,0,1,0,1,0,0,0,0,0,0,1,0,1,1,0,1
3720,-0.818678299003805,0,1,1,1,0,0,0,1,0,1,1,0,1,0,0,0,0,0,1,0,0,1,1,1,0
3721,-0.204823313150653,0,1,0,1,0,1,0,1,1,1,0,1,1,0,0,0,0,0,1,1,1,1,0,0,1
3722,-0.600032517468231,0,1,1,1,0,1,1,0,0,0,1,0,1,0,0,0,0,0,1,1,0,1,1,1,1
3723,-0.388559403323943,1,1,0,1,0,1,0,0,1,0,0,0,1,0,0,0,0,0,1,0,1,0,1,1,0
3724,-1.26911134064599,0,1,1,1,0,1,1,1,1,0,1,0,1,0,0,0,0,0,0,0,1,0,0,0,1
3725,-0.971912504165697,0,1,1,1,0,0,0,0,1,1,0,0,1,0,0,0,0,0,0,1,1,1,1,0,1
3726,0.233644305243816,1,1,1,1,0,0,1,0,1,1,1,0,1,0,0,0,0,1,1,1,1,1,1,1,1
3727,1.1936132723299,1,1,1,1,1,1,0,1,1,1,1,1,1,0,1,0,0,0,1,1,1,1,1,0,1
3728,-0.851612589540755,0,1,1,1,0,1,0,0,1,0,0,0,1,0,0,0,0,0,1,1,1,0,1,0,1
3729,0.363797562167674,0,1,1,0,0,1,1,1,1,0,1,1,1,1,1,0,0,0,1,1,1,1,1,1,1
3730,2.18416326820841,1,1,1,1,0,1,1,1,1,1,1,1,1,1,1,0,1,1,1,1,1,1,1,1,1
3731,1.41863081672749,0,1,1,1,0,1,1,1,1,1,1,1,1,0,1,0,0,0,1,1,1,1,1,1,1
3732,-1.47778293599203,0,1,0,1,0,1,0,0,1,1,1,0,1,0,0,0,0,0,1,1,1,1,0,0,0
3733,-0.550784885586122,0,1,1,1,0,1,0,0,1,1,0,1,1,0,0,0,0,0,1,0,1,0,1,1,1
3734,2.07830982659926,1,1,0,1,1,1,0,0,1,1,1,1,1,1,1,0,0,1,1,1,1,1,1,1,1
3735,-0.360049235956418,1,1,1,0,0,1,0,0,1,0,1,0,1,0,0,0,0,1,1,1,1,1,0,0,0
3736,-0.127980785085848,0,1,1,1,0,0,0,0,1,0,1,0,1,0,1,0,0,0,1,0,1,1,1,1,1
3737,-1.31676528078263,0,0,0,1,0,0,0,0,0,0,0,0,1,0,0,0,0,0,1,1,0,0,0,0,1
3738,0.317584228233337,0,1,0,1,0,1,1,0,0,0,1,0,0,0,0,0,0,0,1,1,1,1,0,0,1
3739,0.188754950285324,1,1,0,1,0,0,0,0,1,0,0,0,1,0,0,0,0,0,0,1,0,1,1,1,0
3740,-0.77149078943831,0,1,1,1,0,0,0,0,0,0,1,0,0,0,0,0,0,0,1,0,0,0,1,1,0
3741,1.12554613573044,0,1,0,1,0,1,1,1,0,1,1,1,1,1,1,0,1,0,1,1,1,1,1,1,0
3742,-1.57010766624727,0,0,0,1,0,1,0,0,0,0,0,0,1,0,0,0,0,0,0,1,0,1,0,0,1
3743,0.269907330113565,0,1,0,0,0,1,0,1,1,0,0,1,1,0,0,0,0,0,0,1,1,1,1,1,1
3744,0.304988579702539,0,1,1,1,0,0,0,0,1,0,1,0,0,1,0,0,0,0,1,1,1,0,0,1,1
3745,0.569276179051912,0,1,1,1,0,1,1,0,1,1,1,1,0,0,0,0,0,0,1,1,1,1,1,1,0
3746,0.188792270173594,0,1,0,1,0,0,0,1,1,0,1,1,0,0,1,0,0,0,1,1,1,0,1,1,1
3747,-0.431156998990554,0,0,1,0,0,0,0,0,0,0,0,0,1,0,0,0,0,0,1,1,1,0,0,1,1
3748,-1.4619618747663,0,1,0,1,0,0,1,0,0,0,0,0,1,0,0,0,0,0,0,0,1,1,0,1,0
3749,0.534347643598293,1,0,1,1,1,1,1,1,1,1,1,1,0,1,0,0,0,0,0,1,1,1,1,1,1
3750,-1.36116069509796,0,0,0,1,0,1,0,0,0,0,0,0,1,0,0,0,0,0,1,1,0,1,0,1,0
3751,-0.112600486564286,0,1,0,1,0,0,0,0,1,0,1,1,1,0,0,0,0,0,0,1,1,1,0,0,0
3752,-0.252370449268484,0,1,0,1,0,1,0,0,0,0,1,1,1,0,0,0,0,0,0,0,1,1,1,1,1
3753,-2.27032922542351,0,1,0,1,0,0,0,0,1,0,0,0,0,0,0,0,0,0,1,0,1,0,1,0,1
3754,-0.462303505849511,0,1,1,0,0,0,0,0,1,0,1,0,1,1,1,0,0,0,1,1,0,1,0,0,1
3755,-0.365425847924804,0,1,1,1,0,1,1,0,1,0,1,1,1,0,1,0,0,0,1,0,0,1,1,0,0
3756,0.7381506713959,1,0,1,1,0,1,0,0,1,1,1,1,1,0,0,0,0,0,0,0,1,1,0,1,1
3757,0.529301889796466,0,1,0,1,0,1,1,0,1,0,1,1,1,0,0,0,0,0,1,1,1,1,1,0,0
3758,-0.443782476632166,0,1,1,0,0,1,1,0,0,0,1,0,1,0,0,0,0,0,1,1,1,1,0,1,1
3759,-0.336875202380703,0,0,1,0,0,1,0,0,1,0,1,0,1,1,0,0,0,0,1,1,0,0,0,1,0
3760,-0.895745229048943,0,1,1,1,0,1,0,0,0,0,0,0,1,0,0,0,0,0,0,1,1,0,1,1,0
3761,-0.40246784188105,0,1,0,1,0,0,0,0,1,0,1,0,1,0,1,0,0,0,1,1,1,1,0,1,1
3762,0.0154801019251208,0,1,1,1,0,1,0,0,1,0,1,0,1,0,0,0,0,0,1,1,1,0,1,1,1
3763,0.156995683733673,0,1,0,1,1,1,0,1,1,1,1,1,1,1,0,0,0,0,0,1,1,0,0,1,1
3764,0.652220639668403,1,1,1,1,0,1,1,0,1,0,1,0,1,0,0,0,0,0,0,1,1,1,0,1,1
3765,1.28287616506097,1,1,1,1,1,1,1,0,0,1,1,1,0,0,0,1,0,1,1,1,0,1,1,1,1
3766,-0.107033645902763,1,1,1,1,0,1,0,0,0,0,0,1,1,0,0,0,0,0,1,1,1,1,1,0,1
3767,0.543233541871433,0,1,1,1,0,0,0,1,1,0,1,1,1,1,1,0,0,0,1,1,0,0,1,1,1
3768,0.912955927789815,0,1,0,1,1,1,0,1,1,0,1,1,1,0,1,0,0,0,1,1,1,0,1,1,1
3769,-1.44675342747968,0,1,1,0,0,1,0,0,0,0,1,0,0,0,0,0,0,0,0,1,0,0,1,0,1
3770,-0.768970718256701,0,0,1,1,0,1,0,0,0,0,1,1,0,0,0,0,0,0,1,0,1,0,1,1,0
3771,2.27075982730295,1,1,1,1,1,1,1,1,1,1,1,0,1,0,1,1,1,1,1,1,1,1,0,1,0
3772,0.63544498804429,1,0,1,1,1,1,1,0,1,1,1,0,1,0,0,0,0,0,1,1,1,1,1,1,1
3773,-0.000523097109235924,0,1,0,1,1,1,1,0,0,0,1,1,1,0,1,0,0,0,0,1,1,1,1,1,1
3774,1.35405698358362,1,1,1,1,0,0,0,1,1,1,1,1,1,0,0,0,0,1,1,1,1,1,1,1,0
3775,-0.711632679356094,0,1,0,1,0,1,0,1,1,0,0,1,1,0,1,0,0,0,0,1,1,1,0,0,1
3776,-2.03779503197906,0,1,0,0,0,1,0,0,1,0,0,0,0,0,0,0,0,0,0,1,0,0,0,0,1
3777,-0.151565407249393,0,1,1,0,0,0,0,0,0,0,0,0,1,0,0,0,0,0,1,1,1,0,0,0,0
3778,-2.09808168310113,0,0,0,0,0,0,0,0,1,1,1,0,1,0,0,0,0,0,0,0,0,0,0,0,1
3779,0.272437042615728,0,1,1,1,0,1,1,0,0,0,1,0,1,0,0,0,0,0,1,0,1,1,0,1,1
3780,-1.21388751234122,0,0,0,1,0,0,0,0,0,0,1,0,0,0,0,0,0,0,0,0,0,0,1,0,1
3781,0.768471176665399,0,0,0,1,0,0,1,0,1,1,1,1,0,0,1,0,0,0,1,1,0,1,1,1,1
3782,-1.46671969083318,0,0,0,0,0,0,0,0,1,0,1,0,1,0,0,0,0,0,0,1,0,0,0,0,0
3783,0.992007337927801,1,1,0,1,0,0,1,1,1,0,1,1,1,0,0,0,0,0,1,1,1,1,1,1,1
3784,-0.0208988735157604,0,1,1,1,0,1,0,1,1,0,1,0,1,0,0,0,0,0,0,0,1,1,0,0,1
3785,1.41941591951343,1,1,0,1,0,1,1,1,1,1,1,1,1,1,0,0,0,1,1,0,1,1,1,1,1
3786,-1.07708636970867,0,1,0,0,0,1,0,0,1,0,0,0,1,0,0,0,0,0,0,0,1,0,0,0,0
3787,-0.518811296899409,1,0,1,0,0,0,0,0,0,0,0,0,1,1,0,0,0,0,0,0,1,1,1,0,0
3788,0.398694547986201,0,1,0,0,0,1,0,1,1,1,1,1,1,0,1,0,0,0,0,0,1,1,0,0,1
3789,1.03123949914946,0,1,0,1,1,1,0,1,1,1,0,1,1,0,1,0,0,0,1,1,1,1,1,1,1
3790,-0.07834640472321,0,0,1,1,0,1,1,1,1,1,1,1,1,0,0,0,0,0,1,1,0,1,1,1,0
3791,-0.2589011059869,0,0,1,1,0,1,1,0,1,0,0,1,1,0,0,0,0,0,0,1,0,1,1,1,1
3792,0.278311582366315,0,0,0,1,1,1,0,1,0,1,1,0,1,0,0,0,0,0,0,0,1,1,0,1,1
3793,0.269907330113565,0,1,0,0,1,1,0,0,1,1,1,0,1,0,0,0,0,0,1,1,1,1,1,1,0
3794,-0.661045221246631,0,1,0,1,0,1,0,0,0,0,1,0,1,0,0,0,0,0,1,1,0,1,1,1,0
3795,1.29298090751551,1,1,0,1,1,1,1,1,1,0,1,1,1,0,0,0,0,0,1,1,1,1,1,1,1
3796,-0.416284921364154,0,1,1,1,0,1,0,0,0,1,1,1,1,0,0,0,0,0,1,1,0,1,0,1,1
3797,-0.52675934917472,0,0,0,1,0,1,1,1,0,0,1,0,0,0,0,0,0,0,0,1,1,1,1,1,1
3798,3.55119331785784,1,1,1,1,1,1,1,1,1,1,1,1,1,1,1,1,0,1,1,1,1,1,1,1,0
3799,0.169762651083887,1,1,0,1,1,1,0,0,0,0,1,0,1,0,1,0,0,0,1,1,1,0,1,1,1
3800,-0.281332367577239,0,1,0,1,1,0,0,1,1,0,0,1,0,0,0,0,0,0,0,1,1,1,1,0,1
3801,0.245072743229552,0,0,1,1,0,0,0,0,1,0,1,0,1,1,0,0,0,0,0,1,1,1,0,1,1
3802,-0.399351212658714,0,1,0,1,0,1,0,0,0,0,1,0,1,0,0,0,0,0,1,1,1,1,0,1,1
3803,-1.5434215246347,0,0,1,1,0,1,0,0,1,0,1,0,0,0,0,0,0,0,0,1,1,0,1,0,0
3804,-0.393336594591234,0,1,1,0,0,1,0,0,1,0,0,0,1,0,0,0,0,0,0,1,0,1,1,1,0
3805,-0.503128431150592,1,1,1,1,0,1,0,0,0,0,1,0,1,0,0,0,0,0,1,1,1,1,1,0,1
3806,-0.360349327146836,0,1,0,1,0,1,0,0,1,0,1,0,0,0,0,0,0,0,1,0,1,0,1,1,0
3807,0.896171767841129,0,1,1,1,0,1,1,1,1,1,0,1,1,0,1,0,0,1,1,0,1,1,1,0,0
3808,0.335092774602741,0,0,1,1,0,1,0,0,1,0,1,0,1,1,0,0,0,0,0,0,0,0,1,1,1
3809,-0.015370039405551,0,1,1,1,0,1,0,0,0,0,1,0,1,0,1,0,0,0,0,0,0,0,1,1,1
3810,0.800643604825059,1,1,1,1,1,1,1,1,1,0,1,0,1,1,0,0,0,0,1,1,1,0,1,1,1
3811,-0.209764324483428,0,1,1,1,0,1,0,0,1,0,1,0,1,1,0,0,0,0,1,1,1,0,0,1,1
3812,0.398554492824623,1,1,0,1,0,0,0,0,1,1,1,1,1,0,1,0,0,0,1,0,1,1,1,1,1
3813,-0.647976953723253,0,1,1,1,0,1,0,0,1,0,1,0,1,0,0,0,0,0,1,0,1,0,0,0,0
3814,-0.179309612404576,0,1,0,1,0,1,0,0,1,0,1,0,1,0,0,0,0,0,0,1,0,0,0,0,1
3815,-0.771830809891521,0,0,0,1,0,0,0,0,1,0,0,0,1,0,0,0,0,0,0,0,0,0,1,0,1
3816,0.63347993279445,0,1,1,1,1,1,1,0,0,1,1,1,1,0,1,0,0,0,0,1,1,0,1,1,1
3817,0.745194110004715,1,1,1,1,0,1,0,0,0,0,1,1,0,0,0,0,0,0,1,1,1,1,1,1,0
3818,-1.5784756334995,0,1,0,1,0,0,0,0,0,0,1,0,1,0,0,0,0,0,0,1,1,0,0,1,0
3819,1.93871674068966,1,0,1,1,1,1,1,1,0,1,1,1,1,1,0,0,0,1,1,1,1,1,1,1,0
3820,0.526633003503473,0,1,1,1,1,1,0,0,0,0,1,1,0,0,0,0,0,0,1,1,1,1,0,1,1
3821,-1.01911823718674,0,1,1,1,0,1,0,1,0,0,1,0,1,1,0,0,0,0,1,0,0,1,1,0,0
3822,0.062911011841175,0,1,0,1,0,1,0,0,1,1,1,1,1,0,0,0,0,0,1,1,1,1,0,1,1
3823,1.05580680674982,0,1,1,1,0,1,1,0,1,0,1,1,1,0,0,0,0,1,0,1,1,1,0,1,1
3824,-1.25283397839779,0,1,0,0,0,0,0,1,1,0,0,0,1,0,0,0,0,0,0,0,1,0,1,1,1
3825,0.312295756965714,0,1,1,1,1,1,0,1,1,0,0,1,1,0,1,0,0,0,0,1,1,0,0,1,1
3826,0.776257215532751,0,0,1,1,0,1,0,0,0,1,0,1,1,1,0,0,0,1,1,1,1,0,1,1,0
3827,1.7794254207365,1,1,1,1,0,1,0,1,1,1,1,1,1,1,1,0,0,0,1,1,1,1,1,1,1
3828,-0.116677690570479,0,1,0,1,0,1,1,0,1,1,1,0,0,0,0,0,0,0,0,1,1,1,0,1,1
3829,-0.023466365581978,0,0,1,1,0,1,0,0,0,0,1,0,1,0,0,0,0,0,1,1,1,0,1,1,1
3830,-0.118335035792958,1,0,0,1,0,1,0,1,1,0,1,0,1,0,1,0,0,0,1,1,1,1,1,1,0
3831,-0.856599199745214,0,0,1,0,0,0,0,0,1,0,1,0,0,0,0,0,0,0,1,0,1,0,0,0,1
3832,-0.762875441685559,0,0,1,0,1,1,0,0,1,0,0,0,0,0,0,0,0,0,1,0,0,1,1,1,0
3833,0.645186660428243,0,1,1,0,1,1,0,1,0,1,1,1,1,0,0,0,0,1,1,1,1,0,0,1,1
3834,1.38415531970781,1,0,1,1,1,0,1,1,0,1,1,1,1,0,0,0,0,0,1,0,1,1,1,1,1
3835,2.51203340802004,0,1,1,1,0,1,1,1,1,1,1,1,1,1,1,1,0,1,1,1,1,1,1,1,1
3836,-0.0469181488765721,0,1,1,1,0,1,0,1,0,0,1,1,1,1,0,0,0,0,0,1,1,1,1,1,1
3837,-1.49471657153668,0,0,1,1,0,0,0,0,1,0,0,0,0,0,0,0,0,0,1,1,0,1,1,0,0
3838,-0.299435514327968,0,1,0,1,0,1,1,0,0,0,1,0,1,0,0,0,0,0,1,0,1,1,1,1,1
3839,1.06710650013726,1,1,0,1,0,1,1,0,1,0,1,1,1,0,0,0,0,0,1,0,1,1,1,0,0
3840,0.419238960254145,0,1,1,1,0,0,0,0,1,0,1,1,1,0,0,0,0,0,1,1,1,1,0,0,1
3841,0.410386789251758,0,1,1,1,0,0,1,0,1,0,1,1,1,0,1,0,0,0,0,1,1,0,0,1,0
3842,-0.413074096036667,0,1,0,1,0,1,0,0,1,0,1,0,1,0,0,0,0,0,1,1,1,1,1,1,1
3843,1.13868851489617,0,1,1,1,0,0,0,1,0,0,1,1,1,0,0,0,0,0,1,1,1,1,1,1,1
3844,-0.539324021699945,0,0,1,1,0,1,0,0,1,0,0,1,1,0,0,0,0,0,0,0,0,1,0,1,1
3845,-2.64848826156876,0,1,0,1,0,0,0,0,0,0,1,0,0,0,0,0,0,0,0,0,0,1,0,0,0
3846,0.415774468289579,0,1,1,1,0,1,0,0,0,0,1,0,1,0,0,0,0,1,0,1,1,1,1,1,1
3847,0.267295485242596,1,1,1,1,0,1,1,0,1,0,1,1,1,1,1,0,0,0,0,0,0,1,1,1,0
3848,0.644502100961345,1,1,1,1,0,1,1,0,0,0,1,1,1,1,1,0,0,1,0,1,1,1,0,1,1
3849,0.946833192749709,0,1,1,1,1,0,0,1,0,1,0,1,1,0,0,0,0,0,0,1,1,1,1,1,1
3850,1.2530221186558,1,1,1,1,0,0,1,0,0,0,1,1,1,1,1,0,0,1,1,1,1,1,1,1,1
3851,0.361044785493456,1,0,1,1,0,1,0,1,1,0,1,1,1,0,0,0,0,0,1,1,1,1,1,1,1
3852,-1.12054046684017,0,1,0,0,0,0,0,0,0,0,0,0,1,0,1,0,0,0,0,1,0,1,0,1,0
3853,0.777350192597614,1,1,1,0,0,1,0,1,1,1,1,1,0,1,0,0,0,0,0,1,1,1,1,1,0
3854,-2.34844964694155,0,1,0,0,0,0,0,0,0,0,0,0,0,0,0,0,0,0,0,0,0,0,1,1,0
3855,1.37568425988434,1,1,0,1,1,1,1,1,1,1,1,1,1,0,0,0,1,1,1,1,1,1,0,1,1
3856,0.567004393356095,0,1,0,1,1,1,0,0,1,0,0,1,0,0,1,0,0,0,1,1,1,1,1,1,0
3857,-0.865387524812641,0,1,0,0,0,0,1,0,0,0,1,0,1,0,0,0,0,0,1,1,1,1,0,1,1
3858,0.765376946896071,0,1,1,1,1,0,1,0,1,1,1,0,1,1,1,0,0,0,0,1,0,1,1,1,1
3859,1.04582790987848,1,1,1,0,0,1,1,1,1,1,1,1,1,0,1,0,0,0,1,1,0,1,1,1,1
3860,-0.24741599448747,0,1,0,1,0,1,0,0,0,1,0,0,1,0,0,0,0,0,0,1,0,1,1,0,1
3861,0.86833918744051,1,1,0,1,0,1,1,0,1,0,0,1,1,0,1,0,0,1,0,1,1,1,1,1,1
3862,-0.83803180146722,0,0,0,1,0,1,0,0,0,1,1,1,1,0,0,0,0,0,1,1,0,0,1,1,0
3863,1.77069120662777,1,1,0,1,1,1,1,1,1,1,0,1,1,0,1,0,0,0,1,1,1,1,1,1,1
3864,0.547683298205893,0,1,1,1,0,1,0,1,1,1,1,0,0,1,1,0,0,0,1,1,1,1,1,1,0
3865,-0.954788262675384,0,1,0,0,0,1,0,0,0,0,1,0,1,0,0,0,0,0,1,0,1,0,1,0,1
3866,1.05974456614289,0,1,1,0,0,0,0,1,1,1,1,0,1,0,1,0,0,1,1,1,1,1,1,1,1
3867,-0.705008044716525,0,1,1,1,0,0,0,1,0,0,1,0,1,0,0,0,0,0,0,0,1,0,0,0,0
3868,-0.959570904792916,0,0,1,0,0,0,0,0,0,0,0,1,1,0,0,0,0,0,1,1,0,0,0,0,1
3869,1.29297604231189,1,1,0,1,0,1,0,1,0,1,1,1,1,1,1,0,0,0,1,1,1,1,1,1,1
3870,-1.67851712359214,0,1,0,1,0,1,0,0,0,0,0,0,0,0,0,0,0,0,0,1,0,1,0,1,0
3871,-0.387979555061046,0,1,1,1,0,1,0,0,0,0,1,1,1,0,0,0,0,1,1,1,1,1,0,1,1
3872,-0.415569011693281,0,0,0,1,0,0,0,0,0,0,1,0,0,0,0,0,0,0,0,0,1,1,0,1,1
3873,-1.14884229402284,0,1,1,1,0,0,0,0,1,0,1,1,1,0,0,0,0,0,0,0,1,1,0,0,0
3874,-0.133040888384364,0,1,1,1,0,0,0,0,0,0,1,0,1,0,0,0,0,0,1,1,1,1,1,0,0
3875,0.579463391676211,0,1,0,1,0,1,0,0,1,1,1,1,0,0,0,0,0,0,1,1,1,0,1,1,1
3876,1.53778908744144,0,1,1,1,1,1,0,0,1,1,1,1,1,1,0,0,0,0,1,1,1,1,1,1,1
3877,-1.0878971675976,0,1,0,1,0,0,1,0,0,0,1,1,1,0,0,0,0,0,1,1,1,1,0,1,0
3878,-1.04589580365162,1,1,1,0,0,0,0,0,0,0,1,0,1,0,0,0,0,0,1,0,1,1,0,0,1
3879,0.508793316338092,1,0,1,1,0,1,1,1,0,1,1,1,1,0,0,0,0,0,1,1,1,1,1,0,0
3880,-1.22934998171691,0,1,1,1,0,1,0,0,0,0,1,0,1,0,0,0,0,0,1,1,0,1,0,0,1
3881,0.40882773824516,0,1,1,1,0,0,1,0,1,0,1,0,0,0,0,0,0,0,1,0,1,1,1,0,1
3882,0.495066350283473,0,1,0,1,1,1,0,1,0,0,1,0,1,0,1,0,0,0,1,1,0,1,0,1,0
3883,-0.438365439910449,0,1,1,1,0,1,0,0,0,1,1,0,0,0,1,0,0,0,1,1,0,1,0,0,0
3884,0.848467341917997,1,1,0,1,0,1,1,1,1,0,1,1,1,1,0,0,0,0,1,1,1,0,1,1,0
3885,-0.240096484835486,0,0,1,1,0,0,0,0,0,0,1,1,1,0,0,0,0,0,0,1,1,1,1,1,1
3886,0.0357140709485966,0,1,1,1,0,1,0,0,0,0,1,1,1,0,0,0,0,0,1,0,1,1,1,0,0
3887,-0.506387960620646,0,1,1,1,0,1,1,0,0,0,1,0,1,1,0,0,0,0,0,0,1,1,0,1,1
3888,1.10509803170741,0,1,1,1,0,1,0,0,1,0,1,1,1,1,1,0,0,0,1,1,1,1,0,1,0
3889,-0.157736438551562,0,0,1,0,0,1,0,0,1,0,1,1,1,0,0,0,0,0,0,0,0,1,1,1,1
3890,1.17054322296902,1,1,1,1,0,0,1,0,1,1,1,0,1,0,0,0,0,0,1,1,1,1,1,1,1
3891,1.12092667645508,0,1,1,0,0,0,0,1,1,1,1,1,1,0,1,0,0,0,1,1,1,0,0,1,1
3892,-0.296417749503375,0,1,1,1,0,1,0,0,1,0,1,1,1,0,0,0,0,0,1,0,1,1,1,1,1
3893,-0.842204094367638,0,1,1,1,0,0,0,0,0,0,0,0,1,0,0,0,0,0,0,1,0,0,1,0,0
3894,0.255816079976884,0,1,1,0,0,1,0,1,0,1,1,1,1,1,1,0,0,0,1,0,0,1,1,0,1
3895,-0.971623321727224,0,0,1,1,0,0,0,1,1,0,0,0,0,0,1,0,0,0,1,1,1,1,1,1,0
3896,-1.55918592151171,0,0,0,0,0,1,0,0,1,0,0,0,1,0,0,0,0,0,1,0,1,0,0,0,0
3897,-0.0773733125811127,0,0,1,1,1,1,0,0,0,0,1,0,1,0,0,0,0,0,1,1,1,0,1,1,1
3898,-1.53526215768968,0,0,0,0,0,0,0,0,1,0,1,1,1,0,0,0,0,0,1,0,1,0,0,0,0
3899,-0.449011116627666,0,1,1,1,0,0,0,0,1,0,1,0,0,0,0,0,0,0,0,1,0,0,0,1,1
3900,0.202243637383498,0,1,1,0,0,1,0,1,1,0,1,0,1,0,0,0,0,0,1,1,0,0,0,0,0
3901,-1.38382504737337,0,1,1,1,0,1,0,0,1,0,0,0,1,0,0,0,0,0,0,1,1,0,0,0,0
3902,0.295947236633016,1,1,1,1,0,1,0,0,1,0,1,0,1,0,1,0,0,0,1,1,0,1,1,1,0
3903,-0.435841528371668,1,1,1,1,0,0,0,0,1,0,1,1,1,0,0,0,0,0,1,0,1,1,0,1,0
3904,1.80702066120369,1,1,1,1,1,1,1,0,0,1,1,1,1,0,0,0,1,0,1,1,1,1,1,1,1
3905,2.17987158835956,1,1,0,1,1,1,1,1,1,1,1,1,1,1,1,1,0,0,1,1,1,1,1,1,0
3906,-0.181857732229677,1,1,0,1,0,1,0,1,1,0,1,1,1,0,0,0,0,0,1,1,0,1,1,1,1
3907,-0.642321366023269,0,0,1,1,0,0,1,0,0,0,0,0,1,0,0,0,0,0,1,1,1,1,0,1,0
3908,-1.10140766199812,0,1,1,1,0,0,0,0,1,0,1,1,0,0,0,0,0,0,1,1,1,0,0,1,0
3909,0.396450948242968,1,1,0,1,0,0,0,0,0,0,1,0,1,1,1,0,0,0,1,1,0,1,0,1,1
3910,0.666889323031431,1,1,1,1,1,1,1,1,1,1,1,1,1,0,0,0,0,0,0,1,1,0,1,0,0
3911,0.154680794231625,1,1,1,1,0,0,0,0,0,0,1,1,1,0,0,0,0,0,0,1,1,1,1,1,0
3912,-0.418252101338571,0,1,0,0,0,1,0,1,1,0,1,0,1,0,0,0,0,1,0,0,1,1,1,0,0
3913,-0.819478130786922,0,0,0,1,0,0,0,0,0,0,1,0,0,0,0,0,0,0,1,0,1,0,0,0,1
3914,-0.697620538117435,0,1,0,1,0,1,0,0,0,0,1,0,1,0,0,0,0,0,1,0,1,0,0,0,0
3915,1.20301126858276,1,1,1,1,0,1,0,0,0,1,1,1,1,0,0,0,0,0,0,1,1,1,0,1,1
3916,2.65331677444596,1,1,1,1,1,1,1,1,0,1,1,1,1,1,1,0,0,1,1,1,1,1,1,1,1
3917,0.603917829509637,0,1,1,1,0,1,0,0,1,1,1,1,1,0,0,0,0,0,1,1,1,1,0,1,1
3918,0.682079815057127,0,1,1,0,0,1,0,0,0,0,1,0,0,0,1,0,0,1,0,0,1,1,1,1,1
3919,0.445233344900536,1,1,1,1,0,1,1,0,1,1,1,1,1,0,0,0,0,1,1,0,1,1,0,0,1
3920,-1.10477219156523,0,1,1,1,0,1,0,0,1,0,1,0,1,0,0,0,0,0,0,1,1,1,0,1,0
3921,1.94205014654653,1,1,1,1,1,1,1,1,0,1,1,1,1,0,1,0,0,0,1,1,1,1,1,1,1
3922,-1.14861243692576,0,0,0,0,0,0,0,0,1,0,1,0,1,0,0,0,0,1,1,1,1,0,0,0,1
3923,0.199766153164622,1,1,0,0,0,0,0,0,1,0,1,1,1,1,1,0,0,0,0,1,1,1,0,0,0
3924,0.521091168534747,0,1,1,0,0,1,0,0,1,0,1,1,1,1,0,0,0,0,1,0,0,1,1,1,0
3925,0.717550466917396,0,1,1,1,1,0,0,1,1,1,1,1,1,1,1,0,0,0,1,0,1,1,1,1,1
3926,0.45103706503722,0,0,0,0,0,1,1,0,1,0,1,1,1,1,0,0,0,0,1,1,0,1,0,1,0
3927,0.393243938995713,1,1,1,1,0,1,0,0,0,1,1,1,1,1,1,0,0,0,0,1,1,0,1,1,1
3928,0.0131329695772585,0,1,1,0,0,1,0,0,0,1,1,0,1,1,0,0,0,0,1,1,1,1,0,0,1
3929,1.23051566084713,1,1,0,0,0,1,1,1,1,0,1,0,1,0,1,0,0,1,1,1,0,1,0,1,1
3930,0.77198135969626,0,1,1,1,0,1,1,0,1,0,1,1,1,0,0,0,0,0,1,1,1,0,1,1,1
3931,0.0656418811876987,0,1,1,1,0,1,0,1,0,0,0,0,1,1,0,0,0,0,0,0,1,1,0,1,1
3932,-0.537089332572052,0,1,1,1,0,0,0,0,1,0,1,0,1,0,0,0,0,0,1,0,1,1,0,0,0
3933,-1.0353360449612,0,0,1,0,0,1,0,1,1,0,1,0,0,0,0,0,0,0,0,0,0,1,0,0,0
3934,-0.975010073173607,1,1,0,1,0,0,0,0,1,1,1,0,1,0,0,0,0,0,1,1,0,1,1,1,1
3935,-1.41984210281014,0,1,1,0,0,1,0,0,0,0,1,0,1,0,0,0,0,0,1,1,0,0,0,1,1
3936,0.23450130473142,0,1,0,1,1,1,0,0,1,0,1,1,0,0,1,0,0,0,1,0,1,1,0,0,1
3937,-0.82581241806929,0,1,0,1,0,1,0,0,1,0,1,0,1,0,0,0,0,0,1,1,1,1,1,0,0
3938,-0.0776073335454163,0,1,1,1,0,0,0,1,1,0,1,0,1,0,0,0,0,0,0,1,0,0,0,0,1
3939,-0.627584418008649,0,1,0,1,0,0,0,0,0,0,0,1,1,0,1,0,0,0,0,0,0,1,0,1,1
3940,-1.28899783803297,0,1,0,0,0,1,0,0,0,0,0,0,1,0,0,0,0,0,0,1,0,0,0,1,0
3941,-0.488325839198642,0,1,1,1,0,1,0,0,1,0,1,0,1,0,1,0,0,0,0,1,1,0,0,0,0
3942,0.045081284389188,0,1,1,0,1,0,0,0,0,0,1,1,1,0,0,0,0,0,0,1,1,0,0,1,0
3943,1.45267092037679,1,1,0,1,0,1,0,1,1,1,1,1,1,0,1,0,0,0,1,1,1,1,1,1,1
3944,0.60405568612611,1,1,0,1,0,1,1,0,0,0,1,0,1,0,1,0,0,0,1,1,0,1,0,1,1
3945,-2.45927114626035,0,1,0,0,0,0,0,0,0,0,0,0,0,0,0,0,0,0,0,1,0,0,1,0,0
3946,0.769788504995802,0,1,1,1,1,1,1,1,1,0,1,0,1,0,0,0,0,0,1,1,0,1,1,1,0
3947,2.1900603703429,1,1,1,1,1,1,1,1,1,1,1,1,1,1,1,1,0,1,1,0,1,1,1,1,1
3948,-0.894723542586252,0,1,0,1,0,1,0,0,1,0,1,1,0,0,0,0,0,0,0,0,1,0,1,1,1
3949,0.476436886059256,0,1,0,1,0,0,1,0,0,0,1,0,1,0,0,0,0,1,1,1,1,1,0,1,1
3950,0.240010998634696,1,1,1,1,0,0,0,0,1,0,1,1,1,0,0,0,0,0,1,0,1,1,1,0,0
3951,-1.15078534784428,1,1,1,1,1,1,0,0,1,0,1,0,1,0,0,0,0,0,1,1,1,0,1,0,0
3952,-2.50438907478793,0,0,0,0,0,0,0,0,1,0,1,0,1,0,0,0,0,0,0,0,1,0,0,0,1
3953,-0.681178366290374,0,0,0,1,0,0,0,1,1,0,1,0,1,0,0,0,0,0,1,1,0,1,1,1,0
3954,1.53091131292613,0,1,1,1,1,0,1,0,1,1,1,1,1,1,0,0,0,0,1,1,1,1,1,1,1
3955,0.481989841717605,1,1,1,1,0,1,1,0,0,1,1,0,1,0,0,0,0,0,1,1,1,0,1,0,1
3956,-1.80905998540559,0,0,0,0,0,0,0,0,1,0,0,1,0,0,0,0,0,0,1,0,0,1,0,0,1
3957,0.123576822662784,0,1,1,1,1,0,0,0,1,0,1,1,1,0,0,0,0,0,1,1,1,0,1,0,1
3958,-0.958981120284994,0,1,1,1,0,1,1,0,1,0,0,1,1,0,0,0,0,0,0,1,0,0,0,1,1
3959,1.95861534912296,1,1,1,1,1,1,0,1,0,1,1,1,1,0,1,0,1,1,1,0,1,0,1,1,1
3960,-0.0515985589796616,0,1,1,1,0,1,0,0,0,0,1,0,0,0,0,0,0,0,0,0,0,1,1,1,1
3961,1.08750860393567,0,0,0,1,0,1,0,0,1,1,1,1,1,0,0,0,0,0,1,0,1,0,1,1,0
3962,-1.3889262088462,0,1,1,1,0,0,0,0,0,1,1,1,1,0,1,0,0,0,0,0,1,1,0,1,1
3963,-1.71133134388354,0,0,1,1,0,1,0,0,1,0,0,0,1,0,0,0,0,0,0,0,0,0,0,0,1
3964,2.46359096372826,1,1,1,1,1,1,1,1,1,1,1,1,0,1,1,1,1,1,1,1,1,0,0,1,1
3965,-2.10192850521264,0,1,1,0,0,1,0,0,0,0,1,0,1,0,0,0,0,0,1,0,0,0,0,0,0
3966,0.109896021512962,1,0,1,0,0,1,0,1,0,0,1,1,1,0,0,0,0,0,0,1,0,1,1,1,1
3967,0.32195101149991,0,1,1,1,1,1,0,0,1,0,1,1,1,0,0,0,0,0,1,1,0,0,0,1,0
3968,-1.35590598671416,0,1,0,1,0,1,0,0,0,0,0,0,1,0,0,0,0,0,0,1,0,1,1,0,0
3969,0.00805141299322199,0,1,0,1,0,1,0,0,1,0,1,1,1,0,0,0,0,0,1,1,0,1,1,1,1
3970,-0.0518725707172421,0,0,1,1,0,1,0,1,1,0,1,0,1,0,0,0,0,0,1,1,1,1,0,1,1
3971,1.51582720775902,1,1,1,1,0,0,0,0,1,0,1,1,1,0,0,0,0,1,0,1,1,1,1,1,1
3972,-0.114763913189816,1,1,0,1,0,1,0,0,1,1,1,0,1,0,1,0,0,0,0,0,0,0,1,0,1
3973,0.0267162162731235,0,1,1,1,0,1,1,0,1,0,1,1,1,0,0,0,0,0,1,1,1,0,1,1,1
3974,0.0131345187920671,0,1,1,1,0,1,0,0,0,0,1,1,1,0,0,0,0,0,0,1,1,0,0,0,1
3975,0.508420663377993,0,1,1,1,0,1,1,1,0,0,1,0,1,0,1,0,0,1,0,1,1,1,0,1,1
3976,1.14087320850658,1,1,0,1,0,1,0,1,0,0,1,0,1,1,1,0,0,0,1,0,1,1,1,1,1
3977,-0.14233564507071,0,1,0,1,0,0,0,0,1,0,1,1,1,0,0,0,0,0,1,1,0,1,1,1,1
3978,-0.387938184513586,0,0,1,1,0,0,1,0,1,0,1,0,0,0,0,0,0,0,1,1,1,1,1,1,0
3979,-0.658368474259684,0,0,0,1,0,0,0,0,1,0,1,0,1,0,0,0,0,0,1,0,1,0,1,0,1
3980,-0.652077105552899,0,1,1,1,0,1,0,0,1,1,1,0,1,0,0,0,0,0,0,0,0,1,0,0,1
3981,-1.83161371822481,0,1,1,0,0,0,0,0,1,0,0,0,0,0,0,0,0,0,1,0,0,1,1,1,1
3982,0.213319235941477,0,1,1,1,0,1,0,0,0,1,1,0,1,0,1,0,0,0,1,1,1,0,1,1,0
3983,1.38872332231533,1,1,1,1,0,1,1,1,1,1,1,0,1,1,0,0,0,0,1,1,1,1,0,1,0
3984,-0.152272271182376,1,1,0,0,0,0,0,1,0,0,1,0,1,0,1,0,0,0,1,1,1,1,0,1,1
3985,0.454292946205104,0,1,0,0,0,1,1,0,0,0,1,1,1,1,1,0,0,1,0,1,1,0,1,0,1
3986,0.613799954260651,0,1,1,0,0,1,1,0,1,0,1,1,1,1,1,0,0,0,1,1,1,1,1,1,0
3987,-0.235971523628283,0,0,1,1,0,1,0,1,1,0,1,0,1,0,0,0,0,0,1,1,1,1,0,0,0
3988,2.15819090972499,1,1,1,1,1,1,1,1,0,1,1,1,1,1,1,1,1,1,1,1,1,1,0,1,1
3989,0.518771452638534,1,0,1,1,1,1,1,0,0,1,1,1,1,0,0,0,0,0,1,1,0,1,1,1,1
3990,-0.506385222511097,0,1,1,1,0,0,0,0,0,0,1,0,1,0,0,0,0,0,0,1,1,1,1,1,0
3991,-1.90752423270081,0,0,1,0,0,1,0,0,1,0,0,0,1,0,0,0,0,0,1,1,0,0,0,0,1
3992,0.00817732286052185,0,1,0,1,0,1,0,0,1,0,1,1,0,0,0,0,0,0,1,0,1,1,0,1,0
3993,0.0943529932334602,0,1,1,1,0,1,1,1,1,0,1,0,1,0,0,0,0,0,1,1,1,0,1,1,0
3994,-0.267389324484632,0,0,1,1,0,1,0,0,1,0,0,0,1,0,0,0,0,0,0,1,0,1,1,0,1
3995,0.16975701224881,0,1,1,1,0,1,1,0,1,1,1,0,0,0,1,0,0,1,1,1,1,1,0,0,0
3996,0.21246502571258,0,1,1,1,1,1,0,1,1,0,1,1,1,1,0,0,0,0,1,1,1,1,0,0,1
3997,-0.354463657156793,0,1,0,0,0,1,1,0,0,0,1,0,1,0,0,0,0,0,0,1,1,1,0,0,1
3998,0.887404934195462,1,1,1,1,1,1,0,0,1,0,1,1,1,0,0,0,0,0,1,1,1,1,0,0,1
3999,0.321572993791456,0,1,0,1,0,1,1,0,1,1,1,1,1,0,1,0,0,0,0,1,1,0,0,1,0
4000,1.61796800749837,0,1,1,0,1,1,1,1,0,1,1,1,1,1,1,1,0,1,1,1,1,0,1,1,1
4001,-0.283305830228718,0,1,1,1,0,1,0,0,1,0,1,1,0,0,1,0,0,0,0,0,1,0,1,1,0
4002,-0.343798632545501,0,1,1,1,0,0,0,0,1,1,0,0,1,0,0,0,0,0,1,1,1,1,0,1,0
4003,-1.18563893898643,0,1,0,1,0,0,1,0,0,1,0,0,0,0,0,0,0,0,0,0,0,1,0,0,0
4004,0.0157646215492178,1,0,1,1,0,0,0,1,1,0,0,1,1,0,0,0,0,0,1,1,1,1,0,1,0
4005,0.989666622961991,0,1,1,1,1,1,1,0,1,1,1,1,1,0,1,0,0,1,1,1,1,0,0,1,1
4006,2.30035405777371,1,1,1,1,1,1,1,0,1,1,1,1,1,1,1,0,1,1,1,1,1,0,1,1,1
4007,-1.12022969238852,0,0,1,1,0,1,0,0,0,0,0,1,1,0,0,0,0,0,0,1,0,0,0,1,0
4008,-2.02067231709768,0,1,0,1,0,1,0,0,0,0,0,0,1,0,0,0,0,0,0,0,0,1,0,0,0
4009,-1.25345779780436,0,1,0,0,0,0,0,0,1,0,1,1,0,0,0,0,0,0,0,0,0,1,0,0,1
4010,-0.694299590784187,0,1,0,1,0,1,0,0,0,0,1,0,1,0,0,0,0,0,0,1,0,1,1,1,0
4011,-0.848756279392329,0,1,0,1,0,0,1,0,1,0,1,0,0,0,0,0,0,0,1,1,0,0,1,0,0
4012,-1.63465538418682,0,1,1,0,0,1,0,0,1,0,0,0,1,0,0,0,0,0,1,1,1,1,1,0,1
4013,-0.20814310197992,0,1,1,0,0,0,0,0,1,0,1,0,1,0,0,0,0,0,0,1,0,0,1,1,0
4014,-0.722936333679066,0,0,1,1,0,1,0,0,1,0,0,0,1,0,0,0,0,0,0,1,1,0,0,1,1
4015,-0.327506985942641,1,1,0,1,0,0,1,0,1,0,1,1,0,0,0,0,0,0,1,1,0,0,0,1,1
4016,-0.488333604512722,0,1,1,1,0,1,0,1,0,0,1,1,1,0,0,0,0,0,0,0,0,1,0,1,1
4017,-1.2827135578698,0,1,1,1,0,1,0,0,0,0,0,0,1,0,0,0,0,0,0,0,0,0,1,0,1
4018,1.43860195644579,0,1,1,1,0,1,1,1,1,1,1,1,1,0,1,0,0,0,1,1,0,1,1,1,0
4019,0.184559979506873,0,1,0,1,0,1,0,0,0,1,0,1,1,0,0,0,0,1,1,1,1,1,1,1,1
4020,0.271715063809342,0,1,1,1,0,1,0,1,1,1,1,1,1,0,0,0,0,0,1,1,1,0,1,1,1
4021,-0.800469608991255,0,1,0,1,0,1,0,0,0,0,1,0,1,0,0,0,0,0,1,0,0,0,0,1,1
4022,0.0214694066160098,1,1,1,1,0,0,0,0,1,0,1,0,1,0,0,0,0,0,1,1,0,1,0,1,1
4023,-0.983932401723705,0,1,0,0,0,0,0,0,1,0,0,0,1,0,0,0,0,0,1,0,0,0,0,1,1
4024,0.153851222894327,0,1,0,1,0,1,0,0,1,0,1,0,1,0,0,0,0,0,1,0,1,1,1,0,1
4025,-0.90223177606008,1,1,1,1,0,1,0,0,1,0,1,0,1,0,1,0,0,0,0,0,1,1,0,0,0
4026,0.885460386928014,0,1,0,1,0,1,1,1,1,1,1,1,1,0,0,0,0,1,1,1,1,1,1,1,1
4027,-0.0917172634119728,0,0,1,1,0,0,0,0,1,0,1,1,1,0,1,0,0,0,1,0,1,1,1,1,1
4028,1.04000298084207,1,1,1,1,1,1,1,0,1,0,1,0,1,1,0,0,0,0,1,1,1,0,1,1,1
4029,-1.6463519420051,0,0,0,0,0,1,0,0,1,0,0,0,1,0,1,0,0,0,0,1,0,0,0,0,0
4030,-0.202866292172654,0,0,1,1,0,1,1,0,0,0,1,1,1,0,0,0,0,0,1,1,1,1,1,1,0
4031,-0.544927889033682,0,0,1,0,0,1,0,1,0,0,1,1,0,0,0,0,0,0,1,1,0,0,1,1,0
4032,1.41743948631139,1,1,0,1,0,1,1,1,1,1,1,1,1,1,0,0,1,0,1,1,1,1,1,1,0
4033,-1.16228122929161,0,1,1,1,0,1,0,0,0,0,1,1,0,0,0,0,0,0,1,0,1,0,0,0,1
4034,-0.302163314997855,0,1,1,1,0,1,0,0,0,0,1,0,1,0,0,0,0,0,0,0,1,1,1,0,1
4035,0.624744941467815,0,1,1,1,0,1,0,0,1,0,0,0,1,1,1,0,0,0,1,0,0,1,1,1,0
4036,-0.19190118367425,0,1,1,0,0,1,0,0,1,1,1,1,0,0,1,0,0,1,1,1,0,1,1,0,1
4037,-1.85956076473667,0,0,0,0,0,0,0,0,0,0,0,0,1,0,0,0,0,0,0,0,0,1,1,0,0
4038,-0.674808392313187,0,0,1,0,0,1,0,0,1,0,1,0,1,0,0,0,0,0,1,1,1,0,1,1,1
4039,-1.47899581632704,0,1,0,0,0,1,0,0,0,1,1,0,0,0,0,0,0,0,0,0,0,1,1,0,0
4040,-0.899417252429686,0,1,0,1,0,1,0,0,1,0,0,1,1,0,1,0,0,0,0,0,1,1,1,1,1
4041,0.133365426412671,0,1,0,1,0,1,0,0,1,0,1,1,0,0,0,0,0,1,1,1,0,0,1,1,1
4042,0.71476927288379,1,1,0,1,0,0,0,1,1,1,1,1,1,0,1,0,0,1,1,1,1,0,1,0,1
4043,-1.25290748533356,0,0,1,1,0,1,0,0,1,0,1,0,0,0,0,0,0,0,0,0,0,1,1,0,1
4044,0.82239000494522,1,1,1,0,0,1,1,0,1,0,1,1,1,1,0,0,0,0,1,1,1,1,0,1,1
4045,-1.13608679833654,0,0,0,0,0,0,0,0,0,0,0,1,1,1,0,0,0,0,0,1,1,1,0,0,0
4046,2.34649833911258,1,1,1,1,1,1,1,1,1,1,1,1,1,1,1,0,0,1,1,1,0,1,1,1,1
4047,1.06296803865874,0,1,1,1,0,0,0,1,1,1,1,1,0,0,1,1,0,0,1,1,1,1,1,1,1
4048,-1.06264884337322,0,0,0,1,0,0,0,0,1,0,1,0,1,0,0,0,0,0,1,1,1,1,0,1,0
4049,-0.472110113994561,0,1,0,1,0,1,0,1,1,1,0,0,1,0,0,0,0,0,1,0,0,1,1,0,0
4050,0.00362996148578999,1,0,0,1,0,1,0,1,0,0,1,0,1,0,1,0,0,1,1,0,0,0,0,1,0
4051,0.66996739535967,1,0,1,1,0,1,1,0,0,1,1,0,1,0,1,0,0,0,1,1,1,0,1,1,1
4052,-2.00438421921905,0,0,0,1,0,0,0,0,1,0,0,0,1,0,0,0,0,0,1,0,0,1,0,0,0
4053,-0.28629688951766,0,1,1,0,0,1,0,0,0,0,1,1,0,0,0,0,0,0,0,0,1,1,1,0,0
4054,-1.29465208333305,0,0,0,1,0,0,1,0,1,0,1,0,0,0,0,0,0,0,0,1,0,1,0,0,0
4055,-0.408744193966653,0,1,0,1,0,1,0,0,0,0,1,1,1,0,1,0,0,0,0,1,0,1,1,1,0
4056,-1.10437603786852,0,1,0,0,0,0,0,0,0,1,0,0,1,0,0,0,0,0,0,1,0,1,0,1,0
4057,1.49395979607759,1,1,1,1,1,1,1,1,1,1,1,1,1,1,0,0,0,1,1,1,1,1,1,1,1
4058,-0.0128495250284468,0,1,0,1,0,1,0,0,1,0,1,1,1,0,1,0,0,0,0,1,1,1,1,1,0
4059,-0.828955838365188,0,0,1,1,0,1,0,0,1,0,1,0,0,0,0,0,0,0,1,0,1,1,0,1,0
4060,-0.652378366006848,0,1,0,1,0,1,0,0,1,0,1,1,1,0,0,0,0,0,1,1,0,0,1,1,0
4061,-1.69046395223512,0,0,0,1,0,0,0,0,1,0,0,0,1,0,0,0,0,0,0,0,0,1,1,1,1
4062,0.346134407093042,1,0,0,1,0,1,0,1,0,1,1,0,1,0,1,0,0,0,0,1,1,0,1,0,1
4063,0.199881030996187,0,1,1,1,0,0,0,1,0,0,1,0,1,0,1,0,0,0,1,1,1,0,1,0,0
4064,1.48495205882372,1,1,1,1,0,1,1,0,0,0,1,1,1,1,1,0,1,0,1,1,1,1,1,1,1
4065,1.84344352497963,1,1,1,1,1,1,1,1,1,1,1,1,0,1,0,0,0,0,1,1,1,1,1,1,1
4066,1.3962112681342,0,0,1,1,0,0,1,0,1,0,1,1,1,0,1,0,0,1,0,1,1,1,1,1,1
4067,-0.0262038604685908,0,0,0,0,1,1,0,0,1,0,1,1,1,0,0,0,0,0,0,1,1,1,0,0,1
4068,-1.10148592318921,0,0,0,0,0,1,0,0,0,0,0,0,1,0,0,0,0,0,1,0,1,1,1,0,0
4069,1.79432756891946,1,1,1,1,0,1,0,1,1,1,1,0,1,1,0,1,0,0,1,1,1,1,1,1,1
4070,1.23224799330053,1,1,0,1,1,1,1,1,1,1,1,0,1,1,1,0,0,0,1,1,1,1,1,1,1
4071,1.49332750821727,1,1,1,1,0,1,1,1,1,1,1,1,1,0,1,0,0,0,1,1,1,0,1,1,1
4072,-0.170582514373004,0,0,1,1,0,1,0,1,0,0,1,1,1,0,0,0,0,0,0,0,1,0,1,1,1
4073,-0.492536193217149,0,1,0,1,0,0,0,1,0,0,1,1,0,0,0,0,0,0,0,1,1,1,0,1,1
4074,-0.160528074320381,1,1,1,1,1,1,1,0,1,0,1,1,1,0,0,0,0,1,1,1,1,1,1,0,1
4075,0.686921728824786,1,1,0,1,0,0,1,1,0,0,0,0,1,0,1,0,0,0,0,1,1,0,1,0,0
4076,-0.10723847461956,0,1,1,1,0,1,1,1,1,0,1,1,1,1,1,0,0,0,1,1,1,0,1,1,1
4077,0.0157393959499307,0,1,0,1,0,0,1,0,1,0,1,0,1,0,0,0,0,0,1,1,1,1,1,0,1
4078,0.310761864623858,0,1,1,1,0,1,0,0,0,0,1,0,1,0,1,0,0,1,0,1,0,1,1,1,0
4079,-0.720662842317578,0,0,0,1,0,1,1,0,0,0,1,1,1,0,0,0,0,0,1,1,1,0,1,1,1
4080,1.16044924510562,0,0,0,1,1,0,1,0,1,1,1,0,0,0,0,0,0,0,1,1,1,1,1,1,1
4081,-0.482437617339608,0,0,1,1,0,1,0,0,1,1,1,0,1,0,0,0,0,0,0,0,1,0,1,0,1
4082,-0.794051846830674,0,1,1,1,0,1,0,0,0,0,1,1,0,0,0,0,0,0,1,1,0,1,1,0,0
4083,0.727944706703371,0,1,0,1,1,1,1,0,1,1,1,1,1,0,1,0,0,0,1,1,1,1,1,1,1
4084,1.63658506474858,0,1,1,1,1,1,0,1,1,1,1,1,1,1,1,0,0,1,1,0,1,1,1,1,0
4085,-0.198336705570474,1,1,1,1,0,1,0,0,1,0,1,0,1,0,0,0,0,1,0,1,1,1,0,0,1
4086,0.405784716763693,0,0,1,0,0,1,0,1,0,0,1,0,1,0,1,0,0,1,1,0,1,1,0,1,1
4087,-0.0543409160053144,1,1,0,0,0,0,0,0,1,0,1,1,1,0,0,0,0,0,0,1,0,0,0,1,0
4088,-0.263982272780107,0,1,1,1,0,0,0,1,1,0,1,1,1,0,0,0,0,0,1,0,0,1,0,0,1
4089,0.77976678905583,1,1,0,1,0,1,1,0,0,1,1,0,1,0,1,0,0,1,1,1,1,1,1,1,1
4090,0.401043860126254,1,1,1,1,0,1,1,0,0,0,1,0,1,0,0,0,0,0,1,1,0,1,1,1,1
4091,-0.61284174649439,0,1,0,0,0,1,0,0,1,0,1,0,0,0,0,0,0,0,0,1,1,1,0,1,0
4092,-0.0422424873634311,0,1,1,1,1,1,0,0,0,0,1,1,1,1,1,0,0,0,1,0,1,1,1,1,0
4093,0.64174876174323,0,1,0,1,1,1,1,1,1,1,1,1,1,0,1,0,0,0,1,1,1,1,1,1,0
4094,-0.324378796022983,0,1,0,1,0,0,0,0,1,0,1,0,1,0,0,0,0,0,1,1,1,1,0,0,0
4095,0.762922592723464,0,0,1,1,0,1,0,0,0,0,1,1,1,0,0,0,0,0,1,1,1,1,0,1,1
4096,-0.363147169721905,0,0,0,0,0,1,0,0,1,1,1,0,1,0,0,0,0,0,1,1,0,0,1,1,1
4097,-0.905895891937697,0,1,0,1,0,1,0,0,0,0,0,1,1,0,0,0,0,0,1,1,1,0,0,0,0
4098,-1.23586221058529,0,0,0,1,0,1,0,0,1,0,1,0,0,0,0,0,0,0,0,0,1,1,1,0,0
4099,-0.561660567736434,0,1,0,0,0,0,0,0,0,0,1,1,1,0,0,0,0,0,1,1,1,1,0,0,0
4100,-0.759045733970877,0,1,0,1,0,0,0,0,0,0,0,0,1,0,0,0,0,0,1,0,0,0,0,1,0
4101,0.86907847671977,0,1,1,1,0,0,0,1,0,1,1,1,1,1,0,0,0,0,1,1,1,1,1,1,0
4102,0.521251462404862,1,1,1,1,1,1,1,1,0,1,1,1,1,0,1,0,0,0,1,1,1,1,1,1,0
4103,-1.41796445537988,0,1,1,1,0,1,0,1,1,0,0,0,0,0,0,0,0,0,1,1,1,0,1,0,1
4104,2.50278174338922,1,0,1,1,0,1,1,1,1,1,1,1,1,1,1,1,0,1,1,1,1,1,1,1,1
4105,0.000131449219802029,0,1,1,0,0,1,1,0,0,0,0,0,1,0,1,0,0,0,1,0,1,1,1,1,0
4106,1.38321960631421,1,1,0,1,1,1,1,1,1,1,1,1,1,1,1,1,0,0,1,1,1,1,1,1,1
4107,-0.793993969115287,0,1,0,1,0,1,0,0,1,1,0,0,1,0,1,0,0,1,1,0,0,0,0,0,1
4108,0.988267021944472,1,1,1,1,0,1,0,0,1,1,1,1,1,1,0,0,0,0,1,0,1,1,1,1,1
4109,-1.27779712730796,0,1,0,1,0,0,0,0,0,0,1,0,1,0,0,0,0,0,0,1,0,1,0,0,1
4110,-0.690994957988758,0,1,0,0,0,1,0,0,1,0,1,0,1,0,0,0,0,0,1,0,0,1,1,1,0
4111,0.781254018500453,1,1,1,1,1,1,1,1,0,0,1,0,1,0,0,0,0,0,1,1,1,1,1,1,0
4112,-1.20275453997808,0,0,1,0,0,0,0,0,1,1,1,0,1,0,0,0,0,0,0,0,1,1,0,0,0
4113,-1.31035157256092,0,1,0,0,0,0,0,0,0,0,0,0,0,0,0,0,0,0,0,1,0,1,1,0,0
4114,0.267428304499985,0,1,1,0,0,1,0,1,1,1,1,1,1,1,0,0,0,0,1,1,1,1,1,1,1
4115,0.0654936999929091,0,0,0,0,0,1,0,0,0,0,0,1,0,1,1,0,0,0,1,1,1,0,0,1,0
4116,-0.58814412199083,0,0,1,1,0,1,1,0,1,0,1,0,1,1,1,0,0,0,1,1,0,0,0,1,0
4117,-0.272186783581469,0,1,1,1,0,1,0,0,1,0,0,1,1,0,0,0,0,0,1,1,1,1,1,0,0
4118,-1.20418986162019,0,1,1,1,0,0,0,0,1,0,1,0,1,0,0,0,0,0,0,1,1,1,1,1,1
4119,0.024117758037849,1,1,1,1,0,1,0,0,0,0,1,1,1,1,0,0,0,0,1,1,1,1,0,1,1
4120,0.288533606699327,0,1,1,1,0,1,0,1,1,1,1,0,0,0,0,0,0,0,1,0,1,0,1,0,1
4121,-0.0541689284952785,0,0,0,1,0,1,0,0,1,0,1,1,1,1,0,0,0,0,1,0,0,1,1,0,0
4122,0.518296948732773,1,1,1,0,0,1,1,0,1,1,1,1,1,0,1,0,0,0,0,1,1,1,1,0,1
4123,0.600158162864993,0,0,0,1,0,1,0,0,1,0,1,1,1,1,0,0,0,0,1,1,1,1,1,1,1
4124,0.626894648887227,1,1,0,1,0,1,1,0,0,1,1,1,1,1,0,0,0,0,0,1,1,1,1,1,1
4125,-0.0699507047433743,0,0,0,1,0,1,0,0,1,0,1,0,1,0,0,0,0,0,1,1,1,1,1,0,1
4126,-0.816140173149493,0,1,0,1,0,1,0,0,0,0,1,0,0,0,0,0,0,0,1,0,0,0,1,0,0
4127,-1.85980778320739,0,1,0,0,0,1,0,0,0,0,0,0,0,0,0,0,0,0,0,0,0,0,1,1,0
4128,-0.997008219335298,0,1,1,1,0,1,0,0,0,0,1,0,1,0,0,0,0,0,0,0,0,0,1,0,1
4129,0.313029198304529,1,1,1,1,0,0,1,1,1,1,1,1,1,1,0,0,0,0,1,1,1,0,1,1,0
4130,1.09583549879684,1,1,1,1,1,1,0,0,1,0,1,1,1,1,1,0,0,0,1,1,0,1,1,1,1
4131,-0.27833673887294,0,1,1,1,0,1,1,1,0,0,0,0,1,0,0,0,0,0,1,0,1,0,0,0,1
4132,0.0237001216685077,0,0,1,1,0,1,0,0,1,0,1,0,1,0,0,0,0,0,0,0,0,1,0,1,0
4133,-1.00904882183811,0,1,1,0,0,0,0,1,1,0,0,0,1,0,0,0,0,0,1,0,1,0,1,0,0
4134,0.625744543938984,1,1,1,1,0,1,0,0,1,1,1,1,1,0,0,0,0,1,1,1,1,1,1,0,0
4135,2.14534478053339,1,1,1,1,1,1,1,1,1,1,1,1,1,1,1,0,0,1,1,1,1,1,1,1,1
4136,0.47413206060132,0,1,1,0,0,1,0,0,1,1,0,0,1,1,0,0,0,0,1,0,1,1,1,0,0
4137,0.747732896105826,0,1,0,0,0,1,0,1,1,0,1,0,1,0,0,0,0,1,1,0,1,1,1,1,0
4138,0.756200091923138,1,1,1,1,1,1,0,0,1,1,1,1,1,1,1,0,0,0,1,1,1,1,0,1,1
4139,-1.34348034331477,0,0,0,0,0,0,0,0,0,0,0,0,0,0,0,0,0,0,0,1,1,0,0,0,0
4140,0.368012544096353,1,1,1,0,0,0,0,0,1,0,1,0,1,0,0,0,0,0,1,1,1,1,1,1,1
4141,-0.967976008078425,0,1,1,1,0,1,0,0,0,1,1,0,0,0,0,0,0,0,1,1,0,1,0,0,1
4142,0.56700232198984,0,1,1,1,0,1,1,1,0,0,1,1,1,1,0,0,0,0,0,1,0,1,0,1,1
4143,-0.21076353399316,0,1,0,1,0,1,1,0,1,1,1,0,1,0,0,0,0,0,1,1,1,1,0,0,1
4144,-1.02264494425769,0,0,0,1,0,1,0,0,1,0,1,0,0,0,0,0,0,0,1,1,1,1,0,0,1
4145,-1.13892549285488,0,1,1,0,0,0,0,0,1,0,1,0,1,0,0,0,0,0,0,0,1,0,0,0,1
4146,0.225909157995373,0,1,0,1,0,0,0,1,1,0,1,0,1,0,0,0,0,0,1,1,1,0,1,0,1
4147,0.789872998657396,0,1,1,1,1,1,1,0,1,0,1,0,1,1,1,0,0,0,1,0,1,1,1,0,1
4148,2.22027596382593,1,1,0,1,1,1,1,1,1,1,1,1,1,1,1,0,0,1,1,1,1,1,1,1,1
4149,0.776415384734448,0,1,0,1,0,1,1,1,1,1,1,1,1,1,0,0,0,1,1,1,1,1,1,1,1
4150,-0.605384422928324,0,0,1,1,0,0,0,0,1,0,1,1,0,0,0,0,0,0,1,0,1,1,1,1,0
4151,1.01119425813931,0,1,0,1,1,0,0,0,1,1,1,1,1,0,0,0,0,1,1,1,1,1,1,0,1
4152,-1.10141497062926,0,0,0,1,0,1,0,0,1,0,1,0,0,0,0,0,0,0,1,1,0,0,1,0,1
4153,0.130836753920112,1,1,0,1,0,1,1,1,1,1,1,1,1,0,1,0,0,0,1,0,0,1,0,1,0
4154,-1.28245693781769,0,0,1,0,0,1,0,0,0,0,1,0,1,0,0,0,0,0,1,1,1,1,0,0,0
4155,-0.664124838909343,0,0,1,1,0,0,0,0,0,0,1,1,1,0,0,0,0,0,0,0,1,1,0,1,1
4156,0.586074050629177,1,1,1,1,1,1,0,1,0,0,1,1,1,0,1,0,0,0,1,1,1,0,1,1,0
4157,0.942254408849604,0,1,1,1,1,1,1,1,1,1,1,1,1,0,1,0,0,0,1,0,1,1,1,1,0
4158,-0.878569403250608,0,0,0,1,0,1,0,0,0,0,1,0,1,0,0,0,0,0,1,1,1,0,0,1,0
4159,-1.06334248012926,0,1,0,1,0,1,0,0,1,0,1,0,1,0,0,0,0,0,0,1,1,0,0,0,0
4160,0.121059666984402,1,1,1,1,0,1,0,0,1,0,1,0,1,0,0,1,0,0,1,1,1,1,1,1,1
4161,2.50771026166527,1,1,1,1,1,1,1,1,0,1,1,1,1,1,0,0,0,1,1,1,1,1,0,1,1
4162,-0.812171854123524,0,1,0,0,0,1,0,0,1,0,1,0,0,0,1,0,0,0,1,1,0,0,0,0,0
4163,1.84809430106309,1,1,0,1,1,1,0,1,1,1,1,1,1,1,1,0,0,1,1,1,1,1,1,0,1
4164,0.831475779611979,0,1,1,1,0,1,0,1,0,0,1,1,1,1,0,0,0,0,1,1,1,1,1,1,0
4165,0.0424411667922943,0,1,1,1,0,0,0,0,0,0,1,0,1,0,1,0,0,0,1,0,1,0,1,1,1
4166,0.321912885626089,0,1,1,1,1,1,1,0,1,0,1,1,0,1,0,0,0,0,0,1,1,1,1,1,0
4167,0.310442286467345,0,1,0,0,1,0,1,0,0,0,0,1,1,0,0,0,0,0,0,1,1,1,1,0,1
4168,2.49299890155319,1,1,1,1,1,1,1,1,0,1,1,1,1,1,1,1,1,0,1,1,1,1,1,1,1
4169,0.707554580453825,0,1,0,0,0,1,0,0,1,1,1,1,0,0,1,0,0,0,1,1,1,1,1,1,0
4170,-0.130602781753795,0,0,0,1,0,0,0,0,1,0,1,0,0,0,0,0,0,0,0,1,0,1,0,1,1
4171,-0.771480718729922,0,0,0,1,0,0,0,0,0,0,0,0,1,0,0,0,0,0,1,1,1,0,0,1,0
4172,-1.00054694406933,0,1,1,0,0,0,1,0,1,0,1,0,1,0,1,0,0,0,0,1,1,0,1,0,0
4173,0.0518377199486996,0,0,1,0,0,0,0,0,1,1,1,0,1,1,0,0,0,0,1,1,1,1,1,1,0
4174,-1.10095654341115,0,1,1,0,0,1,0,0,0,0,0,0,0,0,1,0,0,0,0,0,0,0,0,1,0
4175,-1.4934572849824,0,0,0,0,0,1,1,0,0,0,1,0,0,0,0,0,0,0,1,1,0,1,1,1,0
4176,-0.332284268864343,0,0,1,1,0,1,0,1,0,0,1,0,1,0,0,0,0,0,1,1,1,1,0,1,1
4177,0.421338576210732,0,1,0,1,0,0,0,1,0,1,1,0,0,1,0,0,0,0,1,1,1,1,1,0,1
4178,-0.133158569651831,0,1,1,1,0,0,0,1,0,0,1,0,1,0,1,0,0,0,1,0,1,1,0,1,0
4179,-0.341215480274098,0,1,1,1,0,1,0,0,1,0,1,1,1,0,0,0,0,0,1,0,1,1,0,1,0
4180,-0.152145782272583,0,1,0,1,0,1,0,0,1,0,1,0,1,0,0,0,0,0,0,1,0,1,1,0,1
4181,-0.00120998453714067,0,1,1,1,0,1,0,1,1,0,1,0,1,0,0,0,0,0,1,1,0,1,1,1,0
4182,-0.29598920423537,0,1,0,1,0,1,0,0,0,0,1,0,1,0,1,0,0,0,1,1,0,1,1,1,1
4183,-0.200140781288053,1,1,0,1,0,1,1,0,1,1,0,0,1,0,0,0,0,0,0,1,1,1,0,0,0
4184,-1.77981227084932,0,0,1,0,0,1,0,0,1,0,1,0,0,0,0,0,0,0,0,1,0,0,0,1,0
4185,0.258790303651769,1,1,1,1,0,0,0,0,1,1,0,1,1,0,1,0,0,0,1,0,0,0,1,1,1
4186,-0.761946772427394,0,1,0,0,0,0,0,0,0,0,1,0,1,0,0,0,0,0,0,0,1,1,0,0,1
4187,0.373775471251788,0,1,1,1,1,1,0,0,1,0,1,1,0,0,1,0,0,0,1,1,0,1,0,1,0
4188,0.135971916578695,0,1,0,1,0,0,0,1,0,1,1,1,1,0,0,0,0,1,1,0,1,0,1,1,1
4189,0.191777479750492,0,1,1,1,0,1,0,0,1,0,1,1,1,0,0,0,0,0,0,1,1,0,1,1,1
4190,-0.793332801152651,0,1,0,0,0,1,0,0,0,1,1,0,0,0,0,0,0,0,0,1,0,1,0,1,1
4191,0.755877863369997,0,0,1,1,1,0,1,0,1,1,1,0,1,1,0,0,0,1,1,1,1,1,1,1,1
4192,-0.600378835022858,0,1,1,1,0,0,0,0,1,0,0,1,1,0,0,0,0,0,0,1,1,0,1,1,1
4193,-1.75485067890999,0,1,1,0,0,1,0,0,0,0,0,0,1,0,0,0,0,0,0,1,1,1,1,0,0
4194,-0.210099416170676,0,1,1,1,0,1,0,1,1,0,0,1,1,0,0,0,0,0,0,1,1,0,0,1,1
4195,0.34130397610068,0,0,1,1,0,1,1,0,1,0,1,1,0,0,0,0,0,0,0,0,1,0,0,1,0
4196,-0.708336074514203,0,0,1,1,0,1,0,0,1,0,1,0,1,0,0,0,0,0,1,1,0,1,1,1,1
4197,0.89931155303482,1,1,0,1,0,1,0,0,1,0,1,1,1,0,1,0,0,0,1,0,1,1,1,0,1
4198,1.88246262564238,1,1,1,1,0,1,1,1,0,1,1,0,1,1,1,0,0,1,1,1,1,1,1,1,1
4199,-0.0772115146450016,0,1,1,1,0,1,0,0,0,0,1,1,0,0,0,0,0,0,1,1,1,0,0,1,1
4200,-0.451710542558178,0,1,0,1,0,1,1,0,0,1,1,0,1,0,0,0,0,0,0,1,1,0,1,0,1
4201,0.575109153654277,0,1,0,1,0,0,0,0,1,0,1,1,1,0,0,0,0,1,1,1,1,1,1,0,1
4202,1.69691988701678,1,1,0,0,1,1,1,1,1,0,1,1,1,1,0,0,0,0,1,1,0,1,1,1,1
4203,0.518441125306498,1,0,1,1,0,1,1,1,1,1,1,1,1,0,0,0,0,0,1,1,1,0,1,1,0
4204,0.202130589189428,1,1,1,1,0,0,1,1,1,0,1,1,1,0,0,0,0,0,1,1,0,1,0,0,1
4205,0.426025934788951,0,1,1,1,0,1,0,1,1,0,1,1,1,0,1,0,0,0,1,1,0,1,1,0,1
4206,0.354619195624625,0,1,1,1,0,1,0,1,0,0,1,1,1,0,0,0,0,0,1,1,1,1,1,0,1
4207,-1.08353980168176,0,1,1,1,0,0,0,0,0,0,0,1,1,0,0,0,0,0,1,1,1,1,0,0,0
4208,-1.09623818416437,0,0,1,0,0,1,0,0,0,0,1,0,0,0,0,0,0,0,1,0,0,1,1,1,0
4209,0.464654750125514,0,1,0,1,0,1,1,0,1,1,1,0,1,0,1,0,0,0,0,1,1,1,1,0,1
4210,2.05732810376115,1,1,0,1,1,1,1,0,0,1,1,1,1,1,1,0,0,1,1,1,1,0,1,1,1
4211,0.0241102811820774,0,1,1,1,0,1,0,0,1,1,1,0,1,0,0,0,0,0,1,1,1,1,1,1,1
4212,2.27461450467378,1,1,1,1,0,1,1,1,1,1,1,1,1,1,1,1,1,1,1,0,1,1,1,1,1
4213,1.31874527844836,1,1,1,1,0,1,1,0,1,1,1,1,1,1,0,0,0,0,1,0,0,1,1,1,1
4214,1.26422543241747,1,1,1,1,1,1,1,0,0,1,1,0,1,1,0,0,0,0,1,1,1,1,1,1,0
4215,-0.539931052488109,0,1,1,1,0,1,0,1,1,0,1,1,1,0,0,0,0,0,0,1,1,0,0,1,1
4216,-2.05645772325041,0,1,1,1,0,0,0,0,0,0,1,0,1,0,0,0,0,0,0,0,1,1,1,0,0
4217,-1.47727815686496,0,1,0,1,0,1,0,0,0,0,1,1,1,0,0,0,0,0,0,1,0,1,0,1,1
4218,-0.0402743135933828,0,1,1,0,0,1,1,0,0,0,1,1,1,1,0,0,0,0,1,0,1,1,1,1,1
4219,1.31846385956507,1,1,1,1,1,0,0,1,1,1,1,1,0,1,1,0,0,1,1,1,1,0,1,1,1
4220,1.2025815460336,1,1,0,1,0,1,1,1,1,0,1,1,1,1,1,0,0,1,1,1,1,1,1,1,1
4221,0.608218672363204,0,1,0,1,0,0,0,0,0,1,1,1,1,0,0,0,0,0,0,1,1,1,1,1,0
4222,1.03639246312183,1,1,1,1,0,1,0,1,1,0,1,1,1,1,1,0,0,0,1,0,1,0,1,1,1
4223,-2.5649002191127,0,0,0,0,0,0,0,0,0,0,0,0,0,0,0,0,0,0,0,0,1,0,1,0,0
4224,1.10637599691547,1,1,1,1,0,0,1,1,1,1,1,1,1,1,1,0,0,1,1,0,0,1,1,1,0
4225,0.532622625385928,0,1,0,1,0,1,0,1,0,1,0,0,1,0,1,0,0,1,0,0,1,1,1,1,0
4226,0.641299941502213,0,1,0,1,1,1,1,0,1,0,1,1,1,0,1,0,0,1,1,1,1,1,0,1,0
4227,-1.9287868770381,0,0,0,0,0,1,0,0,0,0,1,0,0,0,0,0,0,0,0,0,0,1,0,0,0
4228,0.759148839567394,0,1,0,1,1,1,0,1,0,0,1,1,1,1,0,0,0,0,0,1,0,1,1,1,0
4229,0.693158195231411,0,1,0,0,1,1,1,1,0,1,1,1,1,0,1,0,0,1,1,1,1,0,1,1,1
4230,1.03262679361858,1,1,1,1,1,1,1,0,0,1,1,0,1,0,1,0,0,1,1,0,1,1,1,1,0
4231,0.613314744133571,0,1,1,1,1,1,0,1,1,0,1,1,1,0,0,0,0,1,1,1,1,1,0,1,1
4232,-0.382820720821032,0,0,1,1,0,1,0,0,1,0,1,0,1,0,0,0,0,0,1,1,0,1,1,1,1
4233,-1.36999139488832,0,1,0,1,0,1,0,0,0,0,0,0,0,0,0,0,0,0,0,0,0,0,0,1,0
4234,-1.231206254998,0,1,1,1,0,1,0,0,1,0,1,0,1,0,0,0,0,0,0,0,1,0,1,1,0
4235,0.0242791030379367,0,1,1,1,0,1,0,0,1,0,1,0,1,0,0,0,0,0,1,1,1,1,0,0,1
4236,0.485362265985295,1,1,1,1,0,1,1,0,1,0,1,1,1,0,1,0,0,0,0,1,0,1,1,1,0
4237,-0.0316316198403961,0,1,1,1,0,1,0,0,1,1,1,1,1,0,0,0,0,0,1,0,1,1,0,0,1
4238,1.13110892869231,1,0,1,1,0,1,1,1,1,1,1,1,1,0,0,0,0,0,1,1,1,1,1,0,1
4239,0.54780220115474,0,1,0,1,1,0,0,1,0,0,1,0,1,0,1,0,0,0,0,1,1,1,0,1,0
4240,-0.617140547982646,0,0,1,0,0,1,0,0,0,0,0,1,1,0,0,0,0,0,1,1,0,1,1,1,1
4241,0.264058407918077,1,1,1,1,0,1,1,0,1,0,1,0,1,0,1,0,0,0,0,0,1,1,1,1,0
4242,-0.997008219335298,0,1,0,0,0,0,0,0,0,0,0,0,1,0,0,0,0,0,1,0,0,0,1,1,0
4243,-0.349086683723092,0,0,1,0,0,1,0,0,1,0,0,1,0,0,0,0,0,0,1,1,1,1,1,1,0
4244,-0.492903251275889,0,1,1,1,0,1,1,1,0,0,1,1,1,0,0,0,0,0,0,1,1,0,1,1,1
4245,-0.0176047894544395,0,1,0,1,0,1,1,1,1,0,1,0,0,0,1,0,0,0,1,0,1,1,1,1,0
4246,-0.67494476328656,0,1,0,0,0,1,0,0,0,0,1,0,1,0,0,0,0,0,1,1,0,0,1,0,1
4247,-1.55225953858303,0,0,1,0,0,1,0,1,0,0,0,0,0,0,0,0,0,0,0,1,0,0,1,1,1
4248,0.487474705955906,1,1,1,1,0,1,1,1,1,0,1,1,1,0,0,0,0,0,1,0,1,0,1,1,0
4249,-0.0784640307087669,0,1,1,1,0,1,0,0,1,1,1,1,1,0,0,0,0,0,0,1,0,1,1,1,1
4250,1.15652357348521,1,1,0,1,1,1,1,0,0,1,1,1,1,0,0,0,1,1,1,1,0,1,0,1,1
4251,-1.49506476478747,0,0,0,1,0,1,0,1,0,0,1,1,0,0,0,0,0,0,1,0,1,0,1,0,0
4252,0.473871502413507,1,1,1,1,0,1,0,0,1,1,1,1,1,1,1,0,0,0,1,1,1,1,1,1,0
4253,0.86425326022003,0,1,0,1,0,1,1,0,1,1,1,1,0,0,1,0,0,1,0,0,1,1,1,1,1
4254,-0.356364478959011,0,1,0,0,1,1,1,0,1,0,1,0,1,0,0,0,0,0,0,0,0,1,0,1,0
4255,0.772902417854128,0,0,0,1,0,1,1,0,1,0,1,1,1,0,1,0,0,0,0,1,1,1,1,1,0
4256,-0.451653115316077,0,0,1,0,0,1,1,0,1,1,1,0,0,0,1,0,0,0,1,0,1,1,1,1,1
4257,-0.36855526131954,0,1,0,0,0,1,0,0,1,0,0,0,1,0,0,0,0,0,1,1,0,1,1,1,0
4258,2.56277305937797,1,1,1,1,1,1,1,1,1,1,1,1,1,0,1,0,0,1,1,1,1,1,0,1,1
4259,0.0883270278313181,0,0,0,1,0,0,0,0,1,1,1,1,1,0,0,0,0,0,1,1,1,1,0,1,0
4260,-1.19317917642761,0,1,1,0,0,1,0,0,1,0,1,0,0,0,0,0,0,0,1,0,0,1,0,1,0
4261,-1.06717050460706,0,0,1,1,0,1,0,0,1,0,0,1,1,0,0,0,0,0,0,1,0,1,0,0,0
4262,0.891237156945493,0,1,1,1,0,1,0,0,1,1,1,1,1,0,0,0,0,0,1,1,1,1,1,1,1
4263,0.632584031477147,0,0,1,0,0,0,0,0,1,1,1,1,1,1,0,0,0,1,1,0,1,1,1,1,1
4264,0.178686171532616,0,1,1,1,0,1,0,0,0,0,1,0,1,0,1,0,0,0,0,0,0,0,1,1,0
4265,0.500076640378473,0,1,0,1,0,1,0,0,1,0,1,1,1,0,1,0,0,0,1,1,1,1,0,0,1
4266,-1.42033404207547,0,0,1,1,0,0,0,0,1,0,0,0,1,0,0,0,0,0,1,1,0,1,1,0,1
4267,0.305116111793376,1,1,1,1,0,1,1,0,1,0,1,0,1,0,0,0,0,0,0,1,1,0,1,1,1
4268,-2.27177388817121,0,1,0,0,0,0,0,0,0,0,0,0,0,0,0,0,0,0,0,1,0,1,1,0,1
4269,-0.234314046094061,0,0,0,0,0,1,0,0,0,1,1,1,1,0,1,0,0,0,0,1,1,1,0,1,1
4270,-1.53209496427065,0,1,1,1,0,1,0,0,0,0,1,1,1,0,0,0,0,0,1,0,1,1,0,0,0
4271,0.32157521076154,1,1,1,1,0,1,0,1,1,0,1,0,1,0,1,0,0,0,1,1,1,1,1,1,0
4272,2.70707619339319,1,1,1,1,1,1,1,1,1,1,1,0,1,1,1,1,1,1,1,1,0,1,1,1,1
4273,-0.0722797210291296,0,1,1,1,0,0,0,1,0,0,0,0,1,0,1,0,0,0,1,1,1,0,0,0,0
4274,-0.154177823456021,1,1,0,1,0,1,0,1,1,0,1,1,1,0,1,0,0,0,0,1,1,0,0,0,0
4275,1.78403823722846,1,1,1,1,0,1,1,1,0,0,1,1,1,0,1,0,1,0,1,1,1,1,1,1,1
4276,-0.499970937561343,0,0,1,1,0,0,0,1,1,0,0,1,1,0,0,0,0,0,1,1,1,1,0,1,1
4277,-0.684459928002815,0,0,0,1,0,1,0,0,1,0,1,0,1,0,0,0,0,0,1,0,1,1,0,0,1
4278,0.0443986101004742,1,1,0,0,0,1,0,0,0,0,1,1,1,0,0,0,0,0,1,1,1,1,1,0,0
4279,-0.765471409642316,0,1,0,1,0,1,0,0,0,0,1,0,1,0,0,0,0,0,0,1,1,1,1,1,1
4280,1.11030324090108,1,1,0,1,1,1,0,0,1,0,1,1,1,0,1,0,0,0,1,1,0,1,1,1,1
4281,1.60952800302984,0,1,1,0,1,1,1,1,1,1,1,0,1,0,1,1,0,1,1,1,1,1,1,1,1
4282,0.410858223770368,1,1,1,1,0,1,0,0,1,1,0,1,0,1,1,0,0,0,0,1,1,1,1,1,0
4283,-0.898447861499205,0,1,0,1,0,0,0,0,0,0,1,1,1,0,0,0,0,0,1,1,0,0,0,0,1
4284,1.09610024744395,0,1,1,1,0,1,1,1,1,1,1,1,1,1,1,0,0,0,1,1,1,1,1,1,1
4285,0.738157342925738,1,1,1,1,0,1,0,1,0,1,1,1,1,1,1,0,0,0,1,1,1,1,0,1,1
4286,0.258826278422807,0,1,1,1,0,1,0,1,1,1,1,1,1,1,1,0,0,0,1,1,0,1,0,1,1
4287,1.02230162513398,0,1,0,1,0,1,1,0,0,0,1,1,1,0,0,0,0,0,1,1,1,1,0,1,1
4288,-0.503580551999819,0,1,1,0,0,1,0,0,0,0,1,0,1,0,0,0,0,0,1,1,0,0,1,0,1
4289,-1.13126180169353,0,0,0,0,0,1,0,0,1,0,1,0,1,0,0,0,0,0,1,1,1,1,1,0,0
4290,0.402087022128853,1,1,1,0,0,0,0,1,1,0,1,1,1,1,1,0,0,0,1,0,0,1,1,1,1
4291,1.02374508155723,0,1,1,1,1,1,1,0,1,1,1,0,1,1,1,0,0,0,0,1,1,1,1,0,1
4292,0.499935924076189,0,1,1,1,1,1,0,0,1,0,1,0,1,0,0,1,0,0,0,0,0,0,0,1,1
4293,-1.86311017021749,0,0,0,0,0,0,0,0,0,0,0,0,1,0,0,0,0,0,0,0,1,0,0,0,1
4294,1.15221724492193,0,1,0,1,0,1,1,1,1,0,1,1,1,0,0,0,0,0,1,1,0,1,0,1,1
4295,-0.441393229760619,0,1,0,1,0,0,0,1,0,0,0,0,1,0,0,0,0,0,0,1,0,1,1,1,0
4296,-0.762597117298068,0,1,1,0,0,0,0,0,1,0,1,0,0,0,0,0,0,0,1,1,1,0,1,0,0
4297,1.09564299931117,1,1,0,1,1,1,1,0,0,0,1,1,1,1,1,0,0,1,1,1,1,1,1,0,1
4298,-0.205407131199866,0,1,1,1,0,0,0,1,1,0,1,0,1,0,0,0,0,0,1,1,1,0,0,1,0
4299,-0.684459928002815,0,0,0,1,0,1,0,1,0,0,1,1,1,0,0,0,0,0,1,0,1,1,1,1,1
4300,-0.286158295622504,1,1,1,1,0,1,0,0,1,0,1,1,1,0,0,0,0,0,0,1,1,1,1,1,1
4301,-0.288161962030246,0,0,1,1,0,1,0,0,0,1,1,0,1,0,0,0,0,0,0,1,0,0,0,1,1
4302,-0.787832571392,0,1,0,0,0,1,1,0,1,0,1,0,1,0,1,0,0,0,1,1,0,0,1,1,1
4303,-0.290777756233715,0,1,0,1,0,1,0,0,0,0,1,0,1,0,0,0,0,0,1,1,1,0,1,0,0
4304,-0.243170303807748,0,1,0,1,0,0,0,0,0,0,1,1,1,0,0,0,0,0,1,1,1,1,0,0,0
4305,0.035615547119409,1,1,1,1,0,0,1,0,1,0,1,1,1,1,1,0,0,0,0,1,1,1,0,1,1
4306,0.458912869075251,0,1,0,1,0,0,0,0,0,1,1,1,1,0,0,0,0,0,1,1,1,1,1,0,1
4307,-0.726059399352949,0,0,1,0,0,0,0,0,1,0,1,1,1,0,0,0,0,0,1,1,1,1,0,0,1
4308,0.721170838881885,1,1,1,1,1,1,0,1,0,1,1,1,0,0,1,0,0,1,1,0,0,1,1,1,0
4309,2.04169722012662,1,1,1,1,1,1,1,0,1,1,1,1,1,1,1,0,1,1,1,1,1,1,1,1,1
4310,1.92482662134069,1,1,1,1,0,1,1,1,1,1,1,1,1,1,1,0,1,1,1,1,1,1,1,1,1
4311,2.62403188450719,1,1,0,1,1,1,1,1,1,1,1,1,1,1,1,0,0,1,1,1,0,1,1,1,1
4312,1.27640549164824,0,1,1,1,0,1,1,0,1,1,1,1,1,1,1,0,0,0,1,1,1,0,1,1,0
4313,0.482357742184899,1,0,0,0,0,1,0,0,1,0,1,1,0,0,1,0,0,0,1,1,1,1,1,1,0
4314,0.945186018430277,1,1,0,1,0,1,1,0,1,0,1,1,1,1,1,0,0,0,0,1,1,0,1,1,1
4315,1.52349494396801,1,0,1,1,0,1,0,0,0,1,1,1,1,1,0,0,0,1,0,0,1,1,1,1,1
4316,0.358943028171493,0,1,0,1,0,1,0,0,1,0,1,0,1,0,1,0,0,0,1,1,1,0,1,1,1
4317,0.240176788795283,0,1,0,1,0,1,0,0,1,0,0,0,1,0,0,0,0,0,1,1,1,1,0,0,0
4318,-1.31668525532526,0,1,1,0,0,0,0,0,1,0,1,0,1,0,0,0,0,0,1,1,1,1,1,0,0
4319,0.154138771951549,0,1,0,0,1,1,0,0,0,0,1,1,1,0,1,0,0,0,1,1,0,1,1,1,0
4320,0.642545611176014,1,0,1,1,0,1,0,1,1,1,1,0,0,0,0,0,0,0,0,0,1,1,1,1,1
4321,0.18209987797691,1,1,0,1,0,1,0,0,1,0,1,1,0,0,0,0,0,0,0,1,1,1,1,1,1
4322,0.888586902274524,1,1,1,1,1,1,0,0,0,1,1,0,1,1,1,0,0,0,1,0,1,1,1,1,0
4323,1.70966152483771,0,1,1,1,1,0,1,0,1,1,1,1,1,1,1,0,0,0,0,1,1,1,1,0,0
4324,-1.41481123775123,0,1,1,1,0,1,0,0,1,0,1,1,1,0,0,0,0,0,1,1,0,1,0,0,0
4325,-0.933688521628101,0,0,1,1,0,1,0,0,1,0,0,0,1,0,0,0,0,0,0,0,0,1,1,0,0
4326,-0.62719071840029,0,1,1,0,0,0,0,0,1,0,1,0,1,0,0,0,0,0,1,0,1,1,1,0,1
4327,0.579133149838747,0,1,1,1,0,1,0,0,1,0,1,1,1,0,1,0,0,0,1,1,1,1,1,1,1
4328,0.933627305788344,0,1,0,1,1,1,1,0,1,0,1,1,1,1,1,0,0,0,1,1,1,1,1,1,1
4329,-0.693251678219052,0,1,1,1,0,1,0,0,0,0,0,0,1,0,0,0,0,0,1,0,1,1,1,0,1
4330,0.744004963034929,0,1,0,1,1,1,1,1,1,1,1,1,1,0,0,0,1,0,1,0,1,1,1,0,1
4331,0.479372262685816,0,1,1,1,0,1,1,1,1,1,0,1,1,0,1,0,0,0,1,0,1,1,0,1,1
4332,-0.465060495472777,0,1,1,1,1,1,0,0,1,0,1,1,1,0,1,0,0,0,1,0,0,1,0,0,1
4333,1.01410952481193,0,1,0,1,0,1,1,0,0,1,1,1,1,1,0,1,0,1,1,1,1,1,0,1,1
4334,-0.690172084768554,0,1,0,1,1,1,0,0,0,0,1,0,0,0,0,0,0,0,1,1,0,1,1,1,0
4335,0.0216163508089301,1,1,0,1,0,1,1,1,1,1,1,1,1,0,0,0,0,0,1,1,0,1,1,1,1
4336,0.955192246860078,0,1,1,1,1,1,0,1,1,1,1,0,0,1,0,0,0,0,1,1,1,1,0,1,1
4337,0.487843439921433,0,1,1,1,0,0,0,1,0,0,1,0,1,1,1,0,0,0,0,1,1,1,1,1,0
4338,0.495290129265474,0,0,0,1,0,0,0,0,1,0,0,0,1,0,0,0,0,0,1,1,1,1,1,1,1
4339,-0.0124073600060108,0,1,1,1,1,1,0,0,0,1,1,0,1,0,0,0,0,0,1,1,0,1,1,1,0
4340,-0.144238495323337,1,0,1,1,0,1,1,1,1,0,0,0,1,0,1,0,0,0,1,0,1,1,0,0,1
4341,0.533924120011776,0,1,1,1,1,1,0,1,0,1,1,1,1,1,1,0,0,0,1,1,1,1,1,1,1
4342,-2.27177388817121,0,0,0,1,0,1,0,0,0,0,1,0,1,0,0,0,0,0,1,0,0,1,0,1,0
4343,-0.851454686313571,0,1,0,0,0,0,0,0,1,0,1,0,1,0,0,0,0,0,1,0,0,1,1,1,1
4344,1.99861452399776,1,1,0,1,1,1,1,1,1,1,1,1,1,0,1,0,0,1,1,1,1,1,1,1,0
4345,1.16701261319221,0,1,0,1,0,0,1,0,1,1,1,0,1,1,1,0,0,0,1,1,1,1,1,1,1
4346,2.64739815335809,1,1,1,1,1,0,1,1,1,1,1,1,1,1,1,1,1,1,1,1,1,1,1,1,1
4347,-0.967914561023501,0,1,0,1,0,1,0,0,0,0,1,1,0,0,0,0,0,0,0,1,1,0,0,0,1
4348,-0.723708568640801,0,0,1,0,0,1,0,0,0,0,0,1,1,0,0,0,0,0,1,1,0,1,0,0,0
4349,0.482964300114423,0,1,0,1,1,1,0,0,1,0,1,1,1,0,0,0,0,0,1,1,1,0,1,1,0
4350,0.0550708862992981,1,1,1,1,0,1,0,1,1,0,1,1,1,1,0,0,0,0,0,1,1,1,0,1,1
4351,-1.2777917439446,0,1,0,1,0,0,0,0,1,0,1,0,0,0,0,0,0,0,0,1,1,0,0,1,0
4352,1.81672487697264,1,1,1,1,1,1,1,1,1,1,0,1,1,1,0,0,0,1,1,1,1,1,1,1,1
4353,0.0629551466384728,0,0,1,1,0,1,0,0,1,0,1,0,0,0,0,0,0,0,1,0,0,1,0,0,1
4354,1.86842092822449,1,1,1,1,1,1,1,0,1,1,1,1,1,0,0,0,1,0,1,1,0,1,1,1,1
4355,-0.64765967350939,0,1,1,1,0,0,1,0,1,1,1,0,1,0,0,0,0,0,0,1,1,1,1,1,0
4356,0.179019468618952,0,1,0,1,0,0,0,1,1,0,0,0,1,0,1,0,0,0,1,1,1,0,1,0,1
4357,0.158128575666845,0,0,0,1,0,1,1,0,1,0,1,0,1,0,0,0,0,0,1,1,1,1,1,1,1
4358,-1.24725890384979,0,0,0,1,0,1,0,0,0,0,0,0,1,0,0,0,0,0,1,1,0,0,0,1,0
4359,-2.38261331737715,0,1,0,0,0,1,0,0,1,0,0,0,0,0,0,0,0,0,0,0,0,0,0,0,0
4360,-0.658677479254784,0,1,1,1,0,1,0,0,0,0,1,0,1,0,0,0,0,0,1,1,1,1,0,1,1
4361,-0.357277632643625,1,1,1,1,0,0,0,0,1,0,1,1,1,0,0,0,0,0,0,1,1,1,0,0,1
4362,3.45019977777752,1,1,1,1,1,1,1,1,1,1,1,1,1,1,1,1,1,1,1,1,0,0,1,1,1
4363,-1.80742183153224,0,0,0,0,0,1,0,0,0,0,1,0,0,0,0,0,0,0,1,0,0,1,0,0,0
4364,-0.919844600608847,0,0,0,1,0,0,0,0,1,0,1,1,1,0,0,0,0,0,0,1,0,1,1,1,0
4365,-1.97828395961092,0,1,1,0,0,0,0,0,1,0,0,0,0,0,0,0,0,0,0,1,1,1,0,1,0
4366,2.21355395310011,1,1,1,0,1,1,1,1,1,1,1,0,1,1,1,0,0,1,1,1,1,1,1,1,1
4367,0.632293160456693,1,0,1,0,1,1,0,0,0,0,1,0,1,0,1,0,0,0,1,1,1,0,1,1,1
4368,-1.89345265996007,0,0,0,0,0,1,0,0,1,0,0,0,1,0,0,0,0,0,0,0,1,0,0,0,0
4369,-0.655604195857598,0,1,0,0,0,1,0,0,1,0,1,0,1,0,0,0,0,0,1,0,1,1,1,1,1
4370,-0.433680709342603,0,1,1,0,0,1,1,0,1,0,1,1,1,0,0,0,0,0,1,1,1,1,1,0,1
4371,-0.105131023340078,0,1,0,1,0,1,0,0,0,0,1,0,1,0,0,0,0,0,0,1,1,1,1,0,0
4372,1.75215667791668,1,1,1,1,0,1,1,1,1,1,1,1,1,1,1,0,1,0,1,1,1,1,1,1,1
4373,1.07671903519356,0,1,1,1,0,0,0,1,1,1,1,0,1,0,0,0,0,0,1,1,1,1,0,1,1
4374,0.539420908375597,1,1,1,1,0,0,0,0,1,0,1,1,1,1,1,0,0,0,1,1,1,1,1,1,1
4375,0.4983294755691,1,0,1,1,0,1,0,1,1,0,1,1,1,1,1,0,0,0,1,1,1,1,1,1,1
4376,-0.288915711653105,0,1,1,1,0,1,0,0,0,0,1,0,1,0,0,0,0,0,1,1,0,1,1,0,1
4377,0.861508949987213,1,1,1,1,1,1,0,0,1,1,1,1,1,0,1,0,0,0,0,1,1,1,1,0,1
4378,0.402604701698139,1,1,1,0,0,1,1,1,1,0,0,1,1,0,0,0,0,0,1,1,1,1,1,1,1
4379,-1.6801713227012,0,1,0,1,0,0,0,0,1,0,0,0,0,0,0,0,0,0,0,0,0,0,1,1,1
4380,-0.170579390039094,1,1,1,1,1,0,0,0,1,0,1,0,1,0,0,0,0,0,1,1,0,1,0,1,1
4381,-1.00505186054847,0,0,1,1,0,0,0,0,0,1,1,1,0,0,0,0,0,0,1,0,0,1,0,0,1
4382,0.357324622015178,1,1,1,1,1,1,0,0,0,0,1,0,1,0,1,0,0,1,1,1,1,1,1,1,1
4383,0.240174848474372,1,1,1,1,0,1,0,1,1,0,1,0,1,0,0,0,0,0,1,1,1,0,0,0,1
4384,-1.27714444422219,0,1,1,0,0,0,0,0,1,1,1,0,1,0,0,0,0,0,0,1,1,1,0,1,0
4385,0.224223550964145,0,0,1,1,1,1,0,0,0,0,1,0,1,0,0,0,0,0,1,1,1,1,1,0,1
4386,0.826678215609446,1,0,1,1,1,1,1,0,1,1,1,1,1,0,0,0,0,0,0,1,1,1,0,1,1
4387,1.33769875649878,1,1,1,1,1,1,0,1,1,0,1,1,1,1,1,1,1,0,1,1,1,1,1,1,1
4388,0.585158135179829,0,1,0,1,0,1,0,0,0,1,1,0,1,1,0,0,0,0,0,1,1,1,0,1,1
4389,1.00897499294501,0,0,1,1,1,1,1,0,0,1,1,1,1,1,1,0,0,1,1,1,1,0,0,1,1
4390,0.00272845544689935,1,1,1,1,0,0,1,0,0,0,1,1,1,0,1,0,0,0,1,1,0,0,1,1,1
4391,0.762712627008357,0,1,1,1,1,1,0,0,0,1,1,1,1,0,0,1,0,0,1,0,1,1,0,1,1
4392,1.18468435686217,0,1,1,1,1,1,1,1,1,0,1,1,1,0,0,1,0,0,1,1,1,1,1,1,1
4393,-0.404963790883968,0,1,1,1,1,1,1,0,0,0,1,0,1,0,0,0,0,0,1,1,0,1,0,1,1
4394,-2.0983046129869,0,0,0,1,0,0,0,0,1,0,0,0,1,0,0,0,0,0,1,0,0,0,1,0,0
4395,-0.35225556122637,0,1,0,0,0,1,0,0,0,0,1,1,1,0,1,0,0,0,0,0,1,1,0,1,0
4396,-0.554230634502789,0,1,0,1,0,1,0,0,1,0,0,0,0,0,0,0,0,0,0,1,0,1,0,1,1
4397,-1.36287293941368,0,1,1,1,0,1,0,0,0,0,1,0,1,0,0,0,0,0,0,0,0,1,0,0,0
4398,-0.784102578381534,0,1,0,0,0,1,0,0,0,1,1,1,1,1,1,0,0,0,1,1,1,1,1,0,0
4399,1.696938793975,1,1,1,1,1,1,1,1,0,1,0,0,1,1,1,0,0,1,1,1,1,1,1,1,0
4400,1.70730874337229,0,1,1,1,1,1,0,0,1,1,1,1,1,1,1,0,0,1,1,1,1,0,1,1,1
4401,-0.451340433533622,0,1,1,0,0,1,0,0,1,0,1,1,0,1,0,0,0,0,0,1,0,0,1,0,0
4402,0.202826181394802,0,1,1,1,0,0,0,0,1,0,1,1,1,0,0,0,0,0,0,1,1,1,1,1,0
4403,0.993751153765115,0,1,1,1,0,1,1,0,1,1,1,1,1,1,0,0,0,0,1,1,1,1,1,1,1
4404,1.79353340753146,1,1,0,1,1,1,1,1,0,1,1,1,1,1,1,0,0,1,1,1,1,0,1,1,1
4405,-0.146522539873644,0,1,0,0,0,1,0,0,1,1,0,0,1,0,1,0,0,0,1,0,1,1,1,1,1
4406,0.61031821724424,0,0,1,1,0,1,0,0,0,1,1,0,1,1,0,0,0,0,1,1,1,1,1,1,1
4407,0.851977732876894,0,1,0,1,0,1,1,0,0,0,1,1,1,1,0,0,0,0,0,0,1,0,1,1,0
4408,1.20766022761689,1,0,1,1,0,0,0,1,1,1,1,0,1,0,1,0,1,0,1,1,1,1,1,1,0
4409,-0.488825132690525,0,1,1,1,0,1,0,0,1,1,1,1,0,0,0,0,0,0,1,0,1,1,1,1,1
4410,-0.948022298579864,0,1,1,1,0,0,0,0,1,0,1,0,0,0,0,0,0,0,0,1,0,0,1,1,1
4411,-0.225947911962968,0,1,1,1,0,1,1,0,0,0,1,1,1,0,0,0,0,0,1,1,1,0,0,1,1
4412,0.731762266926435,1,1,1,1,0,1,1,1,0,0,1,1,0,1,0,0,0,0,0,1,0,1,1,0,1
4413,0.503492123800299,1,0,0,1,0,1,0,0,0,1,1,1,1,0,0,0,0,1,1,0,1,1,1,0,1
4414,0.385930002960291,1,1,1,1,0,1,1,1,0,1,1,1,1,0,1,0,0,0,1,0,0,1,1,1,1
4415,-0.395991088098407,0,0,0,1,0,1,0,0,1,1,0,1,1,1,0,0,0,0,1,1,0,1,1,1,0
4416,1.49334301535023,1,1,1,1,1,1,0,0,1,1,1,0,1,1,0,0,0,0,1,1,1,1,1,1,1
4417,-0.192061625614154,0,1,1,1,0,1,0,0,1,0,1,0,1,0,0,0,0,0,1,0,1,1,1,1,0
4418,-0.520835516368877,0,0,1,1,0,1,0,0,1,0,1,0,0,0,1,0,0,0,1,1,1,1,0,0,0
4419,0.42809708896567,0,0,1,1,0,1,1,0,1,1,1,0,1,1,0,0,0,0,0,1,1,1,1,1,0
4420,1.25835824261021,1,1,1,1,0,1,0,0,1,1,1,1,1,0,0,1,0,1,1,1,1,1,0,1,1
4421,0.561738609326796,1,1,0,1,0,0,0,0,1,1,0,1,1,0,0,0,0,0,0,1,1,1,0,1,1
4422,1.84433960457798,1,1,1,1,1,1,1,1,1,1,1,1,1,0,1,0,0,0,1,1,1,1,1,1,1
4423,0.302068553494985,0,1,1,1,0,1,1,0,1,1,1,0,0,0,1,0,0,0,1,1,1,0,0,1,0
4424,-0.00285825295626048,0,1,0,1,0,1,0,0,0,1,1,0,1,0,1,0,0,0,0,0,0,1,0,0,1
4425,-0.0753086290351413,0,1,1,0,0,1,0,0,0,0,1,1,1,0,0,0,0,0,0,1,1,1,1,0,1
4426,-1.32644519102631,0,0,0,0,0,1,0,0,1,1,0,0,1,0,0,0,0,0,0,1,0,0,0,1,0
4427,2.50272732952506,1,1,0,1,1,1,1,1,0,1,1,1,1,1,0,0,0,1,1,1,1,1,0,1,1
4428,0.160613234124538,0,1,1,1,1,1,0,1,1,0,1,1,1,0,0,0,0,0,0,1,1,0,1,0,1
4429,0.383516584078621,0,1,0,1,1,1,0,0,0,0,1,0,1,0,0,0,0,0,1,0,1,1,0,1,1
4430,-0.937275292076689,0,0,1,1,0,0,0,1,1,0,1,0,1,0,0,0,0,0,1,1,0,1,1,0,1
4431,0.989666622961991,0,1,1,1,0,1,1,0,0,1,1,1,1,0,1,0,0,0,1,1,1,1,1,1,1
4432,-0.494558937892446,0,1,0,1,0,0,0,0,1,0,1,0,1,0,0,0,0,0,0,1,1,1,0,0,0
4433,-0.165962700149095,0,1,1,0,0,1,0,0,0,1,1,0,0,1,1,0,0,0,1,0,1,0,0,0,0
4434,0.337862708285856,0,1,1,1,0,1,1,0,1,0,1,1,1,0,1,0,0,0,1,1,1,1,1,1,1
4435,-0.200556281409243,0,1,1,1,0,1,0,0,1,0,1,1,1,0,1,0,0,0,1,1,0,1,0,0,1
4436,-0.0132238786484844,0,1,0,0,0,0,0,0,1,0,1,1,1,0,1,0,0,0,1,0,0,1,0,1,1
4437,1.91043815079387,1,1,1,1,1,0,1,1,1,1,1,1,1,1,1,0,0,1,1,1,1,0,1,1,1
4438,-0.521493498366918,0,0,1,1,0,0,0,0,1,0,1,0,1,0,0,0,0,0,0,0,0,0,0,0,0
4439,-0.261443437460241,0,1,1,1,0,1,0,0,1,0,1,1,1,0,0,0,0,0,1,1,0,0,1,0,1
4440,1.04720215468544,1,1,1,1,1,1,1,0,1,1,1,0,1,0,1,0,0,0,0,1,1,1,1,1,1
4441,-0.210468329526365,1,1,1,1,0,1,0,0,0,0,1,1,1,0,0,0,0,1,0,1,0,0,1,1,1
4442,0.267002663589348,0,0,1,1,0,1,1,0,1,0,0,1,1,0,0,0,0,0,1,0,1,1,1,1,1
4443,-0.626197915155606,0,0,1,1,0,1,0,0,1,0,1,1,1,0,0,0,0,0,1,1,0,1,1,0,1
4444,-0.790125535797319,0,1,1,1,0,1,0,0,1,0,1,0,1,0,0,0,0,0,1,0,1,0,0,1,1
4445,-0.38867469027244,0,0,0,1,0,1,0,0,0,0,1,0,1,0,0,0,0,0,0,0,0,1,1,1,0
4446,-0.38780499053349,0,1,0,1,0,1,0,0,0,0,1,0,1,0,0,0,0,0,1,0,1,1,0,0,1
4447,0.0027289504070149,0,1,1,1,0,1,0,0,1,1,0,0,1,0,1,0,0,0,1,1,1,0,1,0,1
4448,0.283386930268732,0,1,1,1,1,1,0,1,1,1,0,0,1,0,0,0,0,0,1,1,1,1,0,1,0
4449,0.728468509409938,1,0,1,1,1,1,1,1,0,0,1,1,1,0,1,0,0,0,1,1,1,1,1,1,0
4450,-0.351649959578398,0,0,0,1,0,1,1,0,0,0,1,0,1,0,0,0,0,0,1,0,1,1,0,1,1
4451,-1.48019737738808,0,1,1,0,0,0,0,0,0,0,0,0,1,0,0,0,0,0,0,0,1,1,0,0,0
4452,-0.189050786266248,0,0,0,1,0,1,0,0,1,0,0,0,1,1,0,0,0,0,0,1,1,1,1,1,0
4453,0.0611461918978371,1,1,1,1,1,1,1,0,1,0,1,1,1,0,0,0,0,0,1,0,1,1,1,0,0
4454,-0.385308112890605,0,1,0,1,0,0,1,0,1,0,1,1,1,0,1,0,0,0,1,1,0,0,1,1,1
4455,-1.22936999722565,0,1,0,1,0,1,1,0,0,0,0,1,1,0,0,0,0,0,1,1,0,1,1,0,1
4456,0.128387187989747,0,1,0,1,0,0,0,0,1,1,0,0,1,0,0,0,0,0,1,0,0,1,1,0,1
4457,-0.658359911263571,0,1,1,1,0,1,0,0,1,0,1,0,1,1,0,0,0,0,0,1,0,1,1,1,0
4458,-0.551770902023744,0,1,0,1,0,1,0,0,1,0,1,0,1,0,0,0,0,0,1,0,1,1,1,1,1
4459,-0.0796278031378392,0,1,1,0,0,0,0,0,0,0,1,1,1,0,0,0,0,0,0,1,1,1,0,1,0
4460,-0.790360448202996,0,1,1,1,0,0,0,0,1,0,1,0,1,0,0,0,0,0,0,1,1,1,0,0,0
4461,-0.665244614652072,0,1,1,1,0,0,0,1,0,0,0,0,1,0,0,0,0,0,1,1,0,0,0,1,0
4462,1.49935806501336,1,1,0,1,1,1,1,0,1,1,1,1,1,1,0,0,0,0,1,1,1,1,1,1,1
4463,0.0775692988587904,0,1,0,1,0,1,1,0,0,0,1,1,1,0,0,0,0,0,1,1,1,0,1,0,1
4464,-1.55333179663316,0,1,0,0,0,1,0,0,1,0,1,0,1,0,0,0,0,0,0,1,0,1,0,1,0
4465,0.766103466461544,0,0,0,1,0,1,0,0,0,0,1,0,1,1,0,0,0,1,0,1,1,1,1,0,1
4466,-0.398472070003835,0,1,1,1,0,1,0,0,1,0,1,0,1,0,0,0,0,0,1,1,0,0,0,1,1
4467,-0.632188804727261,0,0,0,0,0,1,1,1,1,1,0,1,1,0,0,0,0,0,1,0,1,0,1,0,1
4468,2.02201774020397,1,1,1,1,1,1,1,1,0,1,1,1,1,1,0,0,0,1,1,1,1,1,0,1,0
4469,-0.673323214848291,0,0,0,0,0,0,0,0,1,0,1,0,0,0,0,0,0,0,0,1,0,0,1,0,1
4470,-0.11771139354366,0,0,1,1,0,1,0,0,1,0,1,1,1,0,0,0,0,0,0,0,1,1,1,0,0
4471,2.01793419637548,1,1,1,1,0,1,1,1,1,1,1,1,1,0,1,1,0,1,1,0,1,1,1,1,1
4472,-1.60671280299909,0,0,0,1,0,1,0,0,1,0,1,0,0,0,0,0,0,0,0,0,1,0,0,0,0
4473,-1.14552575681674,0,1,0,1,0,1,0,0,0,0,1,1,1,0,0,0,0,0,0,0,0,1,0,0,0
4474,1.03096211259447,1,1,1,1,0,0,0,1,0,0,1,0,0,0,0,0,0,1,1,1,1,1,1,1,1
4475,-2.06217128291644,0,0,0,0,0,1,0,0,1,0,1,0,1,0,0,0,0,0,0,1,1,0,0,0,1
4476,-0.731857241090527,0,1,1,1,0,1,0,0,0,0,1,0,1,0,0,0,0,0,0,1,0,1,1,1,0
4477,0.680994379857715,1,0,1,1,0,1,0,1,1,1,1,1,0,1,0,0,0,0,1,1,1,1,1,1,1
4478,0.0362887763470695,0,0,0,1,0,1,1,1,1,0,1,1,0,0,1,0,0,0,1,1,1,1,1,1,0
4479,-0.822321654352708,0,0,1,1,0,1,0,0,1,0,0,0,1,1,0,0,0,0,0,0,0,0,1,0,1
4480,-0.226115980799512,0,1,1,1,0,1,0,1,1,0,1,1,1,0,0,0,0,0,0,0,1,0,1,1,1
4481,0.43663943248736,0,1,1,1,0,1,1,0,1,1,1,1,1,0,0,0,0,0,1,1,1,1,0,1,1
4482,-1.48018396064392,0,0,0,0,0,0,0,0,0,0,1,0,1,0,0,0,0,0,1,0,1,0,1,0,1
4483,-0.22091109437807,0,1,1,0,1,0,0,0,0,0,1,0,0,0,0,0,0,0,1,1,1,1,0,1,0
4484,0.433917404993248,0,1,1,1,1,1,0,0,1,0,0,1,1,1,1,0,0,1,1,1,0,1,0,1,1
4485,-0.755443929533591,0,1,0,1,0,1,0,0,0,0,1,0,0,0,0,0,0,0,1,1,0,1,0,0,0
4486,0.737391869193232,0,1,1,1,0,1,1,0,0,0,1,0,1,0,0,0,0,0,1,1,1,1,1,1,1
4487,-1.05541764984647,0,1,1,1,0,1,0,0,1,0,1,0,1,0,0,0,0,0,0,0,1,0,1,1,1
4488,-0.00826571073691688,0,1,1,1,0,0,0,0,1,1,1,1,1,0,0,0,0,0,1,0,1,1,0,1,0
4489,-0.181695880784925,0,0,1,1,1,1,0,0,1,1,1,0,1,0,0,0,0,0,0,1,1,1,0,0,0
4490,-0.519136422194582,1,1,1,0,0,1,0,0,0,1,1,0,1,0,0,0,0,0,0,1,1,1,1,0,1
4491,-0.783133095086797,1,1,1,0,0,1,0,0,1,1,1,0,1,0,0,0,0,0,1,0,0,1,1,0,0
4492,-0.446264897876839,0,1,1,1,0,1,0,1,0,0,1,1,0,0,0,0,0,0,1,0,0,1,1,1,0
4493,-0.475001836458156,0,1,1,1,0,1,0,0,1,0,1,1,1,0,0,0,0,0,1,0,1,0,1,0,1
4494,-1.79235549536976,0,0,1,0,0,0,0,0,0,0,1,0,1,0,0,0,0,0,1,0,0,1,1,0,0
4495,0.0774125233741927,0,1,1,1,0,1,0,1,1,0,1,1,1,0,0,0,0,1,1,1,0,1,1,1,1
4496,-0.365603558520026,0,0,1,1,0,0,0,0,0,0,1,1,1,0,0,0,0,0,0,1,1,0,1,1,1
4497,-0.205411692577768,0,1,0,1,0,0,0,0,1,0,1,1,1,0,0,0,0,0,1,0,1,0,1,0,0
4498,-0.822334887747008,0,1,0,1,0,1,0,0,1,1,1,0,1,0,1,0,0,0,0,0,1,1,0,1,0
4499,0.544976257600701,1,0,1,1,0,1,1,1,1,1,1,1,1,0,0,0,0,0,0,1,1,1,1,1,1
4500,-0.492000838998551,1,1,1,0,0,0,1,0,1,0,0,1,1,0,0,0,0,0,1,1,0,0,1,0,1
4501,-0.910354405428708,0,1,0,0,0,0,0,0,0,0,1,0,1,0,0,0,0,0,1,0,0,0,1,0,1
4502,-0.356539081755617,0,1,0,1,0,0,0,0,1,0,0,0,0,0,0,0,0,0,0,0,1,1,0,0,0
4503,-0.231627641344855,1,1,0,1,0,1,1,0,1,0,1,0,1,0,0,0,0,0,1,0,1,1,1,1,0
4504,-0.735263286049661,0,0,1,1,0,1,0,0,1,0,1,1,1,1,0,0,0,0,1,1,1,1,1,0,1
4505,0.302066351599057,1,1,1,1,0,1,1,1,1,0,1,1,1,0,0,0,0,0,1,1,1,1,1,1,1
4506,-0.906946633805251,0,1,1,0,0,1,0,0,1,0,1,0,1,0,0,0,0,0,1,0,0,0,0,1,0
4507,-0.243467431174761,0,1,1,1,0,0,0,0,1,1,1,0,0,0,0,0,0,0,0,1,1,1,0,0,1
4508,0.780871728491003,1,1,1,1,0,0,1,1,0,0,1,1,1,0,1,0,0,0,1,1,0,1,1,1,1
4509,-0.286112800943922,0,1,0,1,0,1,0,0,0,0,0,0,1,0,0,0,0,0,0,0,1,1,0,0,1
4510,-0.00994717059996512,0,1,0,1,0,0,1,0,1,0,1,1,1,0,0,0,0,0,0,1,1,1,1,0,1
4511,0.428479153512831,1,1,1,1,0,1,1,0,0,1,1,1,1,0,0,0,0,0,1,1,1,1,1,1,0
4512,-0.374129835400827,0,1,0,0,0,1,0,0,1,1,0,0,1,0,0,0,0,0,0,1,1,0,1,0,0
4513,0.993676416038063,1,0,0,1,0,1,0,1,1,0,1,0,1,0,1,0,0,0,1,1,1,1,1,1,1
4514,-0.65796200921817,0,1,1,1,0,0,0,0,0,0,0,1,1,0,0,0,0,0,1,1,1,1,1,1,1
4515,-0.163181052752566,0,1,1,1,0,0,1,1,1,0,1,1,1,0,1,0,0,0,1,1,0,1,1,1,0
4516,-0.307652379130236,0,1,1,1,0,1,0,0,1,0,1,1,0,1,1,0,0,0,1,0,0,1,0,1,1
4517,0.395840383340503,0,1,1,1,0,1,0,1,1,0,1,1,0,0,0,0,0,0,1,0,0,0,0,1,1
4518,-1.22975310898423,0,1,0,1,0,0,0,0,0,0,0,0,1,0,0,0,0,0,1,0,0,0,0,0,1
4519,0.693338265999465,1,1,1,0,0,1,0,1,0,0,1,1,1,0,0,0,0,0,1,1,1,1,1,1,0
4520,-0.793336086702218,0,1,0,0,0,1,0,1,1,0,1,0,1,0,0,0,0,0,0,1,0,1,0,0,0
4521,-0.775656678396115,0,1,0,1,0,1,0,0,1,0,1,0,0,0,0,0,0,0,0,0,0,1,0,0,0
4522,-1.6886846519742,0,1,1,0,0,0,0,0,1,0,0,0,0,0,0,0,0,0,1,0,1,1,1,1,1
4523,-0.539989653326595,0,1,0,0,0,0,0,0,1,0,1,0,1,0,1,0,0,0,1,0,0,1,0,0,1
4524,-2.64379167697629,0,1,0,0,0,1,0,0,0,0,0,0,0,0,0,0,0,0,1,0,0,0,1,1,0
4525,-0.887305210812008,0,0,1,0,0,0,0,0,1,0,1,0,1,0,0,0,0,0,0,0,1,1,1,1,1
4526,-0.955130772849216,0,1,0,1,0,1,0,0,1,0,0,0,0,0,0,0,0,0,0,0,1,1,1,0,0
4527,-0.2786764603142,0,1,1,1,0,1,0,0,1,0,1,1,1,0,0,0,0,0,0,1,1,1,0,1,0
4528,-0.334747483098384,0,0,1,1,0,1,0,0,1,0,1,1,1,0,0,0,0,0,0,1,1,1,1,0,0
4529,1.09683215724874,0,1,1,1,0,0,0,0,1,1,1,0,1,0,1,0,0,0,1,1,1,1,1,1,0
4530,-1.36070063856631,0,1,1,1,0,0,0,0,1,0,1,0,1,0,1,0,0,0,1,1,0,1,1,0,0
4531,-1.85839467447281,1,0,0,0,0,0,0,0,0,0,0,0,1,0,0,0,0,0,1,1,0,0,1,1,1
4532,-0.0659663505702719,1,1,0,1,0,0,0,0,0,0,1,1,0,0,0,0,0,0,1,0,0,1,1,1,1
4533,-1.07764295568732,0,0,0,1,0,1,0,0,0,0,0,0,0,0,0,0,0,0,1,1,1,0,1,0,0
4534,1.80427445835203,1,1,0,1,0,1,1,1,1,1,1,1,1,1,0,0,1,1,1,1,1,1,0,1,1
4535,-1.35559924660692,0,0,1,1,0,1,0,0,0,0,0,1,1,0,0,0,0,0,0,0,0,0,1,0,0
4536,0.0265757589694834,0,1,1,1,0,1,1,0,0,0,1,1,1,0,0,0,0,0,1,1,1,1,1,0,1
4537,0.074947867329384,0,1,0,1,0,1,0,0,0,1,1,0,1,1,1,0,0,0,1,0,1,1,1,1,0
4538,-2.27774059084882,0,1,0,0,0,1,0,0,0,0,0,0,1,0,0,0,0,0,0,0,0,0,0,0,0
4539,1.60965941347162,0,0,1,1,1,1,1,1,0,0,1,1,1,1,1,0,0,0,1,1,1,1,1,1,1
4540,-0.300647502949923,1,0,0,1,0,1,0,1,0,0,1,1,1,0,0,0,0,0,0,1,0,0,1,1,1
4541,-0.288609348504234,0,1,1,0,0,1,1,0,0,0,1,0,0,0,0,0,0,0,1,1,0,1,1,1,0
4542,0.386124401160454,0,1,1,1,1,0,0,0,1,0,1,1,1,0,1,0,0,0,1,1,1,1,1,1,0
4543,-0.633045288232409,0,1,1,1,0,1,1,0,1,1,0,0,1,0,0,0,0,0,0,1,1,1,1,1,0
4544,1.2174557950263,1,1,0,1,0,1,1,1,1,1,1,1,1,0,1,0,1,0,0,1,1,1,0,1,0
4545,0.710694862870533,0,1,1,1,0,1,1,0,1,1,1,1,1,0,1,0,0,0,1,1,1,1,1,1,1
4546,-0.385860171968557,0,1,1,0,0,1,0,0,1,0,1,1,1,0,0,0,0,0,1,1,1,1,0,1,1
4547,-0.822498996040766,0,1,0,1,0,1,0,1,0,0,1,0,1,0,0,0,0,0,0,0,0,1,0,1,1
4548,0.9199533140769,1,1,1,1,0,1,1,0,1,0,1,0,1,0,1,0,0,0,1,1,1,1,1,1,1
4549,-1.53124994255529,0,1,0,0,0,0,0,0,1,0,1,0,1,0,0,0,0,1,0,0,0,1,0,0,0
4550,0.0549235552584545,1,1,0,1,0,1,0,0,1,0,1,1,0,0,0,0,0,1,1,1,1,0,1,1,0
4551,1.34297397088141,0,1,0,1,0,0,1,0,1,1,1,1,1,1,0,0,0,0,1,1,1,0,0,1,1
4552,-1.01560128739909,0,1,1,1,0,0,0,0,0,0,1,0,1,0,0,0,0,0,1,1,1,1,0,1,1
4553,0.654806423966459,0,1,1,0,0,1,0,1,1,0,1,0,1,0,0,0,0,0,1,1,1,1,1,0,1
4554,0.183566547011306,1,1,1,1,0,1,0,1,0,1,1,0,1,0,0,0,0,0,1,0,1,0,0,0,1
4555,-1.62436495345494,0,0,0,1,0,1,0,0,1,0,1,0,0,0,1,0,0,0,0,1,0,0,0,0,1
4556,-0.826269073509274,0,1,1,1,0,1,0,0,1,0,0,0,1,0,0,0,0,0,1,1,1,1,1,1,0
4557,0.398959419073538,0,1,1,1,1,1,1,0,1,0,1,1,1,1,1,0,0,0,1,1,1,0,0,1,1
4558,-1.37579239896357,0,0,1,1,0,0,0,0,0,0,1,1,0,0,0,0,0,0,0,1,0,1,0,0,1
4559,0.959956393935755,1,1,1,1,0,0,1,0,0,0,1,1,1,1,1,0,0,0,1,1,1,1,1,1,1
4560,-0.0267577214547424,0,1,1,0,0,1,0,1,0,0,0,1,1,0,0,0,0,0,1,1,1,0,0,0,0
4561,-0.812369569302962,0,1,0,1,0,0,0,1,0,0,1,0,0,0,1,0,0,0,1,1,1,0,0,0,0
4562,0.984058839322307,0,1,1,0,1,1,1,0,1,1,1,1,1,1,0,0,0,0,1,1,1,1,1,1,1
4563,0.0515093641797287,0,1,0,1,0,1,0,0,1,0,1,1,1,1,0,0,0,0,0,0,1,1,1,0,0
4564,-0.340699312391819,1,1,1,1,0,1,0,0,1,0,1,0,1,0,0,0,0,0,1,0,1,0,1,1,1
4565,0.252595320129087,0,1,1,1,0,0,0,1,0,0,1,0,1,1,0,0,0,0,1,1,0,1,0,1,1
4566,0.0608589609537436,0,1,1,1,0,1,0,0,1,0,1,0,1,0,0,0,0,0,0,1,0,0,1,1,1
4567,0.632778869772915,0,1,1,1,1,1,1,0,0,1,1,1,1,0,1,0,0,1,1,1,1,0,1,1,1
4568,-1.32987119690717,0,0,0,1,0,0,0,0,0,0,0,0,0,0,0,0,0,0,0,0,1,1,0,0,1
4569,-0.382864214459034,0,1,1,1,0,1,0,0,1,0,0,0,1,0,1,0,0,0,0,1,1,1,1,0,1
4570,0.0219374902145723,0,1,0,1,0,1,0,0,1,0,1,1,1,0,1,0,0,0,0,1,1,1,1,0,1
4571,-0.433672532577868,1,1,1,1,0,1,0,0,1,0,0,0,0,0,0,0,0,0,1,1,0,0,0,1,1
4572,-0.207367785814451,0,1,0,0,0,1,0,0,1,0,0,1,1,0,0,0,0,0,1,1,1,1,1,0,0
4573,0.652021128133514,0,1,1,1,0,1,1,0,1,1,1,1,1,0,1,0,0,0,1,0,0,1,0,1,1
4574,-0.909363853461249,0,1,1,1,0,0,0,0,1,1,0,0,1,0,0,0,0,0,1,1,0,0,0,0,0
4575,-0.805752918448809,0,0,0,1,0,0,0,0,0,0,1,0,1,0,0,0,0,0,0,1,1,1,1,0,1
4576,-0.0993933302789872,1,1,1,1,0,1,0,1,1,0,1,1,1,0,0,0,0,0,1,1,1,1,0,1,0
4577,0.341517910368408,0,1,0,1,0,1,1,0,1,1,1,0,0,0,1,0,0,0,0,1,0,1,1,0,1
4578,-1.44063341175318,0,1,1,0,0,1,0,0,1,0,0,0,1,0,0,0,0,0,0,0,0,0,0,1,0
4579,-0.56436568392067,0,1,1,1,0,1,0,0,1,0,1,1,1,0,0,0,0,0,0,1,0,0,1,1,0
4580,0.835562034119959,1,0,0,1,0,0,1,0,1,0,1,1,1,0,1,0,0,0,1,0,1,1,0,1,1
4581,0.533977362343384,0,1,1,1,0,1,1,0,1,0,1,0,1,1,0,0,0,0,1,0,0,1,0,0,1
4582,-1.45257509685022,0,1,0,1,0,0,0,0,0,0,0,0,1,0,0,0,0,0,1,1,0,0,0,0,0
4583,1.67306952568422,1,1,0,1,0,1,1,1,1,1,1,1,1,1,0,0,1,0,1,1,0,1,1,1,1
4584,-0.74740970009805,0,0,1,1,0,1,0,0,1,1,1,1,1,0,0,0,0,0,0,1,0,1,0,1,0
4585,-0.112268799935786,1,1,1,0,0,1,0,0,0,1,1,0,1,0,0,0,0,0,0,1,1,1,1,1,1
4586,0.277496130424086,0,1,1,1,0,1,0,0,1,1,1,1,1,0,0,0,0,0,1,1,1,0,1,1,1
4587,1.57022513142519,1,1,1,1,0,1,0,1,1,1,1,1,1,1,1,1,0,1,1,1,1,1,0,1,1
4588,0.379012122503713,1,1,1,1,0,1,0,0,1,1,1,1,1,0,1,0,0,1,1,1,1,1,1,1,0
4589,0.31504142965915,0,1,0,1,1,0,0,0,1,0,1,0,1,0,1,0,0,0,1,1,0,1,0,1,1
4590,0.368599491542939,1,0,1,1,0,1,0,0,1,0,1,1,1,0,0,0,0,0,0,1,1,0,0,1,1
4591,0.716665633787626,0,0,1,0,0,1,0,1,1,1,1,1,1,1,0,0,0,0,1,1,1,1,1,1,0
4592,0.768523174910113,1,0,1,1,0,0,1,1,1,1,0,1,1,1,0,0,0,0,1,1,1,1,0,1,1
4593,0.366390591287361,0,0,1,1,1,0,0,0,1,1,0,1,1,0,0,0,0,0,0,1,1,1,0,1,1
4594,-1.79601769227369,0,1,1,0,0,1,0,0,1,0,0,0,0,0,0,0,0,0,0,0,0,0,0,1,1
4595,0.445860029565751,1,1,1,1,0,1,1,0,0,1,1,1,1,0,1,0,0,0,1,0,1,1,1,1,0
4596,-0.332627854142146,1,1,0,1,0,1,0,0,1,0,1,1,1,0,1,0,0,0,0,0,1,0,0,1,1
4597,-0.406093687076111,0,0,0,1,0,1,0,1,0,0,0,0,0,0,0,0,0,0,1,1,0,1,1,0,0
4598,-0.967976008078425,0,1,1,1,0,1,0,0,1,0,1,0,1,0,0,0,0,0,0,0,0,1,0,0,1
4599,0.135962712870163,0,1,0,0,1,1,0,1,1,0,1,1,1,0,1,0,0,0,1,0,1,1,1,0,1
4600,-0.797537976864672,0,1,0,1,0,1,0,0,1,0,0,1,1,0,0,0,0,0,1,1,1,0,1,0,1
4601,0.720283111775959,0,1,1,1,0,1,0,1,1,0,1,1,1,0,0,0,0,0,1,1,0,1,1,1,1
4602,0.488414970962458,1,1,0,1,0,1,1,0,1,1,1,1,1,0,0,0,0,0,0,1,1,1,1,0,1
4603,0.768261317411689,0,1,1,0,1,1,0,1,0,0,1,1,1,1,1,0,0,0,1,1,1,1,1,1,1
4604,-0.964000166304671,0,1,1,1,0,1,1,0,0,0,1,1,1,0,0,0,0,0,0,1,1,1,0,1,1
4605,0.664739581624172,1,1,1,0,0,1,0,1,1,1,1,1,1,1,0,0,0,0,1,1,1,1,1,1,1
4606,-0.861612466587469,0,1,0,1,0,1,0,0,0,0,1,0,0,0,0,0,0,0,1,1,1,0,1,1,1
4607,-0.95096790006281,0,0,1,1,0,1,0,0,1,0,0,0,1,0,0,0,0,0,1,1,0,0,1,0,1
4608,1.02423282550487,1,1,1,1,1,1,0,0,1,1,1,1,1,1,0,0,1,0,1,1,1,1,1,1,1
4609,-0.931132322523779,1,1,0,0,1,1,0,1,1,0,1,0,1,0,0,0,0,0,0,1,0,1,1,0,0
4610,0.313319383872343,1,1,0,1,0,0,0,1,0,1,1,1,1,0,0,0,0,0,1,1,1,1,1,1,0
4611,-1.1435084958665,0,1,0,1,0,1,0,0,0,0,1,0,0,0,1,0,0,0,0,1,1,1,0,1,0
4612,0.529585922955111,1,1,1,1,0,1,0,1,0,1,1,1,0,1,0,0,0,0,0,0,1,1,1,0,1
4613,-0.89450096275501,0,1,1,0,0,0,0,0,1,1,0,0,1,0,0,0,0,0,1,1,0,0,0,0,1
4614,-1.06740238255629,0,0,0,1,0,1,0,0,0,0,0,1,0,0,0,0,0,0,0,1,1,1,0,1,0
4615,0.128016188287315,0,1,1,1,0,0,1,0,0,0,1,1,1,0,0,0,0,0,1,1,0,1,0,0,1
4616,0.0396309484835997,0,1,0,1,0,1,0,0,1,1,1,1,1,0,0,0,0,0,0,1,1,1,1,1,1
4617,-0.0515985589796616,0,1,0,0,0,1,0,0,0,0,1,0,0,0,0,0,0,0,0,1,1,1,1,1,1
4618,-0.307306305365442,0,1,0,1,0,0,0,0,0,0,0,1,1,0,0,0,0,0,1,1,1,1,1,0,1
4619,0.537378705964733,0,1,1,1,1,0,0,0,0,1,1,1,1,0,0,0,0,0,1,0,1,1,1,1,1
4620,-1.9287868770381,0,1,0,0,0,0,0,0,0,0,1,0,1,0,0,0,0,0,1,1,0,0,0,0,0
4621,1.05032036198656,1,1,0,1,1,1,1,0,0,1,1,1,1,1,1,0,0,0,1,1,0,1,1,1,1
4622,0.597831719976394,0,1,1,1,0,1,0,0,1,1,1,1,1,1,1,0,0,0,1,1,1,1,0,0,1
4623,-0.0148643176046572,0,1,1,1,0,0,0,0,0,1,0,0,1,1,0,0,0,0,0,1,1,1,0,0,0
4624,-1.64271990494692,0,1,0,0,0,0,0,0,0,0,0,0,0,0,0,0,0,0,1,0,1,1,0,0,0
4625,0.564459997657491,0,1,0,1,0,1,1,0,0,0,1,0,1,0,0,0,0,0,1,1,1,1,0,1,1
4626,-0.652786901963708,0,1,1,1,0,0,0,0,0,0,1,0,1,0,0,0,0,0,1,1,1,1,0,0,0
4627,-1.43880043257489,0,0,0,0,0,1,0,0,0,1,1,0,0,0,0,0,0,0,0,1,0,1,0,0,0
4628,1.7849147943508,1,1,1,1,1,1,1,1,1,1,1,1,1,1,1,0,0,1,1,1,1,1,1,0,1
4629,-0.105271553416654,0,0,0,1,0,0,0,0,0,0,1,0,1,0,0,0,0,0,0,0,1,0,0,0,1
4630,-0.922314843548929,0,0,1,1,0,0,0,0,0,0,1,0,0,0,0,0,0,0,0,0,1,1,1,0,0
4631,-1.13156395071522,0,1,0,0,0,0,0,0,1,0,0,0,0,0,0,0,0,0,1,0,1,1,0,0,1
4632,-3.36861576593437,0,1,0,1,0,0,0,0,0,0,1,0,0,0,0,0,0,0,0,1,0,0,0,0,0
4633,-0.613231815067767,1,0,0,1,0,1,0,0,1,0,1,0,1,0,0,0,0,0,1,1,0,0,1,0,0
4634,0.618729853563706,1,1,1,1,0,1,1,0,1,1,1,1,1,0,1,0,0,1,1,0,1,1,0,1,1
4635,-2.04201314158367,0,0,1,1,0,0,0,0,0,0,1,0,0,0,0,0,0,0,0,1,0,1,0,1,0
4636,1.36187743110663,1,1,1,1,1,1,1,1,1,1,1,1,1,1,1,0,0,0,0,1,0,1,1,1,1
4637,0.0633185410659125,0,0,1,0,0,1,0,0,0,0,1,0,0,1,0,0,0,0,0,1,0,1,1,1,1
4638,-1.96136675870342,0,1,1,0,0,0,0,0,1,0,0,1,0,0,0,0,0,0,0,0,1,1,0,1,0
4639,0.494327054488825,0,0,1,1,0,0,1,0,1,0,1,1,1,0,1,0,0,0,0,1,1,0,1,1,0
4640,1.29961048600619,1,1,1,1,1,1,1,1,1,1,1,1,1,0,1,0,0,0,0,1,1,0,1,1,1
4641,-0.366468935391226,0,1,1,0,0,1,0,0,1,0,1,1,1,0,0,0,0,0,0,1,1,0,1,0,1
4642,0.221740644363045,0,1,1,1,0,1,0,0,1,1,1,1,1,1,0,0,0,1,1,0,1,1,1,0,0
4643,0.784654616080496,1,1,1,1,1,0,0,1,1,0,1,0,0,1,0,0,0,0,1,1,1,1,0,1,0
4644,-0.00529428060760675,0,1,0,1,0,1,0,0,0,1,1,1,1,0,0,0,0,0,1,1,1,0,1,0,0
4645,2.33646182461473,1,1,1,0,1,0,1,1,0,1,1,1,1,0,1,1,0,1,1,1,1,1,1,1,0
4646,0.408026385119364,0,1,1,1,0,1,0,0,0,0,1,0,1,1,1,0,0,0,1,1,1,1,1,1,1
4647,0.959948343111148,1,0,1,1,0,1,0,0,0,1,1,1,0,0,1,0,1,1,1,0,1,0,1,1,1
4648,-1.49345555611199,0,1,1,0,0,0,0,0,0,0,0,0,1,0,0,0,0,0,1,1,1,1,0,1,1
4649,1.37146370552267,1,1,1,1,0,0,0,1,1,1,1,1,1,0,1,0,0,0,1,1,0,1,1,1,1
4650,-0.935236496594298,0,1,1,1,0,0,0,0,1,0,0,1,1,0,0,0,0,0,1,0,0,0,1,1,0
4651,0.356805442510102,1,1,1,1,1,1,1,0,1,0,1,1,1,0,0,0,0,0,1,1,1,0,1,1,0
4652,0.32977652911944,0,0,0,1,0,1,0,0,0,0,1,1,1,1,1,0,0,0,1,1,1,1,1,1,1
4653,-0.61922643431943,0,1,1,1,0,1,0,0,0,0,1,0,1,0,0,0,0,0,1,1,1,1,0,0,0
4654,-2.05947308249459,0,1,0,0,0,1,0,0,1,0,1,0,1,0,0,0,0,0,0,1,1,1,0,0,1
4655,-0.882904392377107,0,0,0,1,0,1,0,0,0,0,0,1,1,0,0,0,0,0,0,1,1,0,1,1,0
4656,0.226494842015856,0,1,1,1,0,1,0,0,1,0,1,1,1,0,0,0,0,0,1,1,0,1,0,0,0
4657,-0.50945107864405,1,1,1,1,0,0,0,0,0,0,1,0,1,0,1,0,0,0,0,1,1,1,0,1,1
4658,-1.2631125747636,0,0,1,1,0,1,0,0,0,0,0,0,1,0,0,0,0,0,1,0,0,1,0,0,1
4659,-0.740933693818869,1,1,0,0,0,1,0,0,0,1,0,0,1,0,1,0,0,0,1,0,0,1,0,1,0
4660,1.03243800626787,0,1,1,1,0,1,0,1,1,1,1,1,1,0,1,0,0,0,1,1,1,1,1,1,1
4661,0.349623113478064,0,0,0,1,0,1,0,0,1,1,1,1,1,0,0,0,0,0,1,0,0,0,1,0,1
4662,1.00452428058277,0,1,1,1,1,1,1,1,1,1,1,0,1,0,1,0,0,1,1,1,1,0,1,1,0
4663,0.303141136133068,0,0,0,0,0,1,1,0,1,0,1,1,0,1,1,0,0,0,0,1,1,1,1,0,0
4664,0.875098647732908,0,1,1,0,0,1,0,1,1,1,1,1,1,1,0,0,0,0,1,1,1,1,1,1,1
4665,-1.34920508121198,0,1,0,1,0,1,0,0,1,0,1,0,0,0,0,0,0,0,1,1,1,0,0,0,0
4666,-2.97569268947535,0,0,1,0,0,0,0,0,1,0,0,0,0,0,0,0,0,0,0,0,1,1,0,0,0
4667,0.0149426836223566,1,1,1,1,1,1,0,0,1,1,1,0,1,1,0,0,0,0,0,0,0,1,0,1,1
4668,-0.681991580810565,0,1,1,0,0,1,1,0,1,0,0,1,0,0,0,0,0,0,1,0,1,1,0,0,0
4669,-0.318890882425214,0,1,1,1,0,1,0,0,1,0,1,0,1,0,0,0,0,0,1,1,1,1,1,1,0
4670,1.73090546789467,1,0,1,1,0,1,1,1,1,1,1,1,1,1,0,0,0,0,1,0,1,1,0,1,1
4671,-0.319235506134507,1,1,0,1,0,1,1,0,1,1,0,0,0,0,0,0,0,1,1,1,1,1,0,1,0
4672,-0.600851749577032,0,1,0,1,0,0,0,0,0,0,1,0,1,0,0,0,0,0,1,1,1,1,0,0,0
4673,-1.32568754369461,0,1,1,0,0,1,0,0,0,0,1,0,1,0,0,0,0,0,1,1,1,0,0,0,1
4674,0.396426515905288,0,1,1,1,0,0,1,0,1,0,1,1,0,0,0,0,0,0,0,1,1,0,1,0,1
4675,-1.64274626816208,0,1,1,0,0,0,1,0,1,1,0,0,0,0,0,0,0,0,0,1,1,1,1,0,0
4676,1.95469817323179,0,1,0,1,0,0,1,1,1,1,1,1,1,1,1,0,0,0,1,1,1,1,1,1,1
4677,0.157652863032274,0,1,0,1,0,1,0,0,0,1,1,1,0,0,0,0,0,0,1,1,1,1,0,1,1
4678,0.868597754701087,0,1,1,1,0,0,1,0,1,0,1,1,1,1,0,0,0,1,1,1,0,1,1,1,1
4679,1.29970881230604,1,1,0,1,1,0,1,1,1,0,1,1,1,1,1,0,0,1,1,1,1,1,1,1,1
4680,-2.30354106199339,0,0,0,0,0,0,0,0,0,0,0,0,0,0,0,0,0,0,0,1,0,1,0,0,1
4681,0.497401217516116,0,1,0,1,0,0,1,1,0,1,1,1,1,0,0,0,0,0,1,0,1,1,0,1,0
4682,-2.09807678989557,0,1,0,1,0,0,0,0,0,0,0,0,0,0,0,0,0,0,1,1,0,0,0,0,0
4683,1.18577600139472,1,1,1,1,0,0,1,1,1,1,1,1,1,1,0,0,0,1,1,1,1,0,1,1,1
4684,-0.771931225238285,0,0,0,1,1,1,1,0,0,0,1,0,1,0,0,0,0,0,1,1,0,1,1,0,0
4685,-1.42075599922976,0,1,1,1,0,0,0,0,1,0,1,0,1,0,0,0,0,0,1,1,0,0,0,0,0
4686,-0.868755533032159,0,0,0,1,0,1,0,0,1,1,1,0,1,0,0,0,0,0,1,1,1,0,1,0,0
4687,-1.18476361244613,0,0,0,1,0,1,0,0,1,0,0,0,0,0,0,0,0,0,0,0,1,0,1,0,0
4688,-1.33035067855044,0,1,1,0,0,1,0,0,1,0,0,1,1,0,0,0,0,0,0,0,0,0,0,0,1
4689,0.228937627381239,0,1,0,1,0,1,0,0,1,0,1,0,1,0,0,0,0,0,1,1,0,1,0,1,0
4690,-4.95156160277939e-05,0,0,1,1,0,1,0,0,0,0,1,0,0,1,0,0,0,0,1,1,1,1,1,1,1
4691,0.497403900402335,0,0,1,1,0,0,0,0,1,0,1,1,1,0,1,0,0,0,0,0,0,1,0,1,0
4692,-0.563354397056029,0,0,1,1,0,0,0,0,1,1,1,1,1,0,0,0,0,0,0,0,0,1,0,1,0
4693,0.593734819822354,1,1,1,1,1,1,0,0,0,1,0,1,1,0,0,0,0,0,1,1,1,0,1,1,1
4694,0.45085509833555,0,1,0,0,0,1,1,1,0,0,0,0,1,0,0,0,0,0,1,1,1,0,0,1,0
4695,0.766484466658992,0,1,0,1,1,0,0,0,1,1,1,0,1,1,1,0,1,0,1,0,0,0,1,1,1
4696,-0.778031892348298,0,1,0,1,0,0,0,0,1,0,1,0,1,0,0,0,0,0,0,0,1,1,1,0,0
4697,-0.741136972807292,0,1,0,0,0,1,0,0,1,0,0,0,0,0,0,0,0,0,1,1,0,0,0,0,1
4698,-1.02353479716926,0,1,0,1,0,1,0,0,0,0,0,0,0,0,0,0,0,0,1,0,0,1,0,0,1
4699,-0.382467889265297,0,0,1,1,0,0,1,0,0,0,1,1,1,0,0,0,0,0,1,1,1,1,1,0,0
4700,0.0568423445969853,0,1,1,0,0,1,1,0,0,0,1,1,1,0,1,0,0,0,1,1,0,1,1,0,1
4701,-1.95338488892825,0,0,0,0,0,0,0,0,0,0,0,0,0,0,0,0,0,0,1,1,0,0,1,0,0
4702,1.2589817539344,1,1,1,1,1,1,0,1,0,1,1,1,1,1,0,0,0,0,1,1,1,1,1,1,1
4703,0.923626822485519,1,0,0,1,0,1,1,0,1,1,1,1,1,1,0,0,0,0,1,0,1,1,1,1,1
4704,0.359663251854202,0,0,1,1,1,1,1,1,1,0,1,1,1,0,0,0,0,0,1,1,0,1,0,1,1
4705,1.02820626571716,1,1,0,1,1,1,0,1,0,0,1,1,1,1,1,0,0,1,1,1,1,1,0,1,0
4706,-0.780598305712716,0,1,0,1,0,1,0,1,1,0,0,0,0,0,0,0,0,0,0,0,1,0,0,1,1
4707,0.0820129868828338,1,0,0,1,0,1,0,0,1,0,1,1,1,0,1,0,0,1,1,0,0,1,1,1,1
4708,0.551346149212765,0,1,1,0,0,0,0,1,1,0,1,1,1,0,0,0,0,0,0,1,1,0,1,1,1
4709,0.307783042102149,0,1,0,1,0,1,1,0,0,1,1,1,1,1,0,0,0,0,1,0,1,1,1,1,0
4710,-0.875730374790708,0,0,0,1,0,1,1,0,1,0,1,1,1,0,1,0,0,0,0,1,0,0,1,1,1
4711,1.31599931124105,0,1,1,1,1,0,1,1,0,1,1,1,1,0,1,1,0,0,1,1,1,1,0,1,1
4712,0.141721242457777,0,1,1,1,0,1,1,0,1,0,1,0,1,0,1,0,0,0,1,1,0,0,0,0,1
4713,0.783871089873969,1,0,1,1,0,1,1,0,1,0,1,0,1,1,0,0,0,0,1,1,1,1,1,1,1
4714,0.0423175375856152,0,1,0,1,0,1,1,0,1,0,1,1,1,0,0,0,0,0,1,1,0,1,1,1,1
4715,-0.196873691759485,0,1,0,0,0,1,1,1,1,0,1,1,1,0,1,0,0,0,1,1,0,1,0,1,0
4716,-1.25318811802237,0,1,1,1,0,1,0,1,1,0,1,0,1,0,1,0,0,0,1,1,1,0,0,1,1
4717,-1.14462076119978,0,1,1,0,0,1,0,0,0,0,1,1,1,0,0,0,0,0,0,0,0,1,0,0,0
4718,1.00042217351646,0,1,0,1,0,1,0,1,0,0,1,1,1,0,0,0,0,0,1,1,1,1,1,1,1
4719,-0.38515775152956,0,1,1,1,0,1,0,0,0,1,0,0,1,0,1,0,0,0,0,0,1,1,0,0,1
4720,-0.852850521390362,0,1,0,0,0,0,0,0,0,0,1,0,0,1,0,0,0,0,0,0,1,0,1,1,0
4721,1.89832709208242,1,1,1,1,1,0,1,1,1,1,1,1,1,0,0,0,0,1,0,1,1,1,1,1,1
4722,-0.15695833755766,0,1,0,0,0,1,0,0,1,0,1,0,1,0,0,0,0,0,0,1,0,1,0,0,1
4723,1.70729962226141,1,1,0,1,1,1,1,0,0,1,1,1,1,1,0,1,0,1,1,1,1,1,0,1,1
4724,-1.22944082676521,0,1,1,1,0,1,0,0,1,0,0,0,1,0,0,0,0,0,0,1,0,0,1,0,0
4725,1.52296555378021,1,1,0,1,0,1,1,1,0,1,1,1,1,1,0,0,1,0,1,1,1,1,1,1,1
4726,0.618731981724401,0,1,1,1,0,1,1,1,1,1,1,1,1,0,1,0,0,0,1,1,0,0,1,1,0
4727,-0.0400567155941768,1,1,1,0,1,1,0,0,1,0,1,1,1,1,0,0,0,0,0,1,1,0,0,1,1
4728,0.591483509540793,1,1,0,1,0,1,1,0,0,0,1,1,1,0,0,0,0,0,1,1,1,1,1,1,0
4729,-0.448492321188516,0,1,1,1,0,0,0,0,1,0,1,0,1,0,0,0,0,0,0,0,0,1,0,0,0
4730,0.322260013934297,0,1,1,0,0,1,0,1,1,0,1,0,1,0,0,0,0,0,0,1,0,1,0,1,1
4731,-0.408568094083733,0,0,1,1,0,1,0,0,0,0,0,1,0,0,0,0,0,0,0,1,1,1,1,1,0
4732,-0.376169670610772,0,0,1,1,1,1,1,0,1,0,1,0,1,0,0,0,0,0,1,1,1,0,0,0,1
4733,1.11579451437218,0,1,1,1,0,1,1,1,1,0,1,1,1,0,1,0,0,0,1,1,1,1,1,1,1
4734,1.22890141709196,1,1,1,1,1,1,1,1,1,0,1,1,0,0,1,0,0,1,1,1,1,1,1,1,1
4735,0.215541716968858,0,1,0,1,0,1,0,0,0,0,1,0,1,0,0,0,0,0,0,1,1,1,1,1,0
4736,0.930940702766296,1,1,0,1,1,1,0,1,1,0,0,0,1,0,0,0,0,1,1,1,1,1,1,1,0
4737,1.85637065176812,1,1,1,1,1,1,1,1,0,1,1,1,1,1,1,1,0,1,1,1,1,1,1,1,0
4738,-0.413551279692697,0,0,1,0,0,1,0,0,1,0,1,0,1,0,0,0,0,0,1,1,0,1,1,1,0
4739,-0.534061142202202,1,0,0,1,0,0,0,0,1,0,1,1,1,0,0,0,0,0,1,0,0,1,0,1,0
4740,0.239840246470739,1,1,0,1,0,0,0,1,0,0,1,1,1,0,0,0,0,0,0,0,1,1,0,1,1
4741,1.28132286851025,1,1,1,1,0,1,0,1,0,0,1,1,1,0,0,0,0,1,1,1,1,1,1,1,1
4742,0.952440477880072,1,1,1,1,0,1,0,0,1,0,1,1,0,1,0,0,0,0,1,1,1,0,1,1,1
4743,-1.69093025348642,0,0,1,1,0,1,0,0,0,0,0,0,1,0,0,0,0,0,1,0,1,1,1,1,1
4744,0.228970220553324,0,1,0,1,0,1,1,0,0,1,1,1,1,0,0,0,0,0,1,1,1,1,0,0,0
4745,-0.542146123541772,0,1,0,1,1,1,0,0,1,0,1,1,1,0,0,0,0,0,1,1,0,1,1,1,1
4746,0.337701631042796,0,1,1,0,0,1,1,0,0,0,1,0,0,0,0,0,0,0,1,1,0,1,0,1,1
4747,-1.52373635975984,0,1,1,1,0,0,0,0,0,0,1,0,1,0,0,0,0,0,0,1,1,1,1,0,1
4748,2.21415211955575,1,1,1,1,1,1,1,1,1,1,1,1,1,1,1,1,1,1,0,0,0,0,1,1,1
4749,0.905778222247457,1,1,1,1,0,0,1,1,1,1,1,1,1,1,1,0,0,0,1,1,1,1,1,1,0
4750,0.396780794833355,0,1,1,1,0,1,0,0,0,1,0,0,1,1,0,0,0,0,1,1,1,1,1,0,1
4751,-0.0573357333025237,0,1,1,1,0,1,0,0,0,0,1,0,0,0,0,0,0,0,0,1,1,1,1,1,1
4752,0.988609968701101,0,1,1,1,1,0,1,1,1,1,1,1,1,0,0,0,0,0,1,1,1,1,0,1,1
4753,0.308287948199013,0,1,1,0,1,0,1,1,1,1,1,0,1,1,0,0,0,0,0,0,1,0,0,0,1
4754,-1.27567469800655,0,0,0,0,0,1,0,0,1,0,0,0,1,0,0,0,0,0,1,0,1,0,1,0,1
4755,-0.418693270515829,0,0,0,1,0,1,0,0,0,0,1,0,1,0,1,0,0,0,1,1,1,1,1,0,0
4756,-1.16551185099097,0,1,1,1,0,0,0,0,1,0,1,0,1,0,0,0,0,0,1,1,0,1,0,1,1
4757,-1.15047268894675,0,0,1,1,0,0,0,0,0,0,1,0,0,0,0,0,0,0,0,1,1,1,1,1,0
4758,1.56064598660353,1,1,1,1,1,1,1,1,1,1,1,1,1,0,1,0,0,1,1,1,1,1,1,1,1
4759,-0.283867766554439,0,1,1,1,0,0,0,0,1,0,1,0,1,0,0,0,0,0,0,0,1,1,1,1,0
4760,2.31436593407814,1,1,1,1,1,1,1,1,1,1,1,1,1,1,1,1,0,1,1,1,1,1,1,1,1
4761,-0.66103726265457,1,1,1,0,0,0,0,0,1,0,1,0,1,0,0,0,0,0,0,1,1,1,1,1,0
4762,-0.2031573302584,0,1,0,0,0,0,1,0,1,0,1,0,0,0,0,0,0,0,1,1,1,1,1,1,1
4763,-0.293588345786385,0,1,1,1,0,0,0,0,1,0,1,0,1,0,1,0,0,0,0,1,1,1,0,1,1
4764,-1.22422493862533,1,0,1,1,0,0,0,0,1,0,0,1,1,0,0,0,0,0,0,1,1,1,0,0,0
4765,-0.482684554706961,0,0,1,1,0,1,0,0,0,0,1,1,1,0,0,0,0,0,0,1,0,1,0,0,0
4766,1.52257077688926,0,1,1,1,1,1,1,1,1,1,1,1,1,0,1,0,0,0,1,1,1,1,1,1,1
4767,1.34829911123953,0,0,1,1,1,0,1,0,1,1,1,1,1,1,1,0,0,0,1,1,1,1,0,1,1
4768,-0.112273314978809,0,0,0,1,0,0,0,0,1,1,0,0,0,0,0,0,0,0,1,1,0,1,1,1,1
4769,-0.768597108717886,1,0,1,0,0,0,0,0,1,0,0,1,1,0,0,0,0,0,1,0,1,1,1,1,0
4770,0.53009866522908,1,0,1,1,0,1,0,1,1,0,1,0,1,0,1,0,0,0,1,1,0,1,1,1,1
4771,-1.95553723616192,0,0,0,1,0,1,0,0,1,0,1,0,0,0,0,0,0,0,0,1,0,1,0,0,0
4772,-0.778035587833859,0,0,1,0,0,1,0,1,0,0,1,0,1,0,0,0,0,0,1,1,1,1,0,0,1
4773,0.214836097984175,0,1,0,1,0,0,0,0,1,0,1,0,1,0,0,0,0,0,1,1,1,1,1,1,1
4774,0.0726797539341141,0,0,0,1,0,0,1,1,1,0,1,0,1,0,1,0,0,0,1,1,0,1,1,1,1
4775,0.10491462690893,0,1,1,1,0,0,1,0,0,0,1,0,1,0,0,0,0,0,1,1,1,1,1,1,0
4776,0.506113852380157,1,1,1,1,0,1,0,1,0,0,1,1,1,0,1,0,0,0,1,1,0,1,1,1,1
4777,0.503486340197605,0,1,1,1,0,0,0,0,1,0,1,1,1,0,1,0,0,0,1,1,1,1,0,1,1
4778,2.07476832032847,1,1,1,1,1,1,1,1,1,1,1,1,1,0,1,1,1,0,0,1,1,1,1,1,1
4779,-1.56717694973415,0,0,0,0,0,0,0,0,0,0,1,1,1,0,0,0,0,0,1,1,0,0,0,0,0
4780,0.539742160382656,1,1,1,1,1,1,0,0,1,0,1,0,1,0,0,0,0,1,1,0,1,1,1,1,1
4781,0.07793446402619,0,1,1,1,0,1,0,0,0,0,1,1,0,0,0,0,0,0,1,1,0,1,1,1,0
4782,-0.46905906248589,0,1,1,1,0,1,0,0,1,1,0,0,1,0,0,0,0,1,1,0,1,1,1,0,1
4783,0.0867448226405218,0,1,1,1,0,1,0,0,0,1,1,1,1,0,1,0,0,0,1,1,1,1,0,1,1
4784,-0.690790217089847,0,0,0,0,0,1,0,0,0,0,1,0,1,0,0,0,0,0,0,0,1,0,0,0,0
4785,-0.433672532577868,0,1,0,0,0,1,1,0,1,0,1,1,0,0,0,0,0,0,0,0,0,0,1,0,0
4786,1.17102558552927,0,0,0,1,0,1,1,1,0,1,1,1,1,1,1,0,0,0,0,1,1,1,1,1,1
4787,0.212506824159712,0,1,1,1,0,1,0,0,1,1,1,0,1,0,1,0,0,0,1,1,0,1,1,1,1
4788,1.42018831260839,1,1,1,1,0,1,0,1,1,1,1,1,1,1,1,0,0,0,0,0,1,1,0,1,1
4789,-0.947184843734418,0,0,1,1,0,0,0,0,0,0,1,0,1,0,0,0,0,0,0,0,0,0,1,1,0
4790,-0.329136900197249,0,1,1,1,0,1,1,1,0,0,1,0,1,0,0,0,0,0,0,1,0,1,1,0,0
4791,0.378747377343555,0,1,1,1,1,1,0,0,0,1,0,0,1,0,0,0,0,0,0,1,0,1,1,1,1
4792,0.899792060742049,1,1,0,1,1,1,0,0,0,0,1,1,1,0,1,0,0,0,1,1,1,1,1,1,1
4793,0.633285580969794,1,0,1,1,0,1,0,1,1,0,1,0,1,0,1,0,0,0,1,0,0,1,0,1,0
4794,-0.700941389656998,0,1,0,1,0,1,0,0,0,0,1,0,1,0,0,0,0,0,1,1,1,0,1,1,1
4795,-1.12053536350216,0,1,1,1,0,0,0,0,0,0,0,0,1,0,0,0,0,0,0,1,0,1,0,0,0
4796,-1.61728985094201,0,0,0,1,0,0,0,0,1,1,1,0,1,0,0,0,0,0,0,1,1,0,0,0,1
4797,1.27677660472515,0,1,0,1,0,1,1,0,1,1,1,0,1,0,1,0,0,1,1,1,1,1,0,0,1
4798,1.26295181292813,1,1,1,0,1,1,1,0,1,0,1,1,1,0,1,0,0,0,1,1,1,1,0,1,1
4799,-1.13134876927853,0,1,1,1,0,1,1,0,1,0,1,0,1,0,0,0,0,0,1,1,0,0,1,0,1
4800,-0.203014472104004,0,1,1,1,1,1,1,1,0,0,0,1,1,0,1,0,0,0,1,1,1,1,0,1,0
4801,0.371034715020068,0,0,1,1,1,1,0,1,1,1,1,0,1,0,0,0,0,0,1,1,1,1,1,0,1
4802,-0.283449266484639,0,1,1,1,0,0,0,0,1,0,1,1,1,0,0,0,0,0,0,1,1,1,1,0,1
4803,0.861511486257652,0,1,1,1,1,1,1,1,1,0,1,1,1,0,0,0,0,0,1,1,1,1,0,0,1
4804,0.704374015600997,0,1,1,1,0,1,1,0,1,0,1,1,1,0,0,0,0,0,0,0,1,1,0,1,1
4805,1.39092491365355,0,1,0,1,0,0,1,1,1,1,1,1,1,0,1,0,0,1,1,1,1,1,1,1,1
4806,1.80703155121781,1,1,0,1,1,1,0,1,1,1,1,1,1,0,1,0,1,1,1,1,1,0,1,1,1
4807,0.130470719268555,1,1,0,0,0,0,0,0,0,0,1,0,1,1,1,0,0,0,1,1,1,1,1,1,1
4808,0.274966429566307,0,0,0,1,1,1,0,0,0,1,1,1,0,0,1,0,0,0,0,1,1,1,1,0,1
4809,0.186895997866809,0,1,1,1,0,0,1,0,1,1,1,1,1,0,1,0,0,0,1,1,0,1,1,1,1
4810,0.492290151619142,1,1,1,1,0,1,1,0,1,1,1,1,1,0,1,0,0,0,1,1,1,1,1,1,1
4811,-1.05111051175393,0,1,1,1,0,0,0,0,1,0,1,0,1,0,0,0,0,0,0,1,0,1,1,0,0
4812,-0.209761877040719,1,1,1,1,0,1,1,0,1,0,1,1,1,0,0,0,0,0,1,1,1,1,1,0,1
4813,-2.58072454225874,0,0,0,0,0,0,0,0,0,0,0,0,0,0,0,0,0,0,1,1,1,0,0,0,0
4814,1.07925743214463,1,1,1,1,1,1,1,0,0,1,1,1,1,0,1,0,0,0,1,1,1,1,1,1,1
4815,-0.370728518226076,0,0,1,1,0,0,0,0,1,0,0,0,1,1,0,0,0,0,0,0,0,0,1,1,0
4816,-0.343792554013781,0,1,0,1,0,1,0,0,1,0,1,0,1,0,0,0,0,0,0,1,1,1,0,0,1
4817,-0.734203838687494,0,0,1,1,0,1,0,0,1,0,1,0,0,0,0,0,0,0,1,1,1,1,1,1,0
4818,0.416519443610976,0,1,0,1,0,1,1,1,1,1,1,1,1,0,0,0,0,0,0,1,1,1,0,0,0
4819,-0.530515919508397,0,1,1,0,0,1,0,0,1,0,1,0,1,0,0,0,0,0,1,0,0,0,1,0,1
4820,-1.40970737439886,0,1,1,0,0,1,0,0,1,0,1,0,0,0,0,0,0,0,0,1,1,0,0,0,1
4821,-0.118987720926715,0,1,1,0,1,1,0,0,1,0,1,1,1,0,1,0,0,0,0,1,0,1,1,0,1
4822,-0.183797546234194,0,1,1,0,0,0,0,0,1,1,1,0,1,0,0,0,0,1,0,1,0,0,0,0,1
4823,1.16075552478359,1,1,1,1,1,1,1,1,1,1,1,1,1,1,0,0,0,0,1,0,1,1,0,1,1
4824,0.302582827577836,0,0,1,1,0,1,1,0,1,1,1,0,0,1,0,0,0,0,0,0,1,1,1,1,1
4825,0.19636924443345,0,1,0,1,0,0,0,0,1,0,1,1,1,0,0,0,0,0,0,1,1,1,1,0,1
4826,-0.175656872280211,0,1,1,1,0,0,1,1,1,0,1,0,1,0,0,0,0,0,0,0,0,0,1,0,1
4827,0.263761376861795,1,1,1,1,0,1,0,0,1,1,1,1,1,1,1,0,0,0,1,1,0,0,1,1,1
4828,-0.967974874256686,0,0,0,0,0,0,1,0,0,0,1,0,1,0,0,0,0,0,0,1,1,1,0,1,1
4829,-1.50160289096958,0,1,0,1,0,0,0,0,1,0,0,0,1,0,0,0,0,0,1,1,0,1,0,1,1
4830,0.505510277189364,0,0,0,1,0,1,0,1,0,0,1,1,0,0,1,0,0,0,1,1,1,1,0,1,1
4831,0.578588794920687,0,1,1,1,0,0,1,1,1,1,1,1,1,0,1,0,1,1,1,0,1,1,0,1,1
4832,0.0261652725167119,0,1,0,1,0,1,0,0,0,1,1,0,1,0,0,0,0,0,1,1,1,1,1,0,1
4833,0.307400169217774,0,1,1,0,0,1,0,0,1,1,1,1,1,0,0,0,0,0,0,1,1,0,0,1,1
4834,-0.123614313675255,0,1,1,1,0,1,0,0,1,1,1,1,1,0,0,0,0,0,1,1,1,1,1,0,0
4835,-1.21925540109458,0,1,0,1,0,1,0,0,0,0,1,0,0,0,0,0,0,0,1,1,1,1,1,0,0
4836,1.31218679904359,1,1,1,1,0,1,1,0,0,1,1,0,1,1,0,0,0,1,1,1,1,0,1,1,1
4837,1.39007008420206,0,1,1,1,0,1,1,0,1,1,1,1,1,1,0,0,0,0,1,1,0,1,0,1,1
4838,1.23516254936062,0,1,1,1,0,1,0,0,0,0,1,1,1,1,0,0,0,0,1,1,1,1,1,0,1
4839,-0.582687891165856,0,1,0,0,0,1,0,0,1,0,1,0,1,0,1,0,0,0,0,1,1,1,0,1,0
4840,-0.296250728853127,0,1,1,1,0,0,0,0,1,0,1,0,1,0,0,0,0,0,1,1,0,0,0,1,1
4841,-0.959499152544909,0,1,0,0,0,1,1,1,0,0,1,0,0,0,0,0,0,0,0,1,0,1,0,0,0
4842,0.498332485136763,0,1,1,1,0,1,1,1,1,1,1,1,1,1,0,0,0,0,0,1,1,0,0,1,1
4843,-0.790125535797319,0,1,0,0,0,0,0,0,1,0,0,0,1,0,0,0,0,0,1,0,1,1,0,0,0
4844,-0.930624861843936,0,0,1,1,0,0,0,0,0,0,1,0,1,0,0,0,0,0,1,1,0,1,0,0,0
4845,-1.35415600237156,0,1,1,1,0,1,0,0,1,0,0,1,1,0,1,0,0,0,0,1,0,1,1,1,0
4846,0.450719497697369,0,1,1,1,0,1,1,1,1,1,1,0,1,0,1,0,0,0,1,1,0,1,0,1,1
4847,-0.63602195252291,0,0,0,1,0,1,0,0,0,0,1,0,1,1,0,0,0,0,0,1,1,1,1,1,0
4848,0.352001524273601,0,1,1,1,0,1,1,0,1,1,1,0,1,0,1,0,0,0,1,1,1,1,1,1,1
4849,-1.9772830394984,0,1,0,1,0,1,0,0,0,0,0,0,1,0,0,0,0,0,1,1,0,0,0,0,0
4850,-0.151455729963802,0,0,0,1,0,0,1,0,1,0,1,1,1,0,1,0,0,0,1,1,0,1,0,1,1
4851,0.539420908375597,1,1,1,1,0,0,0,0,0,0,1,1,1,0,1,0,0,0,1,1,0,1,1,0,0
4852,-1.79660754462178,0,1,0,0,0,0,0,0,0,0,0,0,1,0,0,0,0,0,1,0,0,1,0,0,0
4853,-0.0651648070581381,1,1,0,1,0,1,0,1,1,0,1,0,1,0,0,0,0,0,1,1,1,0,0,1,1
4854,-1.21389839264291,0,1,1,0,0,0,0,0,0,0,0,0,0,0,0,0,0,0,0,1,0,1,1,1,1
4855,-0.283152416412448,0,1,1,0,0,0,0,0,0,0,1,1,1,0,0,0,0,1,1,1,1,0,1,1,0
4856,-0.622846938829656,0,1,0,1,0,0,0,0,0,0,1,0,1,1,0,0,0,0,1,1,1,1,0,1,1
4857,-0.153743681825635,0,1,0,1,0,1,1,0,0,0,1,0,1,0,1,0,0,0,1,1,1,1,1,0,1
4858,-0.182135595572865,0,1,1,0,0,1,0,0,1,0,1,0,1,0,0,0,0,0,1,1,1,1,1,1,1
4859,-0.194532638072895,0,1,1,0,0,1,0,0,1,0,1,1,1,0,0,0,0,0,0,1,1,1,1,1,1
4860,1.46019049539931,1,1,0,1,0,0,1,0,0,0,1,1,1,1,0,0,1,0,0,1,1,1,0,1,1
4861,-0.759767129980497,0,1,0,1,0,1,0,0,1,0,1,1,0,0,0,0,0,0,1,1,0,1,1,0,1
4862,0.376391584105083,0,1,0,1,1,1,0,1,0,1,1,0,1,0,1,0,0,1,1,0,1,1,1,1,1
4863,-1.0322198365997,0,1,1,1,0,0,0,1,1,0,1,0,1,0,0,0,0,0,0,1,1,0,1,1,1
4864,-1.38384748933636,0,1,0,0,0,0,0,0,1,0,1,0,1,0,0,0,0,0,1,0,0,1,0,0,1
4865,-1.37662386634908,0,1,1,1,0,0,0,0,0,0,1,0,0,1,0,0,0,0,0,1,1,1,0,0,1
4866,1.60713901487464,1,1,0,1,1,1,1,1,0,1,1,1,1,0,1,1,1,1,1,1,1,1,1,1,1
4867,-0.872481397380339,1,1,1,0,0,1,0,0,0,0,1,0,1,0,0,0,0,0,1,1,1,0,1,1,0
4868,2.08436447017552,1,1,1,1,1,1,1,1,1,1,1,1,1,1,1,1,1,1,1,1,1,1,0,1,1
4869,0.610617901392643,0,1,1,1,1,1,1,1,0,0,1,1,1,0,0,0,0,0,1,1,1,1,1,1,1
4870,0.183979679473624,1,1,1,1,0,1,0,0,0,0,1,1,1,0,0,0,0,0,1,0,1,1,0,0,0
4871,0.130511290669237,0,1,1,1,0,0,1,1,1,0,0,1,1,0,0,0,0,0,1,1,1,1,1,1,0
4872,0.852536191498025,0,1,1,1,1,1,1,0,0,1,1,0,1,0,1,0,0,0,1,1,1,1,1,0,1
4873,0.290691106951472,0,1,1,0,1,0,0,0,1,0,1,0,1,0,1,0,0,0,1,1,1,1,1,1,1
4874,1.29372223077764,1,0,0,1,1,1,1,1,1,1,1,1,1,1,1,1,0,1,1,0,1,1,1,1,0
4875,0.787275866193798,1,0,1,1,0,1,1,1,1,0,1,1,1,0,1,0,0,0,0,0,1,0,0,1,1
4876,-0.503530979346038,0,1,0,0,0,1,1,0,0,1,1,1,1,0,0,0,0,0,1,1,0,1,1,1,0
4877,0.146483543954275,0,1,1,1,0,1,0,0,1,1,1,1,1,0,0,0,0,0,1,0,1,0,0,1,0
4878,1.28231546342795,1,1,0,1,1,1,0,1,1,1,1,1,1,0,1,0,0,0,1,1,1,1,1,1,1
4879,0.0450518861781288,0,1,0,1,1,1,1,0,1,1,1,1,1,0,1,0,0,0,0,1,1,1,1,1,1
4880,0.88648744825032,0,1,0,1,0,1,0,0,1,1,1,1,1,0,1,0,0,0,0,0,1,1,1,1,1
4881,-1.60980060671429,0,1,0,0,0,0,0,0,0,0,1,0,1,0,0,0,0,0,0,0,1,0,0,0,0
4882,-0.50034413554438,0,0,0,1,0,1,1,0,1,0,0,0,1,1,0,0,0,0,1,1,1,1,1,1,1
4883,2.06002936725849,1,1,0,1,1,0,1,1,1,1,1,0,1,1,1,0,0,0,1,1,1,1,1,1,1
4884,-0.0796215455336872,0,1,1,1,1,1,0,0,0,0,1,1,1,0,0,0,0,0,1,1,1,1,1,1,1
4885,-0.160911423406352,0,1,1,1,0,0,0,0,1,0,1,1,1,0,1,0,0,0,1,1,1,1,0,1,1
4886,0.622257536596262,0,0,0,1,1,0,0,1,1,0,1,1,1,0,0,0,0,0,1,0,1,1,1,1,1
4887,1.52428217634389,1,1,0,1,1,1,1,1,0,1,1,1,1,0,0,0,0,0,1,0,1,0,1,1,1
4888,1.0242173547078,0,1,1,1,0,1,1,0,1,0,1,1,1,0,0,0,0,1,1,1,1,1,0,1,1
4889,0.710692724092606,0,1,0,1,0,1,1,0,1,1,1,1,1,0,0,0,0,0,1,1,1,0,1,0,1
4890,-1.15581167981676,0,0,1,0,0,0,0,0,1,0,1,0,1,0,0,0,0,0,0,1,0,0,1,0,0
4891,1.5308082773517,1,1,1,1,0,0,1,0,0,1,1,0,1,0,1,0,0,1,1,1,1,1,1,1,0
4892,-0.668061524886593,0,1,0,1,0,1,0,0,1,1,1,0,1,0,0,0,0,0,0,1,0,1,1,1,1
4893,-0.780091408388149,0,0,1,1,0,1,0,0,1,0,0,0,1,0,0,0,0,0,0,0,1,0,0,1,0
4894,-0.575830945897794,0,1,0,1,0,0,0,0,1,0,1,0,0,0,0,0,0,0,1,0,0,1,1,1,0
4895,0.291364153951777,0,1,1,1,0,1,0,0,0,0,1,0,1,0,1,0,0,1,1,1,0,0,1,0,1
4896,-1.4327748921028,0,1,1,0,0,0,0,0,0,0,0,0,1,0,0,0,0,0,1,0,0,1,1,0,0
4897,1.24640328959094,1,1,1,1,0,1,0,1,1,1,1,0,1,0,1,0,0,0,1,1,1,1,0,0,1
4898,0.213171931500189,0,1,1,1,0,1,1,0,0,1,1,0,1,0,0,0,0,0,1,0,1,1,1,1,1
4899,0.829821525647913,1,1,0,1,1,1,0,0,1,0,1,1,1,1,1,0,0,1,1,0,1,1,1,1,0
4900,0.0286259637660831,0,1,1,1,0,1,0,1,1,0,1,0,1,0,1,0,0,0,1,1,1,1,1,1,1
4901,-0.255184892271353,0,1,1,0,0,1,0,0,1,0,0,0,1,0,0,0,0,0,1,1,1,0,1,0,1
4902,-2.15491662704482,0,0,1,1,0,0,0,0,1,0,0,0,1,0,0,0,0,0,0,1,1,0,0,0,0
4903,0.872669228742973,1,1,1,1,0,0,1,0,1,1,1,1,0,0,0,0,0,0,1,1,1,1,1,1,1
4904,-0.174992670770875,0,1,1,1,0,1,0,0,1,0,1,0,1,0,0,0,0,0,1,1,0,1,1,1,1
4905,-0.77690426466502,0,1,1,0,0,1,0,0,1,0,1,1,0,0,0,0,0,0,1,0,1,0,1,1,0
4906,0.425987237279339,0,1,1,0,0,1,0,1,1,0,1,1,0,0,1,0,0,0,1,1,1,1,1,0,1
4907,0.0999659624092439,0,1,1,0,0,0,0,0,1,1,1,0,1,0,0,0,0,0,1,1,1,1,0,1,0
4908,0.747077558583333,1,1,1,1,0,1,1,0,1,1,1,1,1,1,0,0,0,0,0,1,1,1,1,0,1
4909,-0.0123555323566657,0,1,1,0,0,1,0,0,0,0,1,0,0,0,0,0,0,0,1,0,1,0,1,1,1
4910,1.12114389905083,1,1,0,1,1,1,0,1,0,1,1,0,1,1,0,0,0,0,1,0,0,1,1,1,1
4911,-2.21688525143552,0,1,0,1,0,0,0,0,1,0,1,0,1,0,0,0,0,0,1,0,0,0,1,0,0
4912,0.687101116230748,0,1,0,1,0,0,0,1,0,0,1,0,1,0,0,0,0,0,1,0,1,1,1,0,0
4913,-0.664389508527649,0,1,0,0,0,1,0,0,0,0,1,0,1,0,0,0,0,0,1,1,1,0,1,1,1
4914,0.0710358295841912,1,1,1,1,0,0,1,0,1,0,1,0,1,1,0,0,0,0,0,1,1,1,0,1,1
4915,-0.970989936751128,0,0,0,1,0,1,0,0,1,0,0,0,0,0,0,0,0,0,1,1,1,1,0,0,0
4916,-0.399353819629345,0,1,1,0,0,0,0,0,0,0,1,0,1,0,0,0,0,0,0,1,1,1,1,1,0
4917,0.0476885172125653,0,0,0,1,0,1,1,0,1,0,1,1,1,0,1,0,0,0,1,1,1,1,0,1,1
4918,0.223827774212337,0,1,1,1,0,1,1,1,1,0,1,0,1,0,0,0,0,0,1,0,0,1,0,0,0
4919,-0.461580265775973,0,1,1,1,0,0,0,0,1,0,1,1,1,1,0,0,0,0,0,1,1,1,0,0,1
4920,-0.390763330512343,0,1,0,1,0,1,1,1,1,1,1,0,1,0,0,0,0,0,1,1,1,0,0,1,1
4921,-0.842434964738043,0,1,0,1,0,0,0,0,0,0,1,0,1,0,0,0,0,0,0,1,0,1,0,0,1
4922,-0.599900226014934,1,0,0,1,0,1,0,1,0,0,1,1,1,0,0,0,0,0,0,1,0,1,0,1,0
4923,0.58509767371049,1,1,0,1,0,0,0,0,1,1,1,0,1,0,0,0,0,0,0,0,0,1,1,0,0
4924,-0.0659612552961324,0,1,1,1,0,1,0,1,1,0,1,0,1,0,1,0,0,0,1,1,1,1,0,1,1
4925,-1.40281473365347,0,0,0,1,0,1,0,0,0,0,0,0,1,0,0,0,0,0,0,1,0,1,0,0,0
4926,1.1759224178982,1,1,0,1,0,1,1,1,1,0,1,1,1,0,1,0,0,1,1,1,1,1,1,1,1
4927,0.444930143589538,0,1,0,1,1,1,0,1,1,0,0,1,0,0,0,0,0,0,0,0,1,1,1,1,1
4928,1.72000745011752,1,1,0,1,1,1,1,1,1,1,1,1,1,0,1,0,0,1,0,1,1,1,1,1,1
4929,-1.09273475889472,0,0,1,1,0,1,0,0,0,0,1,0,1,0,0,0,0,0,1,0,0,1,0,1,1
4930,1.24096749172944,0,1,1,1,1,0,0,1,0,0,1,1,1,0,1,0,0,0,1,1,1,0,1,1,1
4931,-1.57520122538881,0,1,0,0,0,1,0,0,1,0,0,0,0,0,0,0,0,0,1,1,0,0,0,0,0
4932,-1.01856439316224,0,1,1,1,0,1,0,0,1,0,1,0,0,0,0,0,0,0,1,0,1,1,0,0,0
4933,0.545387713465202,0,0,0,1,0,1,0,1,1,0,1,1,1,0,0,0,0,0,1,1,1,1,0,1,0
4934,-1.71182593414332,0,1,0,0,0,1,0,0,1,0,0,0,1,0,0,0,0,0,0,1,0,0,0,0,0
4935,1.41817665937264,1,1,1,1,0,1,1,1,1,1,1,1,1,0,1,0,1,1,1,0,1,1,1,1,1
4936,1.07107408578402,1,1,0,1,0,1,1,1,1,1,1,1,1,0,0,0,0,0,1,1,1,1,1,1,1
4937,-0.093472391051106,0,1,0,1,0,1,0,0,1,0,1,1,0,0,0,0,0,0,0,1,0,1,1,1,0
4938,-2.30591420091881,0,1,1,0,0,1,0,0,0,0,0,0,0,0,0,0,0,0,0,1,0,1,0,0,1
4939,-0.435791076819955,0,1,1,1,0,1,0,0,1,0,1,1,0,0,0,0,0,0,1,0,1,0,0,0,1
4940,0.142043908347161,0,1,0,0,0,1,0,1,1,0,1,1,1,0,0,0,0,0,1,1,1,1,0,1,0
4941,-0.00500233381393053,0,1,0,1,0,0,1,0,1,0,1,1,0,0,0,0,0,0,0,1,1,1,1,1,1
4942,-1.41520541052081,0,1,1,1,0,1,1,0,1,0,1,0,1,0,0,0,0,0,0,1,1,0,1,0,0
4943,-0.878978945310706,0,0,0,1,1,0,0,0,1,0,1,0,0,0,0,0,0,0,1,0,0,1,1,1,1
4944,-0.335315711242504,0,1,1,0,0,1,0,0,0,0,1,0,1,0,0,0,0,0,1,1,1,0,0,1,1
4945,-0.010816576179504,0,1,1,1,0,1,0,0,0,0,1,0,1,0,0,0,0,0,1,0,1,1,0,0,0
4946,-0.691358635492073,0,0,0,1,0,1,0,1,1,0,1,0,1,0,0,0,0,0,1,1,0,1,0,1,0
4947,0.752451058994343,1,1,1,1,1,1,1,0,0,0,1,1,1,0,1,0,0,0,0,0,1,0,1,1,1
4948,1.31642224201683,0,1,1,1,1,1,0,1,1,1,1,1,1,0,1,0,1,1,1,0,0,1,0,1,1
4949,1.04700854433452,1,0,0,1,0,1,1,0,0,0,1,1,1,0,1,0,0,1,1,1,1,1,1,1,1
4950,-1.51716904313242,0,1,1,0,0,0,0,0,0,0,1,0,1,0,0,0,0,0,0,1,1,1,0,0,0
4951,-0.157733994941654,0,1,1,1,0,1,1,0,1,0,0,0,1,1,0,0,0,0,0,1,0,1,1,1,1
4952,0.115008582056997,0,0,0,1,0,1,0,0,1,1,1,0,0,1,0,0,0,1,1,1,1,1,1,0,0
4953,-1.15189445634154,0,1,1,0,0,1,0,0,1,0,1,0,0,0,1,0,0,0,1,1,0,0,1,1,0
4954,-0.468415392904632,0,0,1,1,1,1,0,0,1,1,1,0,1,0,0,0,0,0,0,1,0,1,0,0,0
4955,0.00850385263423537,0,1,0,1,0,0,0,0,0,0,1,1,1,0,0,0,0,0,1,1,1,1,1,1,0
4956,1.22735963359996,0,1,1,1,0,1,1,1,1,1,1,1,1,0,1,0,0,0,0,1,1,1,1,1,0
4957,-0.480289419722898,0,0,0,1,0,1,0,0,1,0,1,0,1,1,0,0,0,0,1,1,0,0,1,0,1
4958,-0.335321078826696,0,1,0,1,1,0,0,1,1,1,1,0,0,0,0,0,0,0,1,0,0,0,0,0,1
4959,-1.57708614340918,0,0,1,1,0,0,0,0,0,0,1,0,1,0,1,0,0,0,1,0,1,1,1,0,0
4960,-0.366157405352123,0,1,0,0,0,1,0,0,0,0,1,0,0,0,0,0,0,0,1,1,0,1,1,0,1
4961,-0.569039600649345,0,1,1,1,0,1,0,0,1,0,1,0,0,0,0,0,0,0,1,0,0,0,0,0,0
4962,0.255816595692172,0,1,1,1,0,1,0,0,0,0,1,1,1,0,0,0,0,0,0,0,1,0,1,0,1
4963,0.167320928897674,0,1,1,1,0,1,1,0,1,0,1,1,1,1,1,0,0,0,1,0,1,1,1,0,1
4964,1.2375718061246,1,1,1,1,0,1,1,0,1,1,1,1,1,0,1,0,1,1,1,1,1,1,1,1,1
4965,-1.37700341661448,0,0,1,0,0,1,0,0,1,0,0,1,0,0,0,0,0,0,0,1,0,0,0,0,1
4966,-0.00318337449090479,0,1,1,0,0,1,0,0,1,0,1,0,1,0,0,0,0,0,0,1,1,1,1,1,0
4967,0.0606105503612371,0,1,1,0,0,1,1,1,0,1,1,0,1,0,0,0,0,0,1,0,1,1,1,0,1
4968,2.10126436065733,1,1,1,1,1,1,1,1,0,1,1,1,1,0,1,1,0,1,1,1,1,1,1,1,1
4969,1.1700514060634,0,1,0,0,0,1,1,0,1,0,1,0,1,0,0,0,0,0,0,1,0,1,1,1,1
4970,-0.317548289144046,0,1,1,1,0,0,0,0,1,0,1,0,1,0,0,0,0,0,1,1,0,0,1,1,1
4971,-2.06246331561875,0,0,1,1,0,1,0,0,1,0,0,1,0,0,0,0,0,0,0,1,0,1,0,0,1
4972,-0.0500099796990859,0,0,0,1,1,0,1,0,0,1,1,1,0,0,0,0,0,0,0,0,1,1,0,1,1
4973,-0.132723325329312,0,1,0,1,0,1,0,0,0,0,1,1,1,0,0,0,0,0,1,0,1,1,1,1,0
4974,-1.25140997739322,0,0,0,1,0,0,0,0,1,0,0,0,1,0,0,0,0,0,1,1,1,1,1,0,0
4975,0.162300209543036,1,1,0,1,0,0,0,0,1,1,1,0,1,1,1,0,0,0,1,0,1,1,0,0,0
4976,-0.365905728731203,0,0,1,1,0,1,0,0,1,0,1,1,1,0,0,0,0,0,1,0,1,1,0,1,1
4977,1.07286695821121,1,1,1,1,0,1,1,0,1,1,1,0,1,0,1,0,0,0,1,0,1,1,1,1,0
4978,-0.485118930627047,0,1,1,0,0,1,0,1,0,1,1,0,0,0,1,0,0,0,1,0,1,0,1,0,1
4979,-1.03090694025368,0,1,0,1,0,0,0,0,0,0,0,0,1,1,0,0,0,0,0,1,0,1,1,0,1
4980,-0.186640035655409,0,1,0,1,0,1,0,0,1,1,1,1,1,0,0,0,0,0,0,1,0,1,1,0,0
4981,-0.518808210427057,0,0,1,0,0,1,0,1,0,0,1,0,1,0,0,0,0,0,0,1,1,0,0,0,0
4982,-0.193802995747147,0,1,0,0,0,1,0,1,0,1,1,1,1,0,0,0,0,1,1,1,0,0,1,0,0
4983,0.540033158011652,0,1,0,1,0,1,1,0,1,1,1,1,1,0,0,0,0,0,1,1,1,1,0,1,1
4984,0.898092708565379,0,0,1,1,0,1,0,0,0,0,1,1,1,1,0,0,0,0,1,1,1,1,1,1,1
4985,0.307813516919381,1,0,0,1,0,0,0,1,0,1,1,0,1,0,1,0,0,0,1,1,1,1,1,1,1
4986,0.345997079625556,0,0,0,1,0,1,1,1,1,1,1,1,1,0,1,0,0,0,1,1,0,0,0,0,1
4987,-0.459597080044695,0,1,1,1,0,1,1,0,1,0,1,1,1,0,0,0,0,0,0,1,0,1,0,1,0
4988,0.667072680866231,1,1,1,0,0,1,0,0,1,0,1,1,1,1,1,0,0,0,1,1,1,1,1,1,1
4989,-0.0812744892170457,0,1,0,0,0,1,0,1,0,0,1,0,1,0,0,0,0,0,0,1,1,0,1,0,0
4990,1.0679622470608,0,1,1,1,0,0,0,0,1,1,1,0,1,1,1,0,0,0,1,1,1,1,0,1,0
4991,-1.70703016491263,0,0,0,1,0,1,0,0,0,0,1,0,0,0,0,0,0,0,1,0,1,0,0,0,0
4992,-1.25818527703779,0,1,1,0,0,0,0,0,1,0,1,0,1,0,0,0,0,0,0,1,0,0,0,0,0
4993,0.907079595711615,0,1,0,1,1,0,1,1,0,1,1,1,1,0,0,1,0,1,1,1,0,0,0,1,1
4994,0.561786269308751,0,1,0,1,0,1,0,0,1,1,1,0,1,0,0,0,0,0,1,1,0,1,1,1,1
4995,1.15034354900113,1,1,1,1,1,1,1,1,1,1,1,1,1,1,0,0,1,0,1,1,1,1,1,0,1
4996,-0.830394194168659,0,0,1,0,0,0,0,0,0,0,0,0,1,0,0,0,0,0,1,0,0,0,1,0,1
4997,-0.776368704919152,0,1,0,1,0,1,0,0,1,0,1,0,1,0,0,0,0,0,0,1,1,1,1,1,0
4998,0.356451236405529,0,1,1,1,0,1,1,1,1,1,0,1,1,0,0,0,0,0,1,1,1,1,1,1,1
4999,-1.3505320976139,0,1,0,1,0,0,0,0,0,0,1,0,1,0,0,0,0,0,0,0,0,0,0,1,1
5000,-0.780976667652713,0,0,1,1,0,1,0,0,1,0,1,0,1,0,0,0,0,0,0,1,0,1,1,0,1
