"Est.Theta","Est.ExpScore","SimSum.Score","Scaled.Weighted.Score","True.Theta","True.ExpScore"
-0.76905482374942,13.3510527346524,11,18.1600103755616,-0.839433262874267,12.6464499220019
0.895654897208401,27.2476082391947,27,33.1878188298747,0.467533425000224,24.3517682727652
0.961950473747829,27.6473732644327,29,33.5256607760305,0.634059255429193,25.5171673222597
-0.840199751352908,12.6371817101596,12,17.2198412311963,-0.802761340358133,13.0118492806699
0.809164244917505,26.7097985271655,27,32.7257735132534,0.907955290932954,27.2697110748555
-0.644786303290741,14.599642069868,16,19.7677389334222,-0.659797325283541,14.4400802773531
-0.826263259507898,12.776752749944,12,17.4048685276503,-0.820928178017518,12.8307053083901
-0.107630040010454,19.7394500870458,19,25.8733754219317,0.141029401567079,21.8336241486839
-1.27132131616885,8.52622986515695,9,11.477724782215,-1.21145475959687,9.08969507164274
0.158556785789921,22.0148501170207,23,28.2931256697019,0.0378723299243094,20.9727469852062
0.801549178898856,26.6615461541421,26,32.6838872327057,0.792561761853075,26.5553881901656
0.465196122287967,24.376824930661,24,30.6154582045535,0.198902572941035,22.3028890709524
-0.172550690841666,19.1536737108622,19,25.2215015785884,-0.460250221266436,16.4101092319354
1.20249534849,29.0116307669826,29,34.6445583856887,0.949516715456333,27.5187470130833
0.966731709574667,27.6757946467423,26,33.5495015404364,0.663140374556078,25.7127408732668
0.131074739057768,21.7895879310651,24,28.0615872479817,0.220564108048785,22.4759848676559
0.412983666049694,23.9940524022325,24,30.2520695592979,0.42240574097924,24.022333506518
0.109419017504905,21.6105002903006,21,27.8762521003989,0.342432986072943,23.4239755828663
-0.434488053871598,16.6812772363085,15,22.3430966599997,-0.423604239594011,16.7655098973029
-1.40718051351713,7.36088422079638,6,9.73732200903413,-1.26679762713215,8.59855313033739
0.0602105152324829,21.1983852670775,20,27.4455271064773,0.15047253899996,21.910869143442
0.13011552305831,21.7816849471355,21,28.053432069386,0.0807201665914777,21.3341054911969
1.89807618330423,32.2860405561495,34,37.1522271282143,2.22148444419543,33.3880205411052
1.65366736862482,31.2398178194833,32,36.3733194760636,1.98097077150769,32.503792134999
-0.126052952135579,19.5744043928355,19,25.6908956554949,0.0404751463362874,20.9948501889911
-0.728264653391325,13.7612033744345,14,18.6932635779488,-0.646674704588685,14.5709226168385
0.162727503472467,22.048839846267,23,28.3279094214431,0.171386799904397,22.0810111997096
-0.493961807497592,16.099197267841,15,21.6364943961378,-0.672941392893215,14.3089226216513
-0.625286460149992,14.7949299132206,17,20.0149832744837,-0.481366163461951,16.2042373112762
0.189203276686383,22.2633996954835,20,28.5465561788428,0.1014628097897,21.5071138120386
1.61192797393213,31.0503693232044,32,36.2303694569977,0.659268340729392,25.6868348791858
0.609298859939453,25.3932682702059,26,31.5566365475604,0.61754205794214,25.4050503630433
0.413889156102405,24.00075740183,25,30.2584776766143,0.201774182111377,22.3259157204165
0.829351024484954,26.8369990809234,28,32.8358488730207,0.567619167767475,25.0615686053876
0.36876028428569,23.6636950934277,25,29.9344466120863,0.238871134602247,22.6211924377802
-0.236168754190115,18.5686123588798,18,24.5587559060758,-0.201328927958052,18.8599499758295
-0.503409494152491,16.0061672961797,15,21.5225741904767,-0.4237228453036,16.7643636676059
0.567210337596673,25.1023719367294,26,31.2907752992056,0.481001774126772,24.4489496878978
-1.32460928549433,8.06048795865153,8,10.7879894660033,-1.37316483254498,7.68975676686421
1.0523251649451,28.1754613758339,28,33.9648614624475,1.14285394387779,28.622442303606
0.122417719875663,21.7181636594301,22,27.9878049207071,0.525791559357048,24.7683959420758
0.446618790561651,24.2415295248439,23,30.4875797934405,0.510699607791433,24.6613979485517
0.327217959652517,23.3481747756009,23,29.6276106037846,-0.155365921413294,19.2780763403602
0.364225449190104,23.6294976095043,23,29.9013549085116,0.510494079865643,24.6599363324277
-0.419026352511114,16.831524411193,15,22.5237375040259,-0.204394054033521,18.8318707287552
0.49568440306909,24.5967353519957,25,30.8219997079852,0.211533435603211,22.4039901568434
0.395992352164657,23.8677950285458,23,30.1311175374235,0.671613059549074,25.7692848548448
0.929089031530124,27.450548548569,30,33.3599118528379,1.42844066683925,30.0991527463652
1.63659142823978,31.1627036093886,33,36.3152104971444,2.90589389455018,35.4457630242735
0.400592808152259,23.9020621262403,24,30.1639982844942,0.699529892580921,25.9542113265753
1.58968868785563,30.9481016008864,33,36.1529283964473,1.04524737795455,28.0763013953783
-0.896070084747559,12.0797359264111,12,16.474868660356,-0.92782301244843,11.7718564770204
0.663253550633269,25.7591111492069,25,31.8870749307613,0.0349768135995343,20.9481351010888
0.892730242516862,27.2297259890175,27,33.1725960468508,0.97943427854071,27.6953762088958
0.462953141394772,24.3605420230762,24,30.6001005796977,0.621585186373223,25.4325644223726
0.202620127312804,22.3713335943616,22,28.6559423617101,0.469801534711365,24.3681704336608
-1.63893847933196,5.54374286327725,4,6.94659753175458,-1.39902914659319,7.47591807947501
1.38890842782195,29.9817538132281,32,35.4107976765416,1.49633206730073,30.4252406307854
-1.72723919512341,4.91247669645713,5,5.96608980973283,-1.32132818494158,8.12677341137873
0.620250001665226,25.4681615707283,25,31.6246359460445,0.979146498267239,27.6936876075501
0.230647409313588,22.5950763227681,22,28.8814101073688,0.164073937371074,22.0216663350759
-0.00403258034518302,20.6496101179225,21,26.8628132702413,0.308661745995917,23.1656669782655
0.238220780760243,22.6551342803116,24,28.9416361242328,0.00934311208371425,20.7291921065505
-0.351318419641845,17.4836616196754,17,23.2993553316558,-0.355472398888982,17.4192971417428
-0.703536953756278,14.009825623332,13,19.0140655710391,-0.517489909310745,15.8503556771177
-0.0734678039153559,20.0429750575327,19,26.2065167208922,0.152520073776228,21.9275833055121
-0.521232909219595,15.8302769918938,15,21.3064495272304,-0.581612113319024,15.2176059988254
-1.10857245048489,10.0147199183118,9,13.6266181221128,-1.02605723717251,10.816520560071
0.697034451427281,25.984181768423,24,32.0882185227434,0.440645058073029,24.1561908848393
-0.339418191752491,17.5972471256735,18,23.4330314206886,-0.543324727362156,15.5960711516856
-1.21906490890206,8.99360398051784,9,12.1616042399557,-1.1787400351244,9.38565780291682
-0.977582123377541,11.2750984909132,11,15.3821978145467,-0.68891588565685,14.149409281752
-2.52669787193797,1.35588374299725,1,0.342024235896345,-2.06829754808566,3.00590662453646
-0.229444410204717,18.6309540802768,20,24.6299266628787,-0.17819389622126,19.0711021989519
-2.14715227746094,2.52886256097017,2,2.25274561590507,-2.22104012755323,2.34046652569835
0.54642006577959,24.9568736904371,25,31.1567536121997,0.656265008983876,25.6667127232135
-0.551472491356639,15.5307793985701,15,20.9362365669227,-1.11156490409934,10.0057181636467
-1.60524216546111,5.79404631561722,5,7.33453594644855,-1.62067443431478,5.75896488517735
1.47240533765334,30.3931918267011,31,35.7291635608953,1.2901967443089,29.4061218498487
-0.244372010793289,18.4924022306408,18,24.4715748278102,0.188009853762017,22.2153215809166
-2.53039021855277,1.34821746843303,1,0.328679009919536,-2.43932386863022,1.63874258086507
-0.107316323939203,19.7422523641474,18,25.8764656307572,-0.417757152448028,16.8219838307522
-1.92350521259581,3.65741653323723,3,4.01441103620434,-1.81534592412694,4.42965364983111
0.238352874888148,22.6561802954805,23,28.9426839611407,0.0613371335272779,21.1713002711441
-0.557248612719994,15.4734279104563,13,20.8650283009501,-0.581908779755884,15.2146666810347
-0.655610260082463,14.4911196923197,14,19.6298490234123,-0.920548844593203,11.8433947906906
0.110198277904104,21.6169687538148,23,27.8829656166697,0.0559137652741037,21.1255512909408
0.397616063292132,23.8798964548641,25,30.1427339347419,0.126643230539621,21.7154398680224
-0.193698504249925,18.9603770881845,17,25.003823010272,-0.256889125017792,18.3472741244549
-0.0136515804812707,20.566403498693,19,26.7735486666765,0.377640483992676,23.6897024749721
-0.503576349913177,16.0045229942926,16,21.5205582223533,-0.339629207652057,17.5699277772556
-1.8697425117312,3.97868070503517,4,4.51400997621069,-2.16946916233162,2.54829278921037
-2.49914764232789,1.41495060644253,1,0.444173823050027,-2.95044698139167,0.79860833135214
1.4998002878755,30.5251822894676,32,35.8305255043876,1.24535733678194,29.1726777750592
-0.310536230087076,17.8715632454402,16,23.754116497288,-0.438309310983987,16.6231940653548
1.96205928773545,32.5427559844696,35,37.3410549942035,1.92025339024631,32.2658905901761
-1.28583329368968,8.39829658815634,7,11.2890728470457,-1.70274692210064,5.17683169272425
-0.903114305996276,12.0097427618124,11,16.3806452301994,-1.03770504227269,10.7048022078439
0.0327819791677724,20.965568682691,20,27.1995888405006,0.0329854349062076,20.9311942965367
-2.62899323690083,1.16357436320432,0,0,-2.75793961484983,1.02130075843064
-1.72922738357163,4.89869622331524,4,5.94466568490799,-1.96793564275805,3.52481406531187
0.911586230337502,27.3446492052517,27,33.2702616894313,1.70184703882236,31.3581895236179
0.34448431839807,23.4799287672793,26,29.756152643874,0.109072300445368,21.5702661028362
1.62895846566236,31.1280588101898,32,36.2890693624,1.75807378785305,31.5998493890571
0.645570558676239,25.6400776492299,26,31.7800370449112,1.12799094063984,28.5406991286341
-0.172846964900411,19.1509739908389,18,25.2184700787787,0.119258710162659,21.6545384025415
1.27145271698991,29.379006638241,31,34.9374197813432,1.51223680450405,30.5003152690508
1.79370504669616,31.852204659545,34,36.8312272038686,1.16465490411872,28.7414349015375
-0.421217638869283,16.8102594933231,18,22.4982148060859,-0.321112563232345,17.7452705399184
1.26878820807353,29.3649997245708,31,34.9263156713733,1.36641892702262,29.7931345240952
0.0400228795799636,21.027245519249,22,27.2649251081433,-0.297975764019723,17.9632657946931
0.759826547511573,26.3945397152987,27,32.4508030496941,1.15509569040213,28.6893918147585
0.589102540318829,25.2542885849646,25,31.4299641723496,0.789542083638223,26.5362343343504
2.24668086994657,33.6032160568227,36,38.1148701361761,2.52210192109615,34.3708135481101
-0.692730118437776,14.1184368477672,14,19.1536304988664,-0.970020162531241,11.3588496401042
-0.255892247310438,18.3850870090824,19,24.348479789101,-0.124388168706506,19.5567178370794
-0.919802506939134,11.8442338957744,11,16.1572234164688,-0.535831881763368,15.6699172442154
0.290185928353206,23.0626401825327,23,29.3469915159183,0.22832678067365,22.5376778958578
1.17421271564675,28.8579820072114,30,34.5210548297211,0.869653876109935,27.0363824374616
-0.105687346436903,19.7567988098611,19,25.8925023746521,0.295446962519204,23.0636754066494
-0.382042542918374,17.1889484484404,17,22.9505473656243,-0.550077875748831,15.5294507013343
1.0505404046333,28.1652170119383,27,33.9564163773614,1.66879585838811,31.2134735149794
0.710617463525769,26.073826475322,26,32.1678821972941,0.0688890099305482,21.2348616155917
0.619429608439466,25.4625623414985,26,31.6195584485734,0.662981713897541,25.7116801533069
-0.346736534531307,17.5274328559153,17,23.3509187835937,-0.258143398873841,18.3356116048106
-1.26680219669209,8.56623555819911,9,11.5365901257429,-1.18417184595951,9.33623570880166
1.45194260703778,30.2936412880763,31,35.652470562704,1.54691626712285,30.6623055227874
-0.798932546011662,13.050895347249,12,17.7665751377895,-0.512290198090581,15.9014185376187
0.692454862378912,25.953847489282,27,32.0612036408484,0.590602089334539,25.2205609850176
-0.640237238538502,14.6452268029704,16,19.8255540913968,-0.877099142717043,12.272471773734
0.430868864260982,24.1260514013268,23,30.3779436096912,0.420812394347335,24.0105941838159
-0.0488900590114137,20.2592912559795,19,26.442001217303,0.378248624231106,23.6942604806588
-1.11510046603076,9.95322504049197,9,13.5395046234868,-1.77653403395836,4.68011364279178
-0.123100389647174,19.6009192535553,22,25.7202743706795,0.22813709056944,22.5361724790707
-1.0432968979954,10.6368791593798,10,14.5002104861529,-1.3216082034263,8.12438251693123
0.617718330969646,25.4508768809319,24,31.6089585398047,0.395233405248398,23.8211246583453
-1.31933228983639,8.10611367938102,7,10.8559139780299,-1.19123724971202,9.27211664987188
0.445259350919673,24.231590202814,23,30.4781610132644,0.483583901799918,24.4675216054217
1.11744821571356,28.5442807830475,28,34.2669767811192,1.74522684494291,31.5451321009262
1.09800291029108,28.4351627352829,28,34.1779809364401,1.07339022681694,28.2360446939954
-0.0902183319226342,19.8945620209996,18,26.0440186995861,0.0951967035231332,21.4549829236037
0.246460267478289,22.7202812763056,22,29.0068243897446,0.939647013612047,27.4599955008369
0.889566411246138,27.2103576611975,28,33.1560974223327,1.77518005460001,31.6722539159647
0.92071523417518,27.3999764640957,29,33.3171408661788,0.742714157484859,26.2361328123472
1.00296437378816,27.8894087774614,27,33.7279424914956,0.605475550445517,25.3226665284278
-0.780861454136694,13.2323974539242,13,18.00480443942,-0.562368953451882,15.4080470273519
0.173825666146904,22.1390333928463,23,28.4200155626385,0.272616013297727,22.8862517555987
-0.358756092814975,17.4125084477695,17,23.2154014958094,-0.779219377485721,13.2468763981775
0.496373436220746,24.6016748558564,26,30.8266203094202,0.531524256406348,24.8088695666816
-0.719870196260501,13.8456156324417,15,18.8023888330824,-0.821503449278267,12.8249730525188
-0.107615766310437,19.739577593242,20,25.8735160351486,0.192602914437464,22.2522883748306
-0.501804326175189,16.0219833515862,13,21.541960883423,-0.885303183020256,12.191242546707
-1.70329399117639,5.07998767413499,5,6.22646951278618,-1.80110310084454,4.52066708468483
-0.637247444117385,14.6751780987602,14,19.8635073697236,-0.836102754067232,12.6795897581567
0.963171069780599,27.6546341174332,28,33.5317536397708,0.811440834878301,26.6745988713978
0.708208589950193,26.0579640216876,27,32.1538044965753,0.631852172654299,25.5022295098849
0.686875559866615,25.916816095038,27,32.0281846327769,0.577066230116069,25.1271011180765
-1.00269232184654,11.0299656763759,11,15.0450841523277,-0.651492894413688,14.5228944651388
0.878737376848423,27.1438778546442,31,33.0993821583015,0.668704326688291,25.7498949864902
0.79397335585038,26.6133958436176,27,32.6420178749146,1.44950740233443,30.2013211508665
0.620190310066577,25.4677542340485,24,31.6242665991183,0.712003276536426,26.0361559096107
-0.65463306054033,14.5009204598389,14,19.6423165051252,-0.422691617367626,16.7743287632231
-0.570126522215305,15.3454076276893,15,20.7057130347024,-0.598735054943212,15.0477996088483
-0.47330474959145,16.3020852396672,17,21.8840005608539,-0.665973046283138,14.3784676757488
-0.483921477167909,16.1979013409898,15,21.7570665510131,-0.358650909175474,17.3890112879051
-0.406393935498346,16.9539252429235,16,22.6703636591847,-0.320548899236371,17.7505960072216
-1.23605022951186,8.84055074887397,8,11.938575144868,-1.13195369627379,9.81583387330893
0.69871777795392,25.9953178155974,27,32.0981286123647,0.342327297917573,23.4231724314601
1.63593273201894,31.159718155229,32,36.3129586848848,1.41387959490621,30.0280122870769
0.433215196037943,24.1432998096739,22,30.3943480754241,0.417363981994458,23.9851620131917
-0.497753258529716,16.0618808684227,16,21.5908309575814,-0.204387760737965,18.8319284056288
-0.917080065349509,11.8712033534455,12,16.1936891324692,-1.0938155241027,10.1721570743625
0.36523007536416,23.6370787316218,24,29.9086943396308,0.400829606275939,23.8627398567313
0.765700128294349,26.4323989336303,26,32.4839875022319,0.541697956549697,24.880467828897
0.0914429043079394,21.4607843377612,21,27.7204579786343,0.56857079138808,25.0681811910397
0.924673910900659,27.4239054095454,27,33.3373880035949,1.00192877110514,27.8267451157643
-0.344651052106283,17.5473399832265,17,23.3743490233509,0.0295560157005304,20.901993081053
0.75147811465731,26.3405746753788,26,32.4034238880451,0.541753495017485,24.8808578810437
-0.473261465135855,16.3025095976008,17,21.8845168847756,-0.694879400778443,14.0898348008171
-0.0867983320019473,19.9249285410535,19,26.0773288854301,0.27382077903375,22.8956527024376
0.478502507999169,24.4731278871453,24,30.7061064115275,0.977017172824305,27.6811871535674
0.45282625498808,24.2868471401835,24,30.5304817857061,0.580658189625737,25.1519521919717
0.361157733044618,23.606329747969,23,29.878913484505,0.321071394503794,23.2609757827519
-0.569326533371695,15.3533664258177,16,20.7156320104542,-0.593634638171737,15.0984122147664
-1.18741471704689,9.281665873869,8,12.5789203240772,-1.14660405467879,9.68028331111897
0.416100447077324,24.0171216866602,25,30.2741109841874,0.650385450228611,25.6272484652268
-1.22748021755061,8.91763864049695,8,12.0510203839146,-1.73831733199004,4.93411045486868
-0.53342427890819,15.7096889130148,15,21.1577222357681,-0.802012876925328,13.0193169410267
0.242339311969581,22.6877233739178,23,28.9742642028904,0.266089534775915,22.8352502104596
-0.153169473021372,19.3297627243129,17,25.4186940319236,-0.182819200182123,19.0289987819536
-0.859541031468227,12.4437897479382,11,16.9624799068852,-0.427476863993492,16.7280701986831
0.527479191269377,24.8232699948469,25,31.0330707102809,0.568618328816503,25.0685114495642
0.741179600357853,26.2737547401299,26,32.3446319291505,1.03018600820527,27.9900415836231
1.28408843768583,29.4452265645782,31,34.9898510650017,1.00239933811577,27.8294801854997
1.48540121918619,30.4559894352797,31,35.7774343347397,1.59817953426362,30.897532672116
0.254764605415009,22.7857372799229,23,29.0721741334063,0.41271742918735,23.950838845988
-0.862441315697129,12.4148244535438,14,16.9238345995368,-0.928274973351605,11.7674147230206
1.11979762832339,28.5574069561643,31,34.2776607141777,0.979330252842373,27.6947658430754
0.706202074916659,26.0447394148295,26,32.1420617297945,0.155825725613386,21.9545414501665
-0.696095073580887,14.0846222874526,15,19.1102166490994,-0.628953626797041,14.7474254838991
0.226621500285907,22.5630809327179,23,28.8492742384184,0.227445982752259,22.5306868151763
0.352449364916569,23.5404130944223,22,29.8149633155661,0.794921871106391,26.5703417897196
-1.72685050648625,4.91517308453047,6,5.97028175483826,-1.74635448562171,4.88010134383309
0.20126151866844,22.3604284276261,24,28.644908801324,0.263000656574101,22.8110680927615
-0.0524027394387868,20.2284810577303,20,26.4085595541868,-0.174188717020566,19.1075153980533
0.586950300901347,25.2394120949951,24,31.4163675651277,0.526117873637188,24.7707022701126
-0.551435503225601,15.5311465137132,17,20.9366920558419,-0.270634347688065,18.2192586813497
-1.25211018019361,8.69684067287824,8,11.7283403333657,-1.1416070497892,9.72643226611703
1.58747820625148,30.9378858807313,32,36.1451818537904,1.48979440009287,30.3942372871167
-0.258513253851567,18.3606244670254,19,24.3203661268599,-0.501628255873806,16.0059941643854
-1.88006779104811,3.91557690058085,5,4.41588347887583,-1.94884364156854,3.63062588928719
0.00496355320000499,20.7271848270102,20,26.9458197506507,-0.0428765157513823,20.2773453944176
-1.09176734290378,10.1736545489332,9,13.8511181182321,-0.810759197059376,12.9320738811708
-0.228337191545937,18.6412079642445,19,24.6416201851305,-0.0713101635764665,20.028066790458
0.376981397192037,23.7255382403386,24,29.9941886810523,-0.0368099068561649,20.3302368534003
0.517057636037041,24.749330838345,24,30.9643669083473,0.672710691408918,25.7765957711752
-1.68614254075631,5.20168848623802,4,6.41557365893519,-1.46334999809847,6.95632679298402
0.693221880047979,25.9589319380515,26,32.0657337622643,0.870666019678609,27.0425960238478
0.857231000217848,27.0109887537932,28,32.9856134305762,0.336158782507712,23.3762394287161
-0.528836563940457,15.7550928786351,16,21.2137740648144,-0.347266504835827,17.4973841203867
-1.93978862416699,3.56375919604929,4,3.86873028694114,-1.91998626210674,3.79471389167797
0.188585884289466,22.258420098704,24,28.5414998331749,0.32318174107058,23.277138571823
-2.62899323690083,1.16357436320432,0,0,-2.42071809781977,1.68820823786776
1.29449693365619,29.499521887826,29,35.0327609252059,1.47673250772842,30.3320422384877
-1.33377379202155,7.98151056795749,8,10.6702344656452,-1.05338818516772,10.5549797119115
0.841192166332891,26.9111338157421,26,32.899774266592,1.20493451741466,28.9584769892387
0.746603576653824,26.3089815627239,25,32.3756439770639,0.774079179486963,26.4377783026717
0.809083540400228,26.7092879212794,28,32.7253306490221,0.743479314857416,26.2410830469011
-0.18775371678764,19.0148350769179,19,25.0652787478751,-0.284409543870647,18.0905062416697
-1.32407855968508,8.06507174417105,8,10.7948169286957,-1.62815652269517,5.70465543664011
0.490771309356209,24.5614756973823,27,30.7889927519806,0.761219076474098,26.3554156668652
0.244615238572239,22.7057107227462,21,28.9922573434099,0.0746774607326437,21.2834682400145
-1.24466640965242,8.7633280094664,8,11.8257039126615,-1.42833344391303,7.23703719364226
0.833738445406602,26.8645088647023,26,32.8595897692388,0.536206479922938,24.8418575300619
-0.680716954693169,14.2391222905779,14,19.3082980414387,-0.499741863039714,16.0244781980683
1.30712357452679,29.5650833569174,31,35.0844793777572,1.11254968436106,28.4552403695972
-0.792701897888393,13.1134569232168,14,17.8488016992594,-0.96840788317474,11.3745627783129
-0.397773564531312,17.0372648166692,15,22.7699215433402,-0.164551761507513,19.1949569288105
1.93238712328557,32.4245657007643,36,37.254213936071,1.95175378362447,32.3900760194335
1.44584797169104,30.2638314021455,31,35.6294639222449,0.982445723569792,27.71303431146
-0.344696232067817,17.5469088190253,16,23.373841690563,-0.330830525581341,17.6533426020561
-1.03124249886458,10.7531238021194,10,14.6619005233808,-0.928452136589221,11.7656737088261
-0.0146130676921489,20.558071613176,20,26.7645969513317,-0.369798797058699,17.2826193740484
0.500006823067002,24.6276994887215,25,30.8509512706857,0.176754309299546,22.1244687099721
0.624515316173487,25.4972430749752,26,31.6509912386074,1.05295001906284,28.1202083123885
0.889494887740653,27.2099195242607,27,33.1557240721383,0.89291147871337,27.1785065264635
-1.17399818557642,9.404878761968,9,12.7564453356401,-1.33308089980849,8.02670552765608
-0.218938281467671,18.7281225806993,18,24.7405950110084,0.0159286640009042,20.7856216124001
-0.677826514123465,14.2681506853712,14,19.3454352695421,-0.576683989097877,15.2664184986291
-0.558896735172411,15.4570555787903,15,20.8446817007647,-0.314763657721061,17.8052127677359
0.59027644492919,25.2623973607137,25,31.4373722600632,0.098288252167478,21.4807174602612
-0.899342901950063,12.0472071437983,11,16.4310982561428,-0.6341677568625,14.6955170534451
0.500056827804497,24.6280573943264,27,30.8512857260546,0.426376751189734,24.051558696881
-0.00562684776489692,20.635837949547,20,26.8480549690339,-0.0527146387237982,20.191351301858
-1.48031445809331,6.76384111075676,6,8.82847482055601,-1.14738841362542,9.67304758056106
0.918979371604504,27.3894717136849,29,33.3082470806635,0.931587993763878,27.4118439224051
0.176959208651159,22.1644329842318,23,28.4459028199443,0.382094299772059,23.7230587422266
-0.854768663019665,12.4914720277843,13,17.0260409890078,-0.708864826728098,13.9500808502977
-0.593045362244906,15.1170762084311,16,20.420322913901,-0.333371451803689,17.6292714123098
1.22110863241831,29.1118005534405,30,34.7247483460889,1.87274657622351,32.0754584314131
0.628416852922874,25.5238009983738,26,31.6750354810923,0.358378597295015,23.5447745937025
-0.376755561819028,17.2398091509113,14,23.0109455935755,-0.271311029862226,18.2129445945491
0.737500365806395,26.2498157593491,26,32.3235348700371,0.957656539165153,27.567020542105
-0.753528411246777,13.5071493928838,15,18.3635496908877,-0.722525567892061,13.8135314613253
-1.65170177744007,5.45024982867859,5,6.80153925869071,-1.43787076736968,7.16007035861834
-0.973255341675749,11.3174828759242,11,15.4402816118086,-1.02632196821282,10.8139773221187
-1.21904556589497,8.99377889635224,10,12.1618586108593,-1.28486416637049,8.4408924392138
1.91818301047907,32.367461486186,35,37.2121994888183,1.26006037352241,29.249703551064
1.30815154838587,29.5704062600644,32,35.08867383176,1.09484391670228,28.3565728753444
0.477684485897857,24.4672221063512,27,30.7005563766552,0.320033266832051,23.2530201252494
-0.0660107276797212,20.1087895768556,17,26.2783342109521,0.311070253567058,23.1842003328378
-1.19186477220637,9.24094177557476,11,12.5201170076822,-1.3009220526653,8.30188448632711
0.733414055777867,26.2231867200927,28,32.3000458739521,0.81029584658692,26.6673953479313
-0.937572658929528,11.6685126014163,11,15.9190577443525,-1.09507069572425,10.160353247532
1.37137803095588,29.8935946854567,30,35.3420911897366,1.34163148598547,29.6686163288055
0.424401456689377,24.078426057888,25,30.3325962267735,0.576566158428788,25.1236384905766
0.960676910580211,27.6397935326954,27,33.5192986961072,0.893391969168672,27.1814283374306
0.480718825659555,24.4891192304306,26,30.7211286089661,0.350765929920307,23.4871964885663
0.213805168758603,22.4609041322278,24,28.746411559539,0.0321337623320919,20.9239455517172
-0.32604134727905,17.7245399039814,15,23.5823353978933,0.116164778977191,21.6289745177601
0.794977364436079,26.6197855277025,27,32.6475781854448,1.08870777751533,28.3222090957378
0.323806062631565,23.3220361884476,22,29.6020384716488,-0.115389781603433,19.6371709942032
0.210380714781069,22.4335203941857,23,28.7187825776232,0.0974515493565959,21.4737553801068
-2.53131306924152,1.34631043049532,1,0.325356031032134,-2.03056055375688,3.19354294759705
0.197658560121516,22.3314819129576,20,28.61560149013,-0.35831221028392,17.3922395562509
0.520315405870362,24.7724769152163,25,30.9858936708254,0.844149399578546,26.8789477311872
-0.129355253044181,19.54472009189,19,25.6579765639984,0.235734323608733,22.5963823028283
0.539925301633193,24.9111743260405,25,31.1145143281286,0.0536116944704032,21.1061062288227
0.69941054649415,25.9998986466756,25,32.1022039955489,0.677226034826113,25.8066362753399
0.00575167417035965,20.7339696333858,22,26.9530697049311,-0.0432755800785973,20.2738625234746
0.476310383459311,24.4572973755653,24,30.6912268432981,0.00198223917581949,20.6659715540182
0.601010292653724,25.3363662285523,26,31.5048498876687,0.235190717018318,22.5920797682951
-0.573877974511947,15.3080753945385,16,20.6591603883852,-1.15305444420449,9.62084381751465
1.21132122406088,29.0592218212668,29,34.6826888880356,1.74921017296917,31.5621291440344
0.437158588849724,24.1722529316265,25,30.4218619352788,0.314570127215508,23.2111012247028
0.453767573566568,24.2937096117565,24,30.5369724192379,0.375765653767537,23.6756438308005
-1.575923824333,6.01582295436714,4,7.67762772029965,-1.32250995701402,8.11668525123467
1.04392317519838,28.1271705237686,28,33.9250265997614,1.0067062440582,27.8544883695149
0.595361478855647,25.2974786445996,25,31.4693972870089,0.627909597315256,25.4755122098391
1.38522681242327,29.9632909234672,31,35.3964233313466,2.00712961761475,32.6044192933519
0.44747304352251,24.2477725477888,23,30.4934941519237,0.158952610263956,21.9800120336149
0.27524998795926,22.9463324017337,22,29.2318818073273,0.749370904671906,26.279146914851
0.248166848207858,22.7337494885193,22,29.0202828344228,0.04376627625208,21.022770453862
0.209469887602835,22.4262310701151,21,28.7114235943384,0.233001236789025,22.5747416285672
1.51285326954963,30.5875585203704,34,35.878301574772,2.0462736676332,32.7529265150806
-1.03127151747055,10.7528434940592,9,14.6615111985234,-0.97815645296157,11.2796416495742
-1.32311995555085,8.07335384692862,9,10.8071510254941,-0.803796797800777,13.0015187444497
-0.148977690231643,19.3677126677618,20,25.4610534168314,-0.0974161108695991,19.7972080009438
-0.841416750825935,12.6250019855017,12,17.2036665647014,-0.576852071901065,15.2647541116772
1.64426509726101,31.1974242749118,34,36.3413871907152,1.24949960881217,29.1944256765261
-0.194088147511449,18.95680442215,18,24.9997877425081,0.192602914437464,22.2522883748306
0.681853795054476,25.8834144620839,26,31.9983644560244,0.810706940432236,26.6699820755308
0.294847369319866,23.0988044237622,25,29.3826882607415,0.230813167222157,22.5574004882595
1.63949172895814,31.1758392744993,32,36.3251163145927,1.62954560112315,31.0390107461827
1.64487765450748,31.2001911845426,32,36.3434722979299,1.90318109192349,32.1978935791434
-0.478258185040997,16.2535004964416,15,21.8248491189242,-0.587352052898222,15.1607184911185
1.45889635463031,30.3275635785183,31,35.6786278143232,1.71345237047073,31.4085335097047
-0.56642667332448,15.3822094632347,15,20.7515625891182,-0.757685461747331,13.462047744875
-0.527090591426407,15.7723644475916,15,21.2350793076512,-0.185465763237135,19.0048823706233
0.57353878263748,25.1464228799267,26,31.3312137810697,0.799697690138118,26.6005567649214
0.111096342386018,21.624421146408,22,27.8906985348809,0.355380357630631,23.5221178230192
0.884633737478031,27.1801116797611,27,33.130310385689,0.467710664439689,24.3530505385206
-0.964353695960445,11.4048093379304,13,15.5597662152995,-1.35964431129439,7.80265885508651
0.0494620704552651,21.1074153587169,21,27.3496541643094,-0.0248254089356784,20.4344167225352
0.742438053257691,26.2819347767335,26,32.351836732507,0.254657588854609,22.7456111217498
1.19101805454062,28.9494895514228,30,34.5946825594861,1.07052688104884,28.2198769615481
-0.606264379589481,14.9851176379641,13,20.2546660578393,-0.821207972676128,12.8279172794562
-1.33582388840858,7.96388863246354,6,10.6439295086861,-1.55533814911851,6.24347838961078
-0.478346711050165,16.252631819936,16,21.8237908375129,-0.617326784684466,14.8630942246439
-0.844911380501473,12.5900356129277,12,17.1572060424121,-0.792164902236737,13.1176028922642
-1.99436296284333,3.2626912364088,2,3.400153391716,-1.91996066614225,3.79486162307708
1.71967567711296,31.5328793991773,33,36.5932142009805,1.19527678816928,28.9067672575917
-0.374685585245177,17.2597059029472,18,23.034550555944,-0.609700217488367,14.938902191882
-0.255230104558894,18.3912642196436,17,24.3555757957828,-0.140833240417037,19.4091176899712
-1.43919594021157,7.09689771120946,7,9.33672234097278,-1.52921384647211,6.44229841955706
0.999416922724624,27.8686314324669,30,33.7106437379059,1.33967480193143,29.6587324949009
-2.62899323690083,1.16357436320432,0,0,-2.544131032686,1.39120582226022
0.742913600972777,26.2850247975868,28,32.3545578093536,0.791415081115217,26.5481175897689
-0.0134638849693619,20.5680296837937,21,26.7752955472387,-0.113218646726454,19.6565497111145
0.973285032987145,27.7146613383664,28,33.5820662950065,0.944765112877306,27.4904920795894
0.0274118933414787,20.9197276313808,20,27.1509423738543,-0.205850154650256,18.8185231042668
0.844942906825601,26.9345429260811,26,32.9199248265192,0.427249912114847,24.0579787054024
-0.981157115187691,11.2401098028296,12,15.3342039724371,-0.883857904266455,12.2055458380179
-0.73006656605702,13.7430830567121,13,18.6698105735409,-0.956466188207432,11.4911188547563
0.394906418856911,23.8596973652847,23,30.1233416492634,1.11254968436106,28.4552403695972
-0.656507119947568,14.4821241453586,13,19.6184033239837,-0.0850352189956994,19.9069297221597
0.55255605789163,24.9999406327689,25,31.1964964634193,0.716319378954323,26.0644132382563
1.474136189463,30.4015745978037,32,35.7356119668183,1.15392294768601,28.682992851278
0.714556807688069,26.0997341337011,27,32.1908576778277,0.676502228300268,25.8018245378948
0.337427307985132,23.4261846264425,22,29.7037905473812,0.423325026370848,24.0291031846944
1.44654658335526,30.2672521597247,31,35.632104965077,1.02114813046403,27.9380203698296
1.3704871678206,29.8890979285204,30,35.3385819014721,1.18179470843095,28.8342339556052
1.30871696890894,29.5733330983451,31,35.0909798941124,1.60363397957742,30.9222677310666
-0.164625172955118,19.2258047609267,19,25.3024051211838,-0.254133841538728,18.3728798260309
-0.62811998257581,14.7665717606769,12,19.9791516190487,-0.729511088976717,13.7436974150728
0.00441032681391897,20.7224211065991,18,26.9407284885646,0.0768150651733935,21.3013933401331
-0.608414003314399,14.9636422686088,15,20.2276566072332,-0.355344263401145,17.4205175993866
0.13928068215848,21.8570848952838,22,28.131149731299,-0.0187630863196013,20.486960365034
1.08613025272123,28.3681184209377,29,34.1231396358184,0.792309194173444,26.5537870644261
-0.820833637667718,12.8311730471073,14,17.4768521838949,-0.91680120320158,11.8802869935653
0.205594302806106,22.3951872947548,22,28.680062541194,0.552228167787803,24.9542666326074
0.3399332381087,23.4452857691792,24,29.7224118337838,-0.0577602591997073,20.1471423138921
-0.0302868484674366,20.421870299023,21,26.6179223837183,0.108352679245597,21.5643011376983
0.857702289290178,27.0139131970864,27,32.9881228363245,0.872956204347759,27.0566459493081
-0.447741693236535,16.5521190012483,17,22.1872345930721,-0.58080163852018,15.2256355371139
-0.184041336923689,19.0487949201046,19,25.1035513454464,0.0159236486159324,20.785578684663
0.665172050646542,25.7719750699908,26,31.8986151237658,0.527910973396377,24.7833701654366
0.0593027820792947,21.1907158096565,21,27.4374553825956,0.505268190195648,24.6227318274922
-0.650739185823972,14.5399676082484,14,19.6919595061334,-0.715263124500317,13.886128692165
2.14216982392765,33.2289353545014,35,37.8426142434583,1.82864778334693,31.8952542368556
-1.11048887482229,9.99665258883638,10,13.6010385240516,-1.34154255093978,7.95501609757294
0.996040712915356,27.8488295147915,27,33.6941456334517,0.939197309487117,27.4573128122885
-0.218527598758637,18.7319150473586,18,24.7449079073279,-0.0763289581089816,19.9838318052486
0.0980636010285192,21.5160370344194,22,27.7780445145723,0.201954819199242,22.3273633843166
1.73673743677728,31.6073439309897,33,36.6488599213031,1.6233628521927,31.0112688095765
0.839440485316762,26.9001891422271,26,32.8903473687986,1.2215270825356,29.0468355288044
1.18838366696845,28.9351857499269,30,34.5831879266244,1.47528681818558,30.3251377811109
1.852893736353,32.1005513908389,33,37.0152917703742,1.59958751099042,30.9039229905667
-0.27614830926876,18.1955845073968,19,24.1301696610857,0.0614632144589807,21.1723628118736
-0.218893244836039,18.7285384948456,20,24.7410680236313,-0.350373210475425,17.4678380910254
0.830548062307535,26.8445094958817,27,32.8423326436531,0.916633221753576,27.3220640055654
0.454771700365695,24.3010271795252,25,30.5438917407876,0.637867124110799,25.5429078796903
0.597101491392702,25.3094665682299,25,31.4803315841791,0.586863121888532,25.1947960938457
0.165382719625352,22.0704518561834,21,28.3500054451772,0.365049380072891,23.5950890788214
1.18513491495768,28.9175252926765,31,34.5689885552846,0.893206457011398,27.1803003267672
-1.37548380622078,7.62625126390005,7,10.137811403238,-1.47552970332539,6.85989635295676
0.0907031815455391,21.4546029460356,21,27.7140088903524,0.374844139758028,23.6687299757305
2.04321749391532,32.8585198890184,35,37.5723582338457,1.60382583951882,30.9231367667142
1.74579135903793,31.6466465721916,33,36.6781941787728,1.73796432711729,31.5140698336229
-0.161770908298846,19.2517400219508,21,25.3314512266748,-0.198940509086744,18.8818132133534
-0.611068714725413,14.93711469714,16,20.1942737707321,-0.543467841029873,15.5946599490466
-0.981346646502351,11.2382556459574,11,15.3316594911892,-0.843682263085565,12.6041859704318
0.87564443611397,27.1248370208212,27,33.0831136125721,0.275485104821155,22.9086326016838
0.9509883192823,27.5820037757514,28,33.4707376932813,0.784824425620689,26.5062623839437
0.911234881561368,27.3425157613782,29,33.2684521924574,1.20582098647768,28.9632129862983
0.846133248906288,26.9419647161278,28,32.9263100220629,0.757916240023296,26.3341921169013
-1.10719099140608,10.0277511447863,11,13.6450601450476,-1.02633460416092,10.8138559348664
-0.335745340762542,17.6322386929001,18,23.4741268071579,-0.411698695776247,16.8804294078484
-0.698948608124708,14.0559440499887,14,19.0733705027853,-0.814695259343262,12.8928287911054
1.67614056818301,31.3404869339306,32,36.4490203769974,1.28070882218941,29.3570867134272
1.1289500534919,28.6084235579769,28,34.3191412711519,1.16867175775622,28.7632423227777
-0.300418640340905,17.9671934832437,19,23.8654661895755,-0.434604110756677,16.6590913042546
-1.11351785983132,9.96812071436493,9,13.5606186698035,-1.09008087229224,10.2073083302888
-0.199639251834073,18.9058621471048,19,24.9422021470598,-0.300805771085682,17.9366680001989
-0.536374661323067,15.6804733503944,16,21.1216215165949,-0.67238509635049,14.3144754457991
-0.946219836465613,11.5832130167183,10,15.8030867273263,-1.03819760939333,10.700086064648
0.0200579611035083,20.8568144129013,21,27.0840601984627,-0.412787987546083,16.8699263555144
-1.17584770045384,9.38785501157425,9,12.731952160802,-1.20658046653489,9.13353148302153
0.958252496933043,27.6253536793262,28,33.5071739258987,0.847318642701033,26.8986013883707
-1.65517046435782,5.42496846571444,5,6.76230186782117,-1.65927600803019,5.48141200730715
-1.28345404081155,8.41921536128924,7,11.3199622751166,-1.39347273580572,7.52161973998259
-0.956882989589574,11.4782267416218,11,15.660024847404,-0.637142891664943,14.6658891259929
-1.27647603932299,8.48069385798441,9,11.4106479343247,-1.09816502887778,10.1312754714531
-0.339868742596433,17.5929525621389,16,23.4279849539326,-0.243852899857099,18.4682587239871
-1.54863762942896,6.22547933767906,6,8.00128616470695,-1.62247737256861,5.74585575323265
1.58453804651102,30.9242836860816,33,36.134864284677,2.16862069968116,33.2014165633806
0.0529583465010219,21.1370436342876,20,27.3809108907958,0.126650772758292,21.7155019880254
1.46688498406888,30.3664166520855,32,35.7085569228161,1.57297655887797,30.7825111739414
-2.62899323690083,1.16357436320432,0,0,-2.47590156365505,1.54652489560171
-0.852052595543645,12.518620125379,12,17.0621985013203,-0.892780197120607,12.1172925220905
-1.8785015637221,3.92510679656512,4,4.43070253912555,-1.85121127509151,4.20521589665795
-0.664264587103448,14.4042955475453,12,19.5192750787699,-0.53107041307845,15.7168039917486
-1.37029879755174,7.67003944396739,6,10.2036722442962,-1.15327766933571,9.6187895056979
-0.256894547278729,18.37573432533,20,24.3377335542557,-0.880014943099305,12.2435917564248
0.199286078401941,22.3445623328635,24,28.6288485442312,0.12644935839847,21.7138430207347
0.235968788988785,22.6372934409364,24,28.9237583868718,-0.0275897093107382,20.410423147635
-0.0184178964323312,20.5250740642579,20,26.729121010013,-0.276293847182127,18.1664161984094
1.01419311672413,27.9549803621874,29,33.7824553322979,0.651440571085433,25.634337533196
1.56111748440883,30.8153482685024,32,36.052106379128,2.54736985519578,34.4475805656233
-0.654641725483383,14.5008335580068,13,19.6422059706122,-0.69263178231895,14.1122895532479
-1.28834882214255,8.37620360459834,8,11.2564316226474,-1.43104948198854,7.21507963381082
0.360420015539229,23.6007542958172,22,29.8735101149003,0.167115573048527,22.0463688076851
-0.873281862911721,12.3066465822367,11,16.7792751115181,-0.925142934075496,11.7982030717725
-0.649871380342552,14.5486684315619,14,19.7030151621258,-0.79305219101849,13.1087453317905
0.473956265712626,24.4402818109905,24,30.6752240239003,0.352796801660823,23.5025735363841
0.266120037761165,22.8749116499892,22,29.1609656243263,-0.161755370522518,19.220284200433
0.421267646687605,24.0553056763374,23,30.3105540146421,0.412241500459408,23.9473197096277
-0.214534475189444,18.7687667411652,17,24.7867913362713,-0.164554178549086,19.1949350283928
-0.284809049983011,18.1142494602836,17,24.0361021522771,-0.374766655053946,17.2351227206086
0.53381446123829,24.8680688529518,25,31.0746090522393,-0.00151811792912853,20.6358533757959
0.592865905016892,25.2802707325412,26,31.453693558136,0.896423761315201,27.1998509417269
1.69779773004569,31.4366258812319,32,36.5211518755495,2.40106562467759,33.9907618175281
0.3929323999536,23.8449686065734,25,30.109192444871,-0.0435627103477162,20.271356289211
-1.31543985237725,8.13983841540903,6,10.9060721495489,-1.08883044418012,10.2190875920671
0.67898319341177,25.864290851284,25,31.9812752629215,0.395233405248398,23.8211246583453
0.0831638147732704,21.3915087710071,20,27.6481063588379,0.138715870044212,21.8146593291568
0.742844794060956,26.2845777394906,27,32.3541641479424,1.31416390872609,29.5291330603433
-0.101767972122962,19.7917675130363,21,25.9310238909686,-0.204355468381289,18.832224357421
-0.0516208914837031,20.2353418185078,19,26.4160091241297,0.151016729962361,21.9153126173009
-0.553579067723377,15.5098681681255,15,20.9102846446499,-0.317226856589843,17.7819677817707
-2.28153474662148,2.01571042317568,2,1.43768108292113,-1.84000328536109,4.2746123078836
1.57220789697055,30.8670623339156,32,36.0914219077831,0.486039764372383,24.4851676152964
0.490044288694476,24.5562523061746,26,30.7840995367714,0.61178004791487,25.3657607775869
1.24419109778562,29.2349848878487,31,34.8230135036596,1.60500343361413,30.9284692002714
1.78727244610107,31.824844268048,33,36.8108948462745,1.82441000301887,31.8777609955709
0.443413655846021,24.2180872266692,24,30.4653598709939,0.650887226758538,25.6306201451122
0.900893194764503,27.2795843422002,28,33.2150156387814,1.48305685115374,30.3621980470424
1.27015994993591,29.3722126362385,30,34.9320343766067,0.917731162704984,27.328674352638
0.835964370549777,26.8784472228377,26,32.8716097254253,0.0881166454667566,21.3959418967748
0.956265518643686,27.6135087045134,28,33.4972234821391,1.48439923001691,30.3685886332549
0.576923051248076,25.1699346194158,24,31.3527712444245,0.423687702439166,24.0317732801681
0.0350533353103693,20.9849323276277,21,27.2201155999313,-0.0275342674512221,20.4109045852805
-1.28837525631309,8.37597157352752,7,11.2560887113666,-1.44323343230269,7.11696127981117
0.440590208208522,24.1974121818381,24,30.4457475045308,0.3164141525244,23.2252603388691
1.09359978763633,28.410335827252,30,34.1576871765814,0.534897115156013,24.8326388401613
-0.413336403552924,16.8866966104532,16,22.5898888996386,-0.799194538160504,13.0474393664942
-0.0619145370247219,20.1448741110542,21,26.3176465808605,0.391855017816136,23.7959576356927
-0.448678783007392,16.5429743938935,17,22.1761791810015,-0.316488344356737,17.788938512984
0.42726903067835,24.0995574408742,25,30.3527263553102,0.905360248562877,27.2540189074366
-0.416544872835835,16.8555938910657,16,22.5526088010479,-0.458308683356905,16.4289997720556
-0.88780252493161,12.1619769833855,11,16.585383108941,-0.836859693863877,12.6720570177287
-2.4153630523044,1.61630383894706,1,0.784881240761267,-2.0292446884695,3.20024997933675
0.0761655227493594,21.3327919830709,20,27.5866517806275,0.34838291231001,23.4691376782589
-1.22318298421642,8.95639674839855,8,12.1074689149829,-1.50487606171922,6.63011405972234
1.1771598689636,28.8740744225966,30,34.5340186974209,0.806900759107687,26.6460156315716
-2.62899323690083,1.16357436320432,0,0,-3.232134820527,0.586181029213932
-2.3314479475352,1.85460497148371,2,1.1771338356688,-3.26401206042691,0.567836758770058
-0.152262492618792,19.3379780716223,20,25.4278681032997,-0.136487785366015,19.4481906353009
-0.921142253611348,11.8309664808902,10,16.1392758673097,-1.25384742127121,8.71238220450574
-0.840349389715846,12.6356840550309,12,17.2178525905631,-0.715263124500317,13.886128692165
-1.42673173312283,7.19918822912397,7,9.49219676402814,-1.58267006591569,6.03856757857277
1.02828207862385,28.0368371014232,29,33.850335791966,0.689819160050297,25.8901253030024
1.18163534568841,28.8984755523606,29,34.5536631032159,1.51993859102314,30.5364923065838
-1.33025161272491,8.01182469314285,7,10.7154593954264,-1.2602887027728,8.65568010096448
-0.693458869055817,14.1111139401957,14,19.1442316544115,-0.660207123266919,14.4359925689425
-2.01760126512608,3.14062251378294,2,3.20996663198711,-2.2858361382385,2.10306957196056
0.962691032031566,27.6517789837213,27,33.5293579687071,0.774079179486963,26.4377783026717
0.342782491871679,23.4669814994898,22,29.7435473649354,0.698123050545382,25.9449426618226
-1.20740939716861,9.09925569236905,10,12.3150332312443,-1.12262410489978,9.90254551465501
0.630466174199095,25.5377342627505,24,31.6876408054932,0.932867796127163,27.4195013167674
-0.400858983307355,17.0074533876338,15,22.7343344000794,-0.605772582006752,14.9779217783709
1.48912342862083,30.4739147525864,32,35.7911978569553,2.06496471953804,32.8229702213235
-1.17720120455512,9.37540451978709,8,12.7140318076202,-1.07065794002287,10.3908317527894
0.64182873624032,25.6147815093129,24,31.757231121843,0.298477051106214,23.0871071203183
-0.972253630093778,11.3273013077905,11,15.453728317762,-0.932523868056349,11.7256757330268
2.41234153117525,34.1620065155116,36,38.5207723654029,2.0521198726499,32.7748948202042
-1.50074882011986,6.60084358769938,5,8.57870320659281,-1.63076419318662,5.6857848948313
-0.708993710809592,13.9549712029469,14,18.9434442425046,-0.605567196495145,14.9799618017247
1.21674706968467,29.0883954517845,29,34.7060345259751,1.00323539938153,27.834338295782
-0.979853656149802,11.2528635359524,9,15.3517029544032,-0.854328688487621,12.498367651676
0.601148605666434,25.3373173067495,25,31.5057163358755,1.22193707031264,29.0490111070952
0.181439859935152,22.200701082825,20,28.4828284588834,0.328214450239348,23.3156303284184
0.857641635406956,27.0135368586091,26,32.9877999223897,0.862791720992995,26.9941867239742
-1.46769496053429,6.86533945378206,6,8.98367571615841,-1.4895666412793,6.74953512975093
1.37121687381039,29.8927813418156,30,35.341456487255,1.20984650908835,28.9846976233941
2.00883591127396,32.7260830060544,34,37.4754628656638,2.16902789715331,33.2028702704841
-0.696206850221982,14.0834989735124,13,19.1087738632213,-0.122315473808365,19.5752690089666
0.681063009377885,25.8781485323345,28,31.9936598987914,0.499049576249935,24.5783582587084
0.429097638365037,24.1130202386245,23,30.3655433692332,0.289337073827214,23.0163451496602
0.253558639900324,22.7762443735645,23,29.0627058144402,0.408987792801458,23.9232433256271
0.57484670469749,25.155513238041,24,31.3395507140466,0.466126077154664,24.3415833900155
1.07704017888356,28.3165705790508,30,34.0808905907642,0.6981041460425,25.9448180773145
1.07157940873244,28.2855130758127,28,34.0554003407445,0.85756461243462,26.9619645204136
1.38620387459131,29.9681934553563,31,35.4002409675723,1.26699023595473,29.2858450821069
0.511134212692743,24.7071691515747,24,30.9251089902401,0.47875061005456,24.4327426058282
-0.0481330901257104,20.2659260901886,18,26.4491984320429,0.506924209744476,24.6345299071185
-0.00825023944906975,20.6131595215506,21,26.8237383645015,-0.105569427208865,19.7247209579602
-0.207986694348215,18.8291043919265,17,24.8552682963443,-0.0826839474866767,19.9277191707537
0.499813013472943,24.6263122426221,24,30.8496548774868,0.426332986901935,24.0512368570818
-0.690600782828232,14.1398325385972,14,19.181082390699,-0.289418352055356,18.0435781952316
-0.305383094571123,17.9203006409301,18,23.8109031124612,-0.884633355909848,12.197871175568
-0.978009215174505,11.2709170154903,10,15.3764642527284,-0.395591585404401,17.0354613990973
0.0974757246088435,21.5111362000274,21,27.7729409597792,0.02283165567168,20.8446370464752
-1.25045063516397,8.71164530012289,7,11.750034804348,-1.29671495153627,8.33820126768963
-0.418604621318124,16.8356159232189,15,22.5286465770917,-0.249364677429113,18.417157024908
0.598449045803693,25.3187449224692,25,31.4887912263127,0.813886740228378,26.6899755182834
-0.447573107157526,16.5537639772694,16,22.1892230117401,-0.732689318596736,13.7119239004739
-0.873727757408236,12.3022000596447,11,16.7733254075715,-0.983771091452653,11.2250694176322
-0.555534496654122,15.4904520657384,17,20.8861762280061,-0.794862302949305,13.0906767381589
-1.70484468191286,5.06905438270901,4,6.20947772244455,-1.79890897606081,4.53478116547876
-1.61793873563737,5.69914917533313,4,7.18753669338376,-1.8725676897779,4.07488853324749
2.67782323874888,34.9735128242634,38,39.1124413941113,2.5288488309029,34.3913973503814
0.374619337099603,23.7077898442799,24,29.977056625596,-0.00168730005585886,20.6343967894815
-0.996563154186516,11.0896638284516,12,15.1273696367207,-1.13298944995875,9.80622591319433
-1.30819281279957,8.20278638570495,7,10.9995815247563,-1.32963272378824,8.05600515727362
1.21907390173424,29.1008868506717,30,34.7160239010945,0.896636235102352,27.201141166098
-2.03994962644775,3.0267418287412,3,3.03237483916278,-2.32517746318277,1.97137191146976
0.430089783833014,24.1203207066224,23,30.3724910826652,0.384897801884448,23.7440254646189
-0.170890279316632,19.1687993878487,19,25.2384815190833,0.344722721963258,23.4413678161252
-0.562695288246344,15.4193076991158,16,20.7977394695213,-0.581914842558096,15.2146066108573
0.382585019403093,23.7675786318836,25,30.0347263001857,-0.201031013770731,18.8626778416929
-0.539547784461575,15.6490383199114,17,21.0827488349302,-0.362673990462327,17.3506469008062
-0.47633919685595,16.2723275587587,17,21.8477797033778,-0.108317365608938,19.70024927371
-0.116834745312723,19.6571061441465,19,25.7824502508301,-0.127557820520628,19.5283260488186
0.545692305076435,24.95175877073,25,31.1520294034643,0.380307261578782,23.7096819218738
-0.745677944641744,13.5860906117562,14,18.4662065641308,-0.136524083561245,19.4478644642096
0.785672379929696,26.5604682271302,25,32.5959115593904,0.406351364569588,23.9037120108288
0.540319606793619,24.9139521464877,23,31.1170838053408,0.546833017143296,24.9164949804381
0.462474143570102,24.3570628814596,25,30.596817984623,0.647027818860463,25.6046691286679
-0.623887865580243,14.8089246336017,15,20.0326572322517,-0.0350466030444746,20.3455906067978
1.21077015949361,29.0562553010371,30,34.6803137710661,0.968081966697195,27.6286114996744
-0.0796712813256542,19.9881038581296,19,26.1465264839446,-0.00682397060301451,20.5901332067092
1.01951032718434,27.985927767811,27,33.808141024937,0.628913774291296,25.482321200536
1.45996351830825,30.3327610523286,31,35.6826333731456,1.45731320965156,30.2389515481578
-0.467653906518282,16.357457821025,15,21.9513253854467,-0.514283743300327,15.8818460462383
-0.262935412887551,18.3193121167812,20,24.2728422169397,-0.0164741215639023,20.5067721625217
0.188771712081396,22.2599190176149,23,28.5430219448911,0.235358705608001,22.59340945684
1.04558879082467,28.1367566939329,30,33.9329393578999,1.05749944763676,28.1460753394178
1.62069372454773,31.0904243406342,32,36.260647672999,1.73555459698241,31.5037424565875
2.57488735124658,34.6707739439741,37,38.8910742359956,2.10932476474967,32.9869875877404
0.246653592851062,22.721807420073,22,29.0083497416348,-0.053455298891788,20.184866227314
0.717571192049174,26.1195310690782,26,32.2083996706366,0.584589323309666,25.1791084424765
0.433554489966809,24.1457927253662,24,30.3967181834775,0.422609314465225,24.0238328466148
-1.29303255340061,8.33513372959555,8,11.1957042426608,-1.39293220418543,7.52607255812035
-0.0322515780926464,20.4047471005605,20,26.5994370434508,-0.0507072042351879,20.2089202417461
0.633747873713075,25.5600227053455,26,31.7077918871635,0.164076637107584,22.0216882729502
2.06821143989175,32.9535787935946,35,37.6418121460831,1.47530011581542,30.3252013080048
-0.596393099028579,15.0836747310818,13,20.3784416111692,-0.647072559282166,14.5669573548592
-1.53047635251082,6.36673061218576,7,8.21890594334811,-1.37333092083599,7.68837463005365
-0.313762778135582,17.8410150121411,18,23.7184829632002,-0.557249407322089,15.458637942023
-1.22915958042895,8.90251081239208,9,12.0289720336816,-1.34118460109832,7.95804268596414
-0.9293527247314,11.7497263210431,11,16.0292549729584,-0.976556463088594,11.2952061049064
0.273387224971092,22.9317806147317,22,29.2174470972477,0.666561167571981,25.7355937327621
-0.12304407137404,19.6014247722306,19,25.7208342558385,0.404394238597357,23.8892000469326
-1.47392978141788,6.81511321308264,8,8.90690780997239,-1.27453029164081,8.530909565902
0.775727955761509,26.4968292789511,25,32.5403592069315,0.0637416113511265,21.1915559074266
0.336674669919114,23.4204441414103,24,29.6981918307014,0.335890351929022,23.3741945413917
-1.29248740797817,8.33990950798117,7,11.2027691337298,-1.40036806770729,7.46492481867389
1.40651076981642,30.0696493817212,31,35.479123663637,1.81245044048021,31.8282250825139
0.66822499845048,25.7924253549262,26,31.916950060592,0.760068947077496,26.3480283769466
-0.96944583539413,11.354833924184,11,15.4914181822714,-0.692414858705384,14.1144566315392
0.81428862201563,26.7421858694822,27,32.7538476543842,0.956967081853617,27.5629380003553
0.090522725458332,21.4530947433953,22,27.7124351707032,-0.110646488915676,19.6794911315208
0.390516043374516,23.8269240456883,23,30.091847847535,0.223213273079215,22.4970588728568
-0.218966866565896,18.7278585940299,18,24.7402947800845,-0.00438344224208063,20.6111730836665
0.759182184358238,26.3903809247586,28,32.4471550425631,0.568578884311503,25.0682374157526
0.942548400926411,27.5314783014992,30,33.4282011104188,0.420807473944194,24.010557920271
0.555738028557454,25.0222328193621,26,31.2170439370683,0.239570693001036,22.6267215193551
-0.406188578390156,16.9559123608219,17,22.6727400869494,-0.486604539857054,16.1530490137111
0.534747231390455,24.8746553032548,26,31.0807105098846,0.912070067305032,27.2945584945156
-0.206691562240959,18.8410256530789,19,24.8687831054366,-0.65028020878571,14.5349840741414
0.675427709013734,25.840574167627,26,31.9600653250918,1.16409733739292,28.7384050108502
-0.918233739953628,11.8597731335807,11,16.1782370339872,-0.802977924479808,13.0096884138533
0.10068349327767,21.5378653118731,21,27.8007655691604,-0.14316973111847,19.3880877091573
-0.0568004942951855,20.1898578276296,20,26.3665912243779,0.23055239525288,22.5553328434709
1.16727003608743,28.8199972829547,28,34.4904279407114,0.968262569813802,27.6296761162874
0.562676008096148,25.0707412746898,25,31.2616990881536,0.36532200646868,23.597142593803
-0.817331401438055,12.8662873534704,12,17.5232514477197,-0.187528031069556,18.9860775952289
-1.57435381715673,6.02780194962569,7,7.69613949261987,-1.47540250292279,6.86090021517403
1.72551963943194,31.5584438666626,32,36.6123280545296,1.05771375130836,28.1472926185074
0.71117589039595,26.0775015364968,29,32.1711426202114,0.481286403626997,24.450997819987
1.08404240115886,28.3562953186829,29,34.1134557629593,0.869663933829644,27.0364441949722
0.605298955281754,25.365831886771,25,31.5316798549664,0.272621288291533,22.8862929264246
1.06646945168725,28.2563889907869,27,34.0314727632043,0.496700191250509,24.5615652111512
-0.878015134378626,12.2594585749737,13,16.7161035001798,-0.519668468330315,15.8289495887794
-0.953589591566626,11.5106284273824,10,15.7042161833149,-1.39968612829163,7.47052296527157
1.35377487054591,29.8044401321015,30,35.272427657646,0.982188545572274,27.7115271669463
-0.818420497028063,12.8553668368749,14,17.5088253225626,-0.722521847912745,13.8135686488002
1.08154031470646,28.3421134105795,29,34.1018348240327,1.36318200426491,29.776946521984
0.39014459281726,23.8241486720679,25,30.0891791495513,0.663652530079613,25.7161644006262
-1.46109535406609,6.91867370101724,6,9.06512170583851,-1.80236525288157,4.51255931187041
1.07577199597724,28.3093640091034,28,34.0749782102969,1.3218956172264,29.5685561218668
-1.60820335907548,5.77185114719896,4,7.3001642418127,-1.47553185535623,6.8598793697713
0.384377441452104,23.781006755543,23,30.0476617296493,0.400242236835794,23.8583762724405
1.00046082008079,27.8747485929277,28,33.7157380283586,0.686297268961642,25.8668194717386
0.636254782016495,25.5770293125712,26,31.7231567906699,0.697748287428188,25.9424727166806
0.535331804607515,24.8787818350102,24,31.0845324508239,0.43982751375257,24.1502116062159
-0.728426837020508,13.7595724386959,13,18.6911530696085,-0.842696761988924,12.6139869979681
0.435418624100303,24.1594832942508,23,30.4097305717786,0.423123067243684,24.0276161547053
-0.152471582895465,19.336084350235,17,25.4257535907888,-0.596066094277881,15.0742876392549
0.397135340593425,23.8763144522032,24,30.139296018833,0.565828684668778,25.0491201031619
-0.394833875409836,17.0656497909647,16,22.8037791869669,-0.568671381440627,15.345722787225
0.430299826012265,24.1218658892054,23,30.3739613715845,0.347505735124065,23.4624861199486
-0.0877566012878394,19.9164233101445,19,26.06800237766,-0.265163392488343,18.270267193704
0.866074180559356,27.0657702911335,28,33.0325774081202,0.827729680515093,26.7767096698975
1.32052071094072,29.6342819550316,31,35.1389550676707,1.591306943619,30.8662867033819
0.239580692270576,22.6659005481003,23,28.9524193331538,1.30743776462305,29.4947343973891
-0.132775202245499,19.5139463782509,18,25.6238174521307,-0.195677075298659,18.9116623972423
-0.0172600830279165,20.5351197027672,22,26.7399251535488,-0.0318917953750634,20.3730387300325
0.601728128394143,25.3413016943162,27,31.509345858126,0.801897396553763,26.6144535394769
0.948307459961303,27.5659734101658,28,33.4572500630635,1.19632902862852,28.9124112523577
-1.80160352955197,4.41106548248309,5,5.18639179901331,-1.65099629689584,5.54039017121392
0.0544543632745795,21.1497102242678,19,27.3942643666289,0.668511218799935,25.748606895569
1.62392879603005,31.1051707642514,32,36.2717873060517,1.5266991680097,30.5681532206459
1.32443452875182,29.6544271459319,31,35.1547926503453,1.03379080343037,28.0107361241381
-1.46245479308554,6.90767325732864,7,9.04832926321886,-1.62002786522964,5.76366952663254
-0.0992251745140895,19.8144312826624,20,25.9559678337475,-0.565707710201453,15.3750363029691
0.26036519936876,22.8297665609291,22,29.1160486825509,0.0952363883404911,21.4553134437699
-1.33345325521027,7.98426729119898,7,10.6743485250721,-1.04843606747547,10.6022116818065
-0.634044901373905,14.7072529545698,15,19.9041216530282,-0.781561726263409,13.2234804140796
0.545047952256731,24.9472288345238,26,31.147844769595,0.282036343318364,22.959645498452
0.681814209609811,25.8831508978161,27,31.9981290100569,0.873426203051666,27.059527671746
1.6671593785488,31.3003667985797,32,36.4188720993077,3.10169294546497,35.9232134778502
1.0433286742552,28.1237474196496,29,33.9222004281996,0.89297175237303,27.1788730760128
0.707155185607342,26.0510225339442,25,32.1476415083747,1.0698338535202,28.2159609308329
0.324403839612574,23.3266182362775,24,29.6065229157073,0.303771661161582,23.1279853871159
0.291522880541624,23.0730190410889,23,29.3572408138272,0.520197515037407,24.728811225015
1.18156261710696,28.8980793734291,30,34.5533442785609,0.595335898262678,25.2531252394406
0.847367575396553,26.9496570023565,28,32.9329261666956,0.876962239314196,27.0811903552975
0.0585218676667187,21.1841158999886,21,27.430507668849,0.00144003993895293,20.661308600228
-0.947249854341873,11.5730619888293,11,15.7892699206607,-1.09349838968385,10.175140260381
-0.197513658107211,18.9253783054872,18,24.9642737902944,-0.208705445530138,18.7923337399315
-1.46804336583054,6.86252868015406,6,8.979381341535,-1.71692837224435,5.07934747064301
1.31199927919458,29.5903104658967,30,35.1043523498222,1.50363562139269,30.4597768229719
0.708014821085805,26.0566873868606,28,32.1526711535233,0.409114335383898,23.9241802755887
0.628747095276372,25.5260470748138,25,31.6770679168834,0.256303812803756,22.7585431557693
0.10535013960715,21.5766961740084,21,27.8411436871012,0.345627406236596,23.4482353158555
-0.755360412923845,13.4887286561796,12,18.3395681997017,-0.581275234611614,15.2209436136309
0.363015317976865,23.6203617933266,27,29.8925077394392,0.162124116315223,22.005816600751
-1.13840306215017,9.73485720938502,10,13.2290262980156,-0.8402141013264,12.6386817809662
-0.372117114681339,17.2843813100139,17,23.063806893419,-0.68649648275888,14.1735750526866
-0.982283690438214,11.2290898729235,10,15.3190795028991,-0.460295616247338,16.4096674739978
-0.469445130437671,16.3399117374717,15,21.9300024298441,-0.881456444608703,12.2293183337192
-1.29155071695686,8.3481181503288,8,11.2149103194979,-1.11186851571987,10.0028802208575
-0.0170592867564594,20.5368614931846,20,26.7417981038448,0.018526646759121,20.8078485518937
1.43059054562,30.1888817579388,31,35.5715342454048,1.21979071056354,29.0376174638807
0.489489339161142,24.5522641788512,26,30.7803628878155,0.843809390738232,26.8768376797503
0.533510170631579,24.865919678299,23,31.072617820089,0.22072239100419,22.4772445857877
2.09621122592379,33.058862765595,35,37.7186529992483,2.29649099535836,33.6455482393205
-0.0263664198473145,20.4560046230725,19,26.6547417966907,0.18267113141902,22.1722750034751
0.802563806946727,26.667983800595,27,32.689479691999,0.920909496481878,27.3477931310551
-0.0098922964977102,20.5989542408805,21,26.8084978859969,0.0529589082269152,21.1005894887963
-0.312993582097583,17.848299827738,18,23.7269832715775,-0.651495067466742,14.5228728004933
-0.589584152533079,15.1515971221702,14,20.4635722452069,-0.792109532740148,13.1181556439791
-0.0385998606663949,20.3493437200004,21,26.5395568316047,-0.208853166660734,18.7909782403106
1.08234471730347,28.3466743462289,29,34.1055727475796,1.26013646783779,29.250100971961
-0.047328898552327,20.2729730267408,18,26.4568410133128,0.232301713413834,22.5691992261468
-1.20148795569529,9.1531236956261,8,12.393095612381,-0.853699936371051,12.5046137241499
-0.500112153724716,16.0386521869392,14,21.5623844249254,-0.414819711316489,16.8503300867782
-0.40372975733332,16.9796981903203,16,22.7011760829646,-0.649507366675078,14.5426882542743
-0.84293844322189,12.6097748730515,14,17.183438591063,-0.767508115822607,13.3638811081358
1.03743097124773,28.0897444318058,29,33.8941091871259,1.41386741519383,30.0279526013507
-0.732179384746912,13.7218360015312,13,18.6422981897834,-0.631583157994821,14.7212502908382
1.50365840633879,30.5436534602454,31,35.8446815298936,0.927945814367163,27.3900295696835
1.66424485144506,31.2873154292155,33,36.409058627964,1.71521948999853,31.4161779574103
0.908541639638591,27.3261519738563,28,33.254568630533,1.38747087983099,29.8978883913263
0.570364740802083,25.1243429041963,25,31.3109524992174,0.943693936530827,27.4841147462225
-1.17879892974511,9.36071596175785,9,12.6928825087555,-1.47048876138581,6.89973139441573
0.0943340583994602,21.48492830899,21,27.7456348268766,0.176588634719914,22.1231286155889
0.170436202041324,22.1115264733844,23,28.3919552681621,0.426693536539436,24.0538881505506
0.882153518762469,27.1648809051926,28,33.1173145999822,0.883730228240373,27.1225645239179
-0.136376932770219,19.4815019441431,19,25.5877686830242,0.161549764588493,22.0011456612167
-0.755627725467456,13.4860408790448,12,18.3360682036246,-0.683422217310079,14.2042785161229
1.46038596663923,30.3348179086469,31,35.6842183796907,1.55517096996846,30.7005218386829
-1.49157952697891,6.67377596693024,6,8.69054072877916,-1.55586408142546,6.23950543093045
1.2077557807875,29.0400164996909,29,34.6673083400251,0.896632659872964,27.2011194568384
-0.599743357867164,15.050236225583,15,20.3364799705861,-0.5314783665038,15.7127880666709
-1.6570809543837,5.4110673484701,4,6.74072484729948,-1.36447413305658,7.76223972573529
0.9557202613404,27.6102566076164,28,33.4944908239962,0.770599499205662,26.4155357076411
-0.470040307733169,16.3340803695759,17,21.9229136823966,-0.424627597517685,16.7556190731508
-0.956530940213856,11.4816892891778,13,15.6647489174927,-1.01755365611939,10.8983128488312
-0.326543405283919,17.7197698471039,15,23.576750138777,-0.235098866514458,18.549265414764
-0.523861712524889,15.8042934039796,16,21.274440752675,-0.418060222338559,16.8190582587153
-0.054005268946852,20.2144132856004,19,26.3932793608923,-0.0561770511325053,20.1610218527936
0.190214437729371,22.2715527950466,23,28.5548330829874,0.375463271160318,23.673375414784
0.0485800862337403,21.0999355224741,21,27.3417583953854,-0.21123859082443,18.7690816860403
-1.24662177626981,8.74584230330896,7,11.8001144158434,-1.09855625476077,10.1276012977197
1.22787792817861,29.1480448775903,29,34.7537004901324,1.85541486716839,32.0050318820682
0.21409222008106,22.4631979621329,21,28.7487247536628,0.540947250972841,24.8751946931079
-0.0451272607341748,20.2922559306483,21,26.4777450354639,-0.339809405791258,17.5682176303063
1.7325789291559,31.5892427617193,32,36.6353415171547,1.96764667290841,32.4521073029023
0.649768452683129,25.6684120475783,27,31.8055575451139,0.404883340817237,23.8928277542069
1.30554801995311,29.5569207740151,30,35.0780459311281,1.48189722775624,30.3566746319236
0.90281898214585,27.2913230023553,27,33.2249921431785,0.832566678103453,26.8068995537455
0.586459870483448,25.2360204092853,25,31.4132666624604,0.541093055504877,24.8762189838599
-0.454092420781514,16.4901133394723,15,22.1122205228941,-0.384936521565261,17.1377296896754
-0.510642340894209,15.9348496523101,16,21.4350589314168,-0.677499524538632,14.2634187991633
-1.34234647316028,7.90793292400191,9,10.5603284978213,-1.78859823744037,4.60143705369237
1.27402705012115,29.3925252543995,30,34.9481322140445,1.5482010714281,30.6682623061702
0.983431677411835,27.7746378577999,29,33.632232506901,0.427116540011054,24.0569982159769
-1.30431885106822,8.23652013791986,8,11.049632792608,-1.20658046653489,9.13353148302153
0.687343886705746,25.9199276915103,26,32.0309607727408,0.50808575633735,24.642800513452
0.678808019404839,25.8631231515186,27,31.9802314061125,0.49637788344505,24.5592601724693
-0.039009566509281,20.3457640978789,21,26.535684308428,0.0278222708016979,20.887217446777
0.0742788799732639,21.316937940811,20,27.5700379701731,0.268233806952708,22.8520206376244
-0.259376707454704,18.3525618387755,17,24.3110957263948,-0.643847407576839,14.599098039581
-1.65157796129164,5.45115326748285,5,6.80294132853624,-1.4557449364018,7.01685461968277
-0.698295597393489,14.0625070863084,13,19.0818049349754,-0.520643191747206,15.819369891609
1.48012729618359,30.4305450799498,31,35.757885957413,1.74786596355611,31.5563964978787
-0.0623281288461917,20.141232837527,19,26.3136816271415,0.465767977936638,24.3389909396259
-1.69944290708191,5.10719053562988,5,6.26874428148693,-1.88680826577555,3.98939823919827
-0.641876485664301,14.6288021971785,14,19.8047299398226,-0.618316369308187,14.8532539301063
-0.0231470050186414,20.4840020968736,19,26.6849115094691,-0.260618629277122,18.3125850661021
-1.07080176617247,10.3731671301156,9,14.1316297983958,-0.653310117829004,14.5047762654318
-1.01601919882883,10.9004802463731,10,14.8661888352236,-0.890164732393764,12.1431512602209
0.605544334343845,25.3675162645873,25,31.5332127080268,0.134295791693481,21.7783825588479
-0.503762496754072,16.0026885333274,16,21.5183090133642,-0.357967596050355,17.3955239522037
0.306016059081711,23.1851922501809,23,29.4677771729332,0.736912424116379,26.1985473936914
-1.46000039661782,6.92753935398657,6,9.07865297945535,-1.54705317903397,6.30621881571603
0.0444870765758389,21.0651939691614,21,27.3050594888632,-0.239647963831697,18.5071935336173
-0.494965064586084,16.0893252605385,15,21.624418429206,-0.559827788706659,15.4331626774507
1.83085197880049,32.0087823919697,34,36.9473766853163,1.4903917043675,30.3970733493638
1.98839600988282,32.6464231708272,34,37.4171013328996,2.09206084065386,32.9235250835384
-0.119473414088344,19.6334573348606,19,25.756293908262,-0.182636523120075,19.0306627244483
0.0957822309409792,21.4970126525672,21,27.7582285305637,-0.110602796601848,19.6798806727965
0.1226584588216,21.7201528746033,22,27.9898622087858,-0.148605314823867,19.3391071295449
0.455325364537083,24.305060770803,24,30.5477050390018,0.736044549105857,26.1929173171242
-0.46513422598105,16.3821298921629,15,21.981291778392,-0.355305215703007,17.4208895116247
1.43990733405434,30.2347039350561,30,35.6069653944219,1.63796802612138,31.0766876247213
-0.995436488936162,11.1006473613844,10,15.1424957185293,-1.14215896352637,9.72133080675478
-0.70158933585033,14.0294022867943,14,19.0392474764441,-0.662531016206731,14.412810043367
-0.847416582693778,12.564976547994,11,17.1238865395257,-0.700184171466625,14.0368313872501
1.53215212455809,30.6791785352477,31,35.9483327833574,2.55038081989944,34.4566698466185
-1.29800904388042,8.29159049926995,9,11.1312505799049,-1.32327339823712,8.11017125004265
0.879357912368096,27.1476951608296,29,33.1026423656068,1.12381426983958,28.5176375474839
-0.653738222370645,14.5098946430243,12,19.6537299710559,-1.08520100342221,10.253305798357
-0.153153976310961,19.3299031110255,21,25.4188508210162,-0.129813001392198,19.5081089423298
-2.52669787193797,1.35588374299725,1,0.342024235896345,-2.80779932542533,0.955437910617718
1.43883074464553,30.2294178289361,32,35.6028803460838,1.32727770059056,29.5959242802104
0.885072522057717,27.1828046321048,28,33.1326074464904,0.713302602617448,26.0446678073254
0.979492997013556,27.7513854696777,28,33.6127957948945,0.546931702706114,24.9171866199317
-0.270986268905439,18.2439743542313,17,24.1860298303092,-0.328709405501858,17.6734257088432
-0.20672172753513,18.8407480418191,17,24.8684684398592,-0.115508155774277,19.6361140617232
-0.619845906256144,14.8493599291942,14,20.0836898650042,-0.877626175048057,12.2672508700188
0.192085442024051,22.2866308799706,21,28.570134055188,0.378082749249728,23.6930173564266
1.60671182774174,31.0264660455747,31,36.2122864704894,1.88449042893178,32.1228885107625
0.376684146628865,23.7233056083423,22,29.9920341714312,0.260703999351164,22.7930698059914
0.0383005502984447,21.0125889695619,21,27.2494109155236,-0.111586456524067,19.6711095325043
0.508018994221898,24.6849560498452,25,30.9044019028232,0.323070009788308,23.2762831694998
-0.910769347472462,11.9337666175576,12,16.2781924167177,-1.21077281981774,9.09582247426264
-0.854066960322783,12.4984850540316,12,17.0353835402275,-0.814694367307941,12.892837684049
-0.330486334432431,17.6822876858381,17,23.5328361747693,-0.423913158139588,16.7625243894292
0.441294369578571,24.202570630723,24,30.4506421657908,0.248850801535099,22.6999314715552
-0.138923969591278,19.4585365698147,20,25.5622302334486,-0.320126063327641,17.7545904636522
-0.901827161558788,12.0225265766717,12,16.3978660845823,-1.23430129749117,8.88546555247691
0.465946055715054,24.3822658681589,25,30.6205879698578,0.424398313814465,24.0370038394904
0.37339997748919,23.6986212832879,23,29.968202247785,-0.0983686686211633,19.7887487251794
0.269957369734019,22.9049599503507,22,29.1908230839932,0.77402826345799,26.4374530702913
1.80597786210225,31.9042035051854,34,36.8698389373055,0.957428682829357,27.5656714462382
1.22965806137379,29.1575597353369,30,34.7612954966679,0.916022307908808,27.3183845890155
-0.0552777744176802,20.2032373747033,18,26.3811353881395,0.0665452086810642,21.2151525023951
-0.102124840075709,19.7885853194581,19,25.9275201264015,-0.716421388474258,13.874550872859
0.466759153908928,24.3881632689819,24,30.6261469681104,0.241253293966018,22.6400143193195
0.27335525004162,22.9315307389951,22,29.2171991681201,0.603750438063668,25.3108553098659
0.636347274205374,25.5776564445856,25,31.7237232041621,0.86309109870291,26.9960301116775
0.38916760386451,23.8168469748848,24,30.0821568515413,0.106679626502405,21.550427267902
-1.1158637069739,9.94604424909312,10,13.5293231832503,-1.33556980603294,8.00558778257942
-0.344883358728946,17.5451229709946,19,23.3717402933097,-0.209293549846043,18.7869369212364
-0.829033361774699,12.7489974852417,12,17.3681210206844,-1.15816618137406,9.57384636666128
-0.971503162682107,11.3346585584601,11,15.4638022458803,-0.592963228190046,15.1050727739708
0.0222284444163968,20.8753994925233,21,27.1038320366474,-0.0294911656295927,20.3939062846544
-0.673731417409374,14.3092704628717,14,19.397998427916,-0.722047333845247,13.818312206703
-0.360594268230055,17.3949043827078,17,23.1946048604115,-0.380961982231562,17.1758179730537
1.11809619860419,28.5479023025821,30,34.269924948337,1.17325972570262,28.7881059208969
0.512970554686908,24.7202504073396,23,30.937295653973,0.400090422946237,23.8572482791884
1.1856640623146,28.9204033496519,29,34.5713031236364,1.78894756382791,31.7301521726084
1.27030586121419,29.3729796346522,31,34.9326424104604,1.38653959254849,29.8932736187936
0.15052901345417,21.9492811766023,22,28.2259116740696,0.138601295798799,21.8137197143776
-0.544940130058188,15.5955858681299,15,21.0165793477938,-0.614697379084141,14.8892364449411
-0.741372329075771,13.6293885479901,13,18.5224331874532,-0.559997331195879,15.4314872502556
0.887643779074409,27.1985756670166,27,33.1460556174408,1.15786971544894,28.7045156493487
-0.410322628285076,16.9158930647747,18,22.6248558284435,-0.535924876632911,15.669001199139
0.153718875476204,21.9753581749442,24,28.2526607955272,0.40382275847946,23.8849604539558
-0.544258360016431,15.6023462435686,17,21.0249529687264,-0.562801498109504,15.40377117027
0.661623465548064,25.7481733524516,26,31.8772584663385,0.936293222611975,27.4399765763303
-0.108094846847312,19.7352976803091,22,25.868795862431,0.0458238793623878,21.0402101430464
-1.39751410334742,7.44138982400968,7,9.85906171405437,-1.44250641440144,7.12279850419956
-1.09232842332483,10.1683337429477,11,13.8436173209291,-1.37953524678319,7.63682709573499
-0.0363469612536804,20.3690187718836,20,26.5608338726054,-0.142615289182342,19.3930793852821
-0.501159289834638,16.0283378618482,15,21.5497477902524,-0.519365957416679,15.8319224185931
-0.844502207936822,12.5941290776996,11,17.1626470445649,-0.624201324113924,14.7947171860199
0.964652130039717,27.6634395898209,27,33.5391406014802,0.792021041997379,26.551960150847
-0.184346838832555,19.046001664984,18,25.1004048389499,0.0459277647819373,21.0410903219899
0.761111203294081,26.4028278176573,27,32.4580715909331,0.686090144206215,25.8654477931008
-1.90274764807698,3.77929284569962,4,4.20395472041634,-1.77653711191829,4.68009347648967
-0.251615525610039,18.4249655291795,19,24.3942672754738,-0.169532601158604,19.149793563773
0.331010712678118,23.3771909870549,25,29.6559705452025,0.251682491921631,22.7222196954294
0.00010942816525961,20.6853564664669,22,26.901088494542,0.347888684097253,23.4653902665761
0.185183090430909,22.2309544100458,21,28.5135953729028,0.397483074996069,23.837864921793
-0.551698170970772,15.5285394403467,16,20.9334573051116,-0.630618334787161,14.7308550890944
-0.481688232092338,16.2198327036169,17,21.7838153291952,-0.742661143275679,13.6122334427124
-0.785885699131645,13.181919984907,12,17.9386499199778,-0.713210490766526,13.9066459542524
0.402921051704954,23.9193809927446,23,30.1806012916404,0.152368694110636,21.9263480067607
-0.0986297852413016,19.8197353142386,17,25.9618029456342,0.370310367212226,23.6346781907939
0.663108305619496,25.7581368509724,26,31.8862006730051,0.740398824563839,26.2211441242216
-0.3973653020445,17.0412079835624,17,22.7746265164845,-0.498761834077659,16.0340789202046
1.56316133569559,30.824896206969,32,36.0593690893588,1.46475311082115,30.2747048883816
-0.311713352982929,17.8604213703037,18,23.7411234362505,-0.592333365290991,15.1113207477414
1.6107577986511,31.0450113591224,33,36.2263170432234,2.13666661006244,33.0865413143497
-0.120891254843077,19.6207420583389,19,25.7422224682887,-0.347617906645319,17.4940432061513
-1.38612909258306,7.53668395366257,6,10.0028948231393,-1.24901058454681,8.75507046841415
0.616091457284292,25.4397603762671,26,31.5988706017721,0.915725714386411,27.3165979275053
0.148562457381006,21.9331895699572,21,28.2093935317991,0.0950890767162102,21.4540865165011
1.51848998466444,30.6143927019468,31,35.8988303069632,2.0645553319226,32.8214420318997
0.24657562600961,22.7211919497459,23,29.0077346003451,0.392864461996836,23.8034808970558
0.791170494442129,26.5955443145061,27,32.6264767529507,1.13748155628232,28.592953506973
0.200589922183671,22.3550356850893,22,28.639451043519,0.627914543309229,25.4755457538082
0.542895092095143,24.9320853789144,25,31.1338507138731,0.0694252591928172,21.2393687034298
0.241751102498651,22.6830720740379,22,28.9696095852817,-0.0947615420400089,19.8207689423395
1.78424203557143,31.8119294094913,33,36.8012935617329,2.6640464501945,34.7908296459082
-0.536129513359237,15.6829013522455,15,21.124622724025,-0.454873529641007,16.4624063894548
-0.0496861073934041,20.2523121133336,20,26.4344288678772,-0.121900047307318,19.5789857820461
-0.409800267752151,16.9209516489348,15,22.6309114191154,-0.580945583581215,15.2242094977957
-1.02442347864719,10.8190547630553,11,14.7533972492636,-1.00222141002099,11.0462618120932
-0.165705380407499,19.2159836887626,19,25.2914000551642,0.0900469847516122,21.4120536691472
0.702094263786113,26.0176323462324,25,32.1179746543553,0.7678440069834,26.3978995822313
0.174600788087235,22.1453190279842,20,28.4264239647674,-0.0489383407634801,20.2243918199122
0.665170644749694,25.7719656467871,25,31.8986066721822,0.863329720738002,26.9974992390192
-1.17462744620817,9.39908539723923,8,12.7481112904027,-1.33914221099178,7.97532204075833
0.506318757780839,24.6728209591292,24,30.8930825955073,0.414251922162386,23.962180785291
1.52562105557444,30.6482530639169,33,35.9247133713011,1.94818467810959,32.3760881428359
-0.313037155940419,17.8478871909033,15,23.7265018320011,-0.982125443442518,11.2410570239556
-0.0249959338774939,20.4679266532147,20,26.6675921387172,0.0193422341128293,20.8148222653099
1.2960138015915,29.5074155667772,31,35.0389933826966,1.27067016010599,29.304994961609
1.10397501862196,28.4687662117835,28,34.2054220448811,1.19968301073919,28.9303848801093
-0.919707179923189,11.8451780281364,11,16.1585003809726,-0.880023232006681,12.2435096736056
0.104333382543683,21.5682413113532,21,27.8323563941876,0.417837123175774,23.9886534924794
0.326230988363596,23.3406170905307,24,29.6202191123218,0.60216377488923,25.2999846928603
-1.20703718115883,9.10263796750939,9,12.3199379163713,-1.18415682896614,9.33637219008345
1.02575286944329,28.0221765299915,28,33.8381922884012,0.694971328149069,25.9241588270684
-1.49185008613202,6.67161909649698,5,8.687235090325,-1.65997563515322,5.47644241727252
-1.3004416011074,8.27034133290153,9,11.0997713523574,-1.30724554988539,8.24743606861379
1.32165039923469,29.6400999441205,31,35.1435299974004,1.73729687380316,31.5112103688275
-0.0363195226150928,20.3692583091013,20,26.5610928309954,-0.140290150187044,19.4140037635939
0.946993481137551,27.558110082702,28,33.4506312736077,1.54172459401109,30.6382028378615
1.62834739367863,31.1252805733542,32,36.2869721099944,1.78776855568139,31.7252069701238
0.699415021248654,25.9999282312083,25,32.1022303135559,0.921482022901016,27.351234400839
-0.789151572383629,13.1491143000446,13,17.8956146032803,-0.943947827717632,11.6136188490257
-1.3695425650282,7.6764348355162,7,10.2132859719732,-1.51861180826458,6.52380795513039
-0.992019190640977,11.1339799940505,10,15.1883751005132,-0.899954003655857,12.0464176234668
0.231033309073741,22.5981406828174,24,28.8844860631103,0.605644011906751,25.3238194793162
-0.312002202885961,17.8576868036616,17,23.7379339021917,0.0637416113511265,21.1915559074266
-0.993577228976728,11.1187793322344,11,15.1674574096749,-1.1836014811131,9.34142004132815
0.448261064376123,24.2535296821772,22,30.4989470356877,0.477978539741764,24.4271807938597
-0.270456296925105,18.2489386589851,17,24.1917560876932,-0.648710198725468,14.5506345150803
0.583183707843472,25.2133463610459,26,31.3925268477948,0.514815812296392,24.6906450704833
0.0152456863253789,20.8155593764864,20,27.0401279701732,0.0821565974744798,21.3461269329082
1.0111290758827,27.9371168740038,29,33.767616656975,0.850672500201116,26.9193718796813
-0.648162048599865,14.5658050795084,14,19.724783116124,-0.72930480163008,13.7457597067921
-0.658451330385275,14.4626218684141,14,19.5935808121648,-0.791725691119365,13.1219875635928
-0.104785087835647,19.7648525951207,21,25.9013781496804,-0.246361516776499,18.4450097476942
-0.471297235019573,16.3217633177851,17,21.907937258587,-0.400277836930677,16.9904093465112
-0.890964097995659,12.1305159392987,11,16.5431312299127,-0.643056121655042,14.606982598316
2.14927538155856,33.2549282718864,36,37.8615437240093,2.06591210272667,32.826505653715
0.747382095304147,26.3140314836717,26,32.38008649241,0.472889854443436,24.3904802634092
1.63318214222613,31.1472427703068,33,36.3035472466084,2.2317977491981,33.4239304439432
0.896388831065588,27.2520924419595,27,33.1916346407437,1.08476446980067,28.3000794676159
-1.03241257858321,10.7418230887875,12,14.6462025895423,-1.00745958835275,10.9956486142759
-0.173497570869208,19.1450446819181,20,25.2118112209167,0.0896484346464383,21.408728024101
1.09517532437571,28.4192245032923,28,34.1649547979725,1.29178066750097,29.4142890654589
-0.451428178434557,16.5161349231403,15,22.1437161437555,-0.190836606539582,18.9558852391339
0.596718476883662,25.3068284789554,25,31.4779257623076,0.0170800483361356,20.7954746356879
-0.25173639360494,18.4238391247074,19,24.3929746995749,0.0804309396850976,21.3316842312785
-1.12317093577008,9.87739251375073,11,13.4318869626733,-1.11110512821697,10.0100164055041
-0.248670157690515,18.4524028267576,17,24.4257390662243,0.0484799280509852,21.0627039234474
-1.22372341936524,8.95151857945686,9,12.1003673801566,-1.40745782428874,7.40683975346699
-1.24903685026854,8.724265833524,7,11.7685220998247,-1.12698873493033,9.86194209772535
-0.951901955573185,11.5272404585592,11,15.7268593204129,-1.32122408320126,8.12766235116168
-1.58632371248208,5.93673530818534,6,7.55535591856558,-0.94356612288736,11.6173589496395
-0.542507363041309,15.619706045227,16,21.0464489335885,-0.757145360785733,13.4674460896304
-1.02287460110582,10.8340474257767,10,14.7741824895837,-0.81457384376582,12.8940392213317
0.29858620311269,23.1277645896331,21,29.4112415963299,0.112857031150406,21.6016128299158
0.55646108969346,25.027294503035,25,31.2217071755098,0.586674718163276,25.1934967866286
-0.147651685963016,19.3797075072043,18,25.4744317080481,-0.322811735777263,17.7292124787332
0.1202707731666,21.7004159170024,23,27.9694437475671,-0.0434397997476109,20.2724291504627
1.56938607129713,30.8539264352339,32,36.0814402706798,1.59958751099042,30.9039229905667
-0.154414379363114,19.3184828107503,20,25.4060940048151,-0.516687404827513,15.8582391607013
-0.417787728864367,16.8435401636207,16,22.5381527017741,-0.423565175984642,16.7658874100757
-0.735538720166231,13.6880533543098,12,18.598526015049,-0.77363553773873,13.3026575939335
1.86737419351738,32.1603812422969,33,37.0595089671854,1.98892199040624,32.5344967323355
0.210037914628121,22.4307772637733,22,28.7160134489411,0.0560944661334454,21.1270769769606
-1.40121627828585,7.41051286893949,6,9.81239429719966,-1.59157973994789,5.97245988443153
0.10283744710037,21.555796253464,20,27.8194174992328,0.297120655892224,23.0766214483478
0.162127846307947,22.0439560598407,21,28.3229140138433,-0.0671640585994192,20.0645569910341
-0.159278172924929,19.27437212015,19,25.3567792099951,-0.187486866613358,18.9864530614454
-0.416042581605529,16.8604644394022,16,22.5584487520089,-0.636750758808437,14.6697945711632
-0.393530314717581,17.0782309033811,15,22.8187776274504,-0.509628721367017,15.9275393995405
-1.15965373210494,9.53732404668819,9,12.9466249005662,-1.02549917213439,10.8218824386803
-1.50669570828161,6.55372346835849,6,8.50638213593647,-1.7584478858344,4.79942515362162
0.826039158118879,26.8162010553878,26,32.8178848505242,0.727071575021299,26.1345899664271
-0.369261239220063,17.3118009820261,19,23.0962937092647,-0.347732371054008,17.4929548898953
-0.0268243712580012,20.4520196337142,18,26.6504454178576,-0.138096340904139,19.4337329455714
1.20331316477126,29.016047714275,30,34.6480997377752,0.994613419399567,27.7841574917133
-1.08079794443514,10.2778745827613,10,13.9978300470245,-1.00317426239738,11.0370498972796
0.0267037204195935,20.9136760840668,20,27.1445150288611,0.546702423984611,24.9155796736944
0.804104813275414,26.6777562153901,27,32.6979666587789,0.177278961161726,22.1287119338709
1.49489301949367,30.5016464033174,31,35.8124777483585,1.98352109740341,32.5136517906842
-1.8149079410161,4.32452506537093,4,5.05181124332579,-1.56547736802422,6.1670923719759
-0.737274554728303,13.6705971453687,14,18.575894674519,-0.710141398076127,13.9373219080507
1.66963895836726,31.3114581801037,33,36.4272095052161,1.00192599704141,27.8267289905319
0.374409318833802,23.706210991776,24,29.9755320807468,0.251677859888212,22.72218325608
-0.523092822861283,15.8118943264328,13,21.2838063768003,-0.316627888045443,17.7876214718929
1.22598483928099,29.1379187921897,29,34.7456150720448,0.858823993850545,26.9697342749215
0.889386024913326,27.2092526308532,27,33.1551557803773,0.62766814695617,25.4738745997046
0.920752763427879,27.4002034953031,27,33.317333044834,0.577627841941945,25.1309890299199
-0.265371138099058,18.2965363281408,19,24.2466175026859,-0.0881544914463084,19.8793261145604
-1.39961150654537,7.42389034205872,7,9.8326167511721,-1.56264702164374,6.18837146284824
-1.15162626856477,9.61175891673756,10,13.0532135348533,-1.60318419064811,5.88686878680677
0.194218306165842,22.3038065417308,23,28.5875540071558,0.370425700371161,23.6355451688845
1.45370494047873,30.3022474664366,31,35.6591090678881,1.16465381676113,28.7414289933754
1.57737085926792,30.8910574268362,32,36.1096465909843,2.29653096587377,33.6456832406615
0.864843486490461,27.0581580677516,27,33.0260569058682,0.643624448908444,25.5817506098046
0.606387348773786,25.3733017907565,25,31.5384770683944,0.374997330608199,23.6698794948912
0.628559081861586,25.5247683759588,25,31.6759108644695,0.173782556333141,22.1004187254111
-2.20792100150491,2.28194262989581,2,1.86271543449962,-2.19430190491628,2.44609636537005
-0.546231852208894,15.5827755078183,15,21.0007081582587,-0.525585247608901,15.7707775036573
-1.2537320360531,8.68238245038293,8,11.7071453679738,-1.04814933188465,10.6049486604522
0.644058167158178,25.6298578596453,24,31.7708258118486,0.449233506777723,24.218887428935
1.07531392098057,28.3067600513804,30,34.0728415319757,1.31227619839712,29.5194886569414
-1.93092481432289,3.61452676652579,2,3.94770069164127,-1.71393207218174,5.09986592991601
0.764557504742597,26.4250409357299,26,32.4775415617898,0.995506490742904,27.7893635916031
0.432074001179513,24.1349126085945,26,30.3863725066395,0.740405648818368,26.2211883231318
-0.668814069726945,14.358635350401,14,19.4610345223449,-0.746078679003006,13.5780687575295
1.05869590345777,28.2119689796896,30,33.9949332734627,1.39155430838322,29.9181018489263
-0.53039951466146,15.7396280137088,15,21.1946896350099,0.012022151311668,20.7521630028806
0.540539445143012,24.9155006860867,24,31.1185160896228,0.268576631055089,22.8547006165972
0.350531752124927,23.5258682439772,22,29.8008323678207,0.0739841876510588,21.2776518617768
-0.416005130509207,16.8608275697571,16,22.5588841269747,-0.574210542947337,15.2909072646183
-0.482879885998037,16.2081312430617,17,21.7695454214384,-0.0593656115656064,20.1330614572019
0.53805134686954,24.8979666625659,27,31.1022937690867,0.0436020410574842,21.0213779111821
1.0473865544848,28.1470962222507,28,33.9414710864332,0.618583168122327,25.4121395930421
1.4824293817209,30.4416583155732,32,35.7664256980837,1.49798938900172,30.4330867512953
0.101900443530747,21.5479977055934,20,27.8113067511267,0.0220964574868746,20.8383581890028
0.625191714203037,25.5018503069824,25,31.6551640452918,0.225883935194018,22.5182828651849
-0.372282590199251,17.2827920113028,17,23.0619231422915,-0.523199237848582,15.7942421817804
0.503176804585894,24.650374458807,24,30.8721321018285,0.119074658092198,21.6530184431542
-0.608909512432719,14.9586913444328,14,20.2214278787034,-0.382136539519277,17.1645655142278
-0.769867405828621,13.342884941518,14,18.1493400793042,-0.442453758425354,16.5830111281755
-0.967504851472259,11.3738766846894,11,15.5174714370971,-0.609705180124924,14.9388528807307
0.332935443131278,23.391899864083,23,29.6703357172712,0.222327142643358,22.4900120511106
1.6158110332405,31.0681306247581,32,36.2437991496854,1.55463019811855,30.6980222614773
-0.519870518736312,15.8437390247596,14,21.3230249562864,-0.426766502065905,16.7349399631313
0.381086505470991,23.7563451855472,24,30.0239003022906,1.09410788755904,28.3524555587113
-0.86686814964457,12.370632096925,12,16.8648235362958,-0.999033251668536,11.0771003945048
-0.424595737706529,16.7774587239391,16,22.4588180545354,-0.656911415955571,14.4688642110318
-0.859665655660214,12.442544924242,10,16.9608196032576,-0.718858722945243,13.8501870306882
-1.24423968065161,8.76714593558288,9,11.8312897031546,-1.38737780042222,7.5719000571382
-0.134909252776131,19.4947271540599,20,25.6024674691404,-0.374921723584093,17.2336393069521
-0.69644150479153,14.0811407683315,15,19.1057448590296,-0.552941976355418,15.5011780574312
-0.724610669406267,13.7979476773725,14,18.7407914416277,-1.13167297226857,9.81843859678597
0.94874625911082,27.5685984192601,27,33.4594592069168,1.21530891012413,29.0137937629932
0.459226321963007,24.3334554581052,25,30.5745334465111,1.17198353856375,28.781194620969
0.0127188071280877,20.7938696020214,20,27.0170069812209,-0.384829905470469,17.1387518252392
-0.129684548003593,19.5417584086789,19,25.6546904794376,-0.564872870827131,15.3832917426432
0.964679991480711,27.6636051865758,29,33.5392795000146,1.19986686231161,28.931369398542
-0.836208667706693,12.6771340992284,14,17.272866176355,-1.02550675010113,10.8218096241088
-1.3039292336287,8.23991610724375,9,11.0546691024526,-1.09777373192401,10.1349508115025
-0.438429194491496,16.6429053103993,14,22.2968467420051,-0.204169325466653,18.8339302608421
-0.0924227035014175,19.8749716569809,20,26.0225124356973,0.111547403937631,21.5907707093456
1.49615273016139,30.5076926050628,31,35.8171151829268,1.66937725696242,31.2160364264794
0.50540989200189,24.6663307723892,23,30.8870266942048,0.483765900273966,24.4688299051909
0.370741107957776,23.6786137998958,24,29.9488704106141,0.246568432511169,22.6819496901004
-1.70566955776687,5.06324328162178,4,6.20044630754634,-1.99576122718011,3.3745996334578
-0.840852649790602,12.6306473322952,12,17.2111641452183,-0.81729346422773,12.8669290047908
-2.21507057124444,2.25453232269216,1,1.81920564864966,-2.08534442392892,2.92415106799506
0.756006179065018,26.3698669250029,28,32.4291526486125,0.850080622648047,26.9157084656466
-0.347226611016672,17.5227533656293,16,23.3454092422075,-0.367544930699806,17.3041509247177
-0.0256212298778841,20.4624877992422,22,26.6617303973951,0.220430895188309,22.4749246160999
0.0337500966863149,20.9738238810073,21,27.2083414950452,-0.143167888832164,19.3881042967456
-1.48772188656771,6.70456071464935,6,8.73770955205643,-1.33319358080458,8.02574889876411
-1.35041273219866,7.8389665710329,9,10.4571357534753,-1.54077370385914,6.35396565366072
1.18894895962067,28.9382563676288,29,34.5856559421849,1.64906916326388,31.1261464501049
-2.06033488886729,2.92589089231318,3,2.87493399451478,-2.1945623163563,2.44504563655613
0.872053056849468,27.1026979790836,27,33.0641842424678,1.2167399454803,29.0214054620015
-0.422778563179339,16.7951059873415,17,22.4800183320606,-0.30590968542897,17.8886517038773
0.891688336760047,27.2233503740571,26,33.1671663109927,0.964895499693497,27.6098148449028
-0.265882625833071,18.2917516630676,21,24.2411060907467,-0.330311712583582,17.6582557411465
0.445058313523449,24.230119901104,24,30.4767674309831,0.740456523965654,26.2215178242328
-0.0687127330491908,20.0849605920462,20,26.2523490349199,-0.0718524966520147,20.0232901238687
1.38443198574973,29.9593013549336,31,35.393316223612,2.26242411609781,33.5296251079499
1.05239407423574,28.1758567616757,28,33.9651873457291,0.708978030552597,26.0163198959027
-0.875643750879378,12.283096350025,12,16.7477565548276,-0.496795297502435,16.0533392651696
-0.844957964102969,12.5895695893171,11,17.156586574863,-1.28088298575251,8.4755202466734
-0.402538091568619,16.9912215069011,16,22.7149456668862,-0.628808525756085,14.7488697047245
-0.985263910912453,11.1999518234464,11,15.2790689433919,-1.18778456972621,9.30342636400787
-0.293071935050486,18.0364795261128,19,23.9459516587825,0.0113341419074735,20.7462657713713
0.0686626924239139,21.2696810587422,22,27.5204645957688,0.00401617413613211,20.6834560290391
0.00150320828300945,20.6973738125474,21,26.9139460577167,0.280081317354433,22.9444354613295
1.8843992686603,32.2302625081426,34,37.1110957449663,1.95054721084884,32.3853496325585
-1.389492714898,7.50847647492619,7,9.96035045512759,-1.50588556320435,6.62227410311588
-0.501069377557032,16.0292235702675,14,21.5508330497391,-0.507862661365425,15.944866326668
0.551914956610159,24.9954458107722,26,31.1923514403623,1.17316581380495,28.787597457673
0.114221074197958,21.6503323866828,21,27.9175701150271,-0.198821235583937,18.8829046397501
-0.448251491247849,16.5471443317324,15,22.1812207748373,-0.340068972334346,17.5657541213904
0.211148310196655,22.4396615231819,22,28.7249809647664,0.227841920938582,22.5338297449239
-1.95558950539672,3.4745419748342,2,3.72992702865839,-2.06561782426645,3.01892908919798
-0.501497708299809,16.0250040502099,16,21.5456626475415,-0.695293455262822,14.0856980240987
-0.127815990535557,19.5585602504106,19,25.6733286871627,-0.455236778604649,16.4588748104043
-0.58947959993344,15.1526396897875,15,20.4648778567656,-0.519529391714046,15.8303163366898
-1.28823345044325,8.37721633396461,8,11.2579282791859,-1.25926528523463,8.66467796341636
1.36135416859001,29.8429045234853,30,35.3025054503164,2.32679545297306,33.7472267910429
-0.446233571074241,16.5668325873358,16,22.2050170652323,-0.799599640604601,13.0433968221417
0.835307989663816,26.8743383747106,26,32.8680670138083,0.469952747793396,24.3692634263744
-0.969819016704302,11.3511736114969,12,15.4864089676525,-0.929575971234344,11.754630903928
-0.289243900814777,18.0725295149954,18,23.9877656504169,-0.16418018599604,19.1983235296335
-1.0519477626847,10.5537029798642,10,14.384225135317,-1.04143216882496,10.6691332732504
-1.06005271326417,10.4759679552427,11,14.2756054815777,-1.87652045535464,4.05104456737192
0.963587980353579,27.6571133410346,29,33.5338337022443,0.850070793164302,26.9156476186886
-0.972801703280342,11.3219290128018,11,15.4463711577808,-1.11828038488726,9.94301916621095
-0.0300124661329265,20.4242607338406,20,26.620502169227,0.155862850493271,21.9548440266449
-1.4294374176921,7.1769308571199,6,9.45839332911353,-1.51370513702435,6.56169130837961
0.136243079044449,21.8321228145389,22,28.10544221102,0.025546326813716,20.8678077994023
-1.0746258978715,10.3366766078898,8,14.0804324045949,-0.950245466612307,11.5519532723628
-0.724819386299618,13.7958488612525,14,18.7380777573605,-0.65069133316339,14.5308855655589
1.963879225511,32.5499569780433,34,37.3463410187851,2.2330954051541,33.4284373825482
0.109519885654534,21.6113376754897,22,27.8771212912102,0.00946092274922966,20.7302026848864
-0.771132922865402,13.3301647882143,14,18.1327186650813,-0.920791142683283,11.8410104071786
-0.136021761276867,19.4847029271962,20,25.5913268748045,-0.407169584056427,16.9240745172642
-1.39180751493284,7.48909051961626,8,9.93109617828413,-1.3518448336885,7.86813652011671
0.112629273295738,21.6371363062203,22,27.9038878678044,0.478709617592205,24.4324473488579
-0.988048942030545,11.1727405145999,11,15.2416783291128,-1.17383623178262,9.43037061895457
0.553277779771679,25.0049993256915,26,31.2011606760411,0.392387088010066,23.7999234590127
0.556582831347067,25.0281465948093,25,31.2224921090993,0.461249351066637,24.3062467141873
-0.0602069879120491,20.1599022384811,20,26.3340057451807,-0.103702055249355,19.7413389596684
0.9367785945978,27.4968386683154,29,33.398995403968,1.10340086226931,28.4043479425766
-0.543155244225255,15.6132832910848,15,21.0384969701096,-0.631806744028218,14.7190243907532
-0.364916302335358,17.3534831420467,18,23.1456317824337,-0.0904040331986351,19.8594023569058
1.0227379253525,28.0046809148606,28,33.8236925549444,1.00353025286102,27.8360512023794
1.41014065871119,30.0876973103217,31,35.4931318756471,1.38187251780107,29.8701202083399
0.603134780391596,25.3509690120358,27,31.5181500074912,0.504783173528096,24.6192749119544
0.277753807711789,22.9658759163675,23,29.2512565954939,0.476258176353842,24.414781544263
0.134583875769486,21.8184764072315,19,28.0913791318617,0.0195397518457154,20.8165108603846
1.0982423931504,28.4365117947902,30,34.1790831902368,1.61338431756334,30.966344678332
-0.810158511017412,12.9382318132728,14,17.618200677958,-0.621037304138542,14.8261929082258
0.970276942686921,27.6968335542394,30,33.567134574426,1.04893551775008,28.097342187278
-0.428755164540493,16.7370405123362,17,22.4102246584721,-0.17819389622126,19.0711021989519
-1.45883983515454,6.93694141664871,6,9.09300064205055,-1.54763007885385,6.30184064938738
1.03143269209456,28.0550788157426,28,33.8654371409518,0.726918509543375,26.1335931221411
-1.00804658173724,10.9778899640208,11,14.9732060428047,-0.742671012886671,13.6121347761044
0.224163458812957,22.543522295246,20,28.8296122798334,0.295295960573895,23.0625069979248
0.30127782913935,23.1485877977367,24,29.4317544454529,-0.0531662068109334,20.1873976442277
0.210503584137657,22.4345035253388,23,28.7197749630411,0.119543206520369,21.6568876661642
-1.07125412569762,10.3688483630684,10,14.1255729304466,-0.565249835045781,15.3795641777095
0.759196820284502,26.3904753985644,27,32.4472379190908,0.494268011901757,24.5441637291082
-0.64691791790512,14.5782766419215,14,19.7406196727914,-0.832880819582218,12.7116588599475
-0.148218716152875,19.3745788258599,20,25.4687121007935,-0.347458266673464,17.4955609992506
2.58473451150352,34.7003767224249,37,38.9126765443818,2.60702774080801,34.6253736821691
0.917369294584895,27.3797216148115,28,33.2999892980208,0.840718216424561,26.8576406353327
-0.61633248456822,14.8844958647813,12,20.12799422281,-0.854489815693531,12.4967670703581
1.38872980078688,29.9808586516715,31,35.4101009236056,0.900446379875193,27.2242586047429
0.0503172300423495,21.1146655141351,20,27.3573056258245,0.12694031073043,21.7178865840823
-0.597243160781576,15.0751914873177,15,20.3677992855095,-0.510655150328809,15.9174668600117
0.215332377385735,22.4731052560612,24,28.7587135905194,0.795583898287876,26.5745337649437
-0.187042468019359,19.0213442434167,20,25.0726175878897,-0.0985098560313947,19.7874946848201
0.436708390859596,24.1689497530186,25,30.4187243904008,0.917134945279278,27.3250850935399
1.66668869447367,31.2982601125264,32,36.4172882591139,1.81135406384524,31.8236715247878
0.712996891865998,26.0894800137183,26,32.1817666483624,0.60354254302093,25.3094313689688
-0.772631216121061,13.315105547885,13,18.1130345075115,-0.935411703396252,11.6973259650107
-1.1062061948908,10.0370444238526,11,13.6582083246221,-0.833639094603963,12.7041106346986
1.81547611863566,31.9442651003911,34,36.8995600401858,1.49755988806249,30.4310539179491
0.308875738273324,23.2072522470671,22,29.4894643373461,0.279932801330715,22.943279550153
-0.955678007706803,11.4900792660594,11,15.6761940138488,-0.873850387112463,12.3046626281961
0.759786559960423,26.3942816625351,26,32.4505767067773,0.75719768944717,26.3295709906699
0.86656808824683,27.0688242047299,28,33.0351928475321,1.05231769119709,28.1166091733474
0.566448282729202,25.0970599614642,26,31.2858946182694,0.265802381088055,22.8330033394876
0.152851757850201,21.9682725186648,22,28.2453948459116,0.14856772770347,21.8953089364434
-0.54846657015786,15.5606078230948,16,20.9732319278571,-0.528389015026654,15.7431940387371
-1.40577767761111,7.37254457785707,9,9.75496740202203,-1.49688905818995,6.69229363897428
-2.00578470580865,3.20223063556649,2,3.30597343035162,-2.40906247653687,1.72010404796056
0.726143563343382,26.1756995177693,29,32.2581026950302,0.763708301514644,26.3713920017775
-0.523013825964164,15.8126752067047,15,21.2847684520965,-0.174335477349559,19.1061818663406
-0.287517707033375,18.0887740370586,17,24.0065933574165,-0.377202084654738,17.211819140863
0.679740706385915,25.8693394469056,27,31.9857879154235,0.758304055060272,26.3366856561919
0.0556114405979301,21.1595025276578,20,27.4045838688209,0.0409409355121701,20.9988036146444
1.60023375644049,30.9967089801542,32,36.1897601956188,1.74861009318319,31.5595703826447
1.20356611511048,29.0174135807487,31,34.6491947398558,1.2606217355751,29.2526351048915
-0.0861585051552023,19.9306059514013,20,26.0835531274866,-0.311878638885607,17.8324207362211
-0.461455223749781,16.4181333015364,15,22.0249865433414,-0.0530455068340094,20.1884544765462
0.878839259999697,27.1445046676071,27,33.0999175240063,0.866375801586909,27.0162403476662
0.368465600695814,23.6614746870407,23,29.9322992151115,0.353491059450588,23.5078274364406
-0.650758742144795,14.5397715260226,16,19.6917103291175,-0.700175420767541,14.0369188279928
-0.512738937542793,15.9141613089216,15,21.4096422128977,-0.504865241515187,15.9742632757037
1.03433920196933,28.0718867277345,28,33.8793432358711,1.23906660936643,29.1395784955849
0.391168460503279,23.8317977529406,24,30.0965335920442,0.244480486333904,22.6654861834558
0.713138314370998,26.0904099199052,24,32.1825912160809,0.653621620395095,25.6489817271387
-0.399899458990401,17.0167264601743,17,22.7454071271793,-0.562048618885891,15.4112134996492
-0.655169084636282,14.4955445131012,13,19.6354781605608,-0.150639270013253,19.3207586153525
1.1579190097075,28.7686682124207,29,34.4489814849545,1.06142181315569,28.1683378781701
0.511280989346754,24.708215070001,26,30.9260835910809,0.428980423072388,24.0706959351075
0.0359395893637915,20.992483660486,21,27.228116989817,-0.0977876491032408,19.7939088192632
-0.687767898948893,14.1682948673293,16,19.2175800159426,-0.465920121382137,16.3549051378559
0.672733081183641,25.822577304962,25,31.9439585995351,0.511269060792111,24.6654469963092
-0.885657270982964,12.1833324742983,12,16.6140456731729,-1.0844084154428,10.2607838407212
-0.493338567073445,16.1053290909533,17,21.6439936336545,-0.470039773885387,16.3147598316271
-1.58580537810754,5.94066623497843,6,7.56143538282042,-1.45708662965325,7.00615857250074
0.779478171962942,26.5208584718849,27,32.5613498141633,1.3395871193993,29.658289394963
0.725196824465276,26.1695057069588,27,32.2526267411872,0.815028041867573,26.6971452149036
-0.70008026018349,14.0445701528342,13,19.0587503911868,-0.40390189214093,16.9555386806942
1.22804458089452,29.1489359296748,31,34.7544118481272,1.74785277677961,31.5563402443457
-1.2577705234616,8.64642468811094,9,11.6543985262623,-1.72367095844789,5.03332917889965
-0.910470070725444,11.9367351957657,12,16.2821989393657,-0.835877781090904,12.6818286936167
0.304733878820168,23.1752934964954,26,29.4580402779177,0.463411944905529,24.3219252883253
0.288828761021537,23.0520989951247,22,29.3365781184605,0.48620242982385,24.4863357980217
-1.14001467366322,9.71982226024813,9,13.2075835942795,-0.760875608077375,13.4301632443199
-0.909161244835416,11.9497193494637,11,16.299719632682,-1.13338949279325,9.80251599826496
-1.54944117685653,6.21926100712842,5,7.99169733183624,-1.72604323034594,5.0171894489058
0.906623211497548,27.314485049039,27,33.2446651846451,0.699529892580921,25.9542113265753
0.682428446868404,25.8872400873138,26,32.0017816945479,0.737116746291378,26.1998725798273
0.614237911501003,25.4270862204093,27,31.5873642203555,0.528093616511427,24.7846599905719
0.936878961103303,27.4974419157642,29,33.3995043208244,0.516640087803261,24.7035917709464
-0.210341881587761,18.80741436206,21,24.8306665554036,-0.201863968451853,18.8550502772117
0.621612206355742,25.4774546481188,26,31.6330608481226,0.519830463743839,24.726210776591
0.64909538750799,25.6638722773764,27,31.8014703676633,0.590209981850601,25.217860840512
1.48615385519627,30.4596161410436,31,35.7802195547104,1.51900497093531,30.5321130304625
-1.16201252865474,9.51549487213705,9,12.9153261969099,-1.15843980604773,9.57133332643825
-1.38424514314611,7.55250242635427,7,10.0267418152792,-1.36691894527599,7.7418172346078
1.11294903026525,28.5191092067653,29,34.2464756117193,0.916692162514473,27.3224189451797
2.32096189206806,33.8589186094031,36,38.3006194471613,1.68111642117931,31.2676524354375
1.40393252970852,30.056814206775,30,35.4691569971888,1.43649585638224,30.1383237193317
-0.34589199383422,17.5354956689563,18,23.3604100990383,-0.404041091323552,16.954198783207
0.603305758762845,25.3521437041127,25,31.5192196062309,0.498678678577474,24.5757081875883
1.39710966408852,30.0227836022075,31,35.4427139689421,1.60117350656291,30.9111168031946
1.60933742719828,31.0385043633228,32,36.2213948618487,1.72405234117235,31.4543040562122
-0.631530805605998,14.7324269719497,14,19.9359761862312,-0.820472906188352,12.8352420175858
0.447752520904734,24.2498145612878,25,30.4954283779576,0.493365747389291,24.5377040041317
-0.533821039767832,15.7057607954319,14,21.1528699234858,-0.254393114160988,18.3704711196464
-0.823759243373524,12.8018472712583,13,17.4380731083808,-0.949121350119599,11.5629547023209
-1.97413811658881,3.37193100747602,2,3.57023721315431,-1.68295747078745,5.31442116888826
-1.80251758590448,4.40508802137826,5,5.17709607845531,-1.70515175405099,5.16023473584963
-1.3991227828681,7.42796640154828,7,9.83877731017049,-1.44168956823182,7.12935961049293
0.0428745128277937,21.0514929435969,21,27.2905750165725,0.69163561387068,25.9021324007154
0.134565817543932,21.8183278391597,23,28.0912259918969,0.166194797047209,22.038893661472
0.552372307338829,24.9986524570581,26,31.1953086052842,0.843978864675686,26.8778894504353
1.49674850407288,30.5105510507685,31,35.8193073460887,1.30802364676932,29.4977345122395
0.401838546971467,23.911330627743,24,30.1728849490289,0.414547612425721,23.9643655417794
-0.6268174369326,14.7796086068251,13,19.995627201853,-0.976949471505769,11.2913824445213
-0.0435993748086064,20.3056296230503,18,26.4922355074788,0.38926239353771,23.7766215011956
0.204085061671877,22.3830860561578,21,28.6678285789716,-0.0230302298470856,20.4499868826208
-0.981953544937163,11.2323189925474,10,15.3235117780619,-0.911372007835335,11.9337744257199
0.0224371416514353,20.8771857651495,21,27.1057317410908,0.452731074054732,24.2443589337877
0.30072406906075,23.1443054925982,25,29.4275371843152,0.429162661009329,24.0720346650381
1.39335709233671,30.0040267967293,31,35.428128118661,1.13270475445957,28.5666786213529
0.077896619270445,21.3473296556755,20,27.6018784610672,-0.317002931428659,17.7840815171172
-0.286399829102166,18.0992900607833,17,24.0187769408749,-0.0801027705132314,19.9505237226641
-1.48846104159865,6.69865747468801,8,8.72866629283157,-1.66692466979517,5.42720100859436
0.500074851378256,24.6281863951333,25,30.8514062735846,0.656214166243947,25.6663718671026
0.559018420170294,25.0451850712469,26,31.2381826493916,0.615438412949031,25.3907168491722
1.05186622877819,28.1728278251585,29,33.9626907371523,1.27917028734885,29.3491171344174
1.51128067006855,30.5800610347236,31,35.8725632125551,1.91522298566663,32.2459058378953
1.20013670087926,28.9988838000347,29,34.6343355095295,1.49054227314975,30.397788154685
-1.10747892295985,10.0250345955968,11,13.6412161543748,-1.29070167477344,8.39023617321311
-0.647955940864085,14.5678712442803,13,19.7274070822362,-0.707022689767961,13.9684918384462
-1.8043515524226,4.39310892291932,3,5.15846706314532,-1.76028638770072,4.78722297498413
0.434575386319138,24.1532916263176,24,30.4038464015111,0.543537842840417,24.8933848881307
2.26798615552341,33.6774234304393,35,38.1687884591318,1.77852391245346,31.6863469020092
-2.50780051846981,1.39603959384348,1,0.411594642949552,-2.52116226615465,1.4411735254527
-0.533531794895645,15.7086244769615,16,21.1564074097791,0.0512104521966728,21.085807067306
-0.154463820146495,19.3180347476012,19,25.4055934140594,-0.252013859859949,18.3925687759822
0.334588647193477,23.4045250476539,22,29.6826599696193,0.808015607252028,26.6530394141984
0.205083822060486,22.3910949698614,23,28.6759259004484,0.195307576458544,22.2740273903952
0.960060268090831,27.6361221324108,26,33.5162164909287,1.55516285254922,30.7004843221683
-0.834127225854993,12.6979759084932,12,17.3005081688268,-0.69268460737588,14.1117618257323
-0.882853200323871,12.2112557961565,12,16.6515018380546,-1.03840266267103,10.6981229571331
0.17009452271351,22.1087517055263,21,28.3891232205248,0.0460451310847717,21.0420846812886
1.28034522508613,29.4256446298552,30,34.9743577534845,1.32347299285738,29.5765834763139
-0.51727803895033,15.8693480215726,15,21.3545410726127,-0.369773713874801,17.2828590569918
0.286335201902452,23.0327172183982,23,29.3174213177719,0.443645928230149,24.1781217868691
0.724079786958619,26.1621947358729,25,32.2461615425525,0.649006698504733,25.6179804063166
1.65732183672026,31.2562512963609,33,36.3856891828509,2.41016314876136,34.0200468050004
1.12163129279119,28.5676430358208,30,34.2859890645991,1.82519480335224,31.8810029356489
-0.152918206887911,19.3320388958341,19,25.4212360617207,-0.260363219750436,18.314961778921
1.35951257242397,29.8335693636337,31,35.2952088341302,1.81217285580055,31.8270723934802
-1.06656210194012,10.4136735298153,10,14.1884054775854,-0.866837728253309,12.3741940602181
0.341545677846139,23.4575666621776,22,29.7343776056922,0.0950916797545915,21.4541081972076
-0.336324305263501,17.6267249024358,19,23.4676538806572,-0.150271465032826,19.3240774404017
2.28072648461646,33.7214643170059,36,38.2007823429506,2.60607111998458,34.6225607169698
0.295875861611031,23.1067750051611,22,29.3905497509611,0.608967515388476,25.3465494185777
-1.12595012051831,9.85132825518014,10,13.3948483705368,-1.1730119122053,9.43789554945945
0.658396618523799,25.7265003278315,27,31.8577959497175,0.917510924658469,27.3273486116921
-0.0931387443160561,19.868605211545,19,26.0155205193054,0.101330289319804,21.5060124995242
-1.39692110178905,7.44634064004766,8,9.86654153055282,-1.23306936630556,8.89642552359573
-1.69291622148493,5.15345631351993,4,6.34063655333828,-1.90367471782076,3.88963392523494
0.226421606922405,22.5614910515892,23,28.8476764528873,0.254284542376389,22.7426795135976
-0.657875962375852,14.4683936038235,15,19.6009282677237,-0.382354317072665,17.1624788538344
0.782179936928529,26.5381474053049,27,32.5764413806983,0.440462608079987,24.1548566669607
0.351552640619736,23.5336128925641,24,29.8083575279324,0.420320315506691,24.0069671972068
-0.0777258702316219,20.0053232480245,19,26.1653634809812,-0.122187375100346,19.5764151434061
2.22997002078505,33.5445194281347,36,38.0722110281791,1.85443742964332,32.0010448333992
0.498140324443506,24.6143350954926,26,30.8384594559147,0.541087167313979,24.8761776199227
-0.628923865400369,14.758525188721,15,19.9689800435711,-0.340026341042229,17.5661587391283
0.211206434946244,22.4401264775183,24,28.7254502010078,0.176044563870243,22.1187272111225
-0.162167770959283,19.2481352571066,19,25.3274154561997,-0.366968807617919,17.309652992109
-0.501804326175189,16.0219833515862,13,21.541960883423,-0.686397565950234,14.174563017959
-1.91736631509789,3.69317258284259,3,4.07002222593858,-1.20590424162785,9.13962030623926
-0.144003087839848,19.4126872725892,18,25.5111899037018,-0.0615460350161142,20.1139249628012
-0.446393144958693,16.5652759496343,15,22.2031360775007,-0.683104987068527,14.2074465572011
-0.997794219097203,11.0776659935827,9,15.1108420278288,-0.84696790842922,12.5715164442082
-0.26343849741733,18.3146091305252,17,24.2674284831268,-0.289235093552685,18.0452962112743
-0.603748981133559,15.0102413773905,13,20.2862463249652,-0.719329285297767,13.8454831492333
-1.45756411940967,6.9472825841339,5,9.10877863222247,-1.2100964809691,9.10190133559012
0.893621021120429,27.2351747127274,29,33.1772354418317,1.23334322895569,29.1093893065014
0.721295760563703,26.1439591330957,26,32.2300281570168,0.31184498244378,23.1901582011017
0.169438457388472,22.1034228440432,20,28.3836836055629,0.188152279829447,22.2164688203399
-0.594042706915267,15.1071266246924,16,20.4078509139271,-0.567997760807946,15.3523864589196
0.856207165549195,27.0046337459168,28,32.9801594338721,0.649589716354631,25.621900126885
-0.179638619452104,19.0890218988292,18,25.1488362285763,-0.397564306834314,17.0165017075133
-0.326935053129765,17.7160483906833,16,23.5723921647694,-0.108276969873965,19.7006091666669
-1.06050576034866,10.4716283299817,8,14.2695353519113,-1.08857652872899,10.2214801320798
-0.0248708192227444,20.469014770385,21,26.6687647373441,-0.171061477096099,19.1359174613786
0.126051118530449,21.7481679507302,20,28.0188213857312,0.294277305175938,23.0546231832892
-1.04902849809425,10.5817476126948,10,14.4233594120754,-1.35922773373701,7.80614963364458
0.54672281069987,24.9590010375383,24,31.1587182034383,0.95261104425775,27.5371172373841
-1.20019379229525,9.16491405133344,10,12.4101666063667,-0.952803603829573,11.526926918991
-0.060453914154554,20.1577295584279,18,26.331641113722,0.192602914437464,22.2522883748306
1.51384614901001,30.5922896840042,32,35.8819220824778,2.26064779880313,33.5235332551559
0.362507815709011,23.6165291623165,22,29.8887953517864,0.209191135022991,22.3852773555081
-0.415254737875677,16.8681028740062,16,22.5676059569824,0.0581661579201209,21.1445618100918
-0.605150877383261,14.9962400520344,14,20.2686491687353,-0.70887060474291,13.9500231015594
0.453884597012563,24.2945625678014,23,30.5377790475397,1.10347347083157,28.4047526050744
0.189889091999634,22.2689298296147,21,28.552170539396,0.0968477644317977,21.4687301001664
-0.429105159349217,16.7336379777242,17,22.4061315248397,-0.28200444591695,18.1130186651625
1.10078253377268,28.4508129754958,27,34.1907649766563,1.2499785891052,29.1969380284679
-0.158457601037438,19.2818185718033,19,25.3651088432408,-0.0484488353955656,20.2286717806669
-0.0287707032132509,20.4350763216502,21,26.6321720075961,-0.116088724459024,19.6309297597201
-0.100917908671996,19.7993460909558,19,25.9393669063073,-0.132257365267426,19.4861803102584
0.693984380974346,25.963984898976,27,32.0702350105957,1.10765554967306,28.428039641
1.19873165757357,28.9912847013968,30,34.628239159636,1.51851756598172,30.5298261156484
0.398399111738586,23.8857297396901,24,30.1483316406815,0.289315786784916,23.0161800569292
-0.0491187660590004,20.2572863141554,19,26.4398260336187,0.256301049880869,22.7585214581388
-1.13089624698202,9.80500525794488,9,13.3289583899686,-1.345248353893,7.92371375683276
-0.992877980965171,11.1256006871363,12,15.1768452684516,-1.19123153336578,9.27216844963999
0.659073322646765,25.7310477079739,26,31.8618807820002,0.807291654388229,26.6484787237527
-0.884966722476663,12.1902080623013,10,16.6232708030885,-0.853703343008501,12.5045798811979
0.554456742827131,25.0132597981465,26,31.2087751716257,0.779273614851206,26.4709225551363
0.516013864538277,24.7419086542489,25,30.957460204957,0.242097717854571,22.6466822379421
-0.640620417972253,14.6413876779905,14,19.8206873321197,-0.538601710082662,15.6426279779945
-1.52456744507045,6.41297899529681,6,8.29007455514654,-1.4753972818615,6.86094142110496
-1.3069344355313,8.21373766074543,9,11.0158347199221,-1.34493184125609,7.92638504602478
0.0933710654001902,21.4768891260298,20,27.7372539779996,-0.073695201016707,20.0070541441693
-0.0150369941861782,20.5543971728239,19,26.7606483959601,-0.0300218828437078,20.3892944155108
-0.238885408822312,18.543393113301,17,24.5299278269718,-0.429833138654476,16.7052763022748
-0.94428367935955,11.6022997708068,10,15.8290570823245,-1.1944015315488,9.24346199449372
0.228071386686024,22.5746092637277,23,28.8608572680035,0.211159980913689,22.4010076893241
0.281933756404789,22.9984611222758,23,29.2835312022731,0.432314249657286,24.095171174707
0.306231925318118,23.1868583154078,23,29.4694156643579,0.111547232376102,21.5907692886947
-0.0377150594456168,20.3570726243276,21,26.547916638559,-0.217438335827211,18.7121043460174
1.00957929408785,27.9280732005987,27,33.7601008888319,0.640982732878373,25.5639391667048
1.05354783746953,28.1824751667194,28,33.970641694007,1.42372727308273,30.0761716526866
-1.5502667667557,6.21287487601738,6,7.98184902600184,-1.8859649627735,3.99442894795291
0.485196552093017,24.5213847149603,26,30.751412542686,0.608376224209854,25.3425077343481
-0.164898773672896,19.2233175268247,21,25.2996183460173,0.0688890099305482,21.2348616155917
-0.956822285646259,11.4788237714225,9,15.6608394233142,-1.02921729710209,10.786174616216
0.0820288347989233,21.3819959595716,23,27.6381581257721,-0.457721603345469,16.4347105630143
-0.837851153002312,12.6606903775533,12,17.2510479131331,-0.63078903879553,14.7291557873912
1.48766975134868,30.4669173900348,31,35.7858258991356,1.20961811349754,28.9834796112031
-0.459629021513041,16.4359957849029,17,22.0466497399277,-0.249328734678636,18.4174905066437
1.80370449291458,31.8945914359328,33,36.8627044563854,2.23028463639095,33.4186719873102
0.452929283060604,24.2875983666998,26,30.5311923849553,0.138569452813955,21.8134585655805
0.786086899556456,26.5631154190529,27,32.5982196459858,0.525490488725976,24.766267763111
-0.814839111054786,12.8912811113526,13,17.5562548931244,-0.486882504608186,16.1503315424875
-0.447719278627915,16.5523377145055,14,22.1874989748473,-0.194855142423401,18.9191759107626
0.525705259827922,24.8107057732428,25,31.0214089473599,0.59633739627711,25.2600066126072
0.382588273114213,23.767603015872,26,30.0347497950645,0.0736588889605677,21.274922207808
-0.191034635519624,18.9847914546099,17,25.0313870354964,0.0269740721938106,20.8799856104831
-0.426748796670683,16.7565411387706,17,22.4336761052355,-0.325991446633097,17.6991449747604
-0.289934770265542,18.0660259825146,17,23.9802254709643,0.0614576612917668,21.1723160138102
-1.59990043620809,5.8341800369124,6,7.39667213088894,-1.6925152922849,5.24774424391781
0.533943534570081,24.8689804069829,26,31.0754535699754,0.364124729283812,23.5881226718797
-1.01963755869805,10.8654011502252,10,14.8176249186421,-1.32850802532572,8.0655726026157
0.558186339078457,25.0393659927456,26,31.232825004505,0.732823551762953,26.1720044986558
-0.0668733160130897,20.10118467511,20,26.2700433006134,-0.270171514070458,18.2235767212504
-0.0302382400498566,20.4222937942463,20,26.618379439184,-0.097089926377238,19.8001041372935
0.703419738398859,26.0263839045981,25,32.125753761286,0.948835984586091,27.5147025285232
0.610295417042289,25.4000971118465,26,31.5628443790924,0.73031227239885,26.155680411021
-0.00603208693875048,20.6323360881065,22,26.8443013143469,-0.134373938998111,19.4671792667279
-0.45909595449148,16.4412086887678,15,22.0529699218123,-0.51474961681962,15.8772712733631
-0.256539498246218,18.379047656598,18,24.3415409079142,-0.2438553480616,18.4682360425002
-0.481582593047315,16.2208699103748,15,21.7850799930997,-0.786231715069012,13.1768421637214
1.35253848274626,29.7981543947409,31,35.2675091711566,1.69144988048993,31.3128795312079
-0.989056189523216,11.1629035464326,10,15.2281553841141,-1.11797956989621,9.9458244601712
-0.456532582828715,16.4662688670492,16,22.0833411398329,-0.501855797314081,16.003764197932
-0.561131634455817,15.4348486459637,18,20.8170710549092,-0.496001746009745,16.0611096102001
-0.168140918297582,19.1938285559827,17,25.2665618966387,-0.152406299908865,19.3048090851275
1.78397276293698,31.8107810508021,33,36.8004397180478,1.29029472102357,29.4066272047149
-0.269956480409238,18.2536198542207,17,24.1971550272225,-0.435135909995075,16.6539406237758
-1.08319078633016,10.2551087049518,9,13.9658159559988,-1.32298984105455,8.11259039577784
1.35698812845856,29.8207615387559,31,35.285194606971,0.679369860853226,25.8208796891128
-0.053865104711402,20.2156440085136,20,26.3946164257455,0.0875388198578095,21.3911168952695
-0.103865698710691,19.7730569401238,20,25.9104175578441,-0.0871326863119884,19.8883714190496
-0.986123310973783,11.1915531049253,12,15.2675310563162,-0.677446062757469,14.2639525643819
-0.921872861435662,11.8237326095164,11,16.1294878479668,-0.414824039050506,16.8502883365627
1.29520908327973,29.5032284669947,31,35.035687644147,1.45657000064598,30.2353739100175
-0.902679309534702,12.0140628287399,12,16.3864652945061,-0.828582934148821,12.7544514772525
-0.118215774945428,19.6447312244159,20,25.7687655868951,-0.0735526508444177,20.0083104848107
0.238280335897616,22.6556058866196,24,28.9421085565737,-0.0584529428105252,20.1410675388032
-1.3026755308962,8.25084761606337,7,11.0708778995598,-1.191226716327,9.27221210025747
-1.94893757567522,3.51189978923181,3,3.78805202335354,-1.85486910583009,4.18271569909545
-0.311677284837267,17.8607628166125,17,23.7415216737898,-0.442854104642776,16.5791278541815
-0.426078550870767,16.7630537457864,17,22.4415054531716,-0.621235213476509,14.8242243532838
0.258104625325553,22.8120061587661,22,29.0983587509873,0.142698583298568,21.8472972112232
1.40455971074321,30.0599377132964,30,35.4715827762602,0.953777717742263,27.5440373600304
0.609113485205622,25.3919977029228,24,31.5554813567546,0.606644394482792,25.3306644758728
-0.0859444396501858,19.9325051716508,18,26.0856350272627,-0.199523283802533,18.8764799358677
-0.471768795418316,16.3171416207396,16,21.9023164570027,-0.280012147481471,18.1316567155263
0.222569013105187,22.5308256912667,22,28.8168415170566,0.358765200416903,23.5476941150793
-0.456841827387163,16.4632462496701,15,22.0796789902609,-0.499615412498409,16.0257170386264
-1.96638211793314,3.41455672237432,3,3.6365814788873,-1.98513101803275,3.4314208657662
-1.56317264634977,6.11341193878876,5,7.82837176416043,-1.68447461249534,5.30380947911124
-0.327506866872312,17.7106143487088,17,23.5660278644867,0.0598628778761166,21.15887261983
-0.467273644247389,16.3611819781415,15,21.9558499330854,-0.75128410931961,13.526033019129
-0.265656947356963,18.2938628322704,17,24.2435380217128,-0.660206872203785,14.4359950733112
1.44744730080954,30.2716611035895,30,35.635508577617,1.14731376203618,28.6468721921192
1.37646832164207,29.9192576707104,31,35.3621098274105,1.58998938572103,30.860286289133
-1.09508363513244,10.1422199543766,9,13.8067894128862,-0.940596299571836,11.6464681122409
0.069251872608181,21.2746430392829,20,27.5256734544626,0.0872124587193586,21.3883912588089
-0.605367292007016,14.9940784529746,16,20.2659318972578,-0.538813566068192,15.6405402699113
0.326329875272303,23.341374441218,23,29.620959897212,0.517154961400746,24.7072440625913
-1.44007932989028,7.08967142408499,5,9.32572736608458,-1.45079505323377,7.05638079790528
0.162264352980939,22.0450679048959,20,28.3240513434167,0.0561342108530617,21.127412535187
-1.3638076604601,7.7250080792484,6,10.2862570195825,-1.6045624582753,5.876741628476
0.1744718168127,22.1442732954242,21,28.4253579026964,0.169346281861606,22.0644680123743
0.644725797492138,25.6343700460633,25,31.774893122631,0.455428598038602,24.2639798880384
0.507438503065297,24.6808138287281,26,30.9005386959249,0.0804004508152927,21.3314289797853
-0.541867989858281,15.6260438842187,14,21.0542945178874,-0.746215507255498,13.5767009237957
-0.755716246801291,13.4851508163588,13,18.3349091254918,-0.621243521850725,14.8241417112163
0.324520975027561,23.3275159733261,22,29.6074014453342,0.541705913750874,24.8805237136427
0.842688476812522,26.9204768127769,26,32.9078187174158,0.928581403434021,27.3938387180346
1.51708200179823,30.6076956010033,32,35.8937082508578,1.43545055543864,30.1332479812337
-0.71742943250888,13.870157637552,13,18.8340760518508,-0.58433545415018,15.190619964627
0.74762415283215,26.3156012871417,27,32.3814673162424,1.22193303134401,29.0489896763264
1.60076338274104,30.9991447763672,33,36.1916047295262,2.48620738416784,34.2602462989474
0.346751950927106,23.4971674342811,24,29.7729270600987,0.377860694890792,23.6913530786238
0.315938946069457,23.2616357270997,23,29.5428572479352,0.31999213527401,23.2527048495308
-1.1922066148964,9.23781642750302,11,12.5156015471972,-0.821283580549182,12.827163891092
0.384913469053552,23.7850206508517,24,30.0515271575568,0.0555622658488192,21.1225832534084
-0.657551854804522,14.4716447588016,12,19.605066569272,-0.260535343702125,18.313360097346
-0.705611333836917,13.9889736620192,13,18.9872306573819,-0.576732942824741,15.2659337531232
-0.200654601044933,18.8965354827672,18,24.9316496680664,-0.0279107915266665,20.4076348106807
1.0039731348184,27.8953116622443,29,33.7328548562717,1.30674625823967,29.4911924775949
-1.28421940023121,8.41248379747562,7,11.3100240030287,-1.45739527707486,7.00369909007624
-0.331350881307678,17.6740643376606,16,23.5231955374527,-0.0742452856815378,20.0022055395714
0.0200677235396643,20.8568980360994,20,27.0841491883029,0.203764283719653,22.3418594895548
-0.143951841937113,19.4131502249876,17,25.5117056308678,-0.268083547675528,18.2430501160671
-1.53289817726872,6.34781644751372,6,8.18978785766157,-1.64963935615024,5.55008502893323
1.72707412822038,31.5652336286745,33,36.6174027943392,2.04630747714178,32.7530537184473
1.09364407157833,28.4105857400111,28,34.1578915414279,0.843969635564681,26.8778321756293
1.07857700593062,28.3252988243067,27,34.0880494644237,1.43054985872275,30.1094220107187
-0.0370389782571726,20.3629767978776,20,26.5543013715904,0.0190513468611575,20.8123352418475
-1.42860114056449,7.1838070911722,6,9.46883819754613,-1.66822895113658,5.4179829167993
-0.133490660694068,19.5075043750213,18,25.6166626597719,0.253759962029954,22.7385563710937
0.886047524952718,27.1887868174665,27,33.1377094121309,1.38681006496108,29.8946140638999
-0.77443663094925,13.2969603951384,13,18.0893076893231,-0.74031471456242,13.6356908875244
0.171585160954319,22.1208545865219,24,28.4014739834166,0.917688151188288,27.3284154507971
-1.8989543824325,3.80186168940928,4,4.23905156009928,-1.7242366099445,5.02947835434425
0.219770433603093,22.5085222794292,22,28.7943943234573,0.546368904560586,24.9132418702126
-1.5390590120021,6.29980929445759,5,8.11585023848822,-1.36879930710442,7.72612688852598
-0.105933736058037,19.7545990774158,20,25.8900777442066,0.0687697252641229,21.2338589333102
0.701436455356566,26.0132873855106,27,32.1141115883502,1.0662729439622,28.1958218464717
0.729998267543962,26.2008937415822,27,32.2803644252798,0.58701703130484,25.1958574409086
-0.537466505943173,15.6696584323527,15,21.1082511885012,-0.426601155160871,16.7365388615865
1.92451889420061,32.3929756364781,34,37.2309762277568,2.16902020281212,33.2028428038214
-0.962855439990323,11.4195239820382,10,15.579874723285,-0.785507500780721,13.1840741274062
1.04964923987233,28.1600990553337,27,33.9521962226422,1.1274491639545,28.5377099507542
0.621712441999877,25.4781382649015,25,31.6336804892037,0.628214738380752,25.4775815647025
0.0858177872634467,21.4137380946274,23,27.6713409058038,0.786149509178327,26.514686717614
0.187893315588181,22.2528328154079,23,28.5358254112193,0.427400879365008,24.0590884838548
0.162817068666168,22.0495692000021,22,28.3286553738344,0.119548333925913,21.6569300041617
1.17353504870742,28.8542790288249,30,34.5180707961241,1.89895636107022,32.1809914004878
-0.643096265387474,14.6165791878572,14,19.7892275796068,-0.729518370898642,13.7436246163561
0.524400277813211,24.8014573467453,25,31.0128214581138,0.612035281657587,25.3675030969304
0.32617953879891,23.34022303952,24,29.6198336727429,1.17198021884981,28.7811766380069
-1.88452368497188,3.88854756627974,4,4.37385246907673,-1.99453075845612,3.38114082702663
1.39929951878248,30.0337162212126,32,35.4512118477872,0.979851722983084,27.6978252794689
-0.790376804684431,13.1368081068822,12,17.8794626949543,-0.682560515253598,14.2128838643845
-0.573540185819103,15.3114375649391,17,20.6633547007584,-0.598980850022542,15.0453598593993
-0.848583752730024,12.5533037101579,12,17.1083593137981,-1.0434342861765,10.6499889821722
-0.489055891760608,16.1474472501586,16,21.6954724310546,-0.612249816157818,14.9135651311742
-0.653356911272505,14.5137185887708,14,19.6585925745115,-0.828517791811311,12.7551001991768
-0.0111500911853219,20.5880678717899,18,26.7968134489978,0.225550441199602,22.5156337116232
0.00208296376354309,20.7023708673987,19,26.9192910177769,0.362593822284596,23.5765831649644
0.433981146936444,24.1489270594566,24,30.3996978136616,0.535083231037812,24.8339495005108
0.707168829008149,26.0511124568878,26,32.1477213561092,-0.0638419886458908,20.0937601146992
-0.168630749560757,19.189370811172,17,25.2615622884041,-0.0853660136941243,19.9040036744491
-1.59926127648488,5.8389904187375,4,7.40411834195884,-1.76726286263352,4.74107150115806
-0.536136958588187,15.6828276142447,15,21.1245315805496,-0.403774921590725,16.9567608346924
0.00180945689596078,20.7000135667622,22,26.916769704919,-0.136688790345177,19.4463843847932
-1.37366773866282,7.64157611573341,8,10.1608685519639,-1.57215215911963,6.11704498544313
0.432486355456341,24.1379436345025,22,30.3892550485754,0.916629571560265,27.3220420239184
-1.46763108223705,6.86585484715973,5,8.9844631254232,-1.59176222016294,5.97110948116679
-0.589365753005305,15.1537749239968,16,20.4662994774862,-0.475573967164494,16.2607843877274
-2.18185184805613,2.38479243215328,1,2.02556312427189,-2.544131032686,1.39120582226022
1.16354262648305,28.7995601395299,31,34.4739339434682,1.0475339892296,28.0893502757817
1.08378833729367,28.3548559267198,29,34.1122765478691,1.04930006115793,28.0994201555254
0.409466425844228,23.9679853729265,22,30.2271422239664,0.380702934676209,23.7126445255939
1.43717424665861,30.221279847999,32,35.5965902098471,1.04227846331195,28.0593403751293
0.28329229882215,23.0090406555374,23,29.2940020228484,0.577192471596579,25.1279751363678
-0.38332774653139,17.1765757511177,18,22.9358418064532,-0.185252587739216,19.0068255776162
1.64132165090292,31.1841191010954,34,36.3313586736218,1.33338918627783,29.6269275943608
-0.00335545207185042,20.6554572878104,20,26.8690771285707,-0.0619533177971607,20.1103489666375
-1.9405977654156,3.55915047837758,3,3.86156086758134,-1.39316222996601,7.52417749022219
0.568023842256837,25.1080407733565,27,31.2959828405043,0.171803934507973,22.084391540029
0.227723830983743,22.5718463492191,22,28.858081663305,0.0186439111497029,20.8088513439584
1.46379573740436,30.3514068530637,31,35.6969984625958,1.26489663200717,29.2749371816996
-1.92700737771426,3.63712735022006,3,3.98285403753029,-1.87227707106394,4.07664506063698
0.862305595016089,27.0424485358836,27,33.0125948544351,1.02963466376936,27.9868736763811
-0.577886874340501,15.2681625244142,14,20.6093426670387,-0.341936272063479,17.5480274513417
-1.38808068743797,7.52031233482139,6,9.97820525615774,-1.13732289656227,9.7660682418756
-1.14915898878891,9.63468183023606,9,13.0859961615853,-1.50689666339037,6.61442603019076
1.14716247931525,28.7093850516983,29,34.4010259862432,1.02502009937309,27.9603309527174
0.562616163854408,25.0703234311377,24,31.2613147681439,0.62411027393275,25.4497250432231
0.998930416107829,27.8657796632705,29,33.7082684571073,1.06167266748817,28.1697604438188
1.39938217991737,30.0341287089443,31,35.4515324202101,1.52993960767224,30.5832973122788
0.382670977862404,23.7682228121382,22,30.0353469849914,0.893519299421138,27.1822025216302
-1.16493448006035,9.48848119302383,8,12.876568817115,-0.814176712628649,12.8979984200131
0.155234195250532,21.9877352469358,22,28.2653486178873,0.565971181752316,25.0501111576365
-0.399435230095691,17.0212121951663,16,22.7507624267975,-0.112937356540311,19.6590594570396
-0.148848839913773,19.3688784403234,20,25.4623538622308,-0.185633197186621,19.0033560388308
1.29401995835484,29.4970387440037,29,35.0308000460537,0.872963628193071,27.0566914717936
-0.220635286077141,18.7124468558249,17,24.7227629929284,0.113545494090177,21.6073104447576
0.151873994372012,21.9602800353022,24,28.2371969028609,0.270762932124616,22.8717835440763
-0.442106435583663,16.6070759899634,17,22.2536190510634,-0.422489144329563,16.7762850876655
-0.637947671969505,14.6681639416036,16,19.8546216820767,-0.549085011163484,15.5392491670271
-1.5596070259314,6.14082230212522,5,7.87068441648316,-1.18852060542102,9.29674802763751
0.691246775260049,25.9458360890269,25,32.0540639999384,0.668709931210368,25.7499323689126
-0.980002337409192,11.2514085673121,10,15.3497069141359,-0.78963518866698,13.1428584861063
-0.543662587142542,15.6082533537665,16,21.0322685550242,-0.263338239023345,18.2872678762941
1.15053298947586,28.7279887417148,28,34.4160849360358,0.355091842965296,23.5199362160493
0.280678511652455,22.9886811627884,23,29.2738483082382,0.243593065814954,22.6584849452425
-1.4365331528213,7.11869858986405,6,9.36988379233055,-1.7015156216488,5.18533989757143
-0.666902636389753,14.3778205790214,13,19.4855132866467,-0.636750173218018,14.6698004032615
-1.71410311420259,5.00402119001559,5,6.10839827340309,-1.51305206861402,6.56674115645918
-1.2625730717585,8.60374542285787,7,11.5917276327323,-0.979259556709658,11.2689141994036
0.15257265812769,21.9659913778152,21,28.2430552908508,-0.163673006196856,19.2029181612827
0.932168773928636,27.4691053515451,29,33.3755872462441,0.238533627691577,22.6185243753502
-0.662183336430925,14.4251797496101,15,19.5458925379474,-0.386375545193489,17.1239313833427
0.141246083349615,21.8732213288862,21,28.1477565272794,0.309412794874603,23.1714480995144
0.560762565364365,25.0573763463275,25,31.2494035700484,0.333451399035081,23.3556050425053
-0.853227807471044,12.5068724878942,12,17.0465550522999,-0.517712790188202,15.8481660152713
0.272148258002499,22.9220961989374,20,29.2078365504232,0.840514885096416,26.8563770316851
-0.109361005924254,19.7239832267766,18,25.8563144982824,0.256301049880869,22.7585214581388
1.42496828926446,30.1611465574724,32,35.5500661983858,1.39380122679378,29.9292097896752
-0.713684933574009,13.907806884081,14,18.8826516990528,-0.455509872935062,16.4562195781178
1.10565595448276,28.4782098589859,30,34.2131283528404,0.95369641332087,27.5435552114047
-0.609987359576868,14.9479211119987,14,20.2078753521479,-0.380811510976816,17.1772593064164
-0.894227327343758,12.0980581613183,13,16.4995082189115,-0.702979249528174,14.0089006978689
0.655359168643949,25.7060738309568,26,31.8394389555418,0.418149477336591,23.9909581098661
1.29774841193358,29.5164364564367,31,35.0461139843462,1.74596980910455,31.5483045059615
-1.07786133549205,10.3058377473682,10,14.0371270056288,-1.10837691641052,10.0355357905926
-0.90066140208785,12.0341069789574,12,16.413461389387,-1.13833657229756,9.75668410742646
1.24237607342106,29.2253400091535,30,34.8153334766158,1.34582317120931,29.6897629220539
-0.598769995748976,15.0599524373642,15,20.3486762411547,0.0661874155439997,21.2121423969515
-0.039726933244902,20.3394952601264,22,26.5289014579464,0.34527979391683,23.4455968592175
0.269517863937064,22.9015206019397,23,29.1874071581058,0.435275648827215,24.1168852232517
0.880090329796524,27.1521994989085,28,33.1064887764721,0.824430721912488,26.756084746472
2.03448097995746,32.8250514119542,35,37.5478865020456,1.43808103848084,30.1460168022423
-0.249155153368766,18.4478864098394,18,24.4205602754225,-0.308771636382708,17.8617007558074
-0.517706397519227,15.8651173221296,13,21.3493359002242,-0.525374622771066,15.7728491764692
-0.684223398311785,14.2039023709051,15,19.2632059589659,-1.15844796444632,9.57125840176281
-2.53039021855277,1.34821746843303,1,0.328679009919536,-2.29022944573431,2.08790544780149
0.302607105715377,23.158863592604,23,29.4418715880517,0.254625611120467,22.7453598389345
1.46513049856865,30.3578943932747,31,35.7019948522537,1.52067946199594,30.5399662600315
-1.26119082592301,8.61602007002499,9,11.6097590472432,-1.63886503343141,5.62735296765513
0.154719240341453,21.9835298820975,22,28.2610382658236,0.0161879373807021,20.7878406892098
0.87442577255023,27.1173281551439,27,33.0766950189,0.592238242693696,25.2318232891424
-0.420417983885255,16.8180206984211,18,22.5075316837201,-0.251901176950578,18.3936149887669
-1.56338199297632,6.11180425210689,6,7.82588963400146,-1.27051930730423,8.56596633030076
0.819510713984905,26.7751223066671,27,32.7823646883121,0.912078715233744,27.2946106711719
1.13759187990637,28.6564220936514,29,34.3581042900944,0.716319378954323,26.0644132382563
-0.133845882365155,19.5043054252978,22,25.6131092270906,-0.109116356874287,19.6931299962851
-0.0744202176349055,20.0345578500933,19,26.1973209983303,0.0436518478969556,21.0218002293568
0.665092238624548,25.771440111308,27,31.8981353197799,0.460339330230011,24.2996451308849
-0.058755839478384,20.1726672257534,19,26.3478951979718,0.113982444779679,21.610925859833
1.01691181639397,27.9708120903578,28,33.7955987206852,0.96192501855848,27.5922698931066
-0.416396769058812,16.8570300559389,16,22.5543308901484,-0.764686686068617,13.3920757622774
-0.195383587952766,18.9449235357001,20,24.9863653592163,-0.432513284709988,16.679336632331
0.575234194917649,25.1582054765739,25,31.3420192928323,0.965124973484649,27.6111693180178
-0.862150194220181,12.4177314677709,12,16.9277142874729,-0.686499484738881,14.1735450693309
0.0204569794013499,20.8602321012302,20,27.0876970242686,-0.0616642336007859,20.1128872116272
0.0733793577543269,21.3093752700796,20,27.5621097991723,-0.166693808971247,19.1755421225802
0.962376491569315,27.6499078840564,27,33.5277878476171,0.593551333219352,25.2408564161033
-1.0403613195439,10.6651514184114,11,14.5395792872632,-1.38634021663205,7.58047518357518
0.228113146665288,22.5749412129949,23,28.8611907241535,0.620693265558398,25.4264986669861
1.1372242971305,28.654383853759,30,34.3564509899093,1.18998762367053,28.878359980248
-0.112037249411397,19.7000534186247,18,25.8299022103451,-0.155248387949195,19.2791384052393
0.45042864133454,24.2693564264207,24,30.5139316115947,0.161295975535389,21.9990814007676
-0.282871900496164,18.1324576952106,17,24.0571799349593,-0.108278819118762,19.700592691506
0.245932638146151,22.716115515384,23,29.0026603805899,0.249295963305503,22.7034369093989
1.0500767320899,28.1625543706096,30,33.9542209128613,0.549170172101622,24.932867581482
-0.246993153130128,18.4680149585431,19,24.4436355804181,0.00201613380992776,20.6662630223866
0.151213898154594,21.9548826350468,21,28.2316594989496,0.138718278341642,21.814679079008
-0.38453167260858,17.1649823180771,16,22.9220579334334,-0.490180016947545,16.11808442345
1.0433718357825,28.1239959689098,28,33.9224056456251,0.136559521084447,21.7969687857761
0.246993046400697,22.7244868566073,22,29.0110275931554,-0.325984217539177,17.6992133593769
0.127013784994974,21.7561109909533,23,28.02702714263,-0.217950955642198,18.7073888497266
-1.65920257501883,5.39564953988477,5,6.71679196107767,-1.41171389937656,7.37207205058234
0.221756148266297,22.5243499246781,23,28.8103257777357,0.0201228433439324,20.8214951005011
0.142765657315128,21.8856895331534,22,28.1605819745173,-0.214250019832923,18.7414180732154
1.25276652232918,29.2804588245607,31,34.8591921900211,0.937117414979698,27.4448987952955
0.181497031545347,22.2011634655733,23,28.4832989300406,-0.0431603056129944,20.2748686382625
1.55572718212754,30.7901291184534,32,36.0329146914514,1.16818550319085,28.7606043878763
-0.663284395865582,14.4141315426982,15,19.5318129364685,-0.249357568301206,18.4172229846183
1.28642335499871,29.4574263263439,31,34.9994988404364,1.29566882134444,29.4343149214364
-1.01017826049637,10.9571769127783,11,14.9445908512261,-1.29595205494836,8.34479461316476
1.22005227169666,29.1061356567844,28,34.7202201892182,1.24375866024498,29.1642743580131
-0.0263901269534151,20.4557983441126,22,26.6545194124606,-0.0412292030890504,20.2917177072584
-0.617560406560641,14.8722173258376,13,20.1125159394214,-0.475331326336426,16.2631519722272
0.889137801868145,27.2077319080067,27,33.1538598499769,0.541567293887493,24.8795501376891
2.13314728256486,33.1958138843337,35,37.8184875366018,1.52761369149989,30.5724292778829
2.03355044512539,32.8214792675186,35,37.5452740116819,2.59420516236167,34.5875662132985
2.17770823283677,33.3581364850856,35,37.9366688690754,1.56277318654067,30.7356018324604
1.22967411807759,29.1576455278377,29,34.7613639680674,0.862326297577745,26.9913204734059
1.15844346046549,28.7715521041954,29,34.4513119648684,0.850315555202659,26.917162683212
0.133743586546803,21.8115621784962,22,28.0842513186827,0.306777848722228,23.1511585559402
-0.138365979528734,19.4635692224705,19,25.567828297357,0.0551176247196838,21.1188282186658
-0.410143760622831,16.9176252969166,18,22.6269295624083,-0.541242032206684,15.616604896254
0.84059017717514,26.9073733973082,26,32.8965357436195,1.09461368260003,28.3552850903718
1.09798729662768,28.4350747755818,30,34.1779090669386,0.573937267304766,25.1054238259545
0.879033438553313,27.1456992360328,27,33.1009377812893,1.27517991538206,29.3284233980211
1.59830031168372,30.9878124342939,33,36.1830222421448,2.2908326966783,33.6264133701694
0.0772308990557071,21.3417400160783,21,27.5960247714905,0.0928868927160273,21.4357374119095
-0.481081118957517,16.2257933245168,16,21.7910826397337,-0.352992111934851,17.4429149150566
-1.20071672342511,9.16014919410531,8,12.4032683198161,-1.17276672597673,9.44013425752429
-0.501328677894861,16.0266692174611,15,21.5477031319068,-0.573398450737843,15.2989459764136
-1.36839147991256,7.68617380556656,8,10.2279231831957,-1.35953408948989,7.80358240560494
0.183641473816089,22.2184998930351,19,28.5009332699139,0.0798976955529993,21.3272195426974
-0.663194860585012,14.4150299807785,15,19.5329580234142,-0.458309246291375,16.428994295847
0.408885803486285,23.9636788174744,25,30.2230217382219,1.19097560976451,28.8836710313215
-1.01355067672926,10.9244311205483,9,14.8993223627737,-0.918275599272019,11.8657700224556
0.667606304932858,25.7882830297709,26,31.9132372984684,0.824067054175564,26.7538093934442
0.163868621266402,22.0581304932284,21,28.3374101247397,0.222514023594772,22.4914983876942
-0.236971523074344,18.5611620684421,18,24.550241720238,-0.182863767448911,19.0285928208216
0.719628558210598,26.133029077549,26,32.2203530787373,0.42680530669149,24.0547099732005
0.982341054777134,27.7682029437559,28,33.6268551080632,1.00615561947356,27.8512936403117
1.72762193082963,31.5676253072321,32,36.6191901828657,2.17590515627238,33.2273837834229
-0.603733786636247,15.0103931203731,14,20.2864370061767,-0.84691088519201,12.5720833400405
-0.983514965265095,11.217049073461,10,15.3025492760031,-1.21121963086988,9.09180755899296
-1.26668388838284,8.56728394636294,9,11.5381319296637,-1.38738491779099,7.57184125116556
-1.31696958642972,8.12657744444408,7,10.8863543324332,-1.20943620125905,9.10783757225388
0.943825917956129,27.5391371534358,28,33.4346537726087,0.342176401287815,23.4220256723778
-1.23081913705989,8.88757184245001,9,12.0071902872968,-1.22005082529351,9.01261267240124
-1.59569233684043,5.86588281746609,5,7.44574082169731,-1.70269876682898,5.17716431048184
-0.114167793252924,19.6809886902722,21,25.808845625785,-0.129270970567836,19.5129693645321
0.915067186111496,27.3657698373792,28,33.2881680405839,1.13270475445957,28.5666786213529
0.0606442429721595,21.2020489833519,20,27.449382265053,0.147847829587742,21.8894253759008
0.084947347091964,21.4064497019636,21,27.6637248197525,-0.146084579570186,19.3618315712465
1.54479529079618,30.7388128952243,32,35.9938246722637,1.36777583694787,29.7999140407026
-0.816691876352443,12.8727003629817,13,17.5317214221064,-0.865835887188342,12.3841323549788
1.49872304926012,30.5200197265443,32,35.8265677358779,1.71521948999853,31.4161779574103
1.16304689750048,28.7968397822694,30,34.471737625858,1.5143848094284,30.5104165514121
0.992046172530018,27.8253662815175,29,33.6745825644646,1.12900166146384,28.5462738460539
0.92073938148248,27.4001225423327,27,33.3172645194823,0.968261771380064,27.6296714098673
-0.245138811620587,18.4852696800651,18,24.4634054991528,-0.423913158139588,16.7625243894292
-0.919078394958022,11.8514059879995,11,16.1669231514924,-0.71552500395098,13.8835110057769
0.532715033940085,24.860302483252,24,31.0674127072541,0.306723700294163,23.1507413889705
-1.16283213758351,9.50791448584919,9,12.9044531833927,-1.26043914205228,8.65435779974951
-1.01337663163513,10.9261203785419,9,14.9016585298206,-1.35718787084868,7.82325349720916
1.18727845973813,28.9291803497212,30,34.5783603678322,1.04844591209743,28.0945508455309
-0.0931708415422521,19.8683197955302,20,26.015207029935,-0.386733223057171,17.1205010710764
0.44536507115272,24.2323633490076,25,30.4788937878906,1.10765114592512,28.4280151408832
1.41358896517335,30.1048179146548,30,35.5064136268639,1.10219579460843,28.3976300721116
-0.013290294855432,20.5695335692504,18,26.776910969532,-0.348344448310094,17.4871348330579
1.520918537176,30.6259351730707,31,35.9076560481095,1.44465391990796,30.1778619557355
-1.90539264055385,3.76360987236946,3,4.17956573420761,-1.63131652831683,5.68179171450161
0.330759094461984,23.3752673058547,24,29.6540912663967,0.350896393993478,23.4881846805766
1.70614628848754,31.4734582439057,32,36.5487453437501,1.00622503794862,27.8516964471691
-0.973616947805594,11.3139390739741,13,15.4354274568088,-0.836863062321667,12.6720234974534
0.263841385029327,22.8570479885595,23,29.1432006502023,0.481767803460515,24.4544613394513
0.238124667764256,22.6543731567619,21,28.9408736513289,-0.0164374226785145,20.5070896826553
-2.10189892429477,2.72925200450747,2,2.56734796316487,-2.04710746723096,3.11014465275969
1.00219199851582,27.8848875141614,27,33.7241792367421,1.00240276229495,27.8295000858502
-1.13858956184525,9.7331168757055,11,13.2265446862275,-0.760608913275598,13.4328286902433
-0.242146322690522,18.5130964102507,18,24.4952674022574,0.0461829498553646,21.0432522684191
-0.00647314111829246,20.6285241889067,22,26.8402148461946,-0.101122196498925,19.7642817194335
0.136269337391671,21.8323387150909,23,28.1056646517771,0.116329704870645,21.6303379429275
-0.921067429056456,11.8317073827661,13,16.1402782736442,-1.00317426239738,11.0370498972796
-1.3809885089341,7.57987973906207,7,10.0679946466802,-1.49855270598977,6.67931985345415
-0.742570864622362,13.6173357804124,13,18.5067871007224,-0.870846917095758,12.3344349683398
-0.501671985080093,16.0232871511785,14,21.5435586807338,-0.606727864096365,14.9684327590654
-0.354226136184752,17.4558594077259,18,23.2665711388759,-0.586967831617368,15.1645275622522
-1.09483457282196,10.1445795795153,10,13.8101181853131,-0.983444625784514,11.2282405611962
-1.03062673738063,10.7590723405233,9,14.6701619084845,-1.22168637114733,8.99797918298544
1.5139183628271,30.5926337152446,33,35.8821853334729,1.54859788448803,30.6701014231253
-0.0471032997080732,20.2749495609236,21,26.4589843064589,0.0879034401654913,21.3941616881167
-0.211091019413195,18.8005121419014,19,24.8228344271435,-0.0409757555158249,20.2939282813024
0.000777043717919114,20.6911134382621,20,26.9072486014989,-0.528428448719713,15.7428060101094
-1.01159363377589,10.9434303129221,11,14.9255917358401,-1.4012432838002,7.45774289912565
0.00907223193285012,20.7625358492503,21,26.9835768311241,0.308845285766903,23.16707991025
-1.14613984288656,9.66276059921819,9,13.1261251937281,-0.892780197120607,12.1172925220905
-0.346858961464097,17.5262639145011,18,23.34954256186,-0.246361516776499,18.4450097476942
1.11565431321563,28.534249898605,28,34.2588091033579,0.981924230881743,27.7099780316783
-0.133874590528701,19.5040468786077,18,25.6128220149345,-0.00463122882886278,20.6090376847724
-0.988435647809972,11.168963595675,10,15.2364865589551,-1.12783389609747,9.85408728881438
0.119074654057736,21.6905222526477,21,27.9592033687577,0.434779675589393,24.1132503399617
0.63529885085837,25.5705463814406,25,31.71730078511,0.581668370978595,25.1589346491377
-0.406450118078592,16.9533815826737,16,22.6697134645707,-0.206126525625611,18.8159890821465
0.582836345042377,25.2109405590631,28,31.3903252841811,1.01625341264131,27.9097653080993
0.600502870513095,25.332876606092,26,31.5016705294637,0.306345570808122,23.1478279861888
-0.973203104924833,11.3179948285904,11,15.4409828291177,-0.350382331612644,17.4677513142631
1.00858521629937,27.922269344075,28,33.7552763546354,1.47081066239222,30.3037338987376
0.109771638288201,21.6134275386702,20,27.8792904254265,0.494133723047095,24.5432024412717
-0.491149819209538,16.126858242967,17,21.6703145227605,-0.761094248967462,13.4279780788214
1.68911755371547,31.3981961513851,33,36.4923374834202,0.785956632736094,26.5134607751394
0.467501327328167,24.3935446075745,25,30.6312184957721,0.623539727956567,25.4458491269485
-0.382862570039549,17.1810544278289,17,22.9411655076382,-0.10344701155009,19.7436078855887
-0.568575712491553,15.3608353543232,14,20.724938704859,-0.527868539912038,15.7483153210387
2.5824816685148,34.6936162583616,37,38.9077424408598,2.2847916641438,33.6059318872696
-0.283280535805302,18.1286174937379,17,24.0527354521911,-0.140955389732851,19.4080186278575
0.611851678764933,25.410755869132,25,31.5725307936265,0.706740739575318,26.0016345178571
0.0709710623695023,21.2891159114265,20,27.540861522567,-0.113799350467429,19.6513678337551
0.722091810115649,26.1491754003196,28,32.2346441636128,0.586482980335721,25.1921743842232
-1.16933645241431,9.44784154477555,11,12.8182094053511,-1.28013479848653,8.48203513568498
0.89892765590587,27.2675940057501,26,33.2048210032703,1.11881966278348,28.4900072160943
0.281796809955779,22.9973943608729,21,29.282475188577,0.0741012349870646,21.2786339565226
-0.449010866617248,16.5397333564619,14,22.1722602770206,-0.66886029186153,14.3496556218102
2.24031075222428,33.5808922391124,36,38.0986470286142,3.24451897650169,36.2435078980984
-1.56153780142192,6.12597308262408,5,7.84776362176523,-1.15816618137406,9.57384636666128
2.11346297788989,33.1231014151055,35,37.7654973346226,1.96372170192904,32.4368265299824
-1.41367974498804,7.3069646282852,6,9.65567119980927,-1.22519918877923,8.96658497211811
-0.198437859952308,18.9168942099436,19,24.9546803579725,-0.386851566097255,17.1193660433457
-1.0244844193922,10.8184650033927,10,14.7525794703256,-1.01320507669756,10.9402134509342
-0.723642033624784,13.8076880308822,13,18.7533836062087,-0.695971825206201,14.0789203803432
2.32816223588018,33.8832567352243,36,38.3182954366421,2.25372049620239,33.4997311076142
-1.26869078512762,8.54950715878716,8,11.5119829685987,-1.28447034752637,8.44431492899637
-0.582599177184663,15.2212223953238,15,20.5506916261493,-0.697799705913511,14.0606571793191
-0.214346273665603,18.7705025839336,17,24.7887630585862,-0.211612594605387,18.7656472688603
1.05961975097137,28.2172553452958,29,33.9992846558475,1.21531952431753,29.0138502366721
-0.232135124843505,18.6060223292146,17,24.6014797175017,-0.265283575118695,18.2691474492705
-0.0166989242900551,20.5399871336072,20,26.7451588469833,0.216897516833774,22.4467830131837
-1.45169814983496,6.99491672191155,6,9.18141854789953,-1.17384044503613,9.43033216409729
-0.833541524494033,12.703841320341,11,17.3082849368364,-0.860172912590289,12.4403314926621
-0.171197348685324,19.1660026718637,19,25.2353425399449,-0.28493343594183,18.0856006313159
-1.94254582164565,3.54807237314708,3,3.84432721476603,-1.82366304379398,4.37699651664811
0.0928919148218163,21.4728880941174,23,27.7330820648601,-0.0346525092817748,20.3490209262215
-1.60310962023624,5.81005392030457,6,7.3593217879525,-1.7156771838996,5.08791040033481
0.0471865827601714,21.0881129767522,21,27.3292744680525,-0.0347971242594985,20.3477622018437
1.04863865082855,28.154293027285,29,33.9474078151315,0.928335885045709,27.3923674208722
2.23820265463953,33.5734906334884,36,38.0932678277899,2.092037607088,32.9234393603494
1.44857695008952,30.2771883812208,32,35.639774927367,1.63796802612138,31.0766876247213
1.20988669095392,29.0514979941406,30,34.6765044080108,1.52991742624364,30.5831937172177
0.659145057306074,25.7315296852078,25,31.8623136946585,0.691642059471996,25.9021749914275
0.254329251527955,22.7823108352859,23,29.0687569225287,-0.0739168662931304,20.0051004240691
0.71943553905265,26.1317631865565,25,32.2192322913206,0.467858455414343,24.3541196857271
0.707368184562541,26.0524263429152,26,32.1488880014605,0.660382374775864,25.6942925689221
0.308537690655057,23.2046457519784,24,29.4869027658089,0.110805754189723,21.5846285166083
0.328403613393259,23.3572500799457,25,29.6364837526074,-0.056199726488915,20.1608231140262
-0.329889381125677,17.6879647429661,18,23.5394903695282,-0.0504223839690468,20.211412051841
0.787639836779243,26.5730288222209,26,32.6068612095586,0.933365783166132,27.4224798069991
-0.44709335634644,16.5584448471381,15,22.1948806958439,-0.688446654357146,14.1540962862749
-2.19828496364587,2.3194262087182,1,1.92213756736938,-2.80782904976182,0.955400538079361
-0.885542763607015,12.1844725455164,11,16.6155754343591,-1.32921271665839,8.05957740471531
0.0561043677648107,21.1636729525244,20,27.4089778099452,-0.516684690334351,15.8582658251789
0.555575409725142,25.0210942299458,25,31.2159948583538,0.426844456053322,24.0549978217323
0.40841501333839,23.9601861871946,26,30.219679548647,0.583605314011835,25.1723149695959
-0.535613373671099,15.6880130385079,15,21.1309405881239,-0.343128161100182,17.5367085683525
-1.51630765833116,6.47786579556363,6,8.38985048724645,-1.16458224295786,9.51499147625795
-0.152052163825492,19.3398828894911,19,25.4299948824026,0.00861125351901693,20.7229133395397
0.312467713993298,23.2349271709427,22,29.5166478752476,0.301200941128058,23.1081478742009
0.229080201321468,22.5826268628953,22,28.8689101969128,0.305876643598659,23.144214421711
-0.995850768190845,11.0966083220224,11,15.1369337901552,-0.782730529133266,13.2118069404382
-0.190624486739957,18.9885487894978,20,25.0356273005903,0.227735153807692,22.5329822805553
-0.66086529501402,14.4384042385647,15,19.562740744045,-0.760225241848175,13.4366632713896
-0.296427628323383,18.0048484967683,16,23.9092275665234,-0.424537171185186,16.7564931304199
0.71458818242194,26.0999403100552,25,32.1910404340476,0.55940112921288,25.0043576266061
-0.348278388004141,17.5127086514023,16,23.3335803651203,-0.0367714680358989,20.3305716486215
-0.819651574449378,12.8430236958239,13,17.4925155448945,-0.668868869501227,14.3495700182986
-0.882682500965189,12.2129559861954,11,16.6537816757744,-0.595901515317757,15.0759207612915
-0.657411386355445,14.4730537911129,14,19.6068599876013,-0.621235213476509,14.8242243532838
0.661933851648632,25.7502565784197,27,31.8791284191572,1.21606221952647,29.0178011900465
0.46046024270546,24.3424279978259,25,30.5830054044284,0.0612941571619562,21.170938079399
-0.036816976901597,20.3649152337927,20,26.5563973200181,-0.254133841538728,18.3728798260309
1.23280514351492,29.1743643130526,31,34.7747037646503,1.52991742624364,30.5831937172177
0.22432731787632,22.5448266803244,24,28.830923967547,0.145883992572336,21.8733676179167
0.160593622676129,22.0314560142042,23,28.3101245022966,-0.301838434900827,17.926957861456
0.738104527136168,26.2537491652553,26,32.3270025607354,0.782679544478315,26.492616356602
0.856203650035151,27.004611920391,27,32.9801407006557,1.05349661557043,28.1233187176272
-0.511476042981078,15.926623847713,17,21.4249546932044,-0.392068994435753,17.0692971850464
0.79428112705961,26.6153548264743,28,32.6437227184255,1.36756584469977,29.7988651075523
-1.75050823321586,4.75245322123162,5,5.71728117026453,-1.84943223450275,4.21618561606012
0.372084535981891,23.6887254119913,24,29.9586422642145,0.404702613593176,23.8914873682094
0.773098765728364,26.4799613913114,27,32.5256135868859,0.706056835361265,25.9971427406619
0.572006678158677,25.1357683911354,24,31.3214388913776,0.552413439401833,24.9555622667001
-1.12639773207697,9.8471327831749,9,13.3888840259512,-1.03336814465817,10.7463554599333
0.311856296635095,23.230219095081,22,29.5120252523551,0.406662358875092,23.906016986621
-0.767118958740755,13.3705121251459,13,18.18542382274,-0.846234746008465,12.578805420378
0.982804704783883,27.7709389256803,29,33.6291416036511,0.911865896966503,27.2933265931579
0.559563314428877,25.048994695127,25,31.2416895767915,0.656623001277105,25.6691125480703
0.485533687728213,24.5238117354553,25,30.7536890983619,0.54379918454761,24.8952188804703
0.292737839812979,23.0824462837619,24,29.3665471603923,0.608384477118972,25.3425641525839
-0.0421278207597733,20.318503884197,18,26.5061790005051,-0.229886635256079,18.5974065481385
2.24442067929519,33.5953025122618,36,38.1091193901147,1.43649398164452,30.1383146180089
0.205560661807491,22.3949176318526,22,28.6797899759667,0.0746741187218881,21.2834402047929
0.430001007938773,24.1196675855248,24,30.371869593487,0.669780281804599,25.7570700863603
-0.379423742295206,17.2141487878999,17,22.9804838388388,-0.39738771022447,17.0181992855736
0.617587946632295,25.4499862243643,27,31.6081504406359,0.814396193195415,26.6931763370678
-0.46076491244701,16.4248860978433,15,22.0331773622072,-0.177202842477049,19.0801163136047
-0.239792399411565,18.5349691224746,19,24.5202936052029,-0.0559864575826763,20.1626922579615
0.34426969393378,23.4782964004905,24,29.7545637106367,0.61445844100371,25.3840354680549
0.670162484878605,25.805390738167,27,31.9285673542597,0.943252140955611,27.4814836564695
-0.835213477208753,12.6870986196287,11,17.2860835332486,-0.840821035084253,12.6326441238846
-0.227973077448521,18.6445793092654,19,24.6454640898281,-0.153321418028206,19.2965457872441
0.404719226481322,23.9327461530943,26,30.1934070473067,0.697958011200206,25.9438549864793
1.74300353470537,31.6345604140234,33,36.6691760523065,1.45099697378429,30.2085115057766
1.37128103476802,29.8931051619453,31,35.3417091860012,1.28585951226905,29.3837302401573
1.00145969234671,27.8805995076581,27,33.720609593797,0.91741053380551,27.326744260603
0.224400805642961,22.5454116470551,23,28.831512190103,0.33968014184379,23.403045306528
-1.00052431745541,11.0510716999645,11,15.0741896663028,-0.948953170956334,11.5646008440651
1.25183536965591,29.2755286776872,30,34.8552722983997,1.06102495117928,28.1660870178766
0.584346226031067,25.2213954350168,24,31.399891220445,0.620491529265735,25.4251263978659
0.299805102602479,23.1371969998125,22,29.420535269702,0.0668772008869407,21.2179452113254
0.87950615554815,27.1486069574924,27,33.1034210296406,0.961148738819754,27.5876812859453
-0.175497180961777,19.1268140490771,19,25.1913299682315,-0.29737354151883,17.9689233592277
-1.08223109840095,10.2642372297792,10,13.9786550333747,-1.14187146324129,9.7239881000854
-1.02911558153056,10.7736750819549,10,14.6904371028972,-0.985877299076739,11.2046165919066
-0.319787442446517,17.7839089798255,17,23.6517878154692,-0.132384043697874,19.4850434249822
0.0930299974050963,21.4740411894102,20,27.734284465094,-0.00917482425813251,20.5698503059623
-0.149270586484222,19.365062521126,21,25.458096946024,-0.12243766061677,19.5741757283442
0.576794605203605,25.1690428355816,24,31.3519539169013,1.05344537857567,28.123027183665
-2.53131306924152,1.34631043049532,1,0.325356031032134,-2.2897331470411,2.08961267091204
0.159804281774106,22.0250221512745,23,28.3035395347308,-0.0281100254571678,20.4059044794008
0.173478867129419,22.1362205439648,23,28.4171473309773,-0.162043574387833,19.2176748593116
0.0479761429254024,21.0948123430589,20,27.3363492090468,-0.391723263274021,17.0726167016598
0.887920295541152,27.2002707353589,28,33.1475005815831,0.595172028731306,25.2519990124666
-0.551049585047652,15.5349767253874,17,20.9414440479638,-0.475936085854916,16.2572508051518
0.593981758894128,25.2879670740443,24,31.4607183444167,0.3839712259405,23.7370983656634
1.30894307691839,29.5745033355177,30,35.0919018690689,1.46597337553927,30.2805585046152
-0.287642873499443,18.0875963897621,16,24.0052287374544,-0.260959570525095,18.3094121898733
-0.238448000772881,18.5474549388794,18,24.5345723402125,-0.0531680401131709,20.1873815917707
-1.12702085538478,9.84129334743078,11,13.3805815023706,-1.17723185587509,9.39939980491712
0.408411777272294,23.9601621777156,23,30.2196565719129,0.389970532909461,23.7819048461266
-1.48591759165128,6.71897988371368,6,8.75979493225046,-0.960325941485104,11.4534130698573
-1.46393512153499,6.89570298657114,6,9.03005268952755,-1.82366304379398,4.37699651664811
2.16112069730413,33.2980812415771,35,37.8929616345832,1.69556352075849,31.3308298993778
-0.22624731841335,18.6605535004335,17,24.6636721611456,-0.15540723779535,19.2777029853646
-0.807018853641875,12.969733569187,11,17.6597261030166,-0.592816354585617,15.1065297351362
0.0027254435753112,20.7079074127847,19,26.9252120176915,-0.254139664782934,18.3728257284741
-0.751014692854965,13.5324255718552,13,18.396439622627,-0.737168699450356,13.6671422665803
-1.10481669968842,10.0501620373913,11,13.6767617645678,-0.722525567892061,13.8135314613253
0.717709134408591,26.1204364320509,26,32.2092016121424,0.863800909442086,27.000399786672
-0.331836087895482,17.6694484197938,17,23.5177830929303,-0.201152429122586,18.8615661236813
0.431734669947147,24.1324179747252,24,30.383999846772,0.709027467403951,26.0166442427517
1.72327054061235,31.5486124516712,32,36.6049786294347,1.43034574337079,30.1084286029753
0.446044503906975,24.2373313672446,23,30.4836019084313,0.750478171271728,26.286290350677
-0.325183615083701,17.7326878657647,16,23.591874109711,-0.526160605279586,15.7651180514393
0.584684594177001,25.2237375380145,27,31.4020336906866,0.590346119069995,25.2187983621375
-1.3029759310834,8.2482277528877,7,11.066993677863,-1.25375913965741,8.71316050399666
-1.20140603568233,9.15386983765324,9,12.3941760934566,-1.28079114129409,8.47631986480111
-0.639462569350611,14.652987975378,16,19.8353913763128,-0.742668667118375,13.6121582267749
-1.60013894107244,5.83238547406912,4,7.39389416900599,-1.93601409764113,3.70296519882404
1.43125033260226,30.192132428406,31,35.5740492773408,2.19910840499234,33.3095554097522
-0.399568259384141,17.0199268099744,15,22.7492279346888,-0.222258316093662,18.6677398750844
2.12200247441873,33.1547219962612,35,37.7885454701937,1.37903056038519,29.8559992845735
0.568717840726867,25.1128753935719,24,31.3004232116577,1.68177213485164,31.2705281206507
0.00127138412446568,20.6953753886863,21,26.911808257116,-0.0853636374835143,19.904024694325
-0.407291245421961,16.9452415002078,16,22.659977132429,-0.141159288642854,19.4061839185598
-0.0159927205994288,20.5461113693844,21,26.7517427510265,-0.0252910603362382,20.4303764826228
0.821085788951835,26.785042966702,28,32.7909476693591,0.476094458298261,24.4136011289143
0.879991431562281,27.1515913561038,27,33.1059694977538,0.352646957338747,23.501439381395
-0.330310016471072,17.6839645647295,17,23.5348017893047,-0.636888596087668,14.6684217946615
-0.332552693823742,17.6626301347723,17,23.5097869553024,-0.525204192661532,15.7745254535824
-0.215030461941742,18.7641916526221,16,24.7815940614777,-0.180090681934745,19.0538428315058
0.723841672530252,26.1606358621408,25,32.2447827888668,1.38017812820696,29.861703242043
-1.07334877943971,10.3488582323956,8,14.0975289592165,-0.954407404840744,11.5112436298304
0.0854513084962029,21.410669758502,21,27.6681348392197,-0.159569647391178,19.240066131834
-0.614844895175955,14.8993690658433,14,20.1467372315731,-0.702831306839887,14.010379113383
0.543631204650397,24.9372647298269,24,31.1386378033442,0.672303092749707,25.7738812917796
0.102630350216703,21.5540728397605,22,27.8176252738167,0.538272083027942,24.8563907019223
0.642250465710256,25.6176344509183,24,31.7598042492469,0.672029858951664,25.7720613868214
-0.441143680029943,16.6164591167371,16,22.264943646762,-0.430007604965844,16.7035881499169
0.0213391906887371,20.8677867979251,20,27.0957346794193,0.216898006774137,22.4467869178763
1.17581496606561,28.8667331802882,31,34.5281055133172,0.813715430235426,26.6888990512634
-0.19087257645658,18.9862761162534,18,25.0330625779936,-0.00954370202813134,20.5666662357747
-0.70958951571554,13.9489813982354,13,18.9357273464007,-0.528422605029216,15.7428635123246
0.35322166551614,23.5462678596602,26,29.8206494287835,0.267860682711501,22.8491033967666
1.09101636998866,28.3957488234847,29,34.1457557784021,0.917347597005359,27.3263653694059
1.56844324044125,30.8495340920954,34,36.078101896537,1.89045891720443,32.1469039738294
1.33607941628444,29.7141781661747,31,35.2017106979095,1.54064177078189,30.633169216562
0.778983890014528,26.517693470723,29,32.558586067515,0.286820040182616,22.9968148941503
1.05615543213031,28.1974219771421,29,33.9829551492702,0.603103826699589,25.3064260632417
-0.175524820230941,19.1265619837016,18,25.1910467053784,-0.193339086155306,18.9330300056971
0.201715358449027,22.3640718816607,21,28.6485956105801,-0.217988635721127,18.7070422111951
0.200186037749988,22.3517919536484,20,28.6361677199719,0.241338956774056,22.6406908442665
-0.290755351250603,18.0582998945109,15,23.9712660339635,-0.540992736402776,15.6190623661736
0.287340969659939,23.0405369952132,22,29.325151882843,0.150353957498851,21.9099007758441
0.678113777563073,25.8584945708552,27,31.9760932894353,0.412870365636013,23.951969556558
-0.418481318421773,16.8368121046126,18,22.5300816765282,-0.417438602441253,16.8250586425382
-1.66790561483128,5.33262088459044,4,6.61893569751643,-1.90394159393857,3.88806849124729
0.480711873857187,24.4890690930692,24,30.7210815235612,-0.111586456524067,19.6711095325043
0.588999498936313,25.2535766431562,25,31.4293136471719,0.611381949279288,25.3630428489828
0.238159248055785,22.6546470029518,21,28.9411479853128,0.230097419428778,22.5517248865354
1.40755043501306,30.0748213358111,32,35.4831387077056,0.921910427987018,27.3538088704127
-0.538547330521245,15.6589510059729,15,21.0950101936779,-0.369458031159652,17.2858754566343
0.909096636612004,27.3295255121228,27,33.2574314986262,1.16894976931758,28.7647502987757
0.0546205975835775,21.1511173021609,20,27.3957474038213,-0.0193052920354616,20.4822651957226
-1.98657668764946,3.30441826098326,4,3.46513247485215,-2.22635876082122,2.3199956336544
-0.152117109546801,19.3392947291593,21,25.4293381992014,0.10162054634243,21.5084246158699
-0.241879118223231,18.5155799940708,20,24.4981098661306,0.166944441987888,22.0449797019424
-0.754109184812854,13.5013096712168,12,18.3559482017381,-0.440732651358505,16.5997021511231
0.744405859984377,26.2947173955681,26,32.3630911754539,0.685726002882978,25.8630359939052
-0.158188952769682,19.2842560780191,21,25.3678350370001,-0.0982188767339757,19.7900791313106
-0.38220816283524,17.1873542181674,15,22.9486528233956,-0.649763966042712,14.5401303528234
1.65497136587745,31.245684481465,32,36.3777359406622,1.91408417668659,32.2413757051973
1.22057858797347,29.1089584094719,30,34.7224766194303,1.00329483827045,27.8346836138533
0.175675816696456,22.1540337127981,21,28.4353065912898,-0.296905373371844,17.9733209662917
-0.21981195000912,18.7200531882257,19,24.7314166606578,-0.361465215669331,17.3621775136268
-0.207397595446212,18.8345273995192,18,24.8614168091902,-0.364212309391854,17.3359682143012
0.445619150709701,24.234221335784,23,30.4806546731877,1.12335574227516,28.515103343063
-0.405807667077475,16.9595979832702,18,22.6771474480916,-0.535185182241415,15.6762872212371
1.58760479374145,30.9384711521929,33,36.1456257164152,1.4900376501786,30.3953923483173
-0.0132005446522861,20.5703110793275,20,26.7777461135212,0.134147211752743,21.7771621233544
0.730141224707285,26.2018273567448,27,32.2811889862835,0.937119596371303,27.4449118207119
0.956866310757258,27.6170912045093,29,33.5002334137504,0.27080519352942,22.8721136194773
-1.16369373700026,9.49994828847236,9,12.8930244183165,-1.21514685901915,9.05655204177386
0.438358617480669,24.181054901216,25,30.4302207402855,0.384865425881283,23.7437834633139
0.526093165133855,24.8134539431264,25,31.0239601712915,0.450156061520336,24.2256094891425
1.72877639262567,31.5726638604111,32,36.6229553754303,1.74976037052914,31.5644746430171
-1.44914345831895,7.01570479574521,5,9.21309981765565,-1.49610756724343,6.6983920344192
-0.010108179258074,20.5970860759518,21,26.8064930598281,0.254471236241976,22.7441467100015
0.515313514571271,24.7369267988307,24,30.9528233162278,0.615243956535217,25.3893912705576
0.127197365209133,21.7576254136239,21,28.0285914061427,-0.0535727888093796,20.1838373669482
0.93432851370383,27.4821050405471,29,33.3865623767906,0.924199294223136,27.3675559081232
0.450487972149321,24.2697894462203,25,30.5143414708986,0.094984905311408,21.4532188565791
0.904737160602668,27.3030062555842,26,33.2349174877504,1.15374954271446,28.6820464187992
0.111971816821628,21.6316837748428,21,27.8982326889273,-0.022909091226907,20.4510372262747
-0.428754831638297,16.7370437485881,15,22.4102285513971,-0.486287593598602,16.1561474263998
1.68066102594265,31.3606245224583,32,36.4641423120223,2.37070033784835,33.8921567113524
-2.62899323690083,1.16357436320432,0,0,-3.21160795731927,0.598489924963816
-0.0262854071104937,20.4567095143339,20,26.6555017113579,-0.195352822516634,18.914626689619
-1.47130332653578,6.83625234669805,6,8.93922570549268,-1.51247759665007,6.57118474288128
0.0335597361223595,20.9722008821948,20,27.2066208815764,0.0321394809462169,20.9239942309119
-0.191843944645303,18.9773761330958,19,25.0230172156575,-0.138382837055357,19.4311571880106
0.0587596028401519,21.186125312916,20,27.4326231346654,-0.152984909518752,19.2995846384619
0.825111253333628,26.8103689894815,26,32.8128451027662,1.11890712624851,28.490491559378
-0.362419134120405,17.3774203780367,17,23.173940038812,-0.620896955248059,14.8275889032937
-1.09520733024783,10.1410481348377,10,13.8051362267812,-0.901366211000725,12.0324745856278
-0.423986690515803,16.7833741360109,17,22.4659255586583,-0.512251769284667,15.9017957703591
0.115033960968448,21.6570683408462,21,27.9245519008617,-0.389182700793608,17.0970022780001
-0.970342966988873,11.3460350010829,10,15.4793759220316,-1.14269557050068,9.71637186641648
1.10743699884173,28.4882089666756,30,34.2212852994276,0.943872744602719,27.4851794911274
-0.917551177562921,11.8665354638815,11,16.1873792857769,-0.614890079222537,14.8873207816109
-0.207475834863259,18.8338072115348,20,24.8606003297845,0.275865133733308,22.9115952587316
0.835864530075978,26.8778223059569,28,32.871070945763,0.907714435885443,27.2682553392923
1.80439910627836,31.8975293056175,33,36.8648852081203,1.9320068839962,32.3124199858694
0.786593941158324,26.566352873074,26,32.6010420863903,1.12274362513647,28.5117195238523
0.0250918406919844,20.8998966069562,19,27.1298751115124,0.493934059240555,24.541773080637
0.847622477428606,26.9512450692081,27,32.9342918409667,0.333563765563984,23.3564618753859
-0.621959143420882,14.8282211534396,12,20.0570171603316,-0.490959347727783,16.1104605965594
-1.36880915639612,7.68263936964853,6,10.2226114669199,-1.56546917718278,6.16715390315674
0.166348766478543,22.078309744301,21,28.3580352963987,0.416930926940073,23.9819657735802
-2.62899323690083,1.16357436320432,0,0,-2.5493585977915,1.38014842398665
1.13354891965907,28.6339873861295,29,34.3399004762654,1.71301486185857,31.4066400057941
1.50563147534009,30.5530885825313,34,35.851909754511,0.909072313873833,27.2764604989024
-2.19828496364587,2.3194262087182,1,1.92213756736938,-3.20561908184788,0.602157672220422
1.11457764956683,28.5282260931641,30,34.2539028983099,1.48298902401235,30.3618750519021
-0.500118995349345,16.0385848024675,15,21.5623018793697,-0.389655514769533,17.0924649740086
-1.36151534231883,7.74445985676514,7,10.3154565031969,-1.37415468530144,7.68152122200766
-0.0373131624017264,20.3605825243457,20,26.5517123658709,0.0349843169691801,20.9481989110962
0.759623631072447,26.3932301862703,28,32.449654415676,0.662271766342895,25.7069329824871
0.749687107454903,26.3289738813278,27,32.3932269208556,1.33933024083087,29.656991177428
-1.67685892841061,5.26814570126612,6,6.51880651595951,-1.64092214590277,5.61256081590843
1.37189474036352,29.8962021085317,31,35.3441258213971,2.00682820863079,32.603266183867
-1.35078009333119,7.83583175761324,6,10.4524412179111,-1.46488303409301,6.94415497595194
0.14477731140903,21.9021847207582,23,28.1775414907337,0.19563896901906,22.2766895061849
-2.04098398417978,3.02155492551424,3,3.02428163068953,-2.29695513527119,2.06491542034183
-1.29698050397147,8.30058207852684,6,11.1445659294472,-1.23341829818883,8.89332061275385
0.51394421594773,24.7271824723344,24,30.9437513398774,0.730467427504154,26.1566894553305
-0.950045051402288,11.5455251954356,11,15.7517720187721,-0.589864853168167,15.1358033231941
0.579714423667671,25.1893035029142,26,31.3705165366836,0.348390201382238,23.4691929411947
-0.797065774997649,13.0696373326109,12,17.7912206497991,-0.55710498790834,15.4600646070207
-0.692565527780693,14.1200907235512,12,19.1557530027773,-0.222807002150786,18.6626858788941
-1.11406955108553,9.96292720509761,11,13.5532580050068,-1.1110339818945,10.0106815843267
0.474016674900038,24.4407186456707,25,30.675634980364,0.189928903348592,22.2307744496302
1.04315832769547,28.1227664226729,30,33.9213904404089,0.983113980480191,27.7169497573242
-1.28202726106338,8.43177039020691,7,11.3384935575814,-1.29720369686246,8.33397854062387
-0.191687449412788,18.9788101619844,19,25.0246359780577,-0.854320378010351,12.4984502058146
-1.01942015817886,10.867507844817,12,14.8205426497313,-1.25483804427388,8.70365092772615
-0.229861598268556,18.6270897047332,18,24.6255188114616,-0.78824350292544,13.1567538122681
1.56095724134796,30.8145993503996,31,36.0515366339119,1.8014051459667,31.7822552805038
-0.962576061073033,11.4222683320841,10,15.5836242639962,-1.12853021879714,9.84761761889019
0.801952408844722,26.6641048951692,27,32.6861101944012,0.956578723891345,27.5606378698343
-0.0299246365084443,20.4250258646219,19,26.6213278656266,-0.218102381430481,18.70599578371
-0.788937961642111,13.1512598711865,14,17.8984302048505,-0.552891019888469,15.5016811608853
0.492153966329505,24.5714054782398,24,30.7982923412328,1.15281705476998,28.6769557962725
-0.4729417044241,16.3056444086649,16,21.8883308898393,-0.323266666352122,17.7249120366272
0.673675945113305,25.8288767044293,24,31.9495975820763,0.589919195378276,25.2158581390491
0.355016611850138,23.5598685068252,23,29.8338537710746,0.306942203144282,23.1524247121664
-0.334790784588271,17.6413277626772,16,23.4847947575883,0.0296682308453486,20.9029491218387
0.667811161983798,25.7896547181713,25,31.9144668026171,0.920347208744284,27.3444126081091
-1.08776809853775,10.2116083108376,10,13.9045919439308,-0.925798114257076,11.7917611249924
0.346187752165373,23.4928797709456,23,29.7687558174645,0.592428077551523,25.2331295152377
-0.108728613955955,19.7296348710531,20,25.862549572072,0.0188533530102142,20.8106422974513
0.752331008544747,26.3460961507469,26,32.4082757185529,0.851085097239905,26.9219251103185
-0.77237935153335,13.3176369723984,13,18.1163438448776,-0.647078870984214,14.5668944477272
-1.22822869527506,8.91089498428702,8,12.0411927987832,-1.56312213987937,6.18479705352924
-0.10003706172033,19.8071969685542,20,25.9480076043314,0.249250697949118,22.7030804929556
-2.50780051846981,1.39603959384348,1,0.411594642949552,-2.80654832115711,0.957012775080538
-0.106776278247439,19.7470756899529,19,25.8817839172802,0.148100139899506,21.8914876236411
-0.0774453896544953,20.0078049747312,21,26.1680775008008,-0.00180257103017299,20.6334043083309
1.33825329638094,29.725301530359,31,35.2104357557017,1.40534885805881,29.9861342411801
-0.842902994951383,12.6101295678782,12,17.1839098547868,-0.965001591171744,11.4077787452836
0.0991086165990961,21.5247462803462,23,27.7871119541946,0.366929019781891,23.6092427413558
0.466387602337391,24.3854686394134,24,30.623607105991,0.862800989670924,26.9942437983375
-1.37776541129866,7.60701649561198,8,10.1088603664389,-1.30724554988539,8.24743606861379
1.41068258211513,30.0903895022962,32,35.4952208450368,1.36592698571563,29.790675700992
-0.0246906022555918,20.4705820304737,21,26.6704536075187,0.176757165607945,22.1244918131241
-1.66979459360351,5.31898681425572,4,6.59776433655991,-1.79760462798828,4.54318333692703
0.421985629094267,24.0606052504124,24,30.3156080544427,0.454676514422394,24.2585115763511
1.09180577291369,28.4002077132478,29,34.1494035308436,0.726413269207005,26.1303022816845
-0.3402990999219,17.5888500462323,18,23.4231635930277,-0.15259595450461,19.3030967330675
-1.13122341235033,9.80194407531115,9,13.324601321595,-1.04517951377958,10.6333103527052
0.912674216379732,27.3512537138264,28,33.2758624993031,1.29152097029785,29.4129503507557
0.0645414394931193,21.2349438402317,21,27.4839751058398,0.210868547401707,22.3986799690661
-1.25075627637194,8.70891791558165,7,11.7460387690107,-1.37279347088828,7.69284754595275
0.12360023718405,21.7279330921968,22,27.9979073526417,0.0988629961758282,21.4854986306775
0.47083979862534,24.417731734404,25,30.6540011114804,0.85030571707902,26.9171017886867
-1.59321346821852,5.88459346679564,7,7.474694470001,-1.53902633073351,6.36728170176379
1.06282589702854,28.2355860788745,28,34.0143672857133,2.1365991604005,33.0862971591842
-0.62839106920493,14.7638583437097,13,19.9757218389479,-0.642825912352975,14.609276374701
-0.828695556594324,12.7523818138833,13,17.3726030689749,-0.540989993574257,15.6190894035405
-0.510955150712366,15.9317634103817,16,21.4312681663872,-0.881665863870862,12.22724494309
1.25349587116045,29.284319196924,31,34.8622610964386,1.26708053527395,29.2863153383774
1.48499346458273,30.4540241377516,32,35.775924920143,1.19565402984841,28.9087909850953
0.610967149251659,25.4046985824736,26,31.5670265365252,0.29271539950967,23.0425289717728
0.124648295764291,21.7365882123957,21,28.0068547194279,0.0742106775927102,21.2795522069968
0.688291444084145,25.9262215461069,26,32.0365751493503,0.709505351095512,26.0197792178798
-1.79377845228632,4.46242792449894,5,5.26626722483984,-1.73388164576277,4.96405100502054
1.17792575436619,28.8782532859716,30,34.5373840384568,0.832317196943354,26.805343904703
-0.187083200636318,19.0209715054569,18,25.0721973787553,-0.399854884212942,16.9944772858086
0.121077602544355,21.7070871815231,22,27.9763468805834,0.260454685389718,22.7911150608953
-0.205640311664944,18.8506988158169,18,24.8797457684612,-0.304299304672211,17.9038082879412
0.0453779101128211,21.0727595849871,20,27.3130549249237,0.265585632538614,22.8313072011328
-0.821313173124885,12.8263658156534,12,17.4704971067161,-0.710185366046058,13.9368824556459
-0.582781712340404,15.2194036122062,14,20.5484177307861,-0.683602583113474,14.2024772624776
-0.468795215342006,16.3462786933046,15,21.9377410247405,-0.555186149390176,15.4790175876779
1.34618834415898,29.7658211763606,30,35.2421944221549,1.58942779778379,30.85772771125
-1.92356948665809,3.65704345661737,3,4.01383077673435,-2.49103955684374,1.51024076499193
-1.46992897835778,6.84732485123327,5,8.95614895412428,-1.36650245784015,7.74529454768434
-0.586331507556838,15.1840258593625,15,20.5041674066017,-0.53182130087577,15.7094120133539
-1.05948881756872,10.481370201558,10,14.2831610326067,-0.911525853317812,11.932258098835
0.222230469312016,22.528128887872,24,28.8141282435906,0.0200858360940451,20.8211787933196
0.602457420779169,25.346314485178,25,31.5139114522225,1.03739393743928,28.0313902318168
0.560752640512229,25.0573069971957,25,31.2493397545861,1.29566444776994,29.4342924135492
-0.0504730917478977,20.2454106473641,21,26.4269391419488,0.220139114620898,22.4726021283088
1.6829602977784,31.3708529120174,34,36.4718204648557,1.6920475036017,31.3154892407795
1.15965215897633,28.7781962777048,30,34.4566803041073,1.6293840864855,31.0382869374636
-1.55341584154738,6.18854191616197,6,7.94431758027724,-1.69114404127816,5.25728462580186
-1.45567317533147,6.96262284801775,6,9.13217862348002,-0.901363362131866,12.032502710071
-0.442411211174866,16.6041052454883,16,22.2500330433899,-0.520690300225789,15.8189068686675
-1.57260041694199,6.04119245620071,7,7.71682994523958,-1.91550419288352,3.82064141848452
0.0616844635226763,21.2108335058534,20,27.4586239108032,0.0984333419989624,21.4819245224168
0.495238491907037,24.5935380124421,24,30.819008358593,0.397827508355088,23.8404266196061
-1.62189962026795,5.66968832426322,5,7.14188007099119,-1.59216071579785,5.96816100200278
1.94783125405862,32.4862678693951,34,37.2995693358884,1.99151428729706,32.5444848735624
-1.2586956773211,8.63819614145535,7,11.6423210206414,-1.11530260006804,9.97080243700754
0.53614319950494,24.8845079291183,26,31.0898349493437,0.630884158063127,25.4956736260362
-1.35696632335876,7.78312271563526,8,10.3734553205591,-1.14166644694353,9.72588319341097
-1.00403815190806,11.0168694650516,10,15.0270166615007,-1.1597126772779,9.55964652785847
0.719595153968897,26.1328100071882,26,32.2201591230936,0.814404262909645,26.6932270324897
-0.360872989703139,17.392234434477,15,23.1914498217236,-0.152992475941999,19.2995163129474
0.143571970573327,21.8923025968662,21,28.1673823264697,-0.222586970036966,18.6647127058275
-0.665531319574858,14.3915833526579,14,19.5030666664849,-0.265283575118695,18.2691474492705
-2.18130013217275,2.38701872871227,4,2.02908150066978,-2.46844127253026,1.56480523970533
-1.59874536939548,5.84287446706963,5,7.41013042269943,-1.66981116592946,5.40681078450137
-0.353977405601759,17.4582383929991,17,23.2693774132439,-0.544125046713042,15.5881790814715
0.308819604753621,23.2068194563624,21,29.4890390220598,0.13381733035969,21.7744522454216
-1.60067243353458,5.82837224431321,5,7.38768158908595,-1.72726446052813,5.00889122288722
-1.15084990068754,9.61896969559823,8,13.063527994919,-1.06184384120785,10.4744979112309
0.400107184740267,23.8984477910032,24,30.1605320586212,0.870486054655718,27.0414914021911
-1.575923824333,6.01582295436714,4,7.67762772029965,-2.14130200656767,2.66902710807801
0.425291188369716,24.0849850954799,24,30.3388461002965,0.432314249657286,24.095171174707
0.598377898572854,25.3182551749203,26,31.4883447640401,0.60252167798722,25.3024373863753
-1.74999867114103,4.75592776648665,4,5.72268395936276,-1.66109112104626,5.46852342498474
0.40597346606545,23.9420629084805,23,30.2023302560616,0.458081150476756,24.2832532560853
-0.0257193354743458,20.4616343693851,20,26.6608105178257,0.00917990897247531,20.7277920864829
-0.37337294484973,17.2723182842133,16,23.0495068713543,-0.0343674595932739,20.3515018165534
0.540069833228573,24.9121925797452,25,31.1154562400649,0.412238686940505,23.9472989038043
0.689525234291123,25.9344130368863,26,32.043880397484,0.743416973979131,26.240679786902
0.120877655091409,21.7054340973515,21,27.974636485434,-0.0922794469049658,19.8427814808487
-0.0203210007369633,20.5085535399432,21,26.7113454879121,-0.314638236635232,17.8063959833505
-0.173104942540791,19.1486230438394,19,25.2158300118796,0.271267448945608,22.8757236408959
0.201893943892704,22.3655054087601,20,28.6500460697976,0.0110535845060148,20.7438605994748
0.625729310767807,25.5055112171832,24,31.6584792684508,0.873220520110402,27.0582666284117
-0.196042634464969,18.9388775033124,19,24.9795330390134,-0.389380056927756,17.0951084285597
1.35584195480315,29.8149420956572,31,35.2806432245501,1.39921688369731,29.9559403638423
0.550824177112485,24.9877956244634,24,31.1852950746049,0.437477983734181,24.1330170641516
-1.08211249403125,10.2653655865637,8,13.9802418332225,-1.30166953507082,8.29543967499238
1.39377426021867,30.0061133672314,32,35.429751089821,1.2786535033075,29.3464390636336
-1.71163099650628,5.02134476258242,7,6.13532533207458,-1.46571338607715,6.93756637040979
0.925560814130005,27.429261240731,27,33.3419174506524,1.99426112000142,32.5550564799379
-0.206537007144709,18.8424479863058,17,24.8703952444286,-0.440278180248124,16.6041086299427
0.00527587566123075,20.7298737777469,20,26.9486932395263,-0.249331218358374,18.4174674628273
0.253272076359355,22.7739880193987,22,29.0604548465515,0.514954389819153,24.691628873915
0.953750524724407,27.5985025009846,27,33.4846115658536,1.05250645454907,28.1176836919369
0.833202343162046,26.8611500227882,27,32.856692333696,1.11307862098171,28.458176800528
-1.58089049048636,5.97799614169177,5,7.6191577871629,-1.47601647021459,6.85605542967307
-0.882272194678213,12.2170428549558,12,16.6592615162534,-1.0347488395315,10.7331209133012
-0.530630745084029,15.7373397647483,15,21.1918651908717,-0.550249306283199,15.5277587432337
-0.44161017136736,16.6119128580003,17,22.2594570688932,-0.627615437783512,14.7607441105918
1.417689837566,30.1251474433661,30,35.5221763344912,1.69208387564982,31.3156480498297
1.51359303990112,30.5910837764279,31,35.8809993089425,1.50625194229604,30.4721231660111
0.0558323716900273,21.1613718103502,20,27.4065534114798,0.198902572941035,22.3028890709524
1.05348712617857,28.1821269811804,28,33.9703547783378,1.13748664050154,28.5929814450946
-0.254831083666063,18.3949861996338,17,24.359850763679,-0.094904508752073,19.8195005195172
0.159444669818442,22.0220903643455,22,28.3005384157233,0.159095194015273,21.9811727862769
1.09782856389808,28.4341805221186,29,34.1771783845813,1.09343567602295,28.3486941368245
0.172892382100453,22.1314628135411,23,28.4122952996649,-0.032579359650167,20.3670590427743
-0.223776146312911,18.6834140283312,19,24.6897145927323,-0.138536462205011,19.4297759225845
0.0876395266104412,21.4289846652148,20,27.6872670074821,0.470568237461882,24.3737116067909
-0.189744752402047,18.9966064404567,21,25.0447189841955,-0.286735411670121,18.0687223459239
-0.261815426497313,18.3297798096811,17,24.2848891997684,-0.21149135203936,18.7667606591962
-0.436622769002571,16.6604968209276,17,22.3180557299853,-0.314149084409741,17.8110102737058
-0.342934904493493,17.5637141970093,18,23.3936113567049,-0.263188426449349,18.2886629694647
-0.181547887323353,19.0715835903549,20,25.1292120896153,-0.417877035153628,16.8208266090741
-0.463862368181826,16.3945792861267,14,21.9964053553127,-0.556104847944801,15.4699438905225
-0.658042138529677,14.4667266488735,13,19.598806326015,-0.751333140088877,13.5255429027459
-1.01306600078579,10.9291355094303,11,14.9058280751947,-1.15274195569648,9.62371991052697
0.00783001908567045,20.7518530675285,21,26.9721715288119,0.251679996908869,22.7222000676338
0.151452079063077,21.956830315335,21,28.2336578169505,-0.0487681685650466,20.2258797868604
1.08830858764815,28.3804433438087,29,34.1332304577828,1.4576007904343,30.2403356007036
0.412838220380556,23.9929751811419,23,30.2510398929078,0.953522572259214,27.542524250729
0.331936279338863,23.3842655660009,24,29.6628807372186,0.559906412963557,25.0078807113587
-1.81079527204263,4.35116977013612,5,5.09324666189756,-1.68582233672315,5.29439158571485
-0.412576691555102,16.8940581797131,17,22.5987080161205,-0.0977382755299106,19.7943472681674
-0.146494825558256,19.3901683550498,21,25.4860950646387,-0.0379452892559849,20.3203459903961
-0.881845576109604,12.2212924409292,15,16.6649589820098,-0.531447560646309,15.713091330078
-0.896344393236616,12.0770089460363,12,16.4712005419216,-1.10859365956297,10.0335074916579
-0.916962087641338,11.8723723618999,11,16.1952692376122,-0.557243488885168,15.4586964085488
0.832567385878068,26.8571708886454,28,32.8532593699825,1.16918986108159,28.7660524522927
1.89613543764308,32.2781451756101,34,37.1464073297586,1.90594074554655,32.208918106427
1.28281444668551,29.4385652242782,29,34.9845816342804,1.84176727142359,31.9492140278636
-1.43921218005422,7.09676483832787,6,9.33652018514648,-1.17374490176073,9.43120421496347
-0.30280708541246,17.9446402786186,18,23.8392330773735,-0.631406330177051,14.7230106638209
1.06332255686038,28.2384235564669,28,34.0167011458358,1.74679124468876,31.5518108342941
0.827490832463332,26.8253207585074,27,32.8257635044512,0.773523652679477,26.4342294380532
-1.18082948184593,9.34206147739418,7,12.6660109620067,-1.20934652765542,9.10864391217264
0.377520325857988,23.7295854470781,23,29.9980938379647,0.108933813919952,21.5691183013885
-0.926152011869092,11.7813824476923,11,16.0721510017006,-1.29683029206172,8.33720464437652
-1.25332511958764,8.68600900796421,8,11.7124624563296,-1.42237318648285,7.28533107672055
-1.90613118161373,3.75923877544304,3,4.17276807188038,-1.92067867893878,3.79071895069802
-1.3081570911284,8.2030971750072,8,11.000042839979,-1.17694733935721,9.40199317310534
0.222451540902344,22.5298899589339,22,28.8159000984876,0.0204838659743784,20.8245806143531
0.383141135592749,23.7717458355398,26,30.0387412615778,0.178260980593391,22.1366520201952
0.0170045075713003,20.8306453988411,20,27.0561998295463,0.340585172126856,23.4099288410711
-1.91862317062944,3.68583222698708,3,4.05860603857792,-2.03151328841628,3.18869368434043
0.308053491889615,23.2009117813648,24,29.4832327441176,0.227295716312397,22.5294938892035
-1.93092481432289,3.61452676652579,2,3.94770069164127,-2.04712704083341,3.11004703588614
-2.11192032213252,2.68364684274643,2,2.49586778041673,-2.23414875623909,2.29033413258948
-0.158490604138731,19.2815191136641,19,25.3647739046002,-0.16465911752615,19.1939841785997
-0.368671922387813,17.3174568827139,17,23.1029917709433,-0.634358919832281,14.6936135571202
-0.917222479136323,11.8697922454931,12,16.1917817324169,-0.749060602557912,13.548259755112
-0.233735448629836,18.5911851117144,17,24.5845406139091,-0.22050593222498,18.6838761329657
0.326394136816741,23.3418665893001,22,29.6214412698166,0.41974147202078,24.0026997903044
0.142943841692409,21.8871510977072,21,28.1620850627194,0.211326774123146,22.4023397769614
0.162119445434764,22.0438876330276,24,28.3228440172226,0.0737752247368767,21.2758984427835
0.863380864559344,27.0491064029888,25,33.0183011255025,0.71872920691707,26.0801685027252
-0.483441062485433,16.2026199239195,15,21.762822888068,-0.620846379003553,14.8280919610947
-0.281205590060138,18.1481128116304,18,24.0752933997263,-0.278997759607305,18.1411427194842
0.632370382494404,25.5506707007877,25,31.6993386619086,0.46656429005971,24.3447553190383
2.69134698816717,35.0121951508424,38,39.140808408044,1.96651704486141,32.4477120115203
1.72614383969632,31.5611707979429,33,36.6143662812578,0.843732574008232,26.8763609238596
0.900078672527828,27.2746166779176,28,33.2107924630713,1.00330324425787,27.8347324488598
-0.384936162509665,17.1610865133986,17,22.9174250845296,-0.294806055185351,17.9930340038403
-1.00099362165443,11.0465019484139,10,15.0678891975928,-1.03819760939333,10.700086064648
0.146805560536637,21.9188037955243,23,28.194618824813,-0.0582856604939506,20.1425347135334
0.612609995116064,25.4159471441248,25,31.5772471528874,0.692530287927988,25.9080430782099
-0.840371416051584,12.6354636062851,12,17.2175598649617,-0.81729346422773,12.8669290047908
-0.627084634089572,14.7769344161379,14,19.992248055617,-0.694879400778443,14.0898348008171
0.221444579976739,22.5218672651679,23,28.8078274086485,1.22013415610488,29.03944127659
0.552178329475419,24.9972924813098,26,31.1940544790127,0.338644027066086,23.395161805871
-0.177980874906814,19.1041549696785,18,25.16585778887,-0.311024307793182,17.8404740686832
-0.274070953627704,18.2150659343925,18,24.1526679984691,0.311249424420031,23.1855783609471
-0.631504595577321,14.7326893898337,15,19.9363081424408,-0.792612308795807,13.1131365053316
0.64830876753483,25.6585650422092,26,31.796691392877,0.3086911947653,23.1658936884528
0.274334896976695,22.9391850512306,22,29.2247928736082,0.180758908147245,22.1568360847847
0.744310052572293,26.2940952765062,26,32.3625435504342,0.531515704735676,24.8088092601833
0.623081241484937,25.4874708754646,26,31.6421381936652,0.565458027598943,25.0465419489719
-1.72562492980017,4.92368004485263,5,5.98350699501531,-1.66807433917252,5.41907524713735
0.685648212288337,25.9086587441832,25,32.0209052425723,0.915586010905486,27.3157562861023
0.851742486733931,26.9768906251358,27,32.9563353930599,1.21171723928868,28.994669712402
0.54397347085615,24.9396724294538,24,31.140862851549,0.691707103363579,25.9026047767871
0.0771939166749232,21.3414294595141,21,27.5956995126533,0.286822883116096,22.996836963692
0.560496693462479,25.0555184927159,24,31.2476939078057,0.309220507933161,23.1699681489948
-0.524098032034268,15.8019570704568,15,21.2715616340336,-0.751530264309314,13.5235724331622
-0.569591786659772,15.3507276043048,14,20.7123434864302,-0.41169377537208,16.880476845567
1.0099266224927,27.9301005076963,28,33.7617858896723,0.679160136395188,25.8194868476277
-0.124300955685669,19.5901407491298,19,25.708334595496,-0.490180016947545,16.11808442345
-0.297332975967784,17.9963099527372,17,23.8993084902945,-0.904437793779469,12.0021587763928
0.0683942260174377,21.2674197375908,21,27.5180904811763,0.320462031527203,23.2563063342074
-1.43765608064649,7.10950146882815,6,9.35589567034323,-1.33507017912734,8.00982491665143
0.0154090650332905,20.8169611141829,21,27.041621640987,0.452310486862788,24.2412978197378
1.63327981610962,31.1476860136447,32,36.3038816778161,1.77691533888486,31.6795698828093
0.240541304255208,22.6735022982208,20,28.9600306308822,0.361849280133004,23.5709685521694
0.137793196315027,21.84486462688,23,28.1185672348857,0.301613820062994,23.1113352571028
0.635328613159597,25.5707482606389,25,31.7174831623464,0.429344421839085,24.0733697941668
0.756629109261727,26.373892527132,27,32.4326864211594,1.08579830661757,28.3058848046239
0.0959592428137163,21.4984893098449,23,27.7597670816092,0.101622962651594,21.5084446950318
0.0842897813317322,21.4009422666716,22,27.6579685402045,0.273632648317935,22.8941849761211
1.12649394140723,28.5947513413964,31,34.3080315185306,1.37443230315379,29.8331165445035
0.751936686479575,26.3435436182472,26,32.4060328762829,1.03857520410315,28.0381548460306
0.543523363517419,24.936506044872,24,31.1379366334658,0.773758105285781,26.4357272876541
0.542691191643469,24.9306504505874,23,31.1325243034422,0.703760754156626,25.9820532122523
-0.465272680760633,16.3807744727575,17,21.9796460020818,-0.47007799531509,16.3143872338055
-0.161106014517347,19.2577783945381,17,25.3382105868513,-0.270592073975567,18.2196530985019
0.725420583300728,26.1709698072523,27,32.2539212631689,0.956585799251462,27.5606797784326
0.642783851852877,25.6212420464925,25,31.7630576373201,0.347354033888017,23.4613355535111
-2.29151941825246,1.98226458838598,1,1.38383586298223,-2.09235001123426,2.89109801422237
0.361303106157456,23.6074282478679,22,29.8799779546795,0.66651397719665,25.7352786913688
0.444232026100085,24.2240755711571,24,30.4710377236275,0.949349792151991,27.5177553629726
0.755968401024356,26.3696227571761,26,32.4289382957496,0.512020043756235,24.6707853841964
1.0124821928364,27.9450083153292,28,33.7741729621816,0.914732756280879,27.3106148098669
-1.61974807243177,5.68568290149097,5,7.16666865138632,-1.60409982287536,5.88014004084647
0.371454976468775,23.6839875458655,24,29.9540640287512,0.211153089734826,22.4009526514149
-0.52349274376115,15.8079409855545,14,21.278935414688,-0.183010190242436,19.0272590259549
1.24425872041412,29.2353440924641,29,34.8232994862484,1.5793938128557,30.8119125278505
0.91347377315896,27.3561055014987,27,33.2799761287742,0.55739169723036,24.9903397694809
0.282320318571482,23.0014719973457,23,29.2865115309827,-0.103698800180051,19.7413679186204
0.117189184661021,21.6749180151352,20,27.9430453824925,0.163934951048947,22.0205369126477
-0.629926630557362,14.748487119895,14,19.956288307878,-0.850725918840813,12.5341635814311
0.386867822717723,23.7996482213489,25,30.0656090337543,0.531276075494069,24.8071193071458
0.0221878255019517,20.8750518139661,19,27.1034622669452,0.055917542365045,21.1255831824909
0.569936446885245,25.1213613777711,25,31.3082153255986,0.504042379459631,24.613993668128
-1.99985753502737,3.23349445365371,2,3.35467774600565,-2.11666761451599,2.77883594865573
-0.235963538114853,18.5705166503599,19,24.5609318288026,-0.320071700746638,17.7551039878581
-0.217903204429939,18.7376801993744,16,24.7514632638469,-0.24876763885597,18.4226960165166
-0.536958657073157,15.6746889776626,15,21.1144708287624,-0.977399206244845,11.2870073089863
1.13314219358555,28.6317284121468,29,34.338066771175,1.97970788757128,32.498905836561
-0.691734576935678,14.1284403154168,13,19.1664672181128,-0.541242032206684,15.616604896254
-1.10215742533941,10.0752842981299,8,13.712276756901,-1.0941796797411,10.1687319745492
-0.618846205878545,14.8593585659583,13,20.0963013532095,-0.593440009317554,15.1003430312303
-1.01604991948833,10.9001822762621,11,14.8657765004607,-0.847265380630442,12.5685591813737
-0.535774265955954,15.6864196523316,16,21.1289713055333,-0.507205289652722,15.951314626268
-0.728161087320901,13.7622448448565,13,18.694611248689,-0.733809473309778,13.700725397435
-1.0369844909058,10.697702550912,11,14.5848716006839,-0.997911092789259,11.0879608206795
0.0152866482894364,20.815910824537,20,27.0405024743854,-0.414824039050506,16.8502883365627
-1.376188872825,7.62030509238686,7,10.1288629047885,-1.27884044949471,8.4933111748921
-0.741737406042068,13.6257172372608,14,18.5176677992879,-0.811304545780384,12.9266357649447
-0.551492158218119,15.5305842000024,15,20.9359943775017,-0.672935791071754,14.3089785385036
0.278911212075897,22.974903747912,22,29.2602020399916,0.0920684271705061,21.4289141464539
-0.137547893844884,19.4709461897861,19,25.5760324889338,-0.320546099475236,17.7506224574109
-0.846197165129919,12.5771733735092,15,17.1401063134274,-0.703257142677217,14.0061236508696
0.248635990402964,22.7374504113056,25,29.0239799752715,0.314530176577743,23.2107943579203
-0.806644456706146,12.9734904997557,13,17.6646764665914,-0.840564708246875,12.6351939697842
0.646132398375615,25.6438726359225,26,31.7834566565161,1.00263797774865,27.8308670231842
-1.58535058969627,5.94411618236015,6,7.56677079728951,-1.65927414351603,5.48142525424225
-1.60809373812886,5.77267211837322,7,7.30143571318014,-2.07248170999759,2.98566579365803
0.729965945588532,26.2006826480843,26,32.2801779854725,1.01715208452241,27.9149572468004
0.567430894128685,25.1039090467981,25,31.2921874333503,1.04751786798632,28.0892583208697
-0.120193851968915,19.6269971070248,18,25.7491453503263,-0.501344684715844,16.0087731238587
-0.724941846668163,13.7946174218358,13,18.7364854949505,-0.486075887874752,16.1582169340108
0.0812333780383552,21.3753265812346,22,27.6311816005764,0.131934975862999,21.7589831277089
0.574434811892785,25.1526509983957,25,31.3369259954185,0.440417263239922,24.1545250548704
-0.0487823207291966,20.260235682823,18,26.4430257883509,0.0295253860009631,20.9017321184899
-1.47813450046966,6.78132887603081,7,8.85523401086652,-1.96400094624191,3.54643968076619
-0.567259346659965,15.3739284650852,14,20.7412493221723,-0.546747570493982,15.5623120027779
0.231771099487555,22.6039981117619,22,28.890364752862,0.460531126833068,24.3010366835728
-0.694381088149612,14.1018466807989,13,19.1323349702744,-0.59834900649707,15.0516313832166
-1.55229882315046,6.1971684438139,7,7.95762443279431,-1.52750865067838,6.45537614542243
-0.305209018937416,17.9219459094938,17,23.8128187314338,-0.252024833393681,18.392466889728
-0.289116778579054,18.0737260595536,18,23.9891527678555,-0.108825364989129,19.6957230330794
-1.53776140189861,6.30990774438952,6,8.13140692106889,-0.948725409401613,11.5668302694818
-1.17638852726232,9.38287931543165,9,12.7247912092331,-0.896948615385868,12.0761005621006
-0.503787238749006,16.0024446989384,16,21.5180100432489,-0.53081530621449,15.7193151645134
1.01564412456912,27.9634321280612,27,33.7894728120951,1.03441397161376,28.0143104952378
1.02849949653475,28.0380966698662,30,33.8513788230612,0.719231265349711,26.0834489589456
-1.20273669913515,9.14175297745625,9,12.3766271327311,-1.1071210797146,10.047291082391
-0.648540298329021,14.5620131685491,14,19.7199671719548,-0.63180385407184,14.7190531618272
-0.602014942272176,15.0275572048155,14,20.3080010041802,-0.729729010984663,13.741518807613
-0.393121365527907,17.082177079315,18,22.8234809647575,-0.370344761164374,17.277402071659
1.14749544538742,28.7112239956904,29,34.4025149467398,0.676731225867226,25.8033470272735
-0.621257227171039,14.8352428848966,15,20.0658786086495,-0.390279384543179,17.0864773812763
0.296447003241757,23.1111998753131,22,29.3949131152007,0.294404073214895,23.0556044628079
-0.78868795440055,13.1537710466213,15,17.9017254079507,-0.715469304214015,13.8840677683652
-0.741453523447841,13.6285720353596,12,18.521373382846,-0.23255371528387,18.5727814172136
1.13595734373218,28.6473563119947,29,34.3507498128824,1.7653771169341,31.6308249601539
-0.64388377122309,14.6086872697059,13,19.7792159300246,-0.29810059405209,17.9620929757283
-0.870772782268232,12.3316720938027,11,16.812749247642,-1.10256540546503,10.0899784475607
-0.837856986928263,12.6606319756468,11,17.2509704081759,-0.66303459440499,14.4077860762967
-1.54735981416307,6.23537332489744,6,8.01654152502381,-1.71692837224435,5.07934747064301
0.473972008035644,24.4403956488577,24,30.675331118596,0.496515670051328,24.560245613009
-0.783829404104036,13.202577860466,12,17.9657328598825,-0.754051071544683,13.4983747590704
-0.17089859521207,19.1687236519774,18,25.2383965181391,-0.0502752456456652,20.2126992329741
-0.346094820174611,17.5335594372932,17,23.358131016438,0.0665452086810642,21.2151525023951
-1.92473175468054,3.65030172750285,3,4.00334506464992,-2.43071254097082,1.66141756259224
-0.265469238322256,18.2956187092872,17,24.2455605653137,0.0252508405274697,20.8652867433461
0.522569577300358,24.788475094755,26,31.0007621783704,0.900866262415217,27.2268039438712
-0.518960926758919,15.8527253073926,16,21.3340863865396,-0.435009554790719,16.6551644704196
0.447835674931918,24.2504220865796,25,30.4960038079303,0.249399972026172,22.7042558442711
-1.95558950539672,3.4745419748342,2,3.72992702865839,-1.62913286437596,5.69758660424629
-0.491237928067481,16.125991732672,16,21.6692554340089,-0.297467327953796,17.968042340717
1.47989017755474,30.4293998093625,32,35.7570057500621,1.98380034401464,32.5147307221165
-0.847639216236956,12.5627498895143,12,17.120924957565,-1.1730119122053,9.43789554945945
-0.659448854946736,14.4526148318987,14,19.5808394276014,-0.840355969807095,12.6372704699388
0.344663091461963,23.4812883565319,23,29.7574759879166,0.68557376755801,25.862027594576
0.555097473030063,25.0177474906801,24,31.212910976293,0.301325675908448,23.1091108668849
-0.316819481671755,17.8120521045392,17,23.6846701445077,-0.390279384543179,17.0864773812763
-0.218849584027976,18.7289416981826,16,24.7415265748689,0.0643138257783711,21.1963738351534
-1.26875289028591,8.5489572886781,7,11.5111739391627,-1.52095953387177,6.5057175521174
-0.578998050916901,15.2570962152088,13,20.595521517279,-0.350553991729094,17.4661181387569
2.29244403390462,33.7617496769084,36,38.2300450528727,2.67560782074482,34.8238521548059
0.91780698264467,27.3823727346778,28,33.3022349249322,0.785017876300986,26.507492550404
-0.0512008238132817,20.2390272116789,21,26.4200101362232,-0.0803604830941618,19.9482476784372
0.253319937163226,22.7743648844254,22,29.060830824175,0.213809529060348,22.422158472579
0.855351819324214,26.999322552342,26,32.975600321489,0.912286526742183,27.2958644307657
-1.37569156865544,7.62449889707864,7,10.1351743591229,-1.76398852008591,4.76270232520633
1.01540567189662,27.9620435379307,29,33.7883200082219,1.7742963256733,31.6685260722145
0.66466822710048,25.7685977889918,28,31.8955858887918,0.817394582540505,26.7120011424287
1.30267963954903,29.54204705789,32,35.0663188980463,1.52057811407207,30.5394911013112
0.542345607698217,24.9282181744743,26,31.1302758147316,0.211279554707054,22.4019626692404
0.51318742614741,24.7217946732422,24,30.9387339349753,0.36184670572975,23.570949135705
0.295052757771374,23.1003963869398,24,29.3842586099155,0.453212422610515,24.2478616538946
-0.743620980911273,13.6067756152847,13,18.4930750485665,-0.595598762306947,15.0789249160995
0.505639981061544,24.6679740525451,25,30.8885601486499,0.394642999132564,23.8167288773376
-2.37772049118529,1.71837226633059,2,0.954081333116838,-2.70014304714173,1.10624623942663
0.282362983466686,23.0018042807932,24,29.2868404241593,0.173929287577506,22.1016068135545
-0.266459800194633,18.2863517534363,17,24.2348850637965,-0.225134783284446,18.6412360119505
0.258832610309753,22.8177272906365,21,29.1040583713862,-0.0947666587827401,19.8207235467784
0.732134851985959,26.2148416323402,25,32.2926802167053,0.338183151239045,23.3916541196875
-0.981599362307452,11.2357834903599,10,15.3282667440818,-0.80224241899944,13.0170266903894
-0.288806754367867,18.0766440131757,19,23.9925352622133,-0.322845981214642,17.7288887742054
1.3946098928513,30.0102919381638,32,35.4330009605437,1.21953744387657,29.0362723652494
0.540043241259577,24.9120052384367,26,31.1152829469211,0.198859677681725,22.3025449206625
-0.431507958127482,16.7102723109884,18,22.3780134203916,-0.364548364657306,17.3327608916852
-0.699869892087544,14.0466845292647,13,19.0614685218555,-1.05736607941249,10.5170914168119
-1.23122110891382,8.8839549417955,8,12.0019153773355,-1.24840022744043,8.76046395472041
0.289996335171161,23.0611679294635,24,29.3455373407609,0.669383738029204,25.7544260672756
-0.576648636065379,15.2804925418928,13,20.6247377129298,-0.439789180224241,16.6088494701507
0.764097435209653,26.4220773358152,28,32.4749448355107,0.924205033379747,27.3675903613848
1.55463215992629,30.7849991682446,34,36.0290092935786,1.49679058912605,30.4274119118302
-1.33098961521363,8.00546892576904,9,10.7059801224619,-1.11263570046798,9.99571050796777
-0.927723220295859,11.7658404108858,11,16.05109459345,-0.859507511419549,12.44693734119
0.214890754976166,22.4695777737299,22,28.7551574645945,0.91615441059913,27.3191802970084
0.461455472372854,24.349661712303,25,30.5898335729561,0.134475863346769,21.7798615800675
0.280224889898275,22.9851457245167,24,29.2703471477083,0.586434511594495,25.1918400824244
0.88973182548655,27.2113709034637,29,33.1569608157864,0.877337573928891,27.0834878929485
-0.670970653215837,14.3369871387561,13,19.4333999806099,-0.866255874958613,12.3799659166879
-1.43944577906641,7.09485366912949,5,9.33361243261124,-1.35821041246834,7.81467749891081
-1.51814543617832,6.46340468597864,6,8.36762140071215,-1.55528865249236,6.24385235374757
0.308464452598506,23.2040810101577,22,29.4863477266628,0.343012687621171,23.4283802999545
1.23747281941982,29.1992493197045,30,34.7945462883752,1.76358195273531,31.6232198904812
-0.548549430995934,15.5597857397905,15,20.9722126876126,-0.965868565850539,11.3993221936997
-0.102487206692422,19.7853537278533,20,25.9239616155503,-0.106110111656591,19.7199075452033
-0.024950255540476,20.4683239211482,19,26.6680202552986,-0.00137524364889536,20.6370833988327
0.73867290925762,26.2574487601999,26,32.3302636785855,0.331137896291578,23.3379555458738
-2.0301686673405,3.07615689784078,3,3.10945752406373,-2.06797182643806,3.00748703862107
-0.596811712246528,15.0794972498661,15,20.3732011864,-0.648836205951798,14.5493784888828
-1.4425935819282,7.06912139737821,7,9.29445181058686,-1.70513840656205,5.16032677950542
1.53147217537496,30.6759627110969,32,35.9458775839746,1.2596557846381,29.2475902776718
0.661520112101355,25.7474796152394,25,31.8766357203964,1.47563226478295,30.3267879728829
-1.57507863944901,6.02227034147327,7,7.68759147889851,-2.03080910537557,3.19227730386291
0.748578298436046,26.3217876755961,27,32.3869082068511,0.859858643156389,26.9761145168035
0.0357925793500181,20.991231220567,22,27.2267900418339,-0.0852182014216208,19.905311186835
-2.05016699935211,2.97583205555867,3,2.95292053811114,-1.93704910927455,3.69709279259342
-0.0504965873774252,20.2452045748897,20,26.4267154791738,0.134412129080059,21.7793381086355
-0.464227468000632,16.3910058570362,14,21.9920677101936,-0.672786369399314,14.310470045827
1.14772098893839,28.7124695142109,29,34.4035233702096,1.12867634194417,28.5444797733352
-1.84828417796636,4.11189959264061,3,4.72116574504188,-1.56644677282605,6.15981203177457
1.55239591425456,30.7745157233588,32,36.0210267089719,1.49579406140649,30.4226924353207
-0.0438864140916593,20.3031176607849,21,26.4895142537322,-0.0167942007821386,20.5040026622874
-0.269644342275245,18.2565429708212,18,24.2005259590208,-0.251895936184419,18.393663646286
0.211793825001418,22.4448245930752,22,28.730191162826,0.369956760696899,23.6320198304233
-0.275250118779253,18.2040090421625,18,24.1399003821892,0.0270118651719223,20.8803078818955
0.973570547940979,27.7163523551275,28,33.5834821349008,0.803502275409126,26.624584499162
-0.324257436247938,17.7414841051645,17,23.6021692931525,-0.251852004237597,18.3940715266482
-0.530742258942867,15.7362361993027,15,21.1905029739517,-0.330487537536548,17.6565907533207
-0.156387056190482,19.3006000032635,19,25.3861094237769,0.0190108981179501,20.8119893944688
-0.209819405967023,18.8122273454245,19,24.8361270180604,-0.262594532723611,18.2941929226412
0.843378597434066,26.9247840499733,27,32.9115264138692,1.03759491041569,28.032541352971
0.379375831248096,23.7435133213883,24,30.011528599951,0.209523367406977,22.3879325710059
1.54453214123099,30.7375748108892,31,35.9928809222281,1.34634264355775,29.6923810470733
0.273861647269176,22.9354877459466,23,29.221125095816,0.462916184412575,24.318332268395
-0.34330304849083,17.5602022025907,20,23.389480650406,-0.328371115225706,17.6766277600785
-1.14934841620247,9.63292115877043,12,13.0834788874342,-1.31466835501113,8.18373344216235
-2.07124374326347,2.87311272952011,3,2.79246465237999,-1.69461747070201,5.23313525368126
0.249661272711127,22.7455362855961,23,29.032055940031,-0.0743878346557193,20.0009489342784
0.847747799060935,26.9520257767241,30,32.9349631902559,0.807118064608858,26.6473849565151
-0.0882465207756236,19.9120739684417,18,26.0632320945986,-0.230054316361968,18.5958588761606
-0.151167025106744,19.3478977165866,17,25.4389422883808,-0.348195461529703,17.4885515786543
-0.154046207356417,19.3218192044883,20,25.409821316959,-0.417593889420174,16.8235597557107
-0.289048275243318,18.0743708343825,17,23.989900215793,-0.559154049493256,15.439820247481
-2.18185184805613,2.38479243215328,1,2.02556312427189,-1.96801534796244,3.52437697246964
-0.648274092945197,14.5646818579675,13,19.7233566053685,-0.559354836795667,15.4378362222015
0.648345846520992,25.6588152473478,27,31.7969167140818,0.380430187904596,23.7106023821865
-0.966695378906054,11.3818206957124,11,15.528336446349,-0.92782301244843,11.7718564770204
1.31572725752609,29.6095657993527,32,35.1195107299672,1.28588914665089,29.3838833686525
0.757541298364125,26.3797856112965,28,32.4378585993956,0.486529637033021,24.488685408387
-0.887788918921933,12.1621124079512,13,16.5855649158256,-0.630786495584769,14.7291811043795
0.69915956289417,25.9982392009426,25,32.100727729996,0.656220314865866,25.6664130886121
-0.280448537704829,18.1552231229728,18,24.0835175553899,-0.213444356923076,18.7488213277357
-0.296569936446259,18.0035064869425,19,23.90766873781,-0.611611949142013,14.9199046054317
-0.306240322497755,17.9121975305064,15,23.8014671899458,-0.241969653060516,18.4857017281543
0.388322860549047,23.8105314050158,24,30.0760814826597,0.429514460727196,24.0746187327061
0.00172065896696481,20.6992481883431,20,26.9159510328761,-0.0577965374021825,20.1468241906302
-0.444329261005183,16.5854053711607,16,22.2274538346896,-0.276073962620711,18.1684706891529
1.13822613488317,28.6599383181712,31,34.3609561842418,1.37934783422422,29.8575765575192
-1.48480960683393,6.72784091532085,7,8.77336457610865,-1.61367120764158,5.81001937218321
-0.0564218805697187,20.1931851799704,19,26.3702087823201,-0.0455713908220108,20.2538168886833
0.236853290994372,22.6443024812078,23,28.9307832358691,-0.0981057809966588,19.7910835724108
0.813035259141343,26.7342704584328,26,32.7469893624431,1.38605464051817,29.890869849491
-0.229911646842861,18.6266260790568,19,24.6249899488183,-0.26566919830089,18.2655543519877
0.33972921686517,23.4437313306324,24,29.7208969129089,0.811243288103692,26.6733562783278
-0.433667249630198,16.689265029627,15,22.3527184863445,-0.28493343594183,18.0856006313159
0.9506874069546,27.5802053120569,29,33.4692248751639,1.04809690067655,28.0925607141094
-1.38327401582231,7.56066193505624,6,10.0390393723209,-1.34038118797711,7.96483776934177
1.0827078228217,28.348732659387,28,34.1072594551988,1.36428395003691,29.7824598411627
-1.2012491305196,9.15529902669067,9,12.3962456284767,-1.15751507397717,9.57982740091477
-1.11820524963435,9.92402623459654,8,13.4980925149418,-1.27333133358075,8.54138181213608
-2.51173577573615,1.38754896582106,1,0.396929745831641,-2.89235538030076,0.8573785178891
1.46334002938387,30.3491911040957,31,35.695291794544,1.04305133236007,28.0637576857258
-0.3235057360776,17.7486217886441,17,23.6105214141256,-0.164698295740188,19.1936291781777
0.555249699872177,25.0188135240692,25,31.2138933222436,0.603103826699589,25.3064260632417
-1.53695583445061,6.31618042355615,6,8.14106901594053,-1.49568025782051,6.70172764671116
0.924724763878802,27.4242125520976,28,33.3376477780938,1.40636737817754,29.9911420175123
1.20291150912067,29.0138785921156,30,34.6463606749274,1.20612206314911,28.9648211048069
-0.413620974593613,16.8839388322097,19,22.58658464901,-0.271027507032807,18.2155902661668
1.03806364446475,28.0933959457698,30,33.8971274027507,0.97203939484919,27.6519214356433
0.598733840332456,25.3207051890414,26,31.4905781603442,0.370431072115732,23.6355855482119
1.1353701880458,28.6440982610586,29,34.348106233506,1.81412951497879,31.8351946982445
1.0062455432573,27.9086001661167,27,33.7439098812536,0.820804672704413,26.7333824190103
-0.851761533977771,12.5215298553269,13,17.0660725157849,-0.921222905773597,11.8367618056466
0.631451412038142,25.5444288062436,27,31.6936950676505,0.981916006769996,27.7099298278446
0.330948495085156,23.3767153360269,25,29.6555058849584,0.460651322000283,24.3019086882798
-0.282478035565037,18.1361587023659,16,24.0614628549647,0.0554432331468721,21.1215780677985
-0.538931853718191,15.6551412444877,14,21.0902981210672,-0.206720328465319,18.8105438910589
0.0399997187192116,21.0270484845746,22,27.26471659325,0.101287508517929,21.5056569582987
0.181990158841332,22.2051512921895,22,28.4873562074529,-0.232264088319419,18.5754564053311
1.18396645151086,28.9111677969244,30,34.5638750185845,0.983113980480191,27.7169497573242
0.464539832137436,24.3720620807686,25,30.6109669287727,0.73053199194985,26.1571093283649
-0.13563941030093,19.4881484757833,18,25.5951565318224,0.032503033331268,20.9270887440829
-2.21507057124444,2.25453232269216,1,1.81920564864966,-1.72438156941549,5.02849174757521
-1.10900562059171,10.0106351155364,9,13.6208359439474,-1.06512627113357,10.4433126709835
0.0330456234639247,20.9678170669231,21,27.2019729462603,0.0113359816168996,20.7462815421466
0.63398882904369,25.5616580607246,26,31.7092697842004,0.587255394589276,25.1975010444175
-1.29892436209382,8.28359218823806,7,11.1194035917541,-1.23914093754919,8.84246771641669
-0.558658091710772,15.4594264639793,15,20.8476286107938,-0.618323371795197,14.8531842952562
-0.173688812612159,19.1433015795944,20,25.2098534174821,0.0248985676890603,20.862280861256
-1.05715823308592,10.5037074533378,10,14.314390738814,-1.06969611377766,10.3999502647863
-0.12312097074829,19.60073451325,19,25.7200697601159,-0.303704508452058,17.909404868643
2.27884129479002,33.7149633022191,36,38.1960598533064,2.00716777499906,32.6045652627002
0.805181541663063,26.6845807873839,28,32.7038917898122,1.02563379211944,27.9638638094157
-2.05978618833017,2.92856751088091,3,2.87911489903093,-2.09139250036632,2.8955968796468
-2.05699524489775,2.9422145459511,3,2.90042957305107,-2.88958946161865,0.860340565663435
0.571260129894107,25.1305744292642,24,31.3166723699069,0.679163487480829,25.819509104108
-0.125556032393138,19.5788685710864,20,25.6958436952828,-0.282246858359794,18.1107502381888
0.704288270639091,26.0321159437382,27,32.1308475482409,0.958063777447777,27.5694314084504
-1.10120940754293,10.0842457080098,11,13.7249397512812,-1.19535560946168,9.23482968145228
0.83661796802772,26.8825375710398,26,32.8751359744771,0.817443605892533,26.7123087323972
0.186343921697015,22.2403279448098,22,28.523121593078,0.21791884290156,22.4549211638908
1.51088527204977,30.5781751922793,32,35.871119661677,0.873124953180224,27.0576806704742
1.15650814058709,28.7609069943818,30,34.4427085375639,1.03267643069808,28.0043419959963
0.512131920478257,24.7142775405558,23,30.9317319637155,0.238536412458637,22.6185463908929
1.14716971373578,28.7094250094181,30,34.4010583402562,0.961287455552146,27.5885013520588
-1.8124748619746,4.34027663276604,4,5.07630661707652,-2.36324911816819,1.85249158589744
0.0522547811603103,21.1310843509025,21,27.3746265186281,0.0121644993669691,20.7533829606877
0.6226169082013,25.4843055761162,25,31.6392699500004,0.287369204737898,23.0010775864778
0.0439549682404875,21.060673797527,21,27.300281567132,-0.29432572888884,17.9975429130648
1.05822990915518,28.2093017600201,31,33.992737502335,1.66662757133889,31.2039098410957
0.977992294468566,27.7425162365253,29,33.6053778855439,1.23791445937375,29.1335069903445
0.630487063241534,25.5378762279755,26,31.6877692079511,0.754647374814325,26.31315842372
0.201206708193375,22.3599883642544,21,28.6444634702863,0.26265897565203,22.8083914185428
-1.04781262764049,10.5934352495976,9,14.4396604545075,-1.24516136050859,8.78910956090763
-1.15911639579399,9.54229948530443,10,12.9537561543873,-1.12443529885097,9.88568833496424
0.681971746047522,25.8841997680899,26,31.9990659686205,0.863793535786187,27.0003544002093
1.30670798074195,29.5629307647099,30,35.0827829393907,1.75912008040319,31.604292821043
0.655006009290836,25.7036972661124,27,31.8373022970206,0.646784464097468,25.6030314180418
-0.489681806964328,16.1412935673587,18,21.6879545786423,-0.630932776797834,14.7277249053727
1.84558835070346,32.0702295320076,34,36.9928642531308,1.7490035954899,31.5612483626695
-1.03241213981398,10.7418273257646,11,14.6462084760046,-1.09469364659194,10.163898540385
-2.62899323690083,1.16357436320432,0,0,-2.54203185639712,1.39567847892267
0.591461278071286,25.2705777852305,25,31.4448436195747,0.230686559921824,22.5563966519509
0.481195235593023,24.4925548379263,25,30.7243548835748,0.273445659174916,22.892726052289
0.129385388079099,21.7756675287617,21,28.0472211721904,-0.146089108695403,19.3617907564241
0.727202538751845,26.1826248252449,28,32.2642239285161,0.979845367635902,27.6977879969811
-0.902160315431762,12.0192174769559,11,16.3934089490127,-1.32288753882329,8.11346326136622
-0.20271655351393,18.8775866671727,18,24.9102013024156,0.0667137236380148,21.2165700855532
0.147879956277436,21.9276022240788,21,28.2036559805355,0.213367709762053,22.4186329655836
1.59259700643512,30.9615283489793,32,36.1631068445917,0.885006185200538,27.1303517458931
-1.05547338943666,10.5198653905501,11,14.3369700705781,-0.844034070372705,12.6006873994634
-0.878125663653052,12.2583570038693,12,16.7146279759249,-0.939476633935272,11.6574470712049
0.870251009244003,27.0915772228486,26,33.0546701833714,0.555223258987866,24.9751999146238
-1.26798275309397,8.55577702478898,8,11.5212070713537,-1.17351507840749,9.433302017602
1.12515953365835,28.5873175549908,29,34.3019888795486,1.35812576384301,29.751616557026
0.299219234413071,23.1326638265424,21,29.4160691547915,0.280083823774288,22.9444549684211
1.49114030782965,30.483616295856,31,35.7986441581658,1.28588914665089,29.3838833686525
0.819900800612068,26.7775798643684,27,32.7844911559692,0.531523602025263,24.8088649519846
0.63241535904058,25.5509761348332,27,31.6996147869114,0.132511309395326,21.7637205232956
-0.454564616146689,16.4855000533513,15,22.1066345192298,-0.084683009075488,19.9100448648886
-0.904552028596299,11.9954664180373,12,16.3614077133403,-0.843513893636589,12.6058603746812
0.73637118244947,26.2424616310746,26,32.3170501617482,0.541188099436197,24.8768866441565
-1.75216261362579,4.74118181452333,3,5.69975443757234,-1.91639622434436,3.81547189345179
0.309162996107578,23.2094668662246,23,29.491640603515,0.35509125677178,23.5199317832917
-0.15539312938246,19.3096115262573,19,25.3961814401567,0.0854412187060747,21.3735931403204
0.0528044776576001,21.1357404713276,22,27.3795367435207,0.564997173317219,25.0433358773625
0.721864440584615,26.1476856876415,25,32.2333259671801,0.109038467521052,21.5699856946206
-0.890988774879907,12.1302704331333,11,16.5428013955323,-0.814010502302394,12.8996554868683
-0.145547380898547,19.3987328348916,20,25.495641272911,-0.0164329519556121,20.5071283632551
-0.0364840372476611,20.367822076389,21,26.5595401218336,0.256809701936421,22.7625155953197
-0.58541729527902,15.1931383898163,13,20.5155689586926,-0.820752575041032,12.8324551444536
-1.01537894918624,10.9066907921143,13,14.8747823702852,-1.0603384063269,10.4888113101754
0.706293676070769,26.0453433743259,26,32.1425981358542,0.455273241275209,24.2628504410241
0.0404321317098627,21.0307268591837,22,27.2686090658986,0.094984905311408,21.4532188565791
0.480516052071957,24.4876567428593,25,30.7197551111396,0.570984134660679,25.0849394802574
0.547622661381087,24.9653226576262,25,31.1645552939737,0.490871923241456,24.5198374511242
0.0046827506292418,20.7247670046204,20,26.943235783102,0.447334580531805,24.2050434396847
1.40122352271022,30.0433136346148,31,35.4586696650332,0.912447130053282,27.296833301935
0.851131585664256,26.9730906682891,26,32.9530704127259,0.490779219233731,24.5191729466621
1.02828478336953,28.0368527715181,29,33.8503487684279,1.18835353994974,28.8695709694657
-0.912080465413533,11.9207631068446,11,16.2606390134729,-0.817292290309944,12.8669407056928
-0.842899980970322,12.6101597257802,12,17.1839499237734,-0.467762531233127,16.3369547827612
-0.395116718094708,17.0629195097166,17,22.8005236350591,-0.208714200109736,18.7922534088431
-0.364819119403749,17.3544149704898,16,23.1467341156905,-0.683237269721205,14.2061255126627
-0.0781006861676972,20.0020064813702,20,26.1617359287477,0.263105910451323,22.8118925654185
-1.37016723369728,7.67115190518728,7,10.2053446264106,-1.35821041246834,7.81467749891081
1.93267931519632,32.4257368005519,34,37.2550751780336,1.98199618826591,32.507757714258
-0.559168263930024,15.4543578938727,15,20.8413283828291,-0.0904069808627995,19.8593762408276
-0.301223187114803,17.9595979758074,18,23.85663324195,-0.432704559720311,16.6774848696345
1.08546562833593,28.3643558569493,29,34.1200582719004,1.38007801807087,29.8612057550221
-0.33667533924229,17.6233814421248,17,23.4637283310229,-0.42269599628917,16.7742864525671
0.626685610461854,25.5120214602179,27,31.6643736949888,0.757387249218281,26.3307902159501
-0.108961966851312,19.7275495424758,21,25.8602490990251,0.211998758101145,22.4077057175881
-1.89380964862096,3.83261653291974,3,4.28687758601136,-2.0942923207278,2.88199033129072
-0.0369971788109308,20.3633417864623,20,26.5546960281794,-0.132272256133694,19.4860466732886
-0.942753332013546,11.6173911146625,9,15.8495827051476,-1.05672297269582,10.5232136719811
0.370773808887298,23.6788599932068,22,29.949108373074,0.294431077611031,23.0558134909212
0.193637862845941,22.2991336519471,22,28.5828156674455,0.018367418308787,20.8064868387015
0.6220427888528,25.4803910689346,25,31.6357223587774,0.806841402214511,26.6456415797629
-0.3081499023948,17.8941405556138,18,23.7804323466387,0.138603711396676,21.8137395249135
0.747810166593336,26.3168075292658,25,32.3825282931695,0.0371724755076725,20.9668004492109
0.0475668365522715,21.0913396345896,20,27.3326821145465,-0.289418352055356,18.0435781952316
-0.573901799172589,15.3078382512627,13,20.6588645387794,-0.407292663623482,16.9228889870516
0.226379690395365,22.5611576473004,21,28.8473413799188,-0.235322310295346,18.547200124489
0.833594562256383,26.8636074644637,26,32.8588122287806,0.603349065710527,25.3081060717809
1.95616723286581,32.5194046244957,34,37.3239096482486,1.95200021924463,32.3910410609163
1.38066643559278,29.940383078444,30,35.3785775950533,0.81794381752715,26.7154468823999
-0.328049260064881,17.7054591928627,16,23.5599892932178,-0.0115514377254545,20.5493290932078
-0.489407068647386,16.1439947367539,15,21.6912546987979,-0.601654501561679,15.0188174262305
-1.41200440353075,7.32084772283653,7,9.67670311801063,-1.51312251451651,6.56619634745607
-0.963336128593475,11.4148025402683,9,15.573423347611,-0.896691827650967,12.07863737419
1.40748713543391,30.0745065056355,32,35.4828943186848,1.15375945100904,28.6821004994267
1.0961359416809,28.424641238863,28,34.1693826112715,0.552557286767008,24.9565681475854
-0.493637950531566,16.1023836522161,14,21.6403915004487,-0.68223331219019,14.2161513818976
0.701746533117505,26.0153356558349,28,32.1159327622668,0.933150953230246,27.4211949716973
0.987556768803078,27.798951314848,29,33.6525395411431,0.76120448283932,26.3553219537521
-0.619738164967667,14.8504375614442,15,20.0850492499686,-0.499127349586739,16.0304983731774
0.453700707693029,24.2932222247387,25,30.5365114933114,0.144977352393203,21.8659504314047
-1.11415136475639,9.96215711225948,9,13.552166481411,-1.00792200033789,10.9911839351499
0.264276129085941,22.8604573825552,21,29.1465920594925,-0.071145953984365,20.0295129251536
-0.713029580530882,13.9143959015515,13,18.8911486097314,-1.35345559808908,7.85459304814179
0.639607283666116,25.5997457570052,24,31.7436657068663,0.742991598125155,26.2379279123694
1.21613490030253,29.0851071304019,31,34.70340419439,0.716478339227569,26.0654529882918
0.0569164070086176,21.1705416710645,22,27.4162133442833,-0.177168371862657,19.0804297941905
-1.46835777729801,6.85999256986486,5,8.97550642758744,-1.43787614578538,7.16002706234984
0.881905674412703,27.1633580835693,27,33.1160148572378,1.13654967328784,28.5878317531895
0.142930673893604,21.8870430915377,21,28.1619739905891,0.0896477116411451,21.4087219906629
-2.24400243123145,2.14706087068886,1,1.64809964578493,-2.66854633112264,1.15699757389065
0.692502031783584,25.9541602134655,27,32.0614822944033,0.614742295453798,25.3859710421115
-1.13948738331466,9.72474045294516,9,13.2145988120417,-1.27925876754906,8.48966614448328
0.827672176439555,26.8264596234299,26,32.826747208836,1.02090108987875,27.9365956867318
-0.395149632120081,17.0626017796773,17,22.8001447622302,0.0688839293120483,21.2348189098078
-0.897983246627743,12.0607189360804,11,16.4492836340112,-1.43558709881441,7.17846488958217
-0.279350841164478,18.1655302933525,18,24.0954363697026,-0.64687136605109,14.5689625825131
0.305652653379711,23.1823871587149,24,29.4650182908139,0.561905035110553,25.0218090340019
1.30991332414078,29.579523705647,29,35.0958568105501,1.01297215979931,27.8907919343908
0.0839097139340051,21.3977584319661,21,27.6546403684469,-0.0511095370692737,20.2053999590052
0.685083571535264,25.9049046125343,28,32.01755444547,0.256248203333758,22.7581064422645
-0.959425508467481,11.4532275449193,11,15.6259059192347,-0.80679015880823,12.9716583413621
0.775955823530547,26.4982903544609,27,32.5416360370501,1.26517459194808,29.2763859275369
0.791376332991635,26.5968559913402,25,32.627619004053,0.924590578922943,27.3699046778821
0.538850230789894,24.9035984086246,25,31.1075053217385,0.631228022302085,25.4980027445398
1.2728577974793,29.3863868845278,32,34.943268598534,0.976225186979756,27.6765348916188
1.52903404648118,30.6644242587721,32,35.9370665631118,1.2843034963206,29.3756872626961
-0.629699922139487,14.7507566325034,14,19.9591580548998,-0.643056121655042,14.606982598316
-1.2816926789493,8.43471570895512,7,11.3428399994333,-0.982983171633684,11.2327233437378
-0.319755521841256,17.7842117710755,16,23.6521417349946,-0.190841777148647,18.9558380325432
-0.296724820247853,18.002045828949,17,23.9059720237748,-0.0593656115656064,20.1330614572019
0.504728740025847,24.6614651567991,26,30.8824857344568,0.209336576220449,22.3864397680042
0.708740374966299,26.0614671471423,27,32.1569141586837,0.929391291641907,27.3986910051818
0.346371281512946,23.4942746157992,25,29.7701128578866,0.110519226897351,21.5822551229887
-1.22738019720244,8.91853996646959,9,12.0523337608621,-1.32963856801527,8.05595545610442
-0.949139899618881,11.5544405939079,13,15.7639151646918,-0.814923369246581,12.8905547198086
1.27978301550294,29.4227009837837,31,34.9720279180763,1.34004061402125,29.6605809370812
0.210273087905709,22.4326591878729,22,28.71791323722,0.220428468290513,22.4749052997439
1.72531294894387,31.557540747359,33,36.6116529974824,2.16902789715331,33.2028702704841
-0.0631525667571392,20.1339730045159,21,26.3057750866392,0.150192520928601,21.9085823758401
1.04042028216712,28.1069892644981,29,33.9083598863733,0.750771444689121,26.2881818338554
1.43562021981286,30.2136403265854,30,35.5906840380307,1.06191289760721,28.1711226220562
-0.997384411555114,11.0816595345433,10,15.1163438691533,-0.9431147948633,11.6217816115596
-0.324056403611536,17.7433931169588,20,23.6044032774764,0.182237308731363,22.1687733515716
-0.824858531237619,12.7908299150584,13,17.4234975124721,-0.580741679665956,15.2262295324763
-2.10996735156204,2.69247940202104,2,2.50971655724679,-1.52920794229303,6.44234367954552
-0.744701474020225,13.5959100465806,14,18.4789629674079,-0.523198523409452,15.7942492065402
-0.935484116871208,11.6891359223615,12,15.9470612660352,-0.8891948676139,12.1527426709035
-1.02928160938948,10.7720704091491,11,14.6882094560981,-1.4634347540684,6.95565359961934
-0.98857910440415,11.1675625565812,12,15.2345605620892,-1.09454213769513,10.1653232678045
-0.102864816998442,19.7819858000045,18,25.9202525939923,0.0971289150337414,21.4710702393554
-1.16291307606555,9.5071660315418,9,12.9033795106943,-1.15843329292878,9.57139314145415
-0.0137253456466163,20.5657643727384,22,26.7728620797113,-0.13490787268011,19.4623840914126
0.879232611722233,27.1469244340467,28,33.1019841541879,1.01715208452241,27.9149572468004
0.945344417665441,27.5482356093923,27,33.4423170861144,0.897650464528474,27.207298402044
-0.433383589719975,16.6920252107356,17,22.3560428336671,-0.176300481133754,19.088321485899
-0.334850007136976,17.6407639198312,18,23.4841330475393,-0.375350160721562,17.2295405374569
-0.864016777070717,12.3990942635833,11,16.9028366342554,-0.850723430741752,12.5341883071213
-1.14880519785262,9.63797054362323,8,13.0906977994595,-1.52004639737003,6.51275096623372
0.122115881985152,21.715669343033,20,27.9852250520578,0.145550241859558,21.8706374988209
1.87164506227404,32.1779583514162,34,37.0724904040959,2.00819581003788,32.6084970750235
-1.74690875775255,4.7770257395829,3,5.75549015293027,-1.77396912188569,4.69693501983726
0.0515367050816774,21.125000654595,20,27.3682096741368,0.21174498397012,22.4056794320681
0.997236753158609,27.8558475224561,29,33.6999940167471,0.735836053542473,26.1915644659027
-1.17524975944346,9.39335738633998,10,12.7398699974656,-1.26691191442018,8.59755159956405
1.35362262077948,29.8036662705991,30,35.2718221732635,1.02176035228459,27.9415504241271
0.00777874644698574,20.7514120361809,22,26.971700583614,-0.233294336908964,18.5659400956884
-0.06778516182151,20.0931431914009,19,26.2612742547389,-0.0345103413873416,20.3502582935024
0.235049245066974,22.6300042564185,22,28.9164509594498,0.163889034351076,22.0201637745563
1.07729089951769,28.3179948881325,30,34.0820589466898,0.991114936428734,27.7637447388511
-0.330047852090366,17.6864577562761,17,23.5377241031288,-0.185252147951843,19.0068295863873
-0.511704942867668,15.9243651943864,14,21.4221798882353,-0.643527854114054,14.6022821985045
0.634767746104063,25.5669434676943,26,31.7140456981202,0.424452415223327,24.0374020007989
1.3921686783373,29.9980807174707,30,35.4235026151346,0.989972679587966,27.7570735472542
-0.558794777418803,15.4580685220158,15,20.8459407674509,-0.713255184136558,13.9061992257909
-0.390810943716171,17.1044650169654,17,22.8500358779683,-0.34760927402648,17.4941252830718
0.763976096251122,26.4212956234004,28,32.4742598480385,0.990843394088857,27.7621591200117
-0.874331416424506,12.2961806843079,12,16.7652701577957,-1.09507069572425,10.160353247532
0.394713835531533,23.8582609396034,24,30.1219620695731,0.252066309569402,22.7252388973053
0.0897487269974794,21.4466247809838,21,27.7056832532708,0.576397547966434,25.1224708294749
0.394408975911886,23.8559868562967,23,30.1197778386961,0.538227446407655,24.8560767753158
0.438117186876875,24.1792843883152,23,30.4285395801788,0.174258805569108,22.104274700651
1.31702083721227,29.6162404977181,33,35.124763187523,1.48305685115374,30.3621980470424
-0.0703011298578764,20.0709427986345,20,26.2370536725808,-0.325382027057672,17.704909449073
-0.334569721626769,17.6434323756973,19,23.487264579627,-0.011517447469341,20.5496227007462
0.253342987569262,22.7745463852619,22,29.0610118958815,0.512335328732666,24.6730261190336
0.629537352658448,25.5314206489367,25,31.681929705974,0.581527780383948,25.1579630464625
1.18102058572313,28.8951263672477,29,34.5509677208479,0.721367276250838,26.0973981231139
2.62946006085932,34.8331148314819,38,39.0096495771503,2.60252435006549,34.6121206204759
-1.19731984590996,9.19111887713399,8,12.4480888301765,-1.33978949668911,7.96984388358524
1.2035275580368,29.0172053914864,30,34.6490278396083,1.60231902930778,30.916309759146
-1.89503852591764,3.82525524596944,3,4.27543032953173,-1.48254084056144,6.80466983815514
-0.477661047175514,16.2593596591614,15,21.8319865331979,-0.229886223123646,18.5974103519732
2.69058096573552,35.0100107751455,38,39.1392059671476,1.5883944562359,30.8530182796023
0.875171298671511,27.1219221938469,28,33.0806222138865,0.559909016348305,25.007898861565
0.35315915985654,23.5457940727974,24,29.8201893334021,0.229972044508175,22.5507305561322
-1.23349656528872,8.86349212727491,9,11.9720627963217,-1.36663253458633,7.74420844017976
-0.82243914193587,12.815078928865,11,17.4555732822285,-0.873807416825829,12.3050884972908
-1.05504658000601,10.5239598559348,10,14.3426902599692,-0.900194623179673,12.0440417179848
0.196928007454727,22.3256078739145,22,28.6096506908218,-0.382315017857331,17.162855411001
-0.0897235448687438,19.8989573317065,18,26.0488420480997,-0.400911586626266,16.9843133005386
-1.0854850019685,10.233297620017,10,13.9351268626049,-0.760163998407289,13.4372753683071
0.108760919120118,21.6050361607194,20,27.8705798336084,0.383968302490293,23.7370765059253
1.09264489060276,28.4049458628978,28,34.1532791469561,0.956746405220129,27.5616310426795
1.49569389360188,30.5054906962503,32,35.8154264073708,2.2964615924462,33.6454489287972
-0.786996812020786,13.1707583236376,13,17.9240114008884,-0.631583157994821,14.7212502908382
-1.30472538274168,8.23297737471979,7,11.0443783269617,-1.20062106978478,9.187251469264
-0.821303404301774,12.8264637440933,12,17.4706265734192,-0.850550580369308,12.5359060378945
1.71120655861731,31.4957217439548,33,36.5654134265558,2.10831019517461,32.9832709659175
-1.94249585459761,3.54835621109975,2,3.84476877292155,-2.16772085552713,2.55563730669504
1.58199982796322,30.9125278923066,32,36.1259444146937,1.72638770895511,31.4643609986208
-0.0320175496140683,20.406787313243,22,26.6016400865069,-0.339814783356642,17.5681665941172
-0.535248483377793,15.6916265685868,15,21.1354062970255,-0.484328211452481,16.175298359322
0.0603895186982564,21.1998973841236,21,27.4471182935713,-0.0273766898504719,20.4122728861708
0.364821747374,23.6339977571562,22,29.9057118253877,1.09929036658951,28.3814194183004
-1.28450505306874,8.4099719792481,7,11.3063151942482,-1.14242738088327,9.71885015663536
-0.33891847871897,17.6020097508654,16,23.4386271897632,-0.40078185644241,16.9855612422472
-1.67623176164991,5.2726499175815,5,6.52580233857847,-1.63937244489629,5.62370257386712
-0.452732039977676,16.5034017815782,16,22.1283070768258,-0.628300689691828,14.7539241685837
-0.849945464416868,12.5396870158371,12,17.0902410878271,-0.900375144682687,12.0422592853707
-0.852014106451624,12.5190048940853,12,17.062710797295,-0.870369063633323,12.3391728012189
0.683568677622543,25.8948283333817,26,32.008558505411,0.386814049737036,23.7583434112583
-0.797566835405905,13.0646066063001,12,17.7846063363288,-0.350549221130978,17.4661635271279
-0.0381235987957169,20.3535042372432,19,26.5440572244348,-0.387078143008613,17.1171928645916
1.19022616233878,28.9451914465165,30,34.5912291290512,1.21682408882668,29.0218528812261
0.262151693104721,22.843791599786,23,29.130010376656,0.0598634871007911,21.1588777567674
-0.522783588344756,15.8149510404289,15,21.2875722611358,-0.788470491265769,13.1544873780908
0.814000910994154,26.7403692291815,28,32.7522738004161,0.750084195017512,26.2837490195952
-0.224202780095912,18.6794684209281,19,24.6852210652614,-0.35534328614034,17.4205269074084
-0.578931653935303,15.2577575094544,13,20.5963475386293,-0.313693931178382,17.8153033502015
0.43182054150805,24.1330493009946,24,30.3846003245276,0.730733648047543,26.158420658843
0.860902802205285,27.0337583815351,26,33.0051447517199,0.559879004416406,25.007689624044
-0.94648835325338,11.5805665330124,12,15.7994848585082,-0.771226632606763,13.3267253110525
0.156743347929914,22.0000551547804,23,28.2779725587024,0.187968376413627,22.2149874703393
0.741957849239942,26.278813902188,25,32.3490881807431,0.577627270343418,25.1309850733219
-1.14820713302899,9.64353092173973,9,13.0986461422116,-1.10779645720267,10.0409685422078
0.950425444825208,27.578639465051,29,33.4679076509675,0.726410533266036,26.1302844595031
0.598286185148486,25.3176238378927,26,31.4877692147806,0.330401376765471,23.3323334030091
-1.29534399153701,8.31489711767224,8,11.1657583861278,-1.29511774698349,8.35200788064703
0.566823525880717,25.0996758301638,25,31.288298213476,0.818401480527435,26.7183175295267
1.40099932458344,30.0421956619442,30,35.4578010335388,1.36383498898176,29.7802138768648
-1.68070209310817,5.24058496475937,5,6.47599738563983,-1.7640209251377,4.76248799253595
0.616201433778711,25.4405120781004,25,31.5995528785734,0.443330846266728,24.1758203350308
-1.40782701990811,7.35551309629187,8,9.72919255178348,-1.35094647362496,7.87569474468417
-0.0964011027736289,19.8395806900444,19,25.9836268061162,-0.0142161859269542,20.5263007531684
-0.84581653860252,12.580980769104,12,17.1451685906837,-0.789026478677866,13.1489360551997
-0.914331858669523,11.8984405517358,11,16.2304933256328,-0.96212923599864,11.4358074349008
1.11556572086748,28.5337543333246,29,34.2584055175487,1.31330670227017,29.5247544858803
0.122236846386397,21.7166689965315,21,27.9862590185064,0.213628201253726,22.4207116331658
-1.63282690180481,5.58876957643241,4,7.01643069051903,-1.94641785964865,3.64422798309744
1.07796545125587,28.321826210479,30,34.0852014906086,0.929204606416376,27.3975726614864
-0.932761101575835,11.7160363623984,11,15.9835675750251,-1.05764547510447,10.5144320024224
-0.914970895371127,11.8921060129935,11,16.2219359052959,-1.36437576228817,7.76306198086213
0.358863703264758,23.5889869331621,24,29.8621024564555,0.961722910339983,27.5910753690095
-0.700942939242544,14.0358993638791,13,19.0476022889354,-0.680599929993533,14.2324619966824
0.47531255419475,24.4500869892507,24,30.6844467975472,0.651028891111903,25.6315719315786
-1.13997563624185,9.72018634134553,10,13.2081029439695,-1.28606595849733,8.43045217839649
0.860769825718778,27.0329343519927,28,33.0044381895287,1.1539194996844,28.6829740329841
-2.08810486409758,2.79317287405052,3,2.66743678709128,-2.26295903318725,2.18392542127281
-1.32262525496361,8.07762935125061,6,10.813517329213,-1.10413151061964,10.0752960692027
-0.0897476593723186,19.8987431329006,18,26.048607004941,-0.211775750002342,18.7641489268608
0.736052345498735,26.2403845118557,27,32.3152182948721,0.153397280593752,21.9347402175609
1.87682697274636,32.1992427516832,34,37.0882044926283,3.15923241057988,36.0550082482363
-0.0383107812952013,20.3518691308074,20,26.5422886164207,-0.173971055267937,19.1094930683307
0.523954103339136,24.7982942061357,26,31.0098837176217,0.367104100692844,23.6105605714094
-0.298512017846833,17.9851871687277,19,23.8863837150052,-0.152992475941999,19.2995163129474
0.937614685786754,27.5018632063367,29,33.403233922556,0.847373655105933,26.8989423134491
0.241159950586672,22.6783964722639,22,28.9649298946146,-0.0115514377254545,20.5493290932078
-1.38139275510585,7.57647910735824,7,10.0628718428379,-1.11449339498889,9.97835764675859
-0.479183952869253,16.2444155730728,16,21.8137800664684,-0.213989559177053,18.74381163307
-0.690140429624745,14.1444579733604,16,19.1870152922592,-0.939546158729947,11.6567652714711
-0.553979950697548,15.5058880791534,16,20.9053436258432,-0.493122072032386,16.089298556309
1.47029456774246,30.3829611010168,32,35.7212916109913,1.43648907664156,30.1382908055696
0.95197162553746,27.587879189184,30,33.4756792717942,0.668563205877937,25.748953675891
-1.1329853858078,9.7854640341712,10,13.3011387682334,-1.29203831103903,8.37865693443989
-2.36736406324035,1.74780766321183,2,1.00252348808683,-2.20025971038305,2.42216582180013
0.643417514699069,25.6255268722489,25,31.7669212149406,0.541753495017485,24.8808578810437
-0.579213234170189,15.254953018418,15,20.5928443627313,-0.70372187636347,14.0014794214687
-1.55088485967918,6.20809562599134,6,7.97447827993271,-1.54658240383722,6.30979263277899
-0.637680895221886,14.6708362794969,15,19.8580072325076,-0.00205336173157772,20.6312448730789
-0.320145877560239,17.7805087855664,19,23.6478132682836,-0.649369675206518,14.5440608086837
1.5101853354978,30.5748361178316,31,35.86856353078,0.837045754795869,26.8348017312639
1.24815089190451,29.2560024596864,29,34.8397413232019,0.827318547611228,26.7741408207121
1.72963291508916,31.5764005320952,33,36.6257474384598,0.531895350792817,24.8114863295323
0.598908446543293,25.3219069095026,27,31.49167355894,0.331137291123803,23.3379509270455
-0.161647220187328,19.2528634125968,19,25.3327088454854,-0.463911569120918,16.3744675004039
0.737239861505955,26.2481194462814,27,32.3220392498696,0.397606841685503,23.8387854672768
0.914927738918734,27.3649243121565,29,33.2874514469915,0.851362205993881,26.9236396686078
1.94341882647155,32.4686804673845,34,37.2866457327264,1.51902687378007,30.5322157882465
1.2731935396689,29.3881497673457,30,34.9446654784526,0.770058470690046,26.4120745131915
0.443945249993776,24.2219773334876,24,30.4690484160648,0.872749349364746,27.0553774731938
-0.631768615268367,14.7300459680082,16,19.9329641434489,-0.372458970170132,17.257192481764
-0.0816480429385623,19.9705959658811,20,26.1273634027159,-0.447233512227885,16.5366293968039
-0.529980580171767,15.7437735777441,15,21.1998061979546,-1.00293173756987,11.0393943463685
-0.27541374866292,18.2024744321435,16,24.1381280143378,-0.437874582242962,16.6274071861395
0.442226490868478,24.2093968496828,23,30.457117930479,0.843743223190815,26.8764270179249
-0.297852791026072,17.9914065617959,17,23.8936112123778,-0.217405753230153,18.7124040448141
-0.20591489540184,18.8481724936482,18,24.8768829757259,0.0551239372976828,21.1188815329852
-0.0758714747733114,20.021727018266,19,26.1832987299104,-0.0669619468515348,20.0663345647962
1.20339797517935,29.0165056840445,30,34.6484668930903,1.57295907140739,30.7824309461761
1.7390897204202,31.6175692127542,34,36.6564941071239,2.01447168879043,32.6324625798132
0.27834304229006,22.970472480435,25,29.2558115628873,-0.0226215839794359,20.4535299174039
-2.62899323690083,1.16357436320432,0,0,-2.88943471260586,0.860506748469989
-1.93153652173738,3.61100670755653,4,3.94222539975385,-1.88680826577555,3.98939823919827
0.290973734528673,23.0687566185792,24,29.3530320485666,-0.806952276808389,12.9700412871019
0.711775039738506,26.0814436821807,27,32.1746395167244,0.751818662811084,26.2949340624231
-0.955535745001825,11.4914787941018,11,15.6781029402405,-0.60625566393055,14.9731233326428
1.05209742932915,28.1741546027631,28,33.9637843683894,1.0244688186897,27.9571566179593
-1.24706184416456,8.74190904195457,9,11.794356657716,-1.42147235509493,7.29264319441569
0.00734189402353818,20.7476540554328,20,26.9676874365068,0.271235734438721,22.8754759840432
-0.0463250986822243,20.2817664731039,20,26.4663753211709,0.246568432511169,22.6819496901004
0.553227795325205,25.0046490213993,26,31.2008377159958,1.03019464207874,27.9900911862534
0.147789356891425,21.9268604212863,21,28.2028941542336,0.0273394536843778,20.8831011488615
1.72932906389666,31.5750750995535,32,36.6247570931956,1.60540529368958,30.9302883242692
0.821112854784018,26.7852133868781,26,32.7910950840904,0.785457675269877,26.5102888978078
-0.621040625868413,14.8374096022075,14,20.0686127128567,-0.623403129186899,14.8026584429574
1.82222538935996,31.9726359987612,34,36.9205941783304,1.68416483976757,31.281014868716
-0.233129128949966,18.5968073116263,17,24.590960145201,-0.113073530783191,19.6578445011985
0.0848267929945642,21.4054400982443,20,27.6626696776792,0.189643255567567,22.2284750021833
-0.991694967926909,11.137143918898,10,15.192728009029,-1.10293613440318,10.08650210019
-1.1455822876827,9.66794942679342,9,13.1335375898191,-1.0131443286039,10.9407991344909
1.61560872983877,31.0672059746376,32,36.2431001459516,1.23438603926427,29.1148951679631
-0.471864490616386,16.3162036778012,15,21.9011756701452,0.183110488879852,22.1758207628404
-2.62899323690083,1.16357436320432,0,0,-2.5277752723106,1.42655307406424
-0.1232366858706,19.5996958079608,20,25.7189193121856,-0.0553369792706321,20.1683836669629
0.507874096296619,24.6839221880714,26,30.9034377341782,1.09463901141427,28.3554267698714
0.531871899526813,24.8543442788383,26,31.061890456162,0.218206897373598,22.4572158872128
-0.0874177022054097,19.9194315456097,19,26.0713013773111,-0.0619488360721795,20.1103883192994
0.616548990491494,25.442887451063,25,31.6017087477966,0.282758000432476,22.9652571138982
0.462410880174762,24.3566033266528,24,30.5963843608999,0.417055908684245,23.9828882794605
-0.944104740822772,11.6040641214528,12,15.8314571443607,-1.02459750692033,10.8305473887269
1.22219481244582,29.1176228519818,31,34.7294014711515,1.11435511152253,28.4652606800524
0.668289782339728,25.7928590418173,27,31.9173387418221,-0.0171261897223545,20.5011298039939
0.965038980441454,27.6657387009976,28,33.541068968967,0.694826318031333,25.9232019206277
0.352743124995989,23.5426402777262,25,29.8171264809488,-0.0903720711904851,19.8596855363015
1.33315872911882,29.6992181726635,30,35.1899716342145,1.51336225353467,30.5056089662412
0.615185836062106,25.4335690990373,25,31.5932504324056,0.82498049679296,26.7595238636006
-0.643015094229281,14.6173926113528,13,19.7902593784655,-0.437442003814344,16.6315991195896
-0.287511115407689,18.0888360542883,17,24.0066652197153,-0.203471768990022,18.8403222123074
0.749884905764403,26.3302554789413,28,32.3943536383703,0.918225869604984,27.3316518403668
0.961569825079412,27.6451082043072,28,33.5237597629859,0.973319389032521,27.659452641021
-0.325206283611493,17.7324725498659,19,23.5916220703879,-0.335682245747655,17.6073678177348
0.380034490989376,23.7484549729432,24,30.0162937041635,0.460975293828581,24.3042588662108
0.0390851598899669,21.0192668642829,20,27.2564804991209,0.441001236526516,24.1587952642691
0.636337673051638,25.5775913462098,27,31.723664409163,0.383820061935804,23.7359680227335
1.65160653740873,31.2305397809114,32,36.3663336617035,1.96372170192904,32.4368265299824
0.587068371414216,25.2402285402723,24,31.4171139568224,0.931985063781434,27.414220131329
-0.123837224247125,19.5943045366322,18,25.7129474598486,0.014342646363491,20.7720429421121
0.55924192649526,25.0467478136251,25,31.2396212809185,-0.0561695423871975,20.1610876630743
-0.667990727826252,14.3668995545647,13,19.4715803124834,-0.317351362035934,17.7807924664831
-1.17797896539646,9.3682530938512,8,12.703735869621,-0.88446739633562,12.1995136118591
0.439987712298626,24.1929973705576,23,30.441557739491,0.140744090792734,21.8312862102758
-0.500052055559454,16.0392441020256,17,21.5631095111006,-0.165990964231571,19.1819138118517
0.040583475978433,21.0320141579335,20,27.2699711802703,0.370580507090173,23.6367088149181
0.479067656838073,24.4772069172144,23,30.7099390498503,0.201774182111377,22.3259157204165
-0.716765436381151,13.8768339939292,12,18.8426930721806,-0.857214627410039,12.4697040439856
0.53107088080888,24.8486818518528,24,31.0566412476923,0.0831341367806266,21.3543044760449
0.31985843585023,23.2917506890709,22,29.5723799703762,-0.0825197170402512,19.9291706886199
1.11654969108728,28.5392574469675,29,34.2628868535365,1.12334512666034,28.5150446666448
0.350732877859316,23.5273942620188,25,29.8023152998494,0.535124398359331,24.8342393946757
-0.146852058436643,19.386938488113,19,25.4824943133011,-0.0251886898963102,20.4312647560283
-1.41123427637722,7.32723329464136,7,9.6863748051352,-1.60221114304417,5.8940234288895
-0.493313495173288,16.1055757503151,16,21.6442952741379,-0.586578828376552,15.168383877876
-0.598414389960297,15.0635018890654,15,20.353130974953,-0.328404024118791,17.6763162757063
-0.76423450083396,13.3995086450708,12,18.2232714970272,-0.507058975217197,15.9527497658081
-0.0606851620947574,20.1556946720025,20,26.3294263018181,0.0370550706901369,20.9658027427961
-0.741623814788398,13.6268595403786,13,18.5191505601608,-0.897548944042145,12.0701702855922
-0.0562464691834598,20.1947265999384,19,26.3718845125046,0.234856498421502,22.5894340626759
0.675145242418346,25.8386885414705,26,31.9583782263557,0.487138283628786,24.4930551629158
0.333640677913212,23.3972865793512,22,29.6755947043262,0.314235753381066,23.2085327045719
0.808629964725472,26.7064179053313,27,32.7228412462483,0.188262804084888,22.2173590499008
-0.871599382489896,12.3234267431192,11,16.8017224084837,-0.716365157321788,13.8751129551055
1.65750640295046,31.2570806043874,33,36.3863132884701,1.15787095933734,28.7045224270598
0.406559291032223,23.9464129805925,24,30.2064955681855,0.703350998304961,25.9793588585299
-0.0910708158745507,19.8869875804807,20,26.0357050603053,-0.10842418836595,19.6992975487735
1.56218495050846,30.8203359727445,33,36.0559005347965,1.22587649536418,29.0698966246014
-0.878766662658584,12.2519689092894,11,16.7060705539542,-0.842860209699697,12.6123614084968
-0.909210994114693,11.9492257638813,13,16.2990536907985,-1.02076965002199,10.8673570413644
0.641207687347472,25.6105793245933,25,31.7534406038084,0.375724019830955,23.6753315169165
-0.69057323034468,14.1401093765779,14,19.1814375001375,-0.939984385054059,11.6524679862752
0.508373913008105,24.687488182363,23,30.9067631923211,0.554886708146698,24.9728489563455
0.537190882161727,24.8918988073984,24,31.0966774681769,0.802632599933181,26.6190954178916
0.251339042090072,22.7587612660246,23,29.0452598437488,0.0582088247313268,21.144921781643
0.0453937369598617,21.07289397712,22,27.3131969342167,0.106025712306225,21.5450024193883
-0.0400424104330848,20.3367379364605,20,26.5259176173825,-0.239057562510376,18.5126567193102
0.775649799230343,26.4963281128339,27,32.5399212238384,0.285043938822403,22.9830224483265
0.0819616358208731,21.3814326130877,21,27.6375688950925,-0.134334038358309,19.4675375772586
0.497867089294066,24.6123778673358,25,30.8366295162334,0.119547613228557,21.6569240532264
0.53205890124955,24.8556659414548,25,31.0631155164098,0.581674241438339,25.1589752178912
0.573404228835276,25.1454874320506,26,31.3303557103737,0.526245032994957,24.7716009266668
-0.522096507165844,15.8217421708789,15,21.295937924847,-0.0856917052956552,19.9011224698329
0.921091771197126,27.4022541495252,29,33.3190688251987,1.35292506556652,29.7255075064364
-0.506420248251143,15.9764905913627,15,21.4861765968859,-0.298138888298143,17.961733181454
-0.627455030876496,14.7732272717353,14,19.9875632977799,-0.509796495386148,15.9258931109972
1.78462169206674,31.8135483009681,33,36.8024972291486,1.693287793383,31.3209032856098
1.98668957680702,32.6397413437695,37,37.4122031370452,2.11202738584579,32.9968800870051
-0.801088909619879,13.02924831821,11,17.7380963595632,-0.750028984276999,13.5385794860159
1.20522643190163,29.026375414982,29,34.6563781697459,1.05720311750191,28.1443919586556
0.29136071345407,23.0717604071994,22,29.3559980892656,-0.517056903551065,15.8546094712713
-2.06679873757567,2.89451778828478,3,2.82591834839101,-2.1994657679869,2.42534173313226
0.76553360295704,26.4313267929493,27,32.4830483636079,0.940272298798709,27.4637247790888
0.78994448305259,26.5877294861546,27,32.6196702394501,0.78615024409895,26.5146913886585
0.21509203893435,22.4711856118835,21,28.756778412037,0.352620369543443,23.5012381344498
-1.19774750908215,9.18721749783077,7,12.442444636735,-1.25051954670069,8.74174278549474
-0.675714845237041,14.2893554530982,15,19.372547501236,-0.718251136313826,13.8562606049892
1.90239022058458,32.3035679612495,35,37.1651440955459,2.12998658865616,33.0623265272523
0.928470488488783,27.4468187842731,30,33.356760005176,0.721882406244323,26.100760335074
1.49662088250225,30.5099387971901,32,35.8188378185277,1.52148493420461,30.543741919201
-1.09739694551948,10.1203128864204,9,13.7758749089371,-0.807911628383434,12.9604725311009
-0.654414428915642,14.5031131284128,14,19.6451053881672,-0.531476268360958,15.7128087215496
0.384757472784184,23.783852601804,22,30.0504023693504,0.276374589806819,22.9155662439573
-0.896133032333483,12.0791101364199,12,16.4740269178091,-1.15843980604773,9.57133332643825
-1.51075142614328,6.5216700295831,6,8.45715736559153,-1.23992524610652,8.83550830061278
-0.731839447720941,13.7252545096424,15,18.6467256553192,-0.64336197509458,14.6039350552337
-0.208885681347766,18.8208269183974,18,24.8458815186532,-0.192748549928363,18.9384248585418
-0.936228415848948,11.6817854152397,11,15.9370819048388,-0.78925361403203,13.1466682372773
0.53094567051982,24.8477965739968,26,31.0558204771291,0.417086190808252,23.9831117887708
-0.543410713776312,15.6107505401406,13,21.0353608407602,-0.606595179217344,14.9697507983394
0.233770386446581,22.6198626265619,23,28.9062808905571,0.174118866033319,22.103141742895
-0.622393272481863,14.8238780554349,16,20.0515354120869,-0.333521894153229,17.627845759715
0.533740550775305,24.8675468544287,25,31.0741254294106,0.124021211165613,21.6938339741873
-0.443307001858183,16.595372670968,15,22.2394902606526,-0.593108452094614,15.1036321554088
0.114511214432156,21.6527368475622,21,27.9200625087367,0.261161851055521,22.7966591117103
-0.213627670468983,18.7771296372526,17,24.7962897089705,-0.241710997807723,18.4880967558087
0.400709815946952,23.9029328746556,25,30.1648332847281,0.27620505311918,22.9142448654502
-0.344528976278455,17.5485049616453,17,23.3757197739674,0.0409045229124189,20.9984945822407
1.78680591186009,31.8228570718464,32,36.8094176676995,1.30309497861814,29.4724736633396
2.14485282815846,33.2387595312085,35,37.8497692157354,2.3187983851436,33.720525835294
0.70344291792564,26.0265369080654,25,32.1258897416874,1.09492359878282,28.3570185382162
1.80756517253161,31.9109094551401,34,36.8748155854101,1.75677085012151,31.59431331406
-1.90735257300664,3.75201751991992,3,4.16153795729764,-1.78681394748856,4.61302694777855
-1.24576946505352,8.75346223472096,10,11.8112672657226,-1.27117395987053,8.56024006409084
-1.69017234170636,5.17296784169559,5,6.37095250262849,-1.58114633142689,6.04990736870658
0.0552887965121691,21.1567723996234,21,27.4017070908215,-0.0648646636083103,20.0847734365256
-0.44097495732304,16.6181033264616,18,22.2669277721872,-0.770108133124089,13.3379010318923
-0.15949856112483,19.2723718486236,19,25.3545413749788,-0.547413904573844,15.5557382132047
0.3807458824362,23.7537908314299,26,30.0214379969856,-0.0145491841428857,20.5234216094785
-0.39449528700957,17.0689179658472,17,22.8076757993252,-0.254025086129393,18.3738901413409
-0.570415184566359,15.3425356384214,15,20.7021332259021,-0.538312020656341,15.645482586702
-0.464633971052247,16.3870269105738,17,21.987237348378,-0.406705331258452,16.9285460353507
0.984839741647389,27.7829415771961,28,33.6391698316724,0.700685655171074,25.9618218106001
0.898284207414102,27.2636667321215,26,33.2014809562365,0.465609533233582,24.3378437652921
-1.1434593044713,9.68771650955343,9,13.1617661402722,-1.01659131719395,10.9075811955447
-0.318299548537932,17.7980202417246,18,23.6682786367952,-0.268492897288069,18.2392331530058
-2.18061847273695,2.38977223311528,3,2.03343269651571,-2.25609685130292,2.20880349767288
0.199936639404728,22.3497887095122,23,28.6341398426326,0.559232101508065,25.0031789224988
0.708262311741644,26.0583179470266,26,32.1541186875235,0.96147279646111,27.5895969775669
0.399989508302823,23.8975718612105,24,30.1596919561006,0.398224935993295,23.843382028615
-0.776447360691459,13.2767530203302,13,18.0628726806191,-0.544001798207707,15.5893945093895
-0.778266479203827,13.2584725118966,12,18.0389478333224,-0.689777653818967,14.1408011386471
0.154889054329672,21.9849167504825,23,28.2624598253349,0.193260782636901,22.2575780535173
1.06359545883209,28.2399824373235,28,34.0179832495599,0.415130769700785,23.968673550751
0.339388662774909,23.4411363761378,22,29.7183677441216,0.592570676183606,25.2341106495616
-0.774667205821301,13.2946431008067,12,18.0862768576936,-0.4901836097514,16.1180492789891
-0.934128409274567,11.7025271549542,10,15.9652372880334,-0.991706364298376,11.1480663442571
-0.330085011506541,17.6861043787353,22,23.5373099155312,-0.404618692248958,16.9486385251635
0.414907827567498,24.0082976610327,23,30.2656822480137,0.465995058746391,24.3406349283421
0.154004429678345,21.9776910928797,22,28.2550526926917,0.0804323662774547,21.3316961745812
-0.693691811125848,14.1087731638476,14,19.1412269649831,-0.634762596660743,14.6895938716651
2.18178685247517,33.3728365335555,35,37.9473645701131,1.99426261921494,32.5550622465319
0.38005550446247,23.7486126075697,24,30.0164456933731,0.0459328518191494,21.0411334215844
0.414326381687593,24.0039941353124,23,30.2615705489454,0.65379491259878,25.650144701691
0.638832920649948,25.5945013977416,26,31.7389324670138,1.02932697982243,27.9851054752518
0.965288221964178,27.6672197922168,27,33.5423111453347,1.12737088345499,28.5372779933994
0.381147910483594,23.7568056298088,23,30.0243441303056,0.486399944175124,24.4877541463027
-1.03769324633735,10.6908678825255,10,14.57536478496,-0.893872737033153,12.1064936643627
0.0447286775977789,21.0672460543282,20,27.3072283542318,0.145668852636822,21.8716077862067
1.47863703159995,30.4233453525077,33,35.7523520881765,1.6377639876873,31.0757764365724
-1.0644982255775,10.4334112912269,9,14.2160495136223,-0.807961146234059,12.9599786467119
-0.789637445199522,13.1442341250245,12,17.8892099061307,-0.493437633298153,16.0862101932348
-0.420747923533708,16.8148185597199,15,22.5036879355923,-0.580608288284769,15.2275509886122
0.489489853208162,24.5522678734375,26,30.7803663496798,0.877040560005034,27.0816698095991
-0.403030897987196,16.9864564610378,18,22.7092522786612,0.0436041238672725,21.0213955717207
-0.477237981342971,16.2635104400859,16,21.8370422062929,-0.530813199937253,15.7193358975062
-2.50780051846981,1.39603959384348,1,0.411594642949552,-2.42904008084113,1.66586505299853
2.47733957079405,34.3700476426688,37,38.6720171021606,1.7023400755668,31.3603332718076
-1.44914345831895,7.01570479574521,5,9.21309981765565,-1.32720024824557,8.07670406990418
0.682111665332875,25.8851312887521,25,31.9998980689095,0.550167938611438,24.9398525912918
0.477078464193729,24.4628456544106,25,30.696442793201,0.027826214345585,20.8872510650182
-1.19298370744863,9.23071332757376,9,12.5053376884,-1.29045618698161,8.3923636256678
-0.277507736574299,18.1828300310872,17,24.1154331501618,-0.462825706127708,16.3850403782619
0.882088427230232,27.1644809801846,27,33.1169732669171,0.429022148519567,24.0710024610452
1.1598386923313,28.7792213575671,29,34.4575084415757,0.239387959493483,22.6252773929854
-1.3879647661361,7.52128435843005,7,9.97967138300505,-1.54008284165155,6.35922890188814
0.904870640123308,27.3038189183961,30,33.2356077231187,1.04865134170508,28.0957221106724
0.0166621530545932,20.8277096149555,21,27.0530728177331,-0.216822522882883,18.717768213748
-1.24242066179591,8.78342839637627,8,11.8551053568091,-1.61958102857359,5.76692191510973
-0.551501665461323,15.530489838027,14,20.9358772990086,-0.560285157791901,15.4286428518535
0.464887920839387,24.3745883941932,23,30.6133492887742,0.397072240920758,23.8348089211065
0.173565388930761,22.1369223463394,21,28.4178629769925,0.147985228043622,21.8905484196982
-1.24891718232572,8.72533443238425,10,11.7700871652907,-1.49698858620622,6.69151715259257
-0.323386488894259,17.7497539654096,17,23.6118460700272,-0.0873368370165346,19.8865644511402
-1.94384458272843,3.54070052621373,2,3.83285894737811,-1.91384981085435,3.83024124070595
-0.465153676484235,16.3819394812392,14,21.9810605812924,-0.372500689420245,17.2567935952447
-1.23596457896352,8.84131980845043,8,11.9396980733805,-0.920966752708625,11.8392823442982
-0.211270340910382,18.7988597353552,19,24.8209591593206,-0.232809164576366,18.5704219186628
-0.434711793377781,16.679099652496,15,22.3404732625832,-0.449954781188017,16.5102042252854
0.674041007012834,25.8313150937548,26,31.9517799931623,0.737053809036366,26.1994643952856
0.530795200805847,24.8467326456514,24,31.0548340392913,0.147985228043622,21.8905484196982
-0.356071566514113,17.4382044581831,17,23.2457394005005,-0.511313837153123,15.9110022021316
0.842874336539462,26.9216369331675,28,32.9088174117914,0.712189539830812,26.0373764010258
0.503664904221514,24.6538633297589,24,30.8753895525456,0.490871382920416,24.5198335781619
0.990745195321269,27.8177164336055,29,33.6682009012673,1.08102766971149,28.2790753223498
0.173747139714944,22.1383965048989,23,28.419366158913,0.284860057357081,22.9815939711035
0.118598316546626,21.6865810571709,21,27.9551231103784,0.400869381914903,23.8630353147324
-0.869319928934578,12.3461663552982,13,16.8321278984884,-0.816838341162315,12.8714654718405
-0.0961781382568181,19.8415653145501,18,25.9858085423215,-0.17667430210109,19.0849225909521
0.335403581505554,23.410745585773,22,29.6887302268456,1.08541981643038,28.3037597453902
-0.299133141219211,17.9793262993062,19,23.8795716786699,-0.504571464507113,15.977143725427
-0.905079366720003,11.9902308382736,10,16.3543511020402,-1.12288497416978,9.90011685383117
-1.40605097342186,7.37027233331544,7,9.75152919416662,-1.63131868818675,5.68177610205834
0.192027390992372,22.2861632137858,22,28.5696595943263,0.019499778869377,20.816169137256
1.41226557052611,30.0982501709102,32,35.5013193002439,1.97895082822966,32.4959754014295
1.57101704030884,30.8615206103812,32,36.0872112984424,2.20142021998559,33.3176973995463
1.96672251382662,32.5611959771091,34,37.3545901102878,1.88425295536631,32.1219317392502
-2.53039021855277,1.34821746843303,1,0.328679009919536,-2.28752813889616,2.09721562368291
1.11994242612427,28.5582155364043,28,34.2783186993497,1.82689327131939,31.888015507942
0.346307849895222,23.4937925391146,22,29.7696438544416,0.152842150106963,21.930211309929
-0.166561870989597,19.2081943636118,19,25.2826693370133,-0.254579438643395,18.3687400174286
-0.541281385491101,15.6318581475235,15,21.0614908809424,-0.615350222443108,14.8827462878736
-2.33093750532103,1.85617668580389,1,1.17969119146365,-2.20026681220335,2.42213743140468
0.44075173828224,24.1985956224455,24,30.4468705069966,0.0479996821320042,21.058638291452
1.43750889682323,30.2229243441105,31,35.5978614158925,2.58711412578911,34.5665630346082
-1.32539513423232,8.05370275603933,8,10.7778816304459,-1.17383623178262,9.43037061895457
-1.64487336698102,5.50017769899315,5,6.87901364324196,-1.54036974102091,6.3570429495541
-0.711382118707542,13.9309593534372,14,18.9125024040849,-0.685884171469336,14.1796906588086
1.52734703581729,30.6564337844017,31,35.9309632898167,0.60178017472189,25.2973555026268
1.17529317248966,28.8638838664233,29,34.5258100849231,0.462737308715352,24.3170356944521
-0.689213569406645,14.1537704288256,13,19.198958153731,-0.850024919707111,12.5411300747664
0.48365913925598,24.5103128792046,23,30.7410246073269,0.083023957863657,21.3533829210483
0.497014786760259,24.6062713289581,23,30.830919293423,0.715364141598947,26.0581636560549
-1.47630104853848,6.79605169905326,7,8.87775641382126,-0.907400344095132,11.9729330803305
0.167648672049634,22.0888788777071,21,28.3688323462954,-0.0624000727595619,20.1064258649522
-1.00863281087776,10.9721925774332,13,14.9653365367711,-0.637293088873633,14.6643932070901
-0.765570640398095,13.3860766046867,13,18.2057424674425,-0.573599477684828,15.2969561288456
-1.41978445730858,7.25647088302604,6,9.57912663954887,-0.983240348437687,11.2302249466725
-1.33669881055159,7.95637314071275,8,10.6327074468747,-1.23318422096047,8.89540345571312
0.120255964394372,21.7002934526668,20,27.9693170123696,-0.323720649456574,17.7206200830765
0.697091696726649,25.9845605979993,27,32.0885557123164,0.785206104101046,26.5086894100122
-0.213298293054886,18.7801667468826,19,24.7997385980687,-0.195142116774526,18.9165527983581
1.92275880708635,32.3858947246141,34,37.2257659067909,1.79873623715911,31.7711155577357
-1.1146659453313,9.95731398658398,8,13.545301368097,-1.26615265667734,8.60420617785747
1.52386775455895,30.639936976741,31,35.9183586519424,1.46596643038764,30.2805251970595
-1.18232899823739,9.32829509315849,10,12.6461721074486,-1.30705068993345,8.24911143686981
0.198512639579506,22.3383471612123,23,28.6225549356991,0.328253170578276,23.3159261848787
-0.292909324325834,18.0380116144875,17,23.9477295912656,-0.323681530838882,17.7209899286473
-1.94249585459761,3.54835621109975,2,3.84476877292155,-1.82767900121545,4.35170154501192
-2.49957038819309,1.41401890673568,1,0.442571382153621,-2.53490644260856,1.41100031973587
1.45505876905844,30.3088545856887,31,35.6642044887182,2.61570591824693,34.6508359168425
0.569951053398974,25.1214630679521,26,31.3083086865249,0.749921334724574,26.2826983741677
0.767151777181996,26.4417420568638,27,32.4921700644994,1.35812576384301,29.751616557026
1.11086017859694,28.5074072369247,30,34.2369390371558,1.16409733739292,28.7384050108502
-0.80017994473711,13.0383727997403,11,17.7501022260061,-1.14573051647153,9.68834430816386
0.218532514670517,22.4986492011706,21,28.7844520980281,-0.0747171622779421,19.9980456113853
-0.655693376420733,14.4902860532161,13,19.6287884246618,-0.603253984062019,15.002935323365
-1.18478669836306,9.30574959983387,9,12.6136659048577,-0.943754620377068,11.615511938497
0.917792219383188,27.3822833197415,27,33.3021591895379,1.41231036198907,30.020319903813
0.644424468889161,25.6323336625824,25,31.7730575964557,1.08083326518648,28.2779817046291
1.58627410330927,30.9323172556278,32,36.1409583521646,1.3087771226021,29.5015917504357
0.561169667437059,25.0602207048946,24,31.2520208280028,0.308541947422647,23.1647446873279
0.0518880485916137,21.1279775030012,21,27.3713496978229,0.121530762877219,21.673293516065
0.686353611465225,25.913347545946,29,32.0250896575106,0.0459277647819373,21.0410903219899
-2.34726827124874,1.80664802374421,2,1.09893642617818,-1.96911245296495,3.51836454284424
1.3245347027468,29.6549423444572,30,35.1551975585688,2.06589957084809,32.8264588967328
0.377290547989804,23.7278599815466,23,29.9964290015426,0.187857555140744,22.2140947518798
0.159046114142143,22.018840633626,21,28.2972114853643,0.427086593032438,24.0567780526792
-0.165586668163378,19.217063156273,21,25.2926098204121,-0.110639063471079,19.6795573338573
0.804845575887173,26.6824516694756,27,32.7020434321052,0.0716350740697222,21.2579329848809
0.63040501284019,25.5373185937103,26,31.6872648439793,0.501565847202663,24.596326680713
1.16643814514258,28.81543873313,30,34.4867498674502,1.35149372047352,29.7183118534656
0.0468729985550988,21.0854517256606,21,27.3264636708091,0.333563765563984,23.3564618753859
-0.285780750779485,18.1051124973722,17,24.0255210754499,-0.184924273974404,19.0098180986718
0.317524945001287,23.2738270145151,21,29.5548125342874,0.0972909849468504,21.4724191126926
-0.230436954481631,18.6217594937039,18,24.6194381467258,-0.409197887932824,16.9045336182145
-0.242167551173039,18.512899090168,18,24.4950415603496,-0.113078680149625,19.657798557207
0.275131506075882,22.9454071343697,24,29.230964201629,0.123987409442401,21.6935553100413
1.33567683870765,29.7121171775888,31,35.2000937591268,1.35840196885963,29.7530016160687
0.26013325008128,22.8279449276007,25,29.1142347784267,0.791579502914487,26.5491603276125
0.112393310256581,21.6351795245604,21,27.9018584797067,0.199118575073385,22.3046219815235
-0.262223256555359,18.3259684848618,18,24.2805032747121,0.047835827590255,21.057250989979
1.59109601376648,30.9546007490785,32,36.1578556474825,1.05799596619194,28.148895479074
0.667977887221827,25.7907709994323,27,31.9154673295314,0.213479391536036,22.4195241873536
-0.882037927896463,12.2193763774431,12,16.6623901647604,-0.763949738658602,13.3994404530497
0.388621866834813,23.8127671080253,23,30.0782323101427,0.449233686730526,24.2188887403746
0.193968557154981,22.3017960469121,23,28.5855154455185,0.246609505531906,22.6822734225254
-0.383415007426545,17.1757355597612,17,22.9348430175853,-0.180340559945464,19.0515684210598
2.05441066504234,32.9012167661061,34,37.6035636251687,2.23372272422355,33.4306152383081
1.55808486313076,30.8011666066705,32,36.0413157122155,1.56325488619618,30.7378208836558
0.159479525826898,22.0223745496896,21,28.3008293346574,-0.142945866321746,19.3901032775874
-1.15011818318748,9.62576767941683,9,13.0732501791747,-0.877148439879969,12.2719834093236
-0.726527999179695,13.7786672325275,15,18.7158576713148,-0.556910679878298,15.4619840613781
1.42298563399629,30.1513508638112,31,35.5424799375713,1.93577053858404,32.3272707641756
-0.639022531985413,14.6573963709592,13,19.8409782112024,-0.311201488989084,17.8388040123659
-1.35153271639214,7.82941104229523,8,10.4428248070483,-1.78735638273301,4.60950183916398
1.86015247784923,32.1305881021381,35,37.0374962740082,1.82709579298572,31.8888513391739
-1.35709821451355,7.78200059934281,8,10.3717727454931,-1.5200549484057,6.51268508576566
-0.209924039237832,18.8112635336157,18,24.8350336097245,0.473288646077788,24.3933591096497
-2.62899323690083,1.16357436320432,0,0,-2.94088371089711,0.807849116742897
0.423741694046457,24.0735608632633,23,30.3279594145918,0.58995917124213,25.2161334743912
-1.59832708791877,5.84602437101614,4,7.41500598607586,-1.29512258731528,8.35196602378397
-0.3208183029867,17.7741291969029,17,23.6403550238402,-0.177611029005762,19.0764039711741
0.862247153185649,27.0420865926301,26,33.0122846046452,0.392380415117752,23.7998737272477
-0.320020343167908,17.781699666715,17,23.6492053537709,-0.199087968272691,18.8804638197382
0.512608648244688,24.717673103272,26,30.9348950563572,0.88909813801657,27.1552973878085
0.133329552516566,21.8081545721614,22,28.0807378385264,0.429563846034299,24.0749814529168
-0.13121364199068,19.5280017787262,19,25.6394231059203,-0.134917118852212,19.4623010462011
0.377653853713396,23.7305880740789,25,29.9990611881931,0.0823558373026127,21.34779388783
0.56814199304626,25.1088639445305,25,31.2967389389253,0.491189118858137,24.5221109304122
0.366807640601928,23.6489774328108,26,29.9202097443706,-0.103446430485223,19.743613054668
0.0841504517452822,21.3997751486958,21,27.6567485526001,0.129988767176608,21.7429782861755
0.391242638381767,23.8323518006997,25,30.0970662208346,-0.153133022760338,19.298247134166
0.643705360334089,25.6274729252447,26,31.7686757520064,0.522637144087962,24.7460855281877
0.0761586345269217,21.3327341183663,21,27.5865911587719,0.145879453140092,21.8733304870442
-1.14355999776861,9.68677860586144,11,13.1604270924842,-1.09372243735261,10.1730326791688
0.539061934244468,24.9050905170318,25,31.1088859252478,0.41486232210058,23.9666905470376
1.43702738873638,30.220558106856,32,35.5960322807129,1.34064051003608,29.6636115950825
-0.224770082388599,18.6742211463959,18,24.679244295891,-0.34834117359331,17.487165973528
0.210944561729881,22.438031609173,21,28.7233359812506,0.347313948517577,23.4610315177932
0.371623125120078,23.6852530925322,23,29.9552870109421,0.511407077158669,24.6664282109139
-2.10229476295337,2.72743733212847,3,2.56450486837156,-1.95325130498618,3.60600153421569
-0.49323849905157,16.1063135619606,14,21.6451975348688,-0.220339961980127,18.6854040126114
-1.41944903719286,7.25924139040796,6,9.58332853479614,-1.6307720032693,5.6857284214833
-0.850851134563121,12.5306316498299,14,17.0781889666476,-0.699305277990035,14.045613560204
0.582088919274568,25.2057628315486,26,31.3855864699369,1.01242925906949,27.8876501987099
1.46790360590557,30.3713617411565,31,35.7123638938097,1.17262515501597,28.7846698065012
-1.16590958689635,9.47947295283744,8,12.8636382255785,-1.42280982177332,7.28178810239871
0.914390284831991,27.3616650655012,28,33.2846889951349,0.606470665289822,25.3294759545654
1.8159332325078,31.9461891187127,33,36.900986864305,1.14147367496876,28.614872338871
-0.141840536390619,19.4322173509751,18,25.5329399635456,-0.431767457639896,16.6865564424104
-0.5369692175624,15.6745843734574,14,21.1143415066966,-0.49417270523128,16.0790155079352
0.317786426783333,23.2758362673683,23,29.5567824016838,0.699816368925201,25.9560980568485
1.17184169672007,28.8450216276876,30,34.5106091817008,1.24919462801935,29.1928257285298
0.565300652489513,25.0890572620638,24,31.278539923408,0.628213934375556,25.4775761125719
0.471485522503878,24.4224063219513,23,30.6584019845837,0.339684862036228,23.4030812139005
-0.95737248898771,11.4734127362858,11,15.6534562841221,-1.1336073527217,9.80049584511908
0.219052554171568,22.5027973544112,21,28.7886297144175,0.297884244039329,23.0825250674323
0.117280169269161,21.6756712507863,22,27.9438255426208,0.16407904468191,22.0217078367163
0.0340436772516674,20.9763267164328,20,27.2109946833134,0.297289240114299,23.077924991417
-1.81090921581882,4.35043027185741,3,5.09209665827091,-1.56632677472849,6.1607130143108
2.07463920780785,32.977860757078,35,37.6595417309017,2.96956493105774,35.6060388113425
-0.570977649550484,15.3369392112908,14,20.6951568004507,-0.326292172954233,17.6963001078124
-0.743313639191059,13.6098662942819,12,18.4970885451917,-0.517533493187918,15.8499274992203
-0.349438886001512,17.5016227291265,15,23.3205214989589,-0.238499960753242,18.5178156013584
0.222013512796976,22.5264004565838,23,28.8123891239433,0.176044081583348,22.1187233091475
-0.0326214490022312,20.4015223184206,20,26.5959545960909,0.0255811254853783,20.8681046811924
-1.08073020611299,10.2785193099412,10,13.9987364087353,-0.70887060474291,13.9500231015594
0.666682374454973,25.7820951502888,27,31.9076900796253,0.389264200796348,23.7766349868043
-1.11785684377881,9.92730122942996,10,13.5027389564011,-1.0709101444322,10.388441217726
0.291755718439268,23.0748260394207,23,29.3590248760476,0.314530176577743,23.2107943579203
1.44977363353513,30.2830408968787,31,35.6442916005952,1.09343998178908,28.3487182334749
0.956941871269463,27.6175417076732,27,33.5006118894044,1.09928605485808,28.3813953467456
1.70643623678297,31.4747351724883,32,36.5497015674537,1.90197221085774,32.1930601916698
0.368645698961632,23.6628317364877,24,29.9336116632752,0.719658850164482,26.0862422703069
-0.730095006829916,13.7427970502967,12,18.6694403189314,-0.618630739054611,14.8501276997791
-0.578286711782906,15.2641806735133,13,20.6043700065905,-0.796043005572368,13.0788918577877
0.340749730761653,23.4515054087332,24,29.7284725264654,-0.182158699314999,19.0350146445345
-1.25234051159006,8.69478674335507,7,11.7253298730426,-1.3284158262471,8.06635714421088
0.915301508518117,27.3671905230356,28,33.2893720424492,0.986648251177041,27.7376396972002
0.581142729733704,25.1992059772417,27,31.3795841722866,1.10340086226931,28.4043479425766
-0.541730440617177,15.6274072780018,16,21.0559820954932,-0.12684571324217,19.5347070410067
-0.865906604909193,12.3802290886177,13,16.8776437493667,-0.950259975660697,11.5518112926743
-0.555930131818327,15.4865230612655,15,20.8812962878935,-0.306860138698903,17.8797034033405
-0.000166321982284256,20.682978242773,21,26.898543399004,-0.0169792198761122,20.5024016427828
-0.447396152287515,16.5554905544173,15,22.1913099759037,-0.50474009427293,15.9754903462961
-1.01440365211963,10.9161533655231,11,14.8878731860295,-1.18909056169822,9.2915780042642
-0.372940242826356,17.2764750416978,18,23.0544350027185,-0.39028195160527,17.0864527422443
-0.610700392071835,14.940795619338,16,20.1989071897146,-0.983771091452653,11.2250694176322
0.767742507071604,26.4455425636018,26,32.4954977090484,0.530978238812954,24.8050186268905
-0.228352532496304,18.6410659143192,20,24.6414582157219,-0.452046715848723,16.489881192688
-1.59049211237763,5.90516461803123,4,7.50652171743492,-1.69583481319118,5.22468468186539
0.508078879268442,24.6853833186036,24,30.9048003587639,0.435583459415855,24.1191407437594
0.272378135263541,22.9238933833354,23,29.2096202710421,0.174632771052641,22.1073020606637
-0.486927692729732,16.1683657132037,14,21.7210192895532,-0.192498420929029,18.9407096431812
-0.37153888440005,17.2899344169786,17,23.0703881894895,-0.631580034060683,14.7212813907363
-0.37073554220138,17.2976482063846,16,23.0795285643605,-0.241589371793872,18.4892228987608
-1.75107561546413,4.74858600447293,4,5.7112677720021,-1.47091337193045,6.89637187427202
-0.690412079958716,14.1417285551006,15,19.1835144293879,-0.429599363882545,16.7075382387583
-0.470249814114952,16.332027540055,16,21.9204179593279,-0.223171968728893,18.6593237172825
0.0647386446285929,21.2366071863951,19,27.4857233129234,0.229972640369118,22.5507352819294
-0.324702292741045,17.7372593995843,17,23.5972249852033,-0.512249768812463,15.9018154077445
-1.42276734452754,7.23185246048575,6,9.54177882757518,-1.23317906980953,8.89544929362196
0.340166006609743,23.4470590842209,22,29.7241399656846,1.08162444909893,28.2824319388608
0.958296138731563,27.6256137350669,28,33.5073923415438,1.03857520410315,28.0381548460306
-0.996423418231656,11.0910259096388,14,15.1292456623291,-0.770843031591422,13.3305580966075
-1.01292709768617,10.9304838478424,11,14.9076925559575,-1.20515769351949,9.1463443821023
-1.57810863835289,5.99917030274054,5,7.65188989274076,-1.64029987430695,5.6170334391953
-1.51498161414246,6.48830869053975,7,8.4059001506549,-1.32288641890022,8.1134728170422
2.84816135873462,35.442710406497,39,39.458215161107,3.19342904368458,36.1315616027922
-0.397916097333323,17.0358880946672,16,22.7682787250919,-0.348300734510576,17.4875505215043
-0.560780501200017,15.4383380835812,15,20.8214105941927,-0.820470308705678,12.8352679015307
0.88813651777115,27.2015960639407,26,33.1486303004893,1.3475720239752,29.6985748436704
0.453186015804963,24.2894701947567,25,30.5329628994393,0.628061684325195,25.4765436403485
0.55514947695938,25.0181116776176,24,31.2132465774775,0.54937334970405,24.9342901838323
1.82849353829162,31.9989131585039,34,36.9400659290125,2.11313163952396,33.0009187313153
0.660788699685152,25.7425693516155,27,31.8722274887205,0.901468445938596,27.2304536239914
0.235307356423099,22.6320505472866,22,28.9185025571779,-0.152552554180363,19.3034885940772
0.944310906363474,27.5420436815278,28,33.4371021034543,0.858613558777878,26.9684362772165
-2.18185184805613,2.38479243215328,1,2.02556312427189,-2.13729368059732,2.68662599585839
-0.521941886666866,15.8232703466953,14,21.2978202132073,-0.560290555457925,15.4285895093344
-0.614817771958341,14.8996402297954,14,20.147078886743,-0.367139536995852,17.3080225728358
0.658694882915795,25.7285047845733,25,31.8595966004459,0.571154432642117,25.0861214139643
0.618498441980938,25.4562048589954,26,31.6137921130933,0.70951189648387,26.0198221521553
-0.859329720380476,12.4459004938038,11,16.9652950389848,-0.837327581727767,12.6674010611169
0.882650875690258,27.1679363410212,26,33.1199222337743,1.04950465921737,28.1005862665672
0.0484793169702542,21.0990807834839,20,27.3408560030441,0.398004063086936,23.8417395983479
-0.96342923272684,11.4138881043636,10,15.5721737778554,-1.26101958757585,8.64925677402957
0.304406410130214,23.1727645794447,24,29.4555521718638,0.650779346457455,25.6298953033343
0.448001725634198,24.2516351976898,24,30.4971527935964,0.355093794507249,23.5199509734767
0.421618470459121,24.0578953635119,24,30.3130238380709,1.35767456258878,29.7493536201023
0.296215956356095,23.1094099755426,23,29.3931481762877,0.0229462977254561,20.8456159903472
-0.69392076914121,14.1064724036693,14,19.1382734822453,-0.740314074113611,13.6356972901865
1.83590398945043,32.0298906304837,33,36.9630083490665,2.29642853385134,33.645337269408
0.961679388085498,27.6457601974309,27,33.5243069811358,1.03018600820527,27.9900415836231
0.242844275512826,22.6917155829289,23,28.978258663042,0.166897625830241,22.0445996705661
-1.21334154021304,9.0454204565596,9,12.236906650658,-1.20589241982639,9.13972676710941
0.0406224501306129,21.0323456519899,20,27.2703219308823,0.159753132487874,21.9865281859206
-0.7614669566241,13.4273317609865,13,18.2595639560087,-0.774351119257838,13.2955084882969
-1.67912593754849,5.25187976171217,5,6.49354172638365,-1.81364953975862,4.44043835752545
1.14952046419968,28.7224027086004,31,34.4115642260955,0.983565908536122,27.7195970759208
0.0850974002177996,21.4077062908847,20,27.6650380378592,0.328253170578276,23.3159261848787
0.0894807388824739,21.4443842166544,20,27.7033447080917,0.698995876219202,25.9506937085518
-1.09612395995922,10.1323659865901,10,13.7928860091369,-0.968469230863114,11.3739647852671
1.92638069518875,32.4004600314628,34,37.2364828067936,2.79542214785379,35.1558287374643
-1.05790886727167,10.496511367662,11,14.3043318347062,-0.965160239083262,11.4062311582727
1.15158949856773,28.7338150075581,30,34.4207991840991,0.699767610982809,25.9557769531904
-0.705904834084283,13.9860232655332,15,18.9834326713657,-0.630791977386078,14.7291265344956
-0.0993637496238233,19.8131966416491,20,25.9546094321375,-0.10417127089203,19.7371642453813
0.884829578890455,27.1813136758102,27,33.1313357028688,0.261169557377783,22.7967195197369
-0.417243162168263,16.8488219753322,15,22.5444877807969,-0.505029598647183,15.972651714824
-2.2423787349915,2.15294719995668,3,1.65749402767378,-2.36918723597107,1.83468660005515
0.765664481794794,26.4321694366684,26,32.4837864780333,0.0576787824719092,21.1404495426793
0.668999936534938,25.7976123355532,27,31.9215983681304,0.0877883964422464,21.3932010477594
0.604913928038998,25.3631885773353,24,31.5292741477332,0.348234684104539,23.4680138353023
-1.75675132771073,4.70999324501522,5,5.65125621926679,-1.7902199145545,4.59091744074831
0.0527146782659379,21.1349799001602,20,27.3787347161803,-0.134702634929071,19.4642273907738
0.176508434325658,22.1607809372028,23,28.4421820323667,-0.326288835488393,17.6963316813152
-0.599205437868443,15.0556059260812,15,20.3432206386129,-0.330316445862462,17.6582109199099
0.349415575002241,23.517397229995,25,29.7925990778656,0.447331395042899,24.2050202073444
-0.846494383158116,12.5742004106057,13,17.1361531813004,-1.04851397412352,10.6014680799741
0.338701251515791,23.4358974035345,23,29.713260883662,0.44045698070752,24.1548155136547
-0.361842230061246,17.3829484807759,19,23.1804749332839,-0.2992718869161,17.9510865198605
-0.341446534285843,17.5779097028069,17,23.4103035735624,-0.384786361345944,17.1391692789031
-0.490765732832346,16.130635405696,14,21.6749308699838,-0.606079369130436,14.9748744922897
0.625137110618996,25.5014784250855,26,31.6548272545192,0.496329740138374,24.5589158419752
-0.155216243189273,19.3112149973688,19,25.3979733201272,-0.171312766081253,19.1336361687749
1.54228039654427,30.7269752287657,32,35.984799973923,1.00259669303092,27.8306271097267
-0.567518075548847,15.371355211607,15,20.7380441302926,-0.344506574302756,17.523614435098
-1.89994159286368,3.7959793068883,5,4.22990391581636,-1.80106459520534,4.52091456509657
0.224440266956102,22.5457257546926,22,28.8318280411229,0.516969888111887,24.7059313192401
-0.161814797755599,19.2513413883067,22,25.3310049519954,-0.00922365117345403,20.5694288653146
0.631689108326568,25.5460435228504,25,31.6951551311932,0.580841129680044,25.1532169006584
-0.346670018055819,17.5280679459305,19,23.3516664709543,-0.106108353379354,19.7199231994671
1.48464444463768,30.4523416718525,32,35.7746326655583,1.51439891304308,30.5104828458444
2.40065658579451,34.1239459318965,36,38.4931186050863,2.59002663889499,34.5751979239465
0.874662132466165,27.1187847877676,27,33.0779402839994,1.14120531836873,28.6134000572903
-0.494238886458646,16.0964709884296,16,21.6331597703988,-0.455878069203399,16.4526394820471
-1.04273986566215,10.6422420541799,10,14.5076804176113,-1.23376386277692,8.89024614133474
0.0831788316553901,21.3916346091242,20,27.648237935759,0.353526502331895,23.5080956178202
-0.292653764817,18.0404193195695,17,23.9505234871284,-0.0947660864353839,19.8207286246275
0.281310606584635,22.9936065715205,22,29.2787252446491,-0.0438519161730034,20.2688317030088
-0.233688706989414,18.5916185650375,19,24.5850355767888,-0.239201080124617,18.5113287815973
-0.956522721483888,11.4817701267059,12,15.6648592021513,-1.18769640145031,9.30422648645442
-0.527732645389333,15.7660136206625,15,21.2272463560693,-0.894360065876197,12.1016773825482
-1.90460806249327,3.7682572413673,3,4.18679300881789,-1.62914977461736,5.69746420878861
0.456539567417781,24.3139034951864,24,30.5560629025546,0.377688058913428,23.690059087581
1.80887212953131,31.9164276679047,33,36.8789102997502,2.10782938770645,32.9815090840378
0.24477744777212,22.7069921253446,21,28.9935387318549,-0.0696485254527129,20.0426967656375
0.2484424500932,22.7359237086473,24,29.0224548900882,0.267831382259422,22.8488742961904
-0.420759286755314,16.8147082732375,16,22.5035555452561,-0.486281833111948,16.1562037384172
0.735947819344977,26.2397035001146,26,32.3146176628181,0.527967813812543,24.783771582438
-0.646235818206335,14.5851137622024,15,19.7492995592271,-0.739599559680626,13.6428404093428
-2.2262664627728,2.21229079438029,1,1.75205374593107,-2.4879411991295,1.51757987143028
-0.343041845995326,17.5626940356954,15,23.3924115141882,-0.120127041090367,19.5948433866653
-1.00270595849494,11.0298329566034,10,15.0449010818631,-0.90520288556109,11.9946097846216
-0.0635248312945803,20.1306942816415,22,26.3022036979592,-0.423046594456809,16.7708987324241
0.0354737674174357,20.9885149097694,22,27.2239119496596,-0.0622383173820158,20.1078463565012
-1.21177941804203,9.0595843164942,7,12.2574723034793,-0.897913641723771,12.0665679257871
1.31117534896225,29.5860508921272,30,35.1009978870592,1.16337469288857,28.7344770234916
0.0399814240366571,21.0268928464616,20,27.2645518859342,-0.0799333502951992,19.9520198932835
0.587977925044227,25.246516723113,25,31.4228618604193,0.608767468838095,25.3451821384142
1.30277253077102,29.5425290057655,30,35.066698968503,1.40492805021285,29.9840646307999
0.0335037704354624,20.9717237030041,21,27.2061149852251,-0.419605475451653,16.8041389727601
-1.19674303606587,9.19638191634389,8,12.4557020328653,-1.13772502535342,9.76234508950368
0.7966525019038,26.6304406610079,27,32.6568474844791,0.691914327722354,25.9039739603456
0.816051451297206,26.7533119940493,27,32.7634846057769,0.767629673166842,26.3965269305215
-1.01720844240614,10.8889471267503,10,14.8502269287751,-0.867054798592845,12.3720408745493
-0.0412482336478315,20.3261961949733,21,26.5145074368557,0.161835874411103,22.0034725831285
-0.00727259253640034,20.6216133258044,20,26.8328049133131,-0.149985877779663,19.3266541384991
0.822851094007313,26.7961543421619,28,32.8005572284216,1.04504813095611,28.0751637770742
0.978478174588947,27.7453883998748,27,33.6077803084051,1.91588994384999,32.248557959888
1.85504732409069,32.1094724600048,34,37.0218878814527,2.00604737632799,32.600278244296
-0.81016228604392,12.9381939403786,13,17.618150736098,-0.715319586661787,13.885564310383
-0.757307694095338,13.469149389979,13,18.3140673400095,-0.520529116092583,15.8204911125307
-0.644567494763512,14.6018350289562,14,19.7705216938147,-0.583691030785706,15.1970064021535
0.145614544851686,21.9090463304388,19,28.1845934670975,-0.124091412547526,19.5593745998085
0.121390444452323,21.7096733927306,23,27.9790225629922,-0.222620124268945,18.6644073132914
0.0359212940998465,20.9923277989271,19,27.2279518589696,-0.182160771834436,19.0349957697464
0.979035059237926,27.7486795997274,29,33.6105329423281,1.51381630815982,30.5077439727364
-0.66755465662463,14.3712764203323,14,19.4771647185174,-0.63998526468113,14.6375771045828
-0.429193925879444,16.732774980644,17,22.4050933097753,-0.0645010453991952,20.087969039206
0.772804445202537,26.4780720345213,27,32.52396139107,0.685778099036174,25.8633810618292
0.36092747329297,23.6045896829696,22,29.8772272394683,0.173929287577506,22.1016068135545
-1.12898200166277,9.82292343891821,9,13.3544547999135,-1.37985576717744,7.63416850180724
1.81941833163918,31.9608460719688,33,36.9118545263669,2.32674460574481,33.7470573160731
-0.739430984399461,13.6489113099475,12,18.5477671238135,-0.990304722033017,11.1616569318945
0.853712650048115,26.9891391805534,27,32.9668565557399,1.09040430696428,28.3317187967723
0.753589341010856,26.3542389116454,26,32.415429179006,0.953960532883223,27.5451214246205
-0.247822874433724,18.4602915334922,18,24.4347830799813,-0.122472958422229,19.5738598895836
1.51174610855842,30.5822805460293,32,35.874262082973,2.40839139056651,34.014352773381
1.21807236567178,29.0955116226043,29,34.7117258161304,1.13748313824372,28.592962199962
-0.816834176276382,12.8712733868334,11,17.5298368528415,-0.86374772462115,12.4048508340919
-1.45217854892929,6.99101051848178,6,9.1754641101863,-1.52647287119154,6.4633258790392
0.786479167335753,26.5656201013984,27,32.6004032781935,1.12457246338762,28.5218268981189
0.272530023560486,22.9250807628882,23,29.2107986941121,0.148528227178437,21.8949861474429
-0.59744980954168,15.0731291082471,16,20.3652116776249,-0.778541709147936,13.2536455260887
0.0543090202168034,21.1484799120135,21,27.3929675811839,-0.014504798408449,20.5238053922973
0.793157603855165,26.6082023605329,28,32.6374975686304,0.872748526611403,27.0553724276891
1.88768606220395,32.2436961608971,34,37.1210054280145,2.0325315812282,32.7010720869288
-0.966824190860356,11.3805564664036,13,15.5266075019358,-1.12829719641564,9.84978248850905
1.34693340951594,29.7696191382557,31,35.2451692361349,1.52161159669695,30.5443355362215
0.537323232396467,24.8928322540387,26,31.097541529638,0.617716786978589,25.4062403549369
-0.752078557553416,13.5217279938946,13,18.382522021549,-0.565883181940043,15.3733010158435
-0.0736237446886421,20.0415970666217,21,26.2050114456391,-0.0559888671731597,20.1626711404
-1.01249801524056,10.9346492770428,10,14.9134521121961,-0.900935680374057,12.0367249871679
0.215347289644344,22.4732243583962,22,28.7588336524597,0.121564670168239,21.6735732955877
-2.3825261039537,1.70491531116814,1,0.931885271922607,-2.42990031512779,1.66357569358577
-0.929054962079824,11.7526705300072,13,16.0332459180861,-0.977138153220485,11.2895468446002
-1.45759570906357,6.9470264346081,8,9.10838784821657,-1.68364354676311,5.30962109256496
0.861149552367552,27.0352873278947,29,33.0064556887926,0.791415081115217,26.5481175897689
1.74043367787904,31.6234068857743,33,36.6608517633521,1.45596281117224,30.2324502210887
-1.189445397161,9.26307343934042,9,12.5520817942246,-1.19007508056895,9.28265042215522
-0.264443206562661,18.3052149086664,18,24.2566123244161,-0.312433634176619,17.8271881855685
-0.335624175250981,17.6333925198082,16,23.475481218275,-0.179556815078309,19.0587015841203
0.59091536932595,25.2668091554102,27,31.4414019207317,0.415708343704182,23.9729393392838
0.0916018734485324,21.4621125298057,21,27.7218435171729,0.557846218367576,24.9935115180307
0.386506150035358,23.7969420797756,24,30.0630043965977,0.464284489481998,24.3282473277975
0.503369223590347,24.6517499244025,24,30.8734163800082,0.195978416796443,22.2794159936974
1.11369722807915,28.523298301907,30,34.249888635435,1.07911482629897,28.2683108344986
1.15901458392704,28.7746919521828,29,34.4538490345861,1.36034837815304,29.7627575982107
0.106979222510292,21.5902364463177,21,27.8552111642485,-0.117789797872665,19.6157343965793
0.945426442546577,27.5487269231411,28,33.4427308337391,1.60734074299814,30.9390453885882
0.637963032531379,25.5886081625539,26,31.7336125272823,0.329148128609258,23.3227631991781
0.725187461554869,26.1694444406398,26,32.2525725695146,0.250259755840173,22.71102431012
0.107038697324355,21.5907306276343,20,27.8557244665303,0.168376035320843,22.0565975718626
-1.25478028166106,8.67304310338059,8,11.6934501362043,-1.50153475288765,6.65609380964326
-1.74965916482676,4.75824350224471,4,5.72628483327772,-1.81819818165769,4.41155451105708
1.76894939762847,31.7465078829893,33,36.752618865378,1.74408237620714,31.5402433754504
-0.925895062265148,11.7839245463803,11,16.0755943085558,-0.762584601621244,13.4130833222579
0.461921553969891,24.3530484018291,26,30.5930297879331,0.39613301063788,23.8278205815224
-0.177768626343554,19.1060919915253,17,25.1680359731902,-0.102342403109272,19.753432666453
1.30244338557907,29.5408212193037,31,35.0653521603464,1.63680996459051,31.0715149663361
-1.55379542660303,6.18561162636037,6,7.93979716460637,-1.3979770774816,7.48456141994618
0.0616391222827175,21.2104506717941,21,27.4582212109477,0.100508057606381,21.4991781842897
-0.149086805694813,19.3667254105921,20,25.4599520730101,-0.0650782949868213,20.082895797454
-0.818122363544913,12.858356177843,12,17.5127746346524,-0.806491998184669,12.9746324034421
-2.47298693529079,1.47419614816877,1,0.545534369992318,-3.03389073225707,0.724494296349593
-2.62899323690083,1.16357436320432,0,0,-2.30275513723059,2.04530674698895
1.98042342350488,32.6151635472544,34,37.3941821789081,2.27402717334788,33.5693018137986
-0.119181328292236,19.6360760808866,20,25.7591912707377,0.444472524542517,24.1841581259699
-0.680035955118505,14.2459618469313,15,19.3170504351188,-0.619293229430488,14.8435393221236
-0.225573633771999,18.6667872508749,17,24.6707753223243,-0.291555362958805,18.023538235982
1.29607853309674,29.5077523179541,30,35.0392592311926,1.22930761892619,29.088059532928
2.14656853974842,33.2450358254496,35,37.8543399603923,1.66560503374792,31.1993967364594
-0.495778587231842,16.0813190158478,16,21.6146225226594,-0.0781387107854695,19.967863673637
-1.06021940775877,10.4743711610537,10,14.2733720148699,-0.759903263582896,13.4398812889149
-0.576064190678628,15.2863116497638,13,20.6320017391484,-0.569662827539743,15.335914099884
0.640857849989737,25.6082117715961,27,31.7513047359886,0.505940862543877,24.6275251315559
0.281478261701503,22.9949127752093,21,29.2800184533545,0.183433571812449,22.1784277843269
-0.375680503264155,17.2501438410477,19,23.023207994168,-0.546114907338991,15.568553065931
0.406298112850559,23.9444737117648,24,30.2046387450417,0.0725719842326185,21.2657995066423
0.848496733282042,26.9566905413605,28,32.9389741484279,1.08766340880486,28.3163516784669
1.49800120433327,30.5165590917654,31,35.8239144058757,0.720301870403707,26.0904420473734
-1.79925314798247,4.42645719803364,3,5.21032792617156,-2.28074982552286,2.12077122610084
1.62123049420912,31.0928724466477,32,36.2624972784429,1.48456308728038,30.3693684557461
-0.925336606693255,11.7894499538477,12,16.0830778323252,-1.31015362501934,8.22245169654699
-0.569308885369689,15.3535419905176,14,20.7158507932707,-0.868346569538952,12.3592285902534
0.602549590441044,25.3469479096683,23,31.514488309696,0.341563694235951,23.4173686359678
0.971349815158633,27.7031945258058,27,33.5724632817536,1.13047432813878,28.5543922839685
-0.796636015187288,13.0739522968947,13,17.7968932846325,-0.476537239634939,16.2513842117142
-0.101382165367734,19.7952073511877,20,25.9348109441998,-0.173105586726072,19.117355464827
1.23637542855061,29.1934029465094,30,34.7898859739064,0.966366779257952,27.6184968636717
-1.81428576260954,4.3285497984907,5,5.05807012584147,-1.80853677136331,4.47303349470078
-1.78207166765068,4.53989986337843,4,5.38674645326738,-1.38313637133093,7.60698196523172
-0.987775325685746,11.1754131083882,11,15.2453517988673,-1.07752330649479,10.3258277163271
1.49597794181174,30.506853862295,32,35.8164719127798,0.910586781623613,27.2856064312668
0.812679208067894,26.7320211486716,27,32.7450401009277,0.861024329447639,26.9832995375868
-0.403245509310754,16.9843811840547,18,22.7067724602727,-0.194155277385996,18.9255721896545
0.162497132998112,22.0469637671533,21,28.3259905616209,0.442177550905929,24.1673938751605
0.682239997554733,25.8859856220284,25,32.000661195508,0.946612289551539,27.5014827440526
-0.901560504497554,12.0251753085889,11,16.4014334998977,-0.545817507352078,15.5714866591723
0.37519574017732,23.7121224048746,24,29.9812397226198,0.550813085572183,24.9443675402354
-1.01423171711646,10.9178217716756,13,14.8901809911882,-0.903168877437235,12.0146809118741
-0.365593119086889,17.346992978839,18,23.1379532714724,-0.35982833208575,17.3777868990332
-0.88925059728143,12.1475653712321,11,16.5660323012789,-1.03612196048874,10.7199641935396
0.60116171572787,25.3374074524081,26,31.5057984585484,0.529364089094745,24.7936294436033
-0.159198487119742,19.2750953261466,20,25.3575882743783,-0.288247336465169,18.0545548904668
-1.56179153735129,6.12402280200411,5,7.84475295562213,-1.28756556340208,8.41743306330555
1.10123518432114,28.4533598996309,28,34.1928448247847,0.94868498057291,27.5138052008092
-0.00283006355751207,20.659993226777,21,26.873935497055,0.165136129555626,22.0302959741864
0.30713086851192,23.1937949229991,23,29.4762364434465,0.734562398056838,26.1832976641352
-0.351862667398444,17.4784592223382,19,23.293222622379,0.0309090851766319,20.9135184166825
1.79771319023332,31.8692159712708,34,36.8438632867314,1.43924393786143,30.1516572839724
-1.82693942677582,4.24713163994123,4,4.93145757982215,-1.70094974509968,5.18925242188311
0.347873844555922,23.5056905661832,24,29.7812168989407,0.204978897893681,22.3515846556382
2.53522776058598,34.5501548006615,37,38.8031330361127,3.37671434111024,36.5200228453284
0.356662399964842,23.572330679707,25,29.8459472587724,0.652736026886736,25.6430371697887
-1.24133340359232,8.79316670866008,8,11.8693442964705,-1.19897779325929,9.20208855569085
0.631974111408584,25.5479794016935,24,31.6969054853305,1.14383818680766,28.6278376525383
-0.170063682174519,19.1763265740064,19,25.2469285608515,-0.658683122264324,14.4511938797227
0.183738708799059,22.2192856505918,22,28.5017322831135,0.363153621100234,23.5808035531486
0.42178678387872,24.0591376822094,24,30.3142085753483,0.473758452911877,24.3967500225261
-0.986661954099104,11.1862899330587,10,15.2602994738864,-0.744046739673015,13.5983816897473
0.729779966574841,26.1994679728736,26,32.2791051452795,0.674588044949235,25.789092514877
0.799471291535886,26.6483541171907,29,32.6724231558043,0.44804766921367,24.2102433848404
-1.64466393068828,5.50171237810721,4,6.88139471584321,-1.57694749083041,6.08120692614443
-1.27097013348358,8.52933589745569,9,11.4822972545763,-1.21812027751442,9.02989908574421
1.02507232416775,28.0182292017122,28,33.8349216399528,1.67554785299762,31.2431993840835
1.14891334575179,28.719052187067,30,34.4088522928138,1.00487423887026,27.8438562327857
-1.33175061611465,7.9989173395118,8,10.6962072698557,-1.57593633059774,6.08875570098871
0.610664045003035,25.4026224235103,26,31.5651396550189,0.591133006523495,25.2242163215752
0.00851016030750725,20.7577027045526,20,26.9784172912289,0.530525414510892,24.8018243168827
0.736762610190821,26.2450112927263,26,32.3192985903714,0.768637230703461,26.4029785471804
-0.0340677691840437,20.3889085360907,19,26.5823294958009,-0.231578765977032,18.5817851886935
-0.502846561697062,16.0117144583528,17,21.5293745709004,-0.7799109047027,13.2399690194882
0.187747709920346,22.2516579631954,22,28.5346320983872,0.0882577892319512,21.3971203371942
0.839922761101066,26.903203216517,27,32.8929438240825,1.53440402696849,30.6041283383044
0.134740965519882,21.8197687702283,21,28.092711232467,0.0698469970524813,21.2429127521855
0.756319902198169,26.3718944440294,28,32.4309325181665,0.777196189332413,26.4576755931849
-0.0824312881837936,19.9636558080273,19,26.1197642010932,0.186082355922032,22.1997897211419
0.0735850523048184,21.3111048438642,20,27.5639231377142,0.405774082183917,23.899432658789
0.857458822103649,27.0124025034582,26,32.986826572949,0.960052584010713,27.5811993748406
0.919967848124131,27.3954544790214,29,33.3133127536149,1.35429817345649,29.7324063814067
0.382406042716439,23.766237295937,23,30.0334338419519,0.775202981749251,26.4449549900794
-0.464163309111365,16.3916338320731,16,21.992830013653,-0.497206372383768,16.0493136851075
-1.31639942605277,8.13151898135677,8,10.8937026881604,-1.33616407513417,8.00054938368171
1.75428406954832,31.6833796475543,33,36.7055886077237,1.14439013368509,28.6308623099045
0.616790099761925,25.4445351166591,25,31.6032040476716,0.867744289510675,27.0246523272276
-0.367464702089227,17.3290406687552,16,23.1167067408307,-0.24071668036947,18.4973021243608
-0.454163294735377,16.4894209365262,15,22.1113821689243,-0.909225012685628,11.9549395854273
0.861123527711662,27.0351260775905,29,33.0063174341682,0.832076855308089,26.8038450938261
-0.55035520358868,15.5418679118312,14,20.9499925347568,-0.419389485090742,16.8062246184532
0.510978384854368,24.7060586687657,24,30.9240741874912,0.118858872466553,21.6512362913095
-0.763077308061135,13.4111421053627,12,18.2384489917695,-0.894870782561943,12.096630332381
0.00746278112320219,20.7486940308348,20,26.9687980751105,-0.0811911348423718,19.9409103422875
-0.750136875781776,13.5412524754329,13,18.4079208953615,-0.805549472871648,12.9840341786376
0.152187238863959,21.9628408838792,22,28.2398238236824,0.0548995123514205,21.1169860296422
0.640158733214792,25.6034794506187,26,31.7470349684881,1.24740079687073,29.1834110864226
1.05942881383631,28.2161629411328,29,33.9983855254149,0.871884568377657,27.050073287342
-2.35791596786484,1.77518564615045,2,1.04745117560597,-2.31217843397148,2.01387426745907
-0.321544554403519,17.7672377470597,20,23.6322968628512,-0.443973957347609,16.5682639593262
0.0557870195894767,21.1609881011114,21,27.4061491316938,-0.00489689249839483,20.6067480277918
-2.38364891345895,1.70178943559508,2,0.926724815128521,-2.71374036611907,1.08537351157442
-1.78181094896551,4.54163374523067,3,5.38944286180397,-1.84505575481923,4.24324466416892
0.603384472907044,25.3526844759227,24,31.5197119829464,0.79462650783004,26.5684711715338
0.0121976345682861,20.7893937296636,21,27.0122337338865,0.326587912373136,23.3031982043245
0.26885260934729,22.8963135709741,25,29.1822348112529,0.223416593759026,22.4986754228666
1.61464954924296,31.0628208932364,32,36.2397849604308,1.78026605328941,31.6936815132057
-0.669097161797361,14.3557937591437,15,19.4574079512367,-0.685140612078162,14.1871169391167
-1.76848267713568,4.63076089176127,3,5.52804547510562,-1.86650985524478,4.11160005947737
-0.392114624334001,17.0918901847022,18,22.8350555986654,0.0264332799269024,20.8753736698792
0.877338958011011,27.1352718065766,29,33.0920304741033,0.671131777503619,25.7660781791915
-0.00349406935116679,20.6542604021326,22,26.8677950453771,-0.020832148918685,20.4690390508608
-1.88786251278615,3.86837518948547,5,4.34248389417207,-1.89314484596996,3.95172681162713
0.0219208550615752,20.8727665537895,20,27.1010316992324,-0.00783097788912404,20.5814467962507
0.284151212293759,23.0157265570925,21,29.3006172328298,0.396079514603269,23.8274224670208
-2.13069852965263,2.60007587144403,2,2.364708949523,-1.85732615862347,4.16764292477859
-1.75291959957024,4.73602916548564,5,5.69174215189309,-1.89472271649662,3.94238186416233
2.10045529673287,33.0747104739157,35,37.7302122130013,1.74427136721838,31.5410508324427
-0.028049547138577,20.4413554462404,20,26.6389452203059,0.0451780047316064,21.0347372069444
1.48190074942987,30.4391072788086,30,35.7644656347486,1.70777246480295,31.3839244520826
0.715276124189297,26.1044604086893,26,32.1950467432583,0.461549045905121,24.3084202742289
0.212320058448853,22.4490326892323,22,28.7344369872501,0.051606332803898,21.0891548407925
-0.0731967733798317,20.0453698893293,20,26.2091326062974,0.144597495532937,21.8628421172673
-0.0044332915888305,20.6461492480927,21,26.8591052091738,0.728946615969501,26.1467961490741
0.998605826328011,27.863876696332,28,33.7066833185791,1.18598671384463,28.8568303006926
0.420426383157236,24.0490942488544,24,30.3046291569062,0.191333715403089,22.2420795904533
0.27727922605946,22.9621730027244,21,29.2475866616725,0.102840782028686,21.5185624089833
0.801243828729327,26.6596082446449,26,32.6822034972969,0.582152186382686,25.1622778093957
-1.17861581335088,9.36239896272948,9,12.6953061944401,-1.33786947113898,7.9860986950892
-0.845876465322501,12.5803813144227,13,17.1443715908429,-1.07114817230587,10.3861852341824
0.257602983428792,22.8080629116503,24,29.0944296725282,-0.175762123852925,19.0932157506493
0.771171843153237,26.4675876809064,27,32.5147910602087,0.461880962574581,24.3108272234743
0.147489270238974,21.9244032200996,21,28.2003704892353,0.139389520578444,21.8201831040881
0.597363940827428,25.3112740090963,25,31.4819797594962,0.771501257277658,26.4213029312576
0.666060655380557,25.7779299975412,28,31.9039554711476,1.12966698374533,28.5499422130703
-0.014116582532544,20.5623743017383,19,26.7692200279822,0.102160563572375,21.5129116510961
0.13161228058043,21.7940155413384,22,28.0661552008162,-0.0154225656910247,20.5158687415418
0.253437324594357,22.7752891865212,22,29.0617529290467,0.229253921983139,22.5450343337927
-0.967596932776114,11.3729731043909,11,15.516235479722,-1.1345993942508,9.79129902351906
0.709520843036546,26.0666071174377,27,32.1614761124223,0.809316750243419,26.6612328074635
-0.0342040833905201,20.3877193883197,19,26.5810447233765,-0.250027934039165,18.4110026673744
0.0173835492932054,20.8338953851441,20,27.0596611611781,0.0444489746950102,21.0285581837967
-0.41175201534853,16.9020479287457,18,22.6082777162998,-0.221347688569625,18.6761260640359
-1.52893836814232,6.37875453268891,6,8.23741290805678,-1.728374743616,5.0013530252027
-0.540701782412047,15.6376025443943,14,21.0685997460616,-0.597338668201538,15.0616589150842
0.755568286338694,26.3670365004194,27,32.4266677281502,1.07654717119696,28.2538479743504
-0.143980449636414,19.4128917856459,17,25.5114177313535,-0.0426390260566121,20.2794178942823
-0.236185779436774,18.5684543691596,18,24.558575374956,-0.371599656581043,17.265407743658
-1.41271734901607,7.31493837693142,6,9.66775160198093,-1.19806840884967,9.21030380949233
-0.340991900403232,17.5822448205407,18,23.4153998343961,-0.796567035882159,13.0736616236902
-0.40605820599305,16.9571738517504,17,22.67424865918,-0.324305352742022,17.7150916135847
-0.514342662877644,15.898331803905,17,21.3901858385476,-0.635064345103982,14.6865890750231
0.589770090358642,25.2589001682966,30,31.4341775283783,0.68387756944229,25.8507878071911
-0.713900239506751,13.9056421481333,13,18.8798598672891,-0.579129442460193,15.2421999953715
-0.621186465294832,14.8359507383404,13,20.0667718395339,-0.72020470902149,13.8367320793017
-0.156418271697561,19.3003169414957,19,25.3857930058219,-0.398325968586994,17.0091793279741
0.0741144766808071,21.315555910292,22,27.5685892951835,0.146913567404447,21.8817875881925
-0.400459819420706,17.0113112342865,16,22.7389412884106,-0.312580867294342,17.8257999382083
1.40524441881434,30.0633468146347,32,35.474230105148,1.13048395936149,28.5544453621396
1.36736264462301,29.8733136806275,31,35.3262601322043,1.14053626090308,28.6097287018611
-0.306822646903474,17.9066919968293,18,23.795054855652,-0.95987838992135,11.4577835923429
-0.167570960510449,19.1990146797426,18,25.2723775696537,-0.22404514870199,18.6512784020116
-0.790439664488949,13.1361767641704,12,17.8786339334128,-0.533907950640658,15.6888662242338
0.108856590541852,21.605830591508,21,27.8714045899605,0.00578645486329437,20.6986643666303
0.217184724328776,22.4878946597255,24,28.7736183954732,0.0314830850083195,20.9184061009968
-0.844311221616742,12.5960398086953,13,17.1651865980621,-0.735411588353138,13.6847085906024
-0.488807784011736,16.1498863389097,16,21.6984518967773,-0.720784939498466,13.8309318232837
-1.23870174962522,8.81675640096759,8,11.9038210100644,-1.19798128733177,9.21109101971443
0.848046688762728,26.9538875906181,26,32.9365641343513,0.852681425368793,26.931799396781
-0.139976542515134,19.4490408122404,19,25.5516652794959,-0.579478546337836,15.2387420982671
-1.13447228274871,9.77156496506252,9,13.2813428051183,-1.08316266554205,10.272541460534
0.827994369752157,26.8284828368298,27,32.8284946789453,0.627053370401657,25.4697042190943
-0.428302206341308,16.741443667957,15,22.4155209554768,-0.0997277302407379,19.776675128105
0.0586587943137384,21.1852732677192,21,27.4317261373167,0.205381056425746,22.3548036944972
1.34518530785916,29.7607064089778,32,35.2381876668841,1.43150243499478,30.1140569877916
0.381292101374941,23.7578867992328,23,30.0253862547064,0.433948747793795,24.1071590480293
0.519946435071688,24.7698569175792,26,30.983457865661,-0.0362294361484551,20.3352922036218
-0.501258045571785,16.0273650231891,16,21.5485557417498,-0.72008547824467,13.8379239611708
-1.00927258061632,10.9659758209519,10,14.9567483845995,-0.658683122264324,14.4511938797227
-1.70337852422263,5.07939136491581,5,6.22554278108254,-1.89817299791703,3.92199721296395
0.274431600987798,22.9399404783725,22,29.2255422097429,-0.188722137788549,18.9751840763985
-0.599359004977999,15.0540729975494,15,20.3412964188962,-0.618948678941332,14.8469658782848
0.588479358672163,25.249982402582,25,31.4260292147021,0.869117957037838,27.033091356845
0.124056517611298,21.7317015671659,21,28.0018033928918,0.044155199454549,21.0260678037442
-1.04164075542265,10.6528263816807,11,14.5224202691494,-1.09680872074299,10.1440170144109
1.29189184574183,29.4859539320046,31,35.0220448134478,0.402521563211593,23.8753038332754
0.551227850298304,24.9906271737949,25,31.187907059992,0.416786081312925,23.980896593094
0.176110846048607,22.1575592866763,21,28.4388993582559,0.539497777364987,24.865008730283
-1.69686862558452,5.12541441100618,5,6.29706345422261,-1.88086463664924,4.02494065112169
0.30294348583343,23.1614631084219,22,29.4444303932279,0.619037394807548,25.4152316172546
0.909284825712196,27.3306692450955,27,33.2584020220813,0.691192686404151,25.8992053916729
-0.185644687097465,19.0341324336683,20,25.0870315961719,-0.354767708571607,17.4260086962197
-0.164893564266558,19.2233648861026,18,25.2996714108099,-0.411114370664717,16.8860625663019
-0.303489906388351,17.9381901357724,18,23.8317273888849,0.194556701951472,22.2679943244306
1.20236583523502,29.0109311450951,31,34.6439974076704,1.53337870933292,30.599347605882
-1.26633833531706,8.57034637129489,7,11.54263542117,-1.10985146308239,10.0217399614886
1.44471218885535,30.2582679688537,31,35.6251680566375,0.492705837180081,24.5329779291405
2.045607610813,32.8676543202472,34,37.5790355215718,2.24322302717635,33.4635248922696
-0.0614208543317924,20.1492198661739,19,26.3223780397441,-0.0243742997028187,20.4383301988726
-0.119961299558444,19.6290825824054,20,25.7514531873617,0.252679894554556,22.730064599195
-0.784524115942065,13.1955984711159,12,17.9565841557503,-1.12590193634517,9.87204627401932
1.35533877081391,29.8123864407211,32,35.2786442003834,1.09578840554808,28.3618544659993
2.03637230506053,32.8323074621851,35,37.5531928709512,1.93816687520613,32.3367140485292
-0.32587479589007,17.7261221803385,17,23.5841879193726,-0.170628341642018,19.1398492314858
0.807559950509445,26.6996452817453,27,32.716965782301,1.30058211606987,29.4595746503716
-1.41836937736474,7.26816221390006,6,9.59685672920541,-1.35576519323277,7.83519270473495
0.508206650353622,24.6862949079388,24,30.9056504548083,0.477451190845163,24.4233809129938
-0.286113677380812,18.1019814364977,19,24.0218945046428,-0.237521423913813,18.5268670622605
-0.473409839641224,16.3010549301228,14,21.8827469410969,-0.461435213474859,16.3985763819368
0.791961329641819,26.6005832075507,28,32.6308644948885,1.0048702378367,27.8438330037398
1.41059811772991,30.0899699350083,32,35.4948952981721,1.32601120769862,29.5894895903344
1.77340769041907,31.7656231774241,33,36.7668476400655,2.45571080856855,34.1648960648716
-0.162026797889136,19.2494157863397,21,25.3288491433794,-0.482925558042766,16.189003968194
1.27555287517032,29.400531223768,31,34.9544741951863,1.14408954598917,28.6292151814524
-0.921492365398725,11.8274998514438,10,16.1345854431034,-0.852989228071958,12.5116744687324
0.631428689720938,25.5442744411516,27,31.6935554827828,0.095887627201372,21.460736711974
-2.20012496270981,2.31222062175904,1,1.91072138000873,-2.14671154026389,2.64544134219713
0.404616856613328,23.9319855273168,24,30.1926784207274,0.815407626578272,26.699529030572
-0.278675285427786,18.1718721631821,18,24.1027681017489,-0.117172554901785,19.6212490221299
1.71807545924195,31.5258684865154,33,36.5879704757847,2.18165403048128,33.2478195314199
0.707338745151852,26.0522323241711,27,32.148715728889,0.272530146321595,22.8855815604359
-0.0699091500087709,20.0744027367833,19,26.2408295765587,0.173399353538594,22.0973156185909
1.48477941986686,30.4529923540608,31,35.7751324432261,1.62587740491711,31.0225601805339
-0.263463029189386,18.3143797838905,18,24.2671644571113,-0.32762309010262,17.6837071985169
-1.36070683387005,7.7513255233163,7,10.3257595871468,-1.20263110077982,9.16911708205655
-0.963336128593475,11.4148025402683,9,15.573423347611,-0.821975564092892,12.8202688841798
-0.584103184378432,15.2062353088341,14,20.5319513313515,-0.43917869762899,16.6147674605075
-0.165139882646539,19.221125498382,19,25.2971621535905,-0.154220873923998,19.2884217382231
-0.207661164981929,18.8321011973278,20,24.8586661459593,-0.537393306484868,15.654534865579
-2.62899323690083,1.16357436320432,0,0,-2.50796888546541,1.47091992116541
1.07246366154853,28.290546787757,29,34.0595335325782,0.910453586382422,27.2848022898567
0.335654953969013,23.4126639633432,22,29.690601991063,0.456098900571279,24.2688522033346
0.678205076618408,25.8591033443117,25,31.9766375939313,0.812134465558134,26.6789610895415
0.00890498973074553,20.7610978625644,21,26.9820418180199,0.0538819367468276,21.1083897016292
1.4202586859357,30.1378650201922,30,35.5320323856048,1.15115490684597,28.6678769435501
0.429016741821521,24.1124248556662,24,30.3649766752908,0.564705750839134,25.0413082008464
-0.391165494531803,17.1010455018218,16,22.8459627484353,-0.358873171051669,17.3868926908689
0.930899061403595,27.4614575572778,28,33.3691281910614,0.984211471346453,27.7233778140443
-0.300136929513254,17.9698526706652,18,23.8685581521951,-0.36029223886032,17.3733636504068
1.0316142449491,28.0561292836891,29,33.8663064825842,0.721252204026389,26.0966469587615
-1.32869101176852,8.02527184102204,6,10.7355102536897,-1.02705232102564,10.8069618933483
-0.251031498255429,18.430407730509,18,24.4005117306435,-0.03603612027221,20.3369755900826
-0.158473719326527,19.2816723206806,20,25.3649452643253,0.179469715347929,22.1464212921907
-0.740229447027716,13.6408817075884,12,18.5373487939745,-0.784639950040293,13.1927377471857
-1.27617040074519,8.48339095172187,7,11.4146230834894,-1.15059661498657,9.64347477267231
-0.943807262218943,11.6069974238749,10,15.8354471180519,-0.923949798870223,11.8099363125811
-0.636600185446453,14.6816613263027,14,19.8717191490489,-0.6519743863694,14.5180940692911
-0.918418148313216,11.8579462837638,12,16.1757669958435,-1.13117102747733,9.82309662136411
1.51903574377935,30.6169875877655,32,35.9008146747586,1.20211116199353,28.9433814945795
0.778722798219418,26.516021386418,26,32.5571258419367,1.05421706682123,28.1274173654636
1.01137519452903,27.9385525687444,28,33.7688095811459,1.38891739126801,29.9050527057964
1.81306940918106,31.9341290855526,33,36.8920424492398,0.971374181591825,27.6480058880419
-0.893866531091307,12.1016460766723,11,16.5043319763457,-1.18009120333023,9.37335366040237
0.374868624559453,23.7096637437888,23,29.9788659583819,0.31580618945313,23.2205932786849
0.359757742426256,23.5957476768163,24,29.8686571164636,0.368372777476925,23.6201071903524
-0.302974079856616,17.9430628995589,17,23.8373976926867,-0.125985254950345,19.5424155298027
0.625332732988736,25.5028106887655,25,31.656033783739,0.951208471940858,27.5287934500757
0.338284725600515,23.4327222576297,24,29.710165348292,0.393604725447504,23.8089960981275
-1.10565379986145,10.0422586012808,12,13.6655839730302,-1.25752592949229,8.67998005463199
-0.437138576546849,16.6554743710071,16,22.3120014819785,-0.354587991291083,17.4277201728054
0.341200826235953,23.4549407946004,23,29.7318195507085,-0.102342403109272,19.753432666453
1.2954733010962,29.5046033912555,31,35.036773201275,1.16039305123762,28.7182576389752
0.305182535707512,23.1787577912479,22,29.4614483097964,0.21891998554706,22.4628954928257
0.971102017411575,27.7017255971541,28,33.5712328360686,0.906435211890417,27.2605212345708
-0.343285049107913,17.5603739190136,19,23.3896826277129,0.125942638951578,21.7096688528638
0.72737902040174,26.1837786642719,28,32.2652436517682,0.373731745874957,23.6603806936411
-1.74065908406863,4.81984910722566,4,5.82207597186965,-1.97249543621863,3.49987130685935
-0.240043414788799,18.5326373572787,16,24.5176264253062,-0.104877115315715,19.7308830541534
0.531571456101841,24.8522206451108,26,31.0599219205587,0.707568595464888,26.0070700613583
0.393125767699793,23.8464118817271,23,30.1105792555597,0.278767995561598,22.9342115212011
0.102843233196102,21.555844402224,22,27.8194675689734,0.160591178832875,21.9933477527146
0.256129061896379,22.7964725699499,24,29.0828778679497,0.312816223889221,23.1976248036043
0.939002952206318,27.510202345205,29,33.4102668844031,1.22411727937059,29.0605740621341
0.268944511695254,22.8970329801323,22,29.182949484107,0.17536037074584,22.1131910087075
0.178459156045856,22.1765807828313,22,28.4582759406055,0.337933112581343,23.3897508357568
-1.88278055627978,3.89910667415472,3,4.39027207379489,-1.86168281081733,4.1409986887774
0.496982623910719,24.6060408498342,22,30.83070374801,0.183967483090167,22.1827353459194
0.0317643675568136,20.9568884761708,19,27.1903830150696,-0.0730651809588672,20.0126062859931
-0.562149251280357,15.4247350416586,13,20.8044914522033,-1.16215583959569,9.53723131861863
-2.62899323690083,1.16357436320432,0,0,-1.80812359377102,4.47567354566186
0.0191997800885694,20.8494623037473,21,27.0762353083186,0.0625345680951977,21.1813897223833
-1.20931650862464,9.08193408353518,7,12.2899080125312,-1.35521010808007,7.83985331788787
0.442481552603672,24.2112643132071,25,30.458889245263,0.351493339512306,23.4927055700222
0.0152516376308906,20.8156104381789,21,27.0401823819488,0.0915629240791245,21.4246989609319
-0.11874389464706,19.6399975234715,19,25.7635294874952,-0.43093210301298,16.6946416621462
0.883317989379305,27.1720336927773,28,33.1234186418096,0.70866080310901,26.0142384635235
0.300878281439687,23.1454981295918,26,29.4287117697097,0.797357238546422,26.5857569669464
-0.0356854542542689,20.3747930720671,20,26.5670757880208,-0.252591337945651,18.3872066474707
-0.660430628912115,14.4427652049489,15,19.5682955358182,-0.471679295792513,16.2987748704633
0.250797131570734,22.754490580755,21,29.0409966253093,0.264269920777122,22.8210082847042
-0.151504986932894,19.3448377651056,20,25.4355265501328,0.408242314335498,23.9177226880003
-1.32743941974058,8.03606329581755,8,10.7515965091425,-1.20904517592363,9.11135387826614
0.0449007479898362,21.0687074627773,19,27.30877283945,0.345853477429126,23.4499510572068
0.626483654105274,25.5106468000051,26,31.6631291813432,1.32483473934879,29.583509264332
0.401893498453063,23.9117393723304,24,30.1732767872324,1.11025908552319,28.4425165024136
0.522842922827241,24.7904140977566,25,31.0025636844639,0.411425933138584,23.941287668257
-1.08085332255785,10.2773475092064,8,13.9970890723539,-1.05153217073413,10.5726735463419
0.937276504148087,27.4998310876798,29,33.4015197899297,0.962923874152433,27.5981719792479
-0.543604720458787,15.6088270779779,15,21.0329790192767,-0.476411138901841,16.252614865275
-0.445788183531344,16.5711770743443,16,22.2102663869206,-0.621703961426795,14.8195616998923
-1.61687383907738,5.7070815244799,6,7.19982814529426,-1.55885008203059,6.21697105574318
-0.177317589845918,19.1102078360285,22,25.1726638231758,-0.0675270363442298,20.0613643133447
-0.797693337553133,13.0633365260205,12,17.7829363359143,-0.747452185142818,13.5643382878847
2.29390524034159,33.7667586116058,36,38.2336833068933,2.86048011894732,35.3284147738622
0.794735255573877,26.618244940688,26,32.6462376804566,0.894514308646308,27.188250899407
-0.149758069996628,19.3606512133174,19,25.4531752130781,-0.370871536209782,17.2723675450292
-0.664720838611903,14.3997169775033,14,19.5134378279666,-0.714783535817694,13.8909225212431
-1.575923824333,6.01582295436714,4,7.67762772029965,-1.76963813256783,4.72541334567948
-0.57715551143796,15.275445442719,14,20.6184365530801,-0.604951054461364,14.9860814838008
-1.30248172182747,8.25253805948405,8,11.0733840235085,-1.11609260754867,9.96342859975386
1.24117477946758,29.2189525659118,31,34.8102459987918,0.728375723709391,26.1430807379643
-1.71506162392398,4.99731244829188,4,6.09797020832022,-1.49478873510702,6.70868941863591
-0.701506982847894,14.0302300420108,14,19.0403119849876,-0.594328538222779,15.0915280559044
0.975726349627413,27.7291142402476,29,33.5941646329677,0.594812787764711,25.249529793147
-2.15262169173239,2.50560503144436,2,2.2161353944813,-2.63357907806001,1.21703778419783
0.324506928721402,23.3274083232162,22,29.6072960998983,0.128645212380339,21.7319229215262
0.79745004820897,26.6355111377845,26,32.6612572485101,0.761957808503377,26.3601587032405
0.988379518022513,27.803795813024,27,33.6565837244962,0.622225804490954,25.4369197651962
-0.00195342195085897,20.6675599161631,20,26.8820384643731,-0.117913389026833,19.6146300729837
0.720252486178748,26.1371203581905,28,32.2239750462971,0.441548486677437,24.1627960459424
-0.0364579800039187,20.3680495644964,20,26.5597860636625,-0.295638776151838,17.9852158176751
0.982034421894992,27.7663932341272,29,33.6253425919186,1.01970451148103,27.9296929527446
-0.988554871864935,11.1677992153099,10,15.2348858995256,-0.879676800082631,12.2469403735728
1.03884910860915,28.0979280107932,29,33.9008729316233,0.909850739312945,27.2811621583561
-0.760205265048789,13.440016562633,12,18.2761023269853,-0.57899633423637,15.2435184049307
-1.00422454349493,11.0150560460341,10,15.0245144137748,-1.03907253586032,10.6917106479096
0.0720741044360673,21.2983971867627,20,27.5505976140288,-0.326497451305179,17.6943580600804
-0.724413744915897,13.7999279074383,13,18.7433516785798,-0.705020142410096,13.9885051559086
1.33679342047837,29.7178326754262,30,35.2045775800284,1.56010124755504,30.7232849273537
0.796332427638006,26.6284053017915,28,32.6550771207764,0.588707280077971,25.2075089053505
-0.520397400862688,15.8385331374625,16,21.3166157581627,-0.288843286954458,18.0489690622536
1.86725352316594,32.1598841569012,34,37.059141790311,1.31899716401724,29.5537920469961
-0.122212963280314,19.6088838586597,20,25.729094517603,0.125912373806127,21.7094195158438
1.24097990734123,29.217916113353,29,34.8094203874875,0.819102407502047,26.7227129747884
0.457669150270232,24.3221261711659,24,30.5638323516371,0.237302198069929,22.6087868094127
-0.185189287478893,19.0382977204092,18,25.0917252334349,-0.160086659198063,19.2353880514653
-1.11964586761655,9.91048874301578,9,13.4788817863232,-1.4665569160512,6.93087616882616
-0.169882089120021,19.1779799550077,19,25.2487837336775,-0.23704361644394,18.5312859103494
0.00263281936964867,20.7071093015345,23,26.924358551623,-0.360475207389657,17.3716189587185
-0.636756562901432,14.6800950108976,15,19.8697353399121,-0.868226207408674,12.3604223029012
-0.508036893378425,15.96054953758,16,21.4666140302238,-0.334380782947651,17.6197056130039
0.952612485580551,27.5917071817857,27,33.4788983039394,0.670229597310868,25.7600654511787
-0.31039286654098,17.8729200061814,16,23.7556983986047,-0.508882917385544,15.9348571096651
-0.610479836795411,14.942999729762,15,20.201681452457,-0.44437722998523,16.5643511762711
0.905053460302877,27.3049319110042,27,33.236553011823,0.518959227260968,24.7200367924935
0.74373223318502,26.2903427379757,27,32.3592400916845,0.530319562583641,24.8003720052996
0.822904932658226,26.7964930955016,28,32.8008501363085,0.444689759966854,24.1857441911567
0.205798778648573,22.3968262803911,23,28.6817191126924,0.0402584670944075,20.9930108909436
-1.33645216393681,7.95849150449298,7,10.6358707728053,-1.26744676863943,8.59286523131939
0.783695447556757,26.5478371446943,28,32.5848955224847,0.252793643330016,22.73095908426
0.970102926389016,27.695801567577,27,33.5662699491777,1.14804584434052,28.650878060549
-0.00981498964582759,20.599623191155,20,26.8092157423587,-0.21289850992493,18.753836187144
0.302770096302437,23.1601232110989,22,29.4431115088693,0.393475711482609,23.8080350176042
-2.19828496364587,2.3194262087182,1,1.92213756736938,-2.14507336872145,2.65256379863915
0.328555285325259,23.3584107188855,24,29.6376183341352,0.139508313630132,21.8211570402652
0.0976738595201022,21.5127880671323,22,27.7746612487396,0.645509565290772,25.5944490410101
-0.710027795903439,13.9445751858376,15,18.9300499707298,-0.713472723280001,13.9040248283367
-0.362277942264314,17.3787733972883,17,23.1755395654962,-0.468353036323477,16.331200331053
0.996493169555906,27.8514847921792,30,33.6963585466661,1.1510865955581,28.6675036851608
1.57123424572295,30.8625315893238,33,36.0879794858471,1.56025526185582,30.7239952617958
0.863196899179213,27.0479675278275,28,33.0173251225039,0.892406256573392,27.1754336978153
-1.02766604521298,10.7876880737329,10,14.7098864802655,-1.08715828441089,10.2348474388436
-0.437901398779412,16.6480457888367,18,22.3030453172885,-0.421303862232396,16.787735880162
-0.475538883132717,16.2801774930581,16,21.8573373020245,-0.492485233705978,16.0955307361989
0.0101880428734213,20.7721277539642,22,26.9938141031612,0.326935584559638,23.3058562229645
0.304860015234485,23.1762675161058,24,29.4589985203891,0.264275832467591,22.8210545707281
-0.57307580610037,15.3160595315004,16,20.6691200472208,-0.329380129287731,17.6670762814116
-0.474466714912357,16.2906921827903,16,21.8701363019046,-0.529281573680918,15.7344106965474
0.180489011338115,22.193009546323,23,28.4750012874207,0.123926529527623,21.6930534026085
1.77064539569987,31.7537837729698,34,36.7580354446293,1.82914022412998,31.897284982848
-0.767813274973531,13.3635327129,13,18.1763101984575,-0.576227928860485,15.2709343283185
-0.874995688474885,12.2895574374937,12,16.7564054946038,-0.723442788496333,13.804362251464
-0.859756227307442,12.4416402493912,12,16.9596129486542,-0.707985719672279,13.9588670589886
-0.500115847722794,16.0386158040539,17,21.5623398561364,-0.580493647531831,15.2286866736903
-0.931222315102796,11.7312438517145,10,16.0041951771876,-1.05549755735928,10.5348827662499
-0.147633283977547,19.3798739349187,19,25.4746172964711,-0.24308078981555,18.4754112254603
-0.0274989860655385,20.4461481826569,22,26.6441141663613,0.283763740177738,22.973075193974
-1.48759108853211,6.70560555798556,6,8.73931007490597,-1.25260716929674,8.72331926749188
-0.0922208862248293,19.8767657884816,18,26.0244825794805,-0.123852988579855,19.5615089598321
-1.51520164107671,6.48657543537945,6,8.40323647605083,-1.61678920274719,5.78726243478796
-1.49461262882198,6.64961324509674,7,8.65350242092477,-1.48799426231956,6.76185628771705
-1.41290544436929,7.31337965947346,6,9.66539026603832,-1.82254232046234,4.38407076166258
1.32859477965829,29.6758059800779,31,35.1715895591361,1.07969318254775,28.2715664234446
-0.662727767995537,14.4197169255777,14,19.5389312869391,-0.578553589765015,15.2479035535915
-0.0477547749928505,20.2692414059586,20,26.4527941898354,0.0547378299271079,21.1156203617109
0.0280200213222044,20.9249230901893,22,27.156459453577,-0.281432713117831,18.1183682234632
-0.689187562786738,14.1540317207295,15,19.199293213108,-0.707991069638916,13.958813589414
-1.3029960592197,8.24805222312973,7,11.0667334274749,-1.01964649053954,10.8781650083933
1.15002747118119,28.7252001158023,29,34.4138282375607,0.886197029868172,27.1376158141299
-2.62899323690083,1.16357436320432,0,0,-2.01711709879871,3.26258217135327
-1.1146255948777,9.95769372548581,10,13.5458396780997,-1.12189510206185,9.90933367643445
1.25421654059316,29.2881325176877,29,34.8652922339737,0.868699536925275,27.0305213303375
0.222244137486608,22.5282377736759,23,28.8142377992652,0.54194893030715,24.882230373001
-0.862652292897172,12.4127177864085,12,16.9210228881761,-0.702312594811597,14.0155626426473
-1.02346085991164,10.8283718825529,9,14.7663150548209,-0.815706066984447,12.8827521389243
0.212063599340087,22.4469819825101,22,28.7323679712535,0.125548888111467,21.7064247569251
-1.05379098690537,10.5360080187106,11,14.3595187382483,-1.32660660988235,8.08175932172998
0.680040727414145,25.8713385736913,25,31.9875745952592,0.396254660969161,23.8287258654201
0.734094783436144,26.2276258103033,27,32.3039630695748,0.927328605334453,27.3863296145565
-0.10466618913784,19.7659137440903,19,25.9025474359319,0.356382491292391,23.5296935711275
1.10901336113693,28.4970529836474,29,34.2284977044737,1.26936846831116,29.2982244525423
1.63750283356673,31.1668331077738,32,36.3183249530504,1.92516354783203,32.285356819425
0.926702907753791,27.4361553045097,29,33.3477465422986,0.988386123464445,27.7478022437907
-1.98348993826005,3.32107442535587,2,3.49106616347308,-1.9237358156807,3.7731142902779
-0.224840743190951,18.673567509279,19,24.6784997226958,-0.361164893474392,17.3650418286191
0.171833267072245,22.1228683828912,21,28.4035285315472,0.0397253256305611,20.988484700074
0.615884382600876,25.4383449078256,25,31.597585811941,0.261863456663395,22.8021581113656
0.979342194873226,27.7504944626038,28,33.6120506908595,1.46797083439583,30.29013394063
0.422397909642188,24.0636477054927,23,30.3185091196814,0.608100324131669,25.3406215273927
-0.5953255461863,15.0943273577023,14,20.3918023595008,-0.828932474238656,12.7509706327441
0.291329222452348,23.0715159858301,22,29.3557567510954,-0.314863043373575,17.8042751433472
-0.277711193177431,18.1809207593226,19,24.1132267118398,-0.300593066177665,17.9386677556456
0.113079914624514,21.6408729010084,22,27.9077627394227,0.173192066388326,22.0956368639357
-1.12363836091328,9.87300702871673,9,13.4256567488295,-1.18433776383257,9.33472782810953
-1.93441129254619,3.59449659778167,4,3.91654417727442,-1.84583996102431,4.23838839848046
0.158703055263443,22.0160430323654,21,28.2943471314464,0.457166742278705,24.2766114856661
0.647838626963531,25.655392261186,26,31.7938339824116,1.21276272107037,29.0002393760056
0.332040529476995,23.3850622455677,24,29.6636587973912,0.515777331532478,24.697470057336
-0.436388957704246,16.66277328778,17,22.3207996027536,-0.500131575113561,16.0206600168633
-1.22783802195232,8.91441462091038,10,12.0463222124901,-1.50987722693037,6.59131619244066
-0.324158668234226,17.7424220209012,17,23.6032668860259,-0.293754222066913,18.0029070433358
-0.0529858469010364,20.2233631138604,18,26.4030013152223,0.0943361443607125,21.4478145093818
-1.20589411339334,9.11302806876381,9,12.3350019932896,-1.07259971510455,10.3724315383474
-1.11927812193131,9.9139438016479,12,13.4837854255355,-1.33816136740825,7.98362652724271
-0.766361444765144,13.3781269610542,16,18.1953655129306,-0.800685594402021,13.0325604812711
-0.0725681733794844,20.0509234075692,19,26.2151979776307,-0.165027416440817,19.1906467993976
-0.456940423437124,16.4622825156152,15,22.0785112862957,-0.427619113148941,16.7266944211687
-0.366827979693621,17.3351490017849,17,23.1239371229048,0.23138473025728,22.5619316722862
0.229491950124097,22.585898386169,22,28.8721954972595,0.0315999317796545,20.9194009499251
-0.835540781005078,12.6838213349278,12,17.281736739788,-1.35576519323277,7.83519270473495
-1.01731687154098,10.887895775767,10,14.8487716248116,-0.6546774949093,14.4911417675191
0.042949374479661,21.0521291694209,20,27.2912477671486,-0.374211671036767,17.2404313846917
-0.296547083405783,18.0037220015148,17,23.9079190755577,-0.252714255270903,18.3860652021162
-0.823433167339808,12.8051154747031,13,17.4423961242557,-0.789832963527517,13.1408838724124
-0.273237949958817,18.222874835203,16,24.1616826326111,-0.515696804281096,15.8679691074379
-0.573432710849123,15.3125072853041,15,20.6646891060599,-0.58225236816847,15.2112623463578
1.05041127185433,28.1644755163125,27,33.9558050015637,0.971625562962592,27.6494856844091
-0.528444255372711,15.7589740770303,16,21.2185624989773,-0.741777593556707,13.6210663249476
0.595316512614189,25.2971687368153,25,31.4691145547908,0.835315811292026,26.82403125883
-1.38303049237119,7.56270862949288,7,10.0421236900725,-1.99986430083698,3.35285591977969
0.194430152272679,22.3055117703862,22,28.5892829312329,0.444828008940366,24.1867534945297
0.00804375857017414,20.7536915055586,21,26.9741345899741,0.600738347106201,25.2902127633548
0.482835764762201,24.5043805062482,25,30.7354569818381,0.194227165685771,22.2653460664458
-0.671496688541585,14.3317063160797,14,19.4266567387064,-1.04972855885691,10.589877397979
0.61630442437995,25.4412160006762,24,31.6001917721696,0.200812547475874,22.318207351812
-0.801184769573505,13.0282860726837,12,17.7368301040086,-0.838806738651233,12.6526832897049
0.368278622536846,23.6600656972211,22,29.9309364671358,0.937263238058818,27.4457695008543
-0.316731372017991,17.8128872706656,17,23.6856455497265,-0.221343106901287,18.6761682524162
-0.297152408357661,17.9980130858637,16,23.901287183473,-0.276657053478608,18.1630223272545
-0.779181369955038,13.2492791356775,12,18.0269121011754,-0.790568187017191,13.1335434576881
-0.837200489093155,12.6672041986288,16,17.2596917281229,-0.732033959312691,13.718475704111
-1.95427893618179,3.48187900426424,2,3.74134321601904,-2.09614694544414,2.87331664507035
0.987041969966184,27.7959192701816,27,33.6500080498677,0.618893618656141,25.4142529621589
0.526128723072037,24.8137058372508,24,31.0241940010041,0.959597894757425,27.5785097886763
-0.342260635199587,17.5701457446321,17,23.4011749072576,-0.269749820075153,18.2275104953334
-0.242674461081916,18.5081869884087,18,24.4896479540678,-0.786985322200398,13.169316935633
-0.438033298818883,16.6467611953324,17,22.3014963868492,-0.820179117860087,12.8381696543314
0.669320252426289,25.7997558726717,25,31.9235190441054,0.737518441040184,26.2024775540094
0.225825354146651,22.556747962761,21,28.8429092631026,0.410450295122906,23.9340691810682
-0.52185268455915,15.8241519502144,15,21.2989060710404,-0.752758631652702,13.511293703415
0.123268761278666,21.7251950047276,22,27.9950762696674,0.14157978898931,21.8381335418752
0.990378009926601,27.8155566309135,28,33.6663988450901,0.433642970740052,24.1049169810725
-0.273388202368812,18.2214664377432,18,24.1600569221486,-0.351692815127046,17.4552817384121
0.329103276505056,23.3626035483316,24,29.6417166457118,0.563386828898186,25.0321283407643
0.663381774007188,25.7599712198933,26,31.8878466643903,0.697210009180402,25.9389244309323
0.716828236735628,26.1146539382246,25,32.2040792171223,0.680781222824477,25.8302498471217
1.34440581180947,29.7567301087616,32,35.2350723301307,0.946853990334443,27.5029202364865
0.215445199267436,22.4740063338297,24,28.7596219160545,0.174699408332533,22.1078414655573
-0.552285997050543,15.5227047181594,15,20.9262170619342,-1.22980012214982,8.92553977563479
-0.128791015955866,19.5497941486438,21,25.6636056973041,-0.508227923738306,15.9412831044126
-1.6979101042742,5.11803772003053,5,6.28560054571151,-1.64624123572949,5.57439920562316
1.29091226057022,29.4808483226964,29,35.0180111944579,1.86776856339035,32.0552829418007
1.14046684229448,28.6723533254609,29,34.3710229557685,1.79330686282289,31.7484155588606
-0.134043479002345,19.5025258171578,20,25.6111322647093,-0.317939944367186,17.7752358459794
0.923351771062713,27.4159177268693,29,33.3306312180555,1.51544593770376,30.5154033321408
-0.213336234448539,18.7798169129417,19,24.7993413486079,0.157958328266518,21.9719160662867
1.70171117209619,31.4539070469766,34,36.5341011133484,1.41093437875082,30.0135707154386
-0.32039012146552,17.7781916614648,18,23.6451045221436,-0.00331112290234379,20.6204121929432
0.366659439652235,23.6478599439695,24,29.9191284592599,0.309830710935322,23.1746642451856
1.35562133603566,29.8138216440174,30,35.279766829932,1.62685265245275,31.0269362681394
0.384689391356324,23.7833428081759,22,30.0499114422953,-0.118251136960261,19.611611982725
0.129413294663999,21.7758975504329,21,28.0474586129021,-0.495047085984252,16.0704561818613
2.13938245300636,33.2187168707855,36,37.8351714894282,2.39141231881051,33.9595582758706
-0.669577555027033,14.3509716199472,16,19.4512531601598,-0.54202843808203,15.608852235428
-0.767529717865574,13.3663830726221,13,18.1800323365294,-0.848721363488568,12.5540861097093
-1.11888676514307,9.91762118088559,10,13.489004107865,-1.10582119481978,10.0594642043228
-0.398099344088025,17.0341180552255,17,22.7661664780717,-0.300000089924643,17.9442420927898
-1.21016455556437,9.07423590747899,9,12.2787379976292,-1.16698723171177,9.49296924067585
-0.38142491941072,17.1948930740878,15,22.9576110783702,-0.545816706555596,15.5714945581777
-0.740358960303793,13.6395792814189,13,18.5356587276612,-0.621879321515368,14.8178173381475
0.946762240860786,27.5567258270198,27,33.4494659187283,0.720829693835497,26.0938886073215
0.304828542334924,23.176024488207,22,29.4587594321031,0.607277777014042,25.3349968806853
-0.149388927517693,19.3639916961174,17,25.4569022787725,-0.141547335884007,19.4026919094804
0.688186442652035,25.9255242243915,27,32.035953172188,0.619181053676635,25.4162094168447
0.247921074074229,22.7318103891712,24,29.0183455276581,0.0747335541424601,21.2839387875448
-0.3445055460182,17.5487285544383,17,23.3759828552565,-0.724317212259922,13.7956207978649
-0.324792155091073,17.7364059402889,16,23.5962260830166,-0.626312791998089,14.7737075820078
0.172182643745834,22.1257038486617,22,28.4064211380434,0.707246379401831,26.0049546717544
-0.243498388037154,18.5005265781598,19,24.480878035485,-0.53999546920155,15.628892232445
0.340403594326702,23.4488689500814,24,29.7259036060215,0.221529051862345,22.4836633629284
-0.273012675245422,18.2249863525748,19,24.1641198288422,-0.242914660088714,18.476949987571
1.13331547560209,28.6326908730135,29,34.3388480581837,1.21717723341571,29.0237305027673
-1.45981619237064,6.92903128971969,6,9.08092985062657,-1.42676247473532,7.24975170949257
-0.688745855172873,14.1584695746429,13,19.2049836430911,-0.533581081398188,15.6920850797169
0.644982246031713,25.6361029363499,26,31.7764549847446,0.732249284671315,26.1682730720363
0.776584234007546,26.5023189954573,26,32.5451563116091,0.913102321009497,27.3007852029469
1.35322040819643,29.8016216590943,31,35.2702223622636,1.20803747022822,28.9750470281819
-0.124814025556186,19.5855332611535,19,25.7032294830865,0.0909919015340038,21.4199365349232
-1.30462882962896,8.23381873844584,8,11.0456262416862,-1.28724578127439,8.42020853981642
-1.5506455586882,6.20994577416794,5,7.97733169886739,-1.47888527941175,6.83343879882838
-1.94384458272843,3.54070052621373,2,3.83285894737811,-2.00361352758551,3.33307942916305
0.946917666099941,27.5576562512132,28,33.4502492154314,1.56025526185582,30.7239952617958
-0.975736701404048,11.2931708802631,12,15.4069716346428,-1.00453723815218,11.0238769557976
-0.928466934706835,11.7584852722482,12,16.041127120509,-0.707518529517167,13.9635363085447
1.27921505057658,29.4197265271847,31,34.9696734815284,1.34847335549043,29.7031138789107
-2.62899323690083,1.16357436320432,0,0,-2.55864861435066,1.36077987174653
0.0279126740845304,20.92400606255,20,27.1554857261361,0.300221650364466,23.1005858393503
-1.18662496195489,9.28890072909542,9,12.5893603862076,-1.05543094212236,10.535517240483
-0.339244478381893,17.5989028039902,20,23.43497681755,-0.288546984268849,18.0517464046255
-2.20012496270981,2.31222062175904,1,1.91072138000873,-2.06027842612258,3.04501454903433
-1.72588092356808,4.92190252148692,4,5.98074360594731,-1.44133389575775,7.13221733463212
0.0712195964676647,21.2912074543215,19,27.5430558198987,-0.0289619919193857,20.398503944869
-0.154366469313057,19.3189169950676,20,25.406579083144,-0.104832501751564,19.7312801032823
-1.87240900162972,3.96232151031237,4,4.4885714743571,-1.90721507150925,3.86890052468024
0.0244818635823461,20.8946801069741,22,27.1243311547613,0.332729031345347,23.350095857206
-0.515612366802308,15.8857964249685,15,21.3747728136778,-0.622400166126932,14.8126361787443
0.354785136749474,23.5581151051689,23,29.8321518164611,0.585420589858878,25.1848452885319
0.388819709847482,23.814246259388,22,30.079655213917,0.521027338733742,24.7346888646163
0.508241178037241,24.686541239566,23,30.9058801648253,0.438690368002877,24.1418916396396
-1.16062275450876,9.52835399137293,9,12.9337658168711,-0.955214649485774,11.5033517112693
-0.14251788155745,19.4261016072191,19,25.5261304477318,-0.0733572088526829,20.0100328860318
0.75486331765808,26.362478721917,27,32.422665780424,1.31039170261622,29.5098531511038
0.0360767598098091,20.9936522156936,19,27.2293550136453,0.673167807750616,25.7796394843513
-0.526674464211902,15.7764802129344,16,21.2401549228794,-0.532422020058751,15.703497773098
0.706007807555087,26.0434584666218,27,32.1409240184247,0.834500153878692,26.8189503773221
-0.894438481157301,12.0959584430569,11,16.4966850740847,-0.988304490910273,11.181059625213
1.57703059157475,30.8894775707653,32,36.1084470034852,0.815405279553612,26.6995142922587
-2.16091014140719,2.47075291268022,2,2.16122988454601,-1.50987558418234,6.59132891920778
0.91019613639091,27.3362065787962,29,33.2631002205811,0.720142213805105,26.089399381024
-0.178580122640656,19.0986854634577,18,25.1597066304102,0.359693371434353,23.55470162035
-2.13447643343113,2.58355883937687,2,2.33875777717175,-2.12653841658739,2.7343632436586
1.01107948885743,27.9368275986379,27,33.7673762898989,1.05084379452271,28.1082162540481
-0.672618793622602,14.3204411173639,13,19.4122690808846,-0.670667334823283,14.3316207743435
-1.34874821230466,7.85317714634165,8,10.4784124465959,-1.41960401849443,7.3078195051305
-1.5385402339545,6.30384577540221,5,8.12206867842463,-1.53605886714854,6.38992514884062
-0.509383422104477,15.9472688384686,16,21.4503101540063,-0.03574447359103,20.3395150367629
0.520934194350005,24.7768699667045,25,30.98997736663,0.720827325970765,26.0938731474032
1.62316724017468,31.1017011193571,32,36.2691666506362,2.34187972123178,33.7973361714899
-1.12032451076174,9.90411389746264,8,13.4698330322868,-0.66421574391287,14.3960017334458
-0.271245705858772,18.2415439257282,19,24.1832260639418,-0.63871298147266,14.6502506733251
-0.328182375557603,17.704193897195,18,23.5585070357313,-0.276516477076371,18.1643359383984
-0.69228970441062,14.1228622902533,14,19.159309714052,-0.780100784770411,13.2380724190325
0.756410465510587,26.3724796860242,27,32.4314462523435,1.08671619857862,28.3110369869821
-1.22050010006401,8.9806296720344,8,12.1427330974637,-1.46929240021065,6.90920108410373
-0.652126594132347,14.526056061591,15,19.6742781559825,-0.503977025342271,15.9829717248619
0.226610639019603,22.5629945490959,22,28.8491874275708,0.17001075109667,22.0698564456431
0.76930930899404,26.4556183441715,27,32.5043176696522,1.38297462159844,29.8755917950561
1.05412839683012,28.1858043057848,30,33.9733848373957,1.33097916015706,29.6147110035574
0.56191195235965,25.0654057504323,25,31.2567911993169,1.36242774296667,29.7731713070098
-0.00289034611127974,20.659472818527,22,26.8733781326895,-0.14169045834135,19.401403858646
-0.0342588181911066,20.3872418898522,20,26.5805288133684,0.232060293857673,22.5672860957436
0.680944212853918,25.8773573091255,28,31.9929529468371,0.544905187224737,24.9029782298838
2.22991880990094,33.5443388836356,36,38.0720797966384,2.62209079518129,34.6695050116939
1.34145830896662,29.7416832553794,29,35.2232801287213,1.23174746154942,29.1009593172495
0.513258752873714,24.7223025370188,26,30.9392069260458,0.505707644689451,24.6258634225623
0.323323350618219,23.3183353642174,23,29.5984159539068,0.285579527007044,22.9871825788312
0.597960714818466,25.3153831785756,25,31.4857264448001,0.236291888738177,22.6007944079749
0.0392855410512115,21.0209720390719,21,27.2582854419783,0.294220458660371,23.0541831333006
-0.90790505110779,11.9621839278562,11,16.3165341855181,-1.08752208170756,10.2314179479056
0.355605321570116,23.5643272208993,21,29.8381811871699,0.202179759777647,22.3291659708249
0.103820582185135,21.5639759461741,22,27.8279223796559,0.010268396373507,20.737128108803
0.345548782871695,23.4880227592064,23,29.7640299253538,0.25521315641248,22.7499763198395
-0.0937479706672094,19.8631873325422,19,26.0095692621977,-0.190978242542348,18.9545921066344
1.08959374040856,28.3877096228376,28,34.1391776540036,1.25325228010781,29.214095878229
2.44071152799082,34.2535740675337,36,38.5873205133496,2.39078583596598,33.9575286037784
-1.42502282974005,7.213260926733,6,9.51356208054106,-1.41034024319625,7.38328506604808
0.448656975142564,24.2564214617674,25,30.5016855697237,0.438501097750373,24.1405064738205
-1.3130532967889,8.16054535015205,8,10.9368484838558,-1.19840049987924,9.20730337725066
-0.513966970452015,15.9020404176496,16,21.3947448721366,-0.753192512579988,13.50695669546
-0.8813150952084,12.2265769465952,11,16.672043190061,-0.691056135804962,14.1280299761338
-0.0412074486174017,20.3265528208919,22,26.51489350478,-0.243460806630112,18.4718910951031
-0.333358889872696,17.6549580104668,18,23.5007876483176,-0.133470124543545,19.4752945293316
0.0593357288355994,21.1909942200732,21,27.4377484315066,-0.12551169566963,19.5466570938865
1.90596428604429,32.3180648937177,33,37.1758248995756,1.90823521822508,32.2180745402054
-0.90960583658132,11.9453084889502,13,16.2937682594524,-1.30488582738691,8.26773508523292
0.736533036802848,26.2435159580515,26,32.3179799487808,0.681337830134228,25.8339437241966
0.567020544112458,25.1010491137272,24,31.2895599669704,0.740542952221874,26.2220775749758
0.0855655162919338,21.411626003659,20,27.6691340430863,-0.488094339812426,16.1384827861406
0.365100440211676,23.6361006427098,23,29.9077475431158,0.426060781641069,24.0492349520472
-1.01303922666177,10.9293954032257,12,14.9061874608855,-0.825825253690502,12.7819170082555
-0.22465622786103,18.675274313292,20,24.6804439523769,-0.245635635210571,18.4517385656412
-1.55189462828799,6.20029123848184,7,7.96244117823947,-1.55902395788663,6.2156600372469
1.26447026690332,29.3422690597266,29,34.9082854390338,2.02307418463379,32.6652091007116
-1.64618140836391,5.49059727829548,6,6.86414905606092,-1.45463341459502,7.02572145956202
-0.127762113032743,19.5590445666865,18,25.6738657935156,-0.575239082262882,15.2807248960585
0.0349640423817378,20.9841713786528,19,27.2193091888334,-0.374387202320803,17.2387524213582
-0.879689089950936,12.2427770838579,12,16.6937550551041,-0.765930904095961,13.3796419788113
0.825992100121991,26.8159053388395,27,32.8176293337598,1.34282887179755,29.6746607557703
2.19018179165883,33.4030108084817,36,37.9693160584338,1.83523919635863,31.9224014628637
0.67860814333741,25.8617906892994,26,31.9790402076668,1.08693832530423,28.3122835028089
-0.745270114462337,13.5901917625858,12,18.4715347087166,-0.939122544297961,11.6609196183799
-0.989994047322351,11.1537463659651,9,15.2155640193646,-0.878884436442542,12.254787713545
-1.40150969697523,7.4080680181853,7,9.80869784883534,-1.05884711802058,10.5029968521673
1.41693827241543,30.1214241794305,30,35.5192901487577,1.16571433413703,28.7471900535898
-0.468766792167947,16.3465571265747,17,21.9380794119351,-0.670850974758658,14.3297878974867
0.757212779551188,26.3776635048181,28,32.4359962173683,0.451484460926812,24.2352843581468
-0.525570153583699,15.787401312695,15,21.2536204210735,-0.346849411234128,17.5013492408259
1.03879073960243,28.0975912755125,29,33.9005946562727,1.3847460118442,29.8843809394101
0.429937357122584,24.11919929478,24,30.3714239740833,0.652729802753345,25.6429953826078
-0.322484470564796,17.7583169835411,18,23.6218634998239,-0.891663742702695,12.128329546696
2.52293791967298,34.5123211932061,37,38.775572914156,2.09840451222113,32.9468990320958
0.978197644350056,27.7437301813339,30,33.6063933194605,1.05135387095013,28.111121400719
0.889439993248115,27.209583244383,26,33.1554375136373,1.03116255999826,27.9956508638775
-1.59260638398199,5.88917977471525,4,7.48179080350741,-1.55390353634897,6.25432159932417
-1.80026607106843,4.41982018854496,4,5.20000650489861,-1.86920011201971,4.09527141039104
0.149181989459936,21.9382602151709,23,28.2145995534785,0.594708084372605,25.248810053472
-1.26340307987881,8.59637830171575,9,11.5809025936682,-1.26952777948131,8.57464257853688
0.161447101249342,22.038410572418,22,28.3172407779298,0.0957472443317068,21.4595677622179
0.256206615751507,22.797082583552,24,29.0834859689559,0.594171056883602,25.2451180019337
1.07274068430164,28.2921234040595,29,34.060827951989,1.5602472587416,30.7239583514862
-0.749976619452945,13.5428639455053,14,18.4100167052509,-1.04031051461957,10.6798635020814
-0.25330780810379,18.4091912820298,17,24.3761620733168,0.144234790140805,21.8598737540141
-0.535263842277482,15.6914744723335,14,21.1352183400435,-0.720203806908634,13.8367410972142
-0.374347710596147,17.2629526965066,17,23.0384012409775,-0.534534045733495,15.6827003176218
1.51013536956645,30.5745977171534,32,35.8683810213849,1.43240263907604,30.1184354555209
-0.305246982387276,17.921587105715,18,23.8124009766977,-0.229467566930839,18.6012741780512
-0.0177863162290802,20.530554381637,19,26.7350155570235,0.0421701486908685,21.0092336463636
-0.351629544205363,17.4806876997047,16,23.2958497128367,-0.195947131001293,18.9091933624309
-1.78742225799212,4.50439811462216,3,5.3315365546235,-1.36936531832969,7.7214068142023
1.53033053157938,30.6705613010679,33,35.9417532789542,1.80744801133267,31.8074316107961
0.126455537645983,21.751505181713,22,28.0222692629027,-0.010874281136254,20.5551777438908
-0.135687299001497,19.4877169497931,20,25.5946769217564,0.109986183673977,21.577839120515
0.751819339796315,26.3427839297017,26,32.4053653187179,1.14511196583625,28.6348168904833
0.102848722387807,21.5558900802174,21,27.8195150692973,0.181706721181885,22.1644898940443
-0.647186385913952,14.5755855253557,14,19.7372028517959,-0.351379744034827,17.4582610277959
0.875268692563746,27.1225222473359,27,33.0811351202639,1.57681022031689,30.8000849280372
-1.30621818843162,8.21997371143796,7,11.025087888838,-1.33257619069326,8.0309910115658
0.88812526632166,27.2015271013112,27,33.1485715175811,1.00843276538982,27.8645009344955
1.64497702023029,31.2006399522478,32,36.3438104705765,1.4090911176639,30.0045235024381
0.270706245446186,22.9108189532627,22,29.1966412464378,-0.070084124573201,20.0388622571424
0.980661012567501,27.7582848039895,27,33.6185645843198,1.13102761542076,28.5574411353599
-1.12069227853208,9.90065989893063,10,13.4649296325859,-1.05859366935656,10.5054083808593
-1.69150557377907,5.16348283503729,6,6.35621544455744,-1.82180813456958,4.38870869684119
1.2856310896234,29.4532880863572,31,34.9962266575151,1.41921317481723,30.0541201620487
-0.240259202762721,18.5306327020989,20,24.5153332625374,-0.436805642159661,16.6377651981645
0.167922878073191,22.0911077204409,23,28.3711087575631,0.508871676151408,24.6483943461736
0.658357200625392,25.7262354058163,26,31.8575579543331,0.21892446321972,22.4629311518448
-0.759301081679234,13.4491072490914,12,18.287951754046,-0.815270901883148,12.8870901717731
0.742961771589299,26.2853377684575,27,32.3548333951936,0.183639562298201,22.1800898020784
0.372452141713387,23.6914913627786,22,29.9613146689955,0.0381046121504921,20.9747203314852
-0.734545562836132,13.6980409132576,13,18.6114704368027,-0.919101815412078,11.8576366727827
1.09564485785205,28.4218723731852,28,34.1671193515717,0.774969614039974,26.4434649594389
1.9646141665136,32.5528633637222,34,37.3484743486336,2.08286477803094,32.8895284476893
-1.8443138546319,4.13685099890947,4,4.75996574130384,-2.24724877359098,2.24131084627584
0.354036338696963,23.5524419592153,23,29.8266444073812,0.144599352361205,21.8628573124613
0.739314235044922,26.261622132817,28,32.3339419040465,1.21237575944772,28.9981781713423
-0.685309815615306,14.1929889443231,12,19.2492259788134,-0.583215700466128,15.2017167815081
-1.19770280848845,9.18762524991833,10,12.4430345661933,-1.00969773506588,10.9740439070541
-0.640984205226129,14.6377427433714,14,19.8160663332437,-0.577973193490202,15.2536517336457
-0.384381914673651,17.1664246085371,17,22.9237729648337,-0.545643050969548,15.573207465727
0.0624477606853305,21.2172774148378,21,27.4654014390926,-0.558061004300756,15.4506199928599
0.347434816278053,23.5023556655376,25,29.7779735765038,0.0266484160028213,20.8772084770606
0.433109777198878,24.1425251918167,24,30.3936115744883,0.43053871732887,24.0821401411788
-0.148378885784922,19.3731299619049,19,25.4670961360019,-0.131160763019854,19.4960200375293
-0.260429220815978,18.3427313006353,18,24.2997896370734,-0.310304287008071,17.8472600222188
1.10164152761971,28.4556458726573,29,34.1947114271247,1.44076113453698,30.1590121516613
0.520096516411192,24.7709226652648,25,30.9844487161688,0.38814103812256,23.7682522046289
-0.452056244420291,16.5100018019852,17,22.1362947629159,-0.435733168490401,16.6481553161152
0.768424377249047,26.4499283087423,26,32.4993372155249,1.29300320197531,29.4205891812438
1.21440853354184,29.0758294391079,29,34.6959814753309,1.08199772633716,28.2845310336546
-0.480804879780215,16.2285052243897,16,21.7943886736001,-0.642044605274941,14.617060938508
0.934956897308879,27.4858852256587,28,33.389752907998,0.304760320969368,23.1356094031531
1.18117372894842,28.8959607621798,29,34.5516392587429,2.71104473870783,34.9239764284183
-1.64458463362857,5.50229349196078,5,6.88229631553419,-2.1551639519375,2.60896821919919
-0.667024640233722,14.3765960759854,15,19.4839512509307,-0.951047361435662,11.5441068867287
0.605070341498481,25.364262444208,27,31.5302515142446,0.379175037456753,23.7012018607234
-1.15269251729569,9.60185917712762,9,13.0390495139275,-1.0461195851593,10.6243299623863
-0.575519922996218,15.2917303583386,15,20.6387650155585,-0.474204462985955,16.2741461152514
1.2653246289253,29.3467697583123,30,34.9118564585908,1.95726875106349,32.4116486121799
0.627189008901841,25.5154474699885,26,31.6674750783507,0.671348846093918,25.7675245372866
0.774782890733782,26.4907681481416,28,32.5350616901926,0.376014384012413,23.6775095566166
-0.193605336956171,18.9612312856953,19,25.0047877481717,-0.228498519135463,18.6102159397728
0.589728391930124,25.2586121421988,24,31.4339143948309,0.373945734973401,23.661987110469
-1.05221432349886,10.551143398223,10,14.380652034548,-1.25689582428103,8.68552646156029
0.590484937842308,25.2638371346793,24,31.4386873960921,1.19681224537364,28.9150022997706
-0.208940020464735,18.8203265197579,17,24.8453139848035,-0.317595475653206,17.778487962726
1.76255581471785,31.7190332166935,33,36.732157897664,1.46836126493,30.292004664337
-0.151687615706399,19.3431840896572,18,25.4336804652715,-0.405857525097457,16.9367107014915
0.751265541668542,26.3391982236051,26,32.4022142234014,1.07201842076389,28.2283012586514
-1.46676797602012,6.87282030246813,6,8.9951041471106,-1.6154199318228,5.79725097028564
-0.620001012733347,14.8478085302735,15,20.0817327830158,-0.910706772712423,11.9403315388871
1.05898922940103,28.2136476383483,29,33.9963151169616,1.18481546044544,28.8505207964662
-0.43181357223262,16.7072996062833,15,22.374434833739,-0.50598281406164,15.9633043891543
-1.52554493986353,6.40531841749573,6,8.2782891842107,-1.62761371549808,5.70858723011778
-1.74818952689045,4.76827463307266,4,5.741882740762,-1.78143479966568,4.64806484207617
1.33665913063048,29.7171454159185,31,35.2040384640464,0.82274280806772,26.7455211187849
0.495175609797604,24.5930870804033,26,30.8185864505432,0.436295096061436,24.1243542992903
1.01923749347334,27.984341420939,27,33.8068250498465,1.05917444414419,28.1555867056667
0.488274177142317,24.5435284085779,25,30.7721761048457,0.178519907755807,22.1387450924978
-0.831320623895495,12.7260848797104,14,17.3377674614922,-0.711565502296641,13.9230880344845
-0.414453056873568,16.8758741856764,17,22.576920535621,-0.40241411760174,16.9698572246816
0.680518200687296,25.8745196212997,26,31.9904173291694,0.57869858311894,25.1383990799951
2.46053948107113,34.3168684790898,37,38.6333389487078,2.06198336228921,32.8118351075902
0.249321039255204,22.7428533848868,22,29.029376577754,0.133603022307236,21.772691596474
-0.115390208820883,19.6700444295692,19,25.7967522837553,0.207400151453365,22.3709581120302
0.663201610043966,25.7587627401331,24,31.8867622996772,0.222083868620051,22.4880770437523
0.325373118152577,23.33404566676,24,29.6137906013262,0.408725494711669,23.9213010626869
-1.00196763431735,11.0370194070315,10,15.054813035964,-1.1444828723208,9.6998622665099
-2.47393486671357,1.47199390658563,1,0.541784838892985,-2.49589012153084,1.49884046360995
0.115605651350897,21.6618044549512,21,27.929459917586,-0.317407922690057,17.7802585295296
0.00739367094842402,20.7480994905576,19,26.9681631422017,0.371520890496643,23.6437759502499
-0.54005988271518,15.6439638093856,15,21.0764708167102,-0.590830851300871,15.1262233701364
-0.420964069161125,16.8127207003829,19,22.5011695519166,-0.203297839600015,18.841915792608
0.666544160706252,25.7811692888206,26,31.9068599710353,0.926883788610447,27.3836625050925
-1.48752568460239,6.70612804467618,7,8.74011042601001,-1.40149021256149,7.45571721354489
-1.00702337572682,10.9878362411566,11,14.9869416614157,-0.588852566576613,15.1458412613144
-0.296123823986919,18.0077133023052,17,23.9125550178502,-0.402877093790789,16.9654019521622
-0.331403832191308,17.6735606262504,18,23.5226049392877,-0.269919558044793,18.225927145711
-0.92751335457675,11.7679161038582,11,16.053907198606,-1.15226220338281,9.628136157413
-0.987006940532419,11.1829193632225,11,15.2556678320201,-1.07810579737744,10.3203191654498
1.395086038335,30.0126722676158,31,35.4348520785694,1.23710802949958,29.1292556074779
-0.35674791548776,17.4317320275209,17,23.2380997821212,-0.264907258375233,18.2726534842474
-0.398225307019026,17.0329012982289,17,22.7647144227271,-0.305196211982483,17.8953675170667
0.83644646333638,26.8814643631193,29,32.8742108218511,1.37066012793661,29.8143121458538
1.4693371074448,30.3783174871521,31,35.7177178880432,2.274151795618,33.5697268715356
0.0780941734007592,21.3489881427425,24,27.6036150848415,0.141987490411203,21.8414733149901
-0.668127660490621,14.3655251337445,12,19.4698265823908,-0.882890913115986,12.2151173225377
1.87511882061154,32.1922317197613,34,37.083028951382,2.56408320326817,34.4978772172928
-0.902199220886055,12.0188310538379,11,16.3928884404244,-1.21222367133502,9.08278837239929
1.17371428514584,28.855258529385,30,34.5188601584177,0.88847310884138,27.1514897760526
0.244930784253981,22.7082033644421,23,28.994749905395,0.476453189362073,24.4161874972744
-0.0436558718323726,20.3051352203049,19,26.4916999293685,0.0913842691228287,21.423209050601
0.385335102129735,23.7881773476479,23,30.0545667077494,-0.226502824009488,18.6286235047672
1.29520420687535,29.5032030900161,31,35.0356676075879,1.12074679903994,28.5006749792291
0.515634476197689,24.7392100920344,25,30.9549486063604,0.353942913100694,23.5112461469603
0.177829738732895,22.1714840629104,23,28.4530853081593,-0.0677076562014142,20.0597754809391
-0.272197009380951,18.232630598831,18,24.1729418717498,-0.35908780203803,17.3848467303984
-0.480617477915913,16.2303449145573,14,21.7966312788711,-0.34904188279291,17.4805021409314
0.477660770782643,24.4670508646789,25,30.7003954325817,0.759945772823436,26.3472370203317
0.193608583257073,22.2988979085041,22,28.5825766020481,-0.237389813949681,18.5280842714097
-1.55210295967967,6.19868159340251,6,7.95995840737448,-1.48798958053504,6.76189298969329
0.727676247199092,26.1857217519911,27,32.2669607907148,0.819847036396641,26.727381076842
-0.0235327448230084,20.4806491141112,19,26.6812998094866,-0.327066798173002,17.6889712232636
0.531035291665761,24.8484302293897,24,31.0564079627819,1.03527502408408,28.0192478042903
-2.62899323690083,1.16357436320432,0,0,-2.85832063569233,0.894937543359488
0.162464648023944,22.0466992049999,22,28.32571995676,0.0885502771612514,21.399562197758
-0.196646010208885,18.9333411775783,20,24.9732756247247,0.0337329326050784,20.9375546599032
0.658629865604433,25.7280678624416,26,31.8592041140427,0.551354989101478,24.9481590499973
-0.197448192965367,18.925979184055,21,24.9649531440472,-0.172987992702142,19.118423602079
0.682916046583125,25.8904854915309,26,32.004680283176,0.971377958578502,27.6480281230151
0.0595712099308576,21.1929840158231,20,27.4398427699943,0.321790460983247,23.2664844647607
-0.329654885555473,17.6901945822816,16,23.5421037193482,-0.582052266714589,15.2132450028643
0.994560824523117,27.8401413004754,28,33.6869034499603,0.607126577567084,25.3339627614913
0.473732182341081,24.4386613146775,24,30.6736994702668,-0.052502345794793,20.1932098123849
-0.187704754830041,19.0152832075559,21,25.0657840444481,-0.474932191876049,16.2670463378804
-0.851750072934645,12.5216444326959,12,17.066225058774,-1.07259971510455,10.3724315383474
1.16121070889197,28.7867588090693,30,34.4635969191842,1.2132662420897,29.0029209554951
0.420032523869448,24.0461855072076,25,30.3018541630866,0.226978114758067,22.5269723136539
0.719211300487825,26.1302924242182,25,32.2179300522684,0.661434153360001,25.7013303858789
1.34357846997826,29.7525083747847,30,35.2317642970942,0.864919715223885,27.0072846767024
-0.309916700262198,17.8774259874889,19,23.7609516640024,-0.285613896632455,18.0792279725579
-0.827414442141672,12.7652176195192,13,17.3895990510825,-0.872205649434336,12.3209649298906
0.999813165272711,27.8709536863475,28,33.7125778060408,0.629700692678934,25.4876550865271
0.222696201504791,22.5318387723541,24,28.8178607202402,0.442175440212036,24.1673784500174
-0.121671124345274,19.6137457568712,19,25.7344776012416,0.183641999961672,22.1801094694199
0.59747315372331,25.3120260825239,28,31.4826655312456,0.158246339792318,21.974261507982
0.810825469456608,26.7203051815458,25,32.7348844762205,1.45921292563138,30.2480913414871
0.744524685152781,26.2954889457002,26,32.3637703213903,0.895552091550711,27.1945566320261
0.317594247780126,23.2743595637651,22,29.5553346579896,0.895805695419928,27.1960971572166
1.02050075162623,27.9916849668312,28,33.8129163878987,0.891556063584808,27.1702612592095
-0.115039454264954,19.6731851548382,18,25.8002231870767,0.327020968114696,23.306508941738
-0.0271503116397029,20.4491830045574,19,26.6473867978442,0.431119278711625,24.0864020182207
0.0605235309736504,21.2010293798603,22,27.4483094304564,-0.00815433748936262,20.5786568921788
-0.282804980518634,18.1330865450318,18,24.0579076916403,-0.416156757698736,16.8374296911143
0.266229352909309,22.8757682474873,23,29.1618172128717,0.629356423818651,25.4853217755963
-1.61401072964333,5.72843318033057,5,7.2329097948452,-1.43361567919966,7.19436194842026
0.710952318306231,26.0760302856483,26,32.1698374145565,0.844582760359799,26.881636682952
0.106384848131737,21.585297161893,20,27.8500803017066,-0.334342334558569,17.6200700441109
0.414111597592307,24.0024041809664,22,30.2600513067609,0.693582843657371,25.9149940291354
2.07326812725199,32.9726869070992,36,37.6557644105463,2.05624724495001,32.7903713566215
-1.98883834384706,3.29225540530645,2,3.44619347736472,-1.50761997078351,6.6088144204829
1.20020418747945,28.9992486895292,30,34.6346282034701,1.46823027418557,30.2913770640349
-1.19992981709841,9.1673197290674,9,12.4136490763817,-1.37184734687487,7.70072459019276
-0.331918667232066,17.6686627632674,18,23.5168617929779,-0.272128135794372,18.2053187477836
0.392331773552314,23.8404849069061,23,30.1048837063556,0.334832721109448,23.3661355141386
-1.05376319524654,10.5362747470486,10,14.359891237291,-0.596647681931731,15.0685163052209
-1.7706472876508,4.61622110861046,5,5.5054347653721,-1.57893988583818,6.0663455589948
-0.117249231101472,19.6533926420792,20,25.7783442690355,-0.625305793056222,14.7837279218829
-0.80960032834966,12.9438318748437,12,17.625584835779,-0.764950081590623,13.3894435506127
-0.289065611612979,18.0742076601281,17,23.9897110591898,-0.572316466421767,15.309655093582
-0.150776688147979,19.3514314902531,20,25.4428865428541,-0.318979680878451,17.7654180880925
-0.915784043193832,11.8840465445948,11,16.2110464055472,-1.11730558681876,9.95211090194353
0.205054914989571,22.390863209971,23,28.6756916134643,-0.0678477624452786,20.0585429659346
2.04267860935951,32.856459113445,35,37.5708517031269,2.35317612586567,33.8346452361132
-0.185530206038686,19.0351795804169,19,25.0882116249478,-0.0131434709111984,20.5355734276972
-0.0728607072873619,20.0483390862379,19,26.2123755985788,-0.323960483517148,17.7183525047329
0.317098900046237,23.2705528106281,23,29.5516022144122,0.042384611828988,21.0110529446802
-0.565812938910654,15.3883125443971,14,20.759162105774,-0.52400884917247,15.7862811616189
-0.441245893314158,16.6154630177639,17,22.2637415773681,-0.190978242542348,18.9545921066344
-1.48863361944404,6.69727950301537,6,8.72655523670532,-1.34361299965981,7.93752025803676
0.506390428472282,24.6733326585835,26,30.8935599951887,-0.000139727516823398,20.6477176753925
0.868619440201,27.0815015728608,25,33.0460470192738,0.906990764845309,27.263880574801
0.230179800257934,22.591362531379,21,28.877681827343,1.00154322472518,27.8245038123708
-1.40801466915989,7.3539544316905,8,9.7268332678464,-1.0085446068028,10.985173402473
0.975320587666262,27.7267130607677,27,33.5921550542244,2.09990924446678,32.9524340822034
0.978283316984586,27.7442366134176,28,33.6068169244451,1.25355566817952,29.2156847972334
1.65646101455409,31.2523825513934,33,36.3827775529186,1.34238424299269,29.6724166107967
-1.56805016575257,6.07600231105252,6,7.77060360234633,-1.41074173141967,7.38000693786075
0.802764165780772,26.669254734113,27,32.6905836156754,0.62560546870796,25.4598781479002
1.00978495510003,27.9292736492006,29,33.761098658481,1.18566065026978,28.85507411447
0.678653945692702,25.8620960374561,25,31.9793131887288,0.734242204374516,26.1812187306124
0.66908566130495,25.7981860281167,26,31.9221124290049,0.32162045735184,23.2651822247747
0.181130003402673,22.1981949090539,20,28.4802783158614,0.385916668247159,23.7516396327787
0.184652555295396,22.2266690849062,23,28.5092392291048,-0.0418005190649414,20.2867340137801
-1.03961667683234,10.672326765316,12,14.5495664066161,-1.00992698848944,10.971831655602
0.55153789751592,24.9928016796875,25,31.1899127702684,0.600243509734956,25.2868191143076
-0.865235443956219,12.3869284626878,14,16.8865914702975,-0.594902367293248,15.0858347405598
-0.728924952042069,13.754563330416,13,18.6846705498763,-0.701415096724157,14.0245312421864
-0.410931228241077,16.9099986322441,17,22.6177986116504,-0.645152046804132,14.5860973484969
-0.742701254070088,13.6160245564481,13,18.5050846972657,-0.508459644928527,15.9390098149478
0.690443249585901,25.9405053826129,28,32.0493122169612,0.701107469398248,25.9645984813002
0.399639244021331,23.8949644161225,23,30.1571910063166,0.272237721709154,22.8832990112429
-0.680795154734801,14.2383368821658,15,19.307292886315,-0.594963379681561,15.085229378685
-0.569653880164629,15.3501098664913,16,20.7115736250459,-0.727717699901929,13.7616261807082
0.543053185306225,24.9331978637093,25,31.1348790189127,0.759084936956124,26.3417052945919
-0.488102858923581,16.1568157277311,15,21.706915464681,-0.608063180402285,14.9551673194711
-0.381493584622318,17.1942322118255,17,22.9568258642075,-0.41598019067597,16.8391334846074
1.44163221562978,30.2431683913454,32,35.6135053743953,1.64331648479622,31.1005450628307
0.362128397214532,23.6136633223569,24,29.8860190955378,-0.151226114493709,19.3154625763875
0.562007984870033,25.0660764498621,26,31.2574081946945,0.781180656052446,26.4830730573577
-1.20931650862464,9.08193408353518,7,12.2899080125312,-0.547979021082313,15.5501625382986
-0.860462524586398,12.434585715423,11,16.9502027513283,-0.967638544749106,11.3820626794845
-1.93092481432289,3.61452676652579,2,3.94770069164127,-1.90721507150925,3.86890052468024
-1.28470102932563,8.40824889352429,7,11.3037708455942,-1.71165457995829,5.11549018641841
-0.156583061927435,19.2988225819859,18,25.3841225046326,-0.107141782480553,19.7107209289414
0.903466816212755,27.2952698412539,28,33.2283455790606,1.39786650444779,29.9492807786691
-0.995440089530093,11.1006122554311,10,15.1424473785231,-0.704562542733647,13.9930782411233
-1.05245106712927,10.5488702973541,10,14.3774786577106,-1.00540678805706,11.0154753241417
1.53700486824603,30.7021038413213,33,35.9658296698201,1.47833130593917,30.3396731118809
0.629884751272831,25.5337823460178,27,31.6840661756355,0.515555649932031,24.6958967664534
1.18673151681624,28.9262074212253,29,34.5759701752825,1.25134596767294,29.2041074721579
0.38179105102933,23.7616275476399,23,30.0289916034711,0.183639562298201,22.1800898020784
0.290847080412708,23.0677734142669,23,29.3520611324653,0.453667200820047,24.2511704099666
-1.97413811658881,3.37193100747602,2,3.57023721315431,-1.62654501231943,5.71633208621453
0.55742099409153,25.0340119295695,27,31.227894512418,0.577824305856261,25.1323488965081
-0.362561960499123,17.3760516506113,17,23.1723218812576,-0.274257799911351,18.185435557565
0.994113610005469,27.8375147508113,28,33.6847136273813,0.655434241440313,25.6611422659611
0.248701647797132,22.7379683108298,23,29.0244973078082,-0.0655726228522378,20.0785505840827
0.141155973124881,21.8724817528211,23,28.1469955910051,-0.154379562599,19.2869882093835
-1.01041110206705,10.9549151293301,10,14.941465295463,-0.984921701880319,11.213894865223
-1.92543095529962,3.64625023544844,3,3.99704354398222,-2.18693659542673,2.47599432874948
-1.06177169663629,10.4595053964043,10,14.2525746148169,-1.08759186833503,10.2307601225168
0.684440406568581,25.9006273628432,25,32.0137361828693,0.277144144178887,22.9215631264681
-1.68352287314073,5.2204003435353,6,6.4446426080437,-1.86549911946161,4.11774516066664
1.1580118628994,28.7691788452663,29,34.4493941445505,0.667559400045209,25.7422564756285
1.13014566736259,28.6150741912574,29,34.3245436251463,0.887268489103455,27.144148580035
0.586111479673377,25.2336106294785,25,31.4110632533833,0.926308695557122,27.3802135335168
-0.55778001711927,15.4681493618433,15,20.8584693199148,-0.0452605034577179,20.2565322404629
-0.0191287954238615,20.5189041007872,21,26.7224834451646,-0.120699965442441,19.5897201394575
-0.207935426230706,18.8295763818999,17,24.8558034700419,-0.2189629889606,18.6980773793493
-1.14287585982676,9.69315166465524,9,13.1695252728572,-0.842150617612125,12.6194189329768
0.0765602046834342,21.3361072851491,21,27.5901248566965,-0.269922065116982,18.2259037587198
-0.186268709786095,19.0284239440243,18,25.0805980484848,-0.238230024905539,18.5203127452911
0.412574721908781,23.9910234644438,25,30.2491742358492,0.315811468376456,23.2206338073015
-0.786739078983089,13.173347326999,13,17.9274072120236,-0.926366478500594,11.7861733965883
0.492535675892293,24.5741458356327,26,30.8008582010155,0.462032920049553,24.3119290625624
0.445310151147094,24.231961715664,24,30.4785131292541,0.513227240526347,24.6793634146256
1.10375704655938,28.4675411580398,30,34.2044221859563,1.88105653365505,32.1090441871079
0.748180748318647,26.3192103698001,27,32.3846416284076,1.0598746462905,28.1595608030419
0.286678184462398,23.0353842204826,22,29.3200581301229,0.69415378646121,25.9187632121704
-0.544863560539418,15.5963451570308,15,21.0175198979002,-0.346434502136893,17.5052932155862
-0.852188930332508,12.5172572228887,12,17.0603838435232,-0.592032768717773,15.1143023922833
1.02211859676728,28.0010843475729,28,33.8207107791536,1.03591279312696,28.0229036607946
0.443304338559876,24.217287162729,24,30.4646011981547,0.583124609463353,25.1689952625404
-0.12302823655531,19.6015669056205,23,25.720991673519,-0.0966797893512111,19.8037452576205
1.15556081973015,28.7556932940135,31,34.438493710998,1.36242774296667,29.7731713070098
-1.44958046993282,7.01214689330578,7,9.20767838486175,-1.27810460481269,8.49972472309582
-0.189777726744002,18.9963044595609,17,25.0443782900912,-0.234341547303499,18.5562643846619
-0.435882194032445,16.6677069518901,16,22.3267456829765,-0.8300600649432,12.7397423882005
0.469068077914779,24.4048996228602,25,30.641916591647,0.391128569843358,23.790541669451
-0.299148976889025,17.9791768630671,17,23.8793979753447,-0.288417989896993,18.0529554462847
0.0608014117307747,21.2033764572833,20,27.4507789891609,0.0403760663494941,20.9940091579582
0.35961717181975,23.5946848334566,22,29.8676267746113,0.388645695678546,23.7720191978924
-2.50780051846981,1.39603959384348,1,0.411594642949552,-2.64824052300384,1.19135005784182
-0.147294130795074,19.3829410728045,20,25.4780373822461,0.0959511832419182,21.4612659157972
-1.10133184535509,10.0830881687412,10,13.7233042471178,-0.794537193828973,13.093921861476
-0.349115439958569,17.5047128265946,17,23.3241619410405,-0.492343389565754,16.0969187521579
-0.395874946261788,17.0555995067081,17,22.7917941693256,-0.444368956283714,16.5644314554672
-0.59471206164267,15.1004484939183,14,20.3994780591516,-0.909902486763636,11.9482602136047
-0.3602712368075,17.3979985725986,15,23.1982609279427,-0.638675688629999,14.6506221397784
1.10423156335613,28.4702079154573,31,34.2065986760412,1.22328619447343,29.0561675532424
0.161594622358124,22.0396124263682,21,28.3184704089711,0.37586649641482,23.6764002734142
0.374302380396979,23.70540701227,22,29.9747557229772,0.243163944985503,22.6550985926458
1.75833896081027,31.7008726218931,33,36.7186269517268,1.86213954811231,32.0324181362138
-0.463504935235507,16.3980774433298,18,22.0006512396977,-0.524795544776946,15.7785445678663
0.177955978943555,22.1725063901931,23,28.4541265451731,0.439270865821296,24.1461393399221
-0.837144466305866,12.667765062897,14,17.2604359322666,-1.27646890504433,8.51398924919379
-0.0342781521330662,20.3870732212766,19,26.5803465746546,0.0628626376399599,21.1841532710669
1.17762674722868,28.8766219809189,29,34.5360703626654,1.28782312915926,29.3938726911387
-0.965804086252606,11.390569280868,10,15.5402994552136,-1.07310804564608,10.3676165196713
-0.51684516662737,15.8736230163195,15,21.3598001780951,-0.816008171921021,12.8797406238675
-0.00612555443712991,20.6315283238125,20,26.8434354092997,-0.0608441026021913,20.1200869301712
-1.48423654527194,6.73242586966672,8,8.78038514764946,-1.24659017047049,8.77646750985802
0.235185453371959,22.6310841320838,23,28.9175336537177,0.0679327861062353,21.2268226282721
-0.405827853821445,16.959402667785,15,22.6769138958456,0.142423691337295,21.8450460052389
0.354820687491585,23.5583844088038,24,29.8324132252179,0.506565028733585,24.6319716369814
0.445354205532139,24.2322838887489,25,30.4788184777584,0.24013224918595,22.6311588287334
1.22483955767607,29.1317889656398,32,34.7407193029097,0.971363343676373,27.6479420854632
-0.356557619507728,17.4335531987196,17,23.2402495076629,-0.245786691562893,18.4503384024784
0.0791281473711069,21.3576665750009,20,27.6127008275545,0.0387954747754712,20.9805886089885
-0.954168237118951,11.504933913609,11,15.6964521605496,-1.10507844196611,10.0664224265917
-0.62209702983567,14.8268417332926,14,20.0552761528126,-0.484867515706186,16.1700278467166
-1.35102976868856,7.83370149991847,7,10.4492508563963,-0.997292848127142,11.0939456032613
0.425607899265979,24.0873193151524,24,30.3410699436135,0.186852146442957,22.2059940436522
-0.0997168872716982,19.8100501018699,19,25.9511472456155,0.375864530616077,23.676385527815
0.680685480578387,25.8756339384839,25,31.9914130587424,0.401581630165217,23.8683251957721
1.3971890277029,30.0231799855157,31,35.4430221229555,1.89164874159939,32.1516842819438
-0.553667613336714,15.5089890784435,14,20.9091933544674,-0.402722574323123,16.9668889581373
-0.392062605265029,17.0923920102929,16,22.8356535168101,-0.252549920132277,18.3875912567285
-1.05673363791404,10.5077786260522,10,14.3200807292067,-1.41463740842438,7.34823416015053
-0.425004783688203,16.7734854266916,15,22.4540434169019,-0.480481853401291,16.2128741277043
-0.792603469248982,13.1144453999633,13,17.8500999391923,-0.569277191327193,15.3397294588965
0.87539145744254,27.1232785805536,28,33.0817815940907,1.41933072563214,30.0546949239513
-0.164898768168564,19.2233175768652,19,25.2996184020864,-0.104834618055302,19.7312612688524
1.09352955754304,28.4099394804176,29,34.157363062546,1.30518214999478,29.4831773165544
0.0046900280956887,20.7248296694224,19,26.9433027565914,-0.239903863934527,18.5048253324218
0.607913755883923,25.3837724311295,27,31.5480017221483,0.834506274620564,26.8189885109382
0.252829770681902,22.7705048994521,22,29.0569796960819,0.747553798862958,26.2674169558801
1.19105414412906,28.9496854000776,29,34.5948399080917,1.0629178798208,28.1768197071694
-2.20012496270981,2.31222062175904,1,1.91072138000873,-2.0613507211057,3.03976115291601
-1.76651797693733,4.64397948763244,5,5.54860149457908,-2.17946866613103,2.50666419062909
-0.0464020536236758,20.2810924381642,21,26.4656445923393,-0.282960735223791,18.1040691667881
0.43617144712631,24.1650093452014,24,30.4149810868812,0.368027397923737,23.6175087235374
0.776674848241924,26.5028998253013,26,32.5456638059656,0.564154146119917,25.0374695590031
-0.146923434226712,19.3862931127237,18,25.4817747869295,-0.354284324863045,17.4306118779535
-0.549337492484541,15.5519667187664,16,20.9625174229249,-0.468520176490801,16.3295714469497
1.21479493346952,29.077906555727,30,34.6976434858636,1.88038149712625,32.1063203139846
-2.47005932733913,1.48102439535629,1,0.557151587285197,-2.3413764630015,1.91977996298011
1.57475875440444,30.8789238623274,32,36.1004323249835,1.45498448619374,30.2277379235463
0.302645257290984,23.1591584413746,24,29.4421618309249,0.135747157229271,21.7903006534671
0.797525670865296,26.6359918317873,25,32.6616752640121,0.886340683535517,27.1384918493308
1.45471115476812,30.3071584613984,31,35.6628965244113,1.14383359997011,28.6278125138637
0.689263821525768,25.9326777794584,26,32.0423330578269,0.441938719329187,24.1656483904699
-0.97803983160058,11.2706172785513,11,15.3760532365666,-0.894705870504414,12.0982599991402
1.09843268477661,28.4375836567214,28,34.179958923484,0.534480407354596,24.8297039554701
-0.297454409623508,17.9951645331645,18,23.8979776922625,-0.425544281013575,16.7467575668131
-0.958512086803496,11.4622071990075,11,15.6381637231849,-0.701056876716011,14.0281108347627
1.31808220534008,29.6217144187908,32,35.129069935764,1.12482302529075,28.5232110725477
0.0013638631497343,20.6961726164231,21,26.9126611027742,0.135533179921055,21.7885439383896
-1.60320272381626,5.80935464427206,6,7.35823910963825,-1.15511408009783,9.60189608749331
-0.415748086007735,16.863319828346,15,22.5618721049293,-0.55398629066664,15.4908665984179
-1.69636622357683,5.12897474110963,4,6.30259589470002,-1.69022595829381,5.26367694333487
0.197265795232471,22.3283240679041,22,28.6124025279203,0.105336621087339,21.5392843851704
-2.62899323690083,1.16357436320432,0,0,-3.07929446511838,0.688584611054757
-0.519816932658218,15.8442684613534,18,21.3236767219629,-0.322101422840465,17.7359261018542
0.400863293556395,23.9040749639758,24,30.1659284470172,0.604177024928846,25.3137767658002
-0.0849728031029021,19.9411240404059,18,26.0950813540317,-0.0268473992087238,20.4168683837253
-1.23943769012812,8.81015690813934,8,11.8941779016949,-1.42530111945906,7.26158839103614
1.33859549030261,29.727051589307,30,35.2118082200247,1.73255481694495,31.4908717973426
0.509055109006556,24.6923471125891,23,30.9112936910253,0.329109805106174,23.3224704758298
0.412680314462971,23.9918056059636,23,30.2499219048836,1.23587446167195,29.1227496647663
1.53672289452979,30.7007729792305,32,35.9648142260125,1.74362903466752,31.5383062312911
0.047899448263298,21.0941616744247,23,27.3356621509037,0.303041207841958,23.1223506697478
0.0905672643690633,21.4534669964065,22,27.7128236019021,0.0776719424012934,21.3085750235162
0.31478338262848,23.2527484601362,24,29.5341388048508,0.32967915304254,23.326818835832
0.9489257174869,27.5696718519475,27,33.460362523827,0.318714799768635,23.2429115205637
0.0201817347557683,20.8578746141257,19,27.0851884216997,-0.215024974950833,18.7342954319787
-0.0139282826972459,20.5640059769636,22,26.7709730337649,-0.0128812548955578,20.537839554089
-0.782583806253251,13.215092200947,11,17.9821332141355,-0.888171328298905,12.1628663391241
0.347740872957683,23.5046805607927,22,29.7802346690423,0.399341769719166,23.8516847239945
-0.373846889761747,17.2677648601617,16,23.0441078182226,-0.319122676121308,17.7640676562746
0.152869955579445,21.9684212444913,22,28.2455473739537,-0.114281083919467,19.6470684130475
0.113262130339277,21.6423836126786,24,27.9093292189218,0.122904697041438,21.6846275627599
0.334394380292318,23.4030418864578,24,29.6812124440153,0.62183062403015,25.4342332030244
0.343288963049718,23.4708355506724,26,29.7473002153807,0.341439952590822,23.4164279721058
1.38173743137247,29.9457667300717,30,35.3827726557685,1.84606691195389,31.9668337791982
-1.40786934703393,7.35516150371589,8,9.7286603677972,-1.16045683012895,9.55281686305431
-1.40550799164962,7.37478709989833,6,9.75836047615026,-1.30441302788305,8.2718050157554
0.906254413851314,27.312241174493,27,33.2427600127109,0.612809292004524,25.3727856705206
1.11123586348028,28.5095125882554,28,34.2386550758891,0.762335471571658,26.3625829353782
-1.46288506640648,6.90419306721408,5,9.04301599621734,-1.43900606578968,7.15093389846825
0.966195629370393,27.6726107111053,28,33.5468319181388,0.413789053161963,23.9587602904786
0.381192676661609,23.7571413011917,25,30.0246676836191,0.0568104668567871,21.1331213505922
-0.709429301754713,13.9505920849156,14,18.9378025611832,-0.88186974544826,12.2252264359508
-0.475680316571277,16.2787903141611,15,21.8556484992538,-0.398485369373,17.0076467505363
-0.253705182963522,18.4054861868318,18,24.371908266122,-0.293803071789579,18.0024485726759
0.271531257376577,22.9172717044008,23,29.2030476481031,0.114074222630983,21.6116851763394
0.297389288971408,23.1184980488344,24,29.4021083714687,-0.259863016851005,18.3196159544823
2.3009122195856,33.7907327940376,36,38.2510965947824,2.56133717705823,34.4896395702266
-1.15109757801146,9.61666908200025,8,13.060237359632,-1.6185914269515,5.77412801800207
-0.0637139906419462,20.1290281073912,21,26.3003886552176,-0.00604290700209725,20.5968686369495
1.11833278212651,28.549224312136,30,34.2710010675079,1.44511353921847,30.1800855374224
-0.528076360398298,15.7626135409333,14,21.2230522691536,-1.07831410727956,10.3183494583186
2.12222962657627,33.1555615120258,36,37.789157300803,2.62313893468486,34.6725645104598
-1.36622231667308,7.70454066716281,7,10.2555188969875,-1.63710510533652,5.64002293557343
-1.28037775714132,8.44629514648979,7,11.3599247328274,-1.55164543621438,6.27140663720237
0.0098683341361219,20.7693797969013,21,26.9908815828576,0.322173732311493,23.2694200383633
-2.21335291304282,2.26108648086757,2,1.82961390351071,-2.39006420226127,1.7736271287608
-0.966307034909565,11.3856323239655,10,15.5335488622223,-1.32553829589533,8.09086047259438
-0.993445665740993,11.1200626794795,11,15.1692237305831,-1.03092695608209,10.7697681195016
2.27428180777369,33.6992174927768,36,38.1846214112083,2.185672390955,33.2620736821473
-0.604806098144735,14.9996836896637,16,20.2729777543984,-0.728324507633955,13.7555598555927
0.672143248881355,25.818635348876,24,31.9404292620455,0.518672582229425,24.7180050212138
-1.03843885530889,10.683679304896,11,14.5653639254994,-0.777017731824312,13.2688689439906
-0.619625415726111,14.8515652722238,14,20.0864717692461,-0.864667277661983,12.3957265117012
1.12501443743605,28.5865090052633,28,34.3013315512279,1.52541229254853,30.5621334029598
-0.444811524410042,16.5807024895977,16,22.2217735771587,-0.78697920890338,13.1693779796028
-0.00344248214176566,20.6547058364915,21,26.8682721927437,-0.255406302547245,18.3610567673587
0.439818195195238,24.1917550399009,24,30.4403786182506,0.468269256270144,24.3570911647295
2.10225484371383,33.0814213580061,35,37.7351065483134,2.12071658177718,33.0286079492104
-0.375895416506355,17.2480780492775,18,23.020757151846,-0.142239980660319,19.396457843178
-2.21459932463377,2.25632853034543,2,1.8220583811708,-2.27121413763839,2.15438090935303
-0.40845500358944,16.9339767488639,20,22.6464998715991,-0.0962412730158253,19.8076378111721
1.32413344249889,29.6528785231454,31,35.1535755085965,1.66290682338397,31.1874786116688
0.103759995140169,21.5634719443631,22,27.827398408223,0.252963580017684,22.7322953423314
-0.472144855528134,16.3134556280701,18,21.897833154611,-1.05571689543038,10.5327937813989
0.867760339416593,27.076193596072,29,33.0415029992846,0.495012062200295,24.5494889731238
1.61451171877684,31.0621906331527,33,36.2393084454657,1.73071836918984,31.4829845085462
-0.969318858577023,11.3560794321309,12,15.493122584727,-0.670667334823283,14.3316207743435
0.740795368197464,26.2712563802163,25,32.3424310064744,-0.160808512653889,19.2288553138721
-0.205371755153971,18.853169491825,21,24.8825452945912,-0.480033716484059,16.2172504629673
-0.333533587295928,17.6532953135831,16,23.4988370699583,-0.329031979103289,17.6703721822218
-0.605378855730808,14.9939629505241,15,20.2657866991376,-0.334225552238039,17.6211769391718
-0.182749836544962,19.0606005598478,19,25.1168470645118,0.197662733378545,22.2929395961477
-0.608093540021468,14.9668440787909,15,20.2316843909358,-0.787760664069725,13.1615749439688
0.774647807132254,26.4899016079538,27,32.5343042279105,0.851867180442272,26.9267635978293
0.828357212586016,26.8307609955615,27,32.8304621980233,1.17578914882343,28.8017934247649
0.501279985250327,24.6368098639604,25,30.8594633945249,0.851875141437198,26.9268128418006
-0.443266203110535,16.5957704286917,18,22.239970523852,-0.385828977021124,17.1291727412095
1.02748610513248,28.0322248445144,28,33.8465160647514,0.993345337355248,27.7767619788086
0.550575212721412,24.986049047687,27,31.1836837985347,0.563391927503646,25.0321638371124
1.03320477111271,28.0653288194691,29,33.8739184681744,0.797234658803361,26.5849814424801
-2.62899323690083,1.16357436320432,0,0,-2.7123166806522,1.08753250034223
-0.588003894059226,15.1673537038134,14,20.4833007504724,-0.777752919865519,13.2615248449954
0.822778957424905,26.7957004465699,26,32.8001647556364,0.909171939044805,27.2770623156604
-0.83472441357556,12.6919957790456,12,17.292578220985,-0.808468916288818,12.9549143083723
-2.10656595024948,2.70792620275947,3,2.53393024298966,-1.78063533127301,4.65328476428774
0.12199332322637,21.7146564693636,21,27.9841773762449,-0.15123173301347,19.3154118670252
0.89070732315293,27.2173449292551,27,33.1620507164242,0.909335150533154,27.2780481916357
0.63834701348735,25.5912097724783,25,31.7359611907379,0.690369583325644,25.8937646470951
0.303503144215462,23.1657873599693,23,29.4486864084003,0.28553991417414,22.9868749189139
0.53865971337707,24.9022555146815,26,31.1062627187738,0.619882302420441,25.4209815751301
1.35124617709867,29.7915810240215,32,35.2623646335228,1.46955538615784,30.2977243444515
-0.136366516861363,19.4815958224807,20,25.5878730425643,0.250257622631418,22.7110075195922
-0.250801800182333,18.4325479124075,21,24.402967131734,0.0157081269552195,20.7837339208847
0.419614134010929,24.0430951117563,24,30.298905553936,0.044159542659799,21.0261046236189
0.0164600172638134,20.8259760839411,19,27.0512262294157,0.130683154557701,21.748689930064
-0.924486368929064,11.7978633212872,11,16.0944708828784,-1.04055018583669,10.6775704060888
0.570434786957665,25.1248304754172,24,31.311400083372,0.593889974084871,25.2431852434364
-1.90828900592285,3.74648746686588,3,4.1529378589686,-2.0806077874539,2.94667910364854
0.414467254167403,24.0050368814166,25,30.2625668730441,0.691237764168554,25.8995033045148
0.870665114026018,27.0941334496608,27,33.0568574230655,0.546071723738711,24.9111585172045
-0.620612685927701,14.8416902700059,15,20.0740139204678,-0.184553998035513,19.013192759904
0.157945402970427,22.0098632339141,21,28.2880189157882,-0.00735942017463695,20.5855147981118
1.24637873824269,29.2466004609861,30,34.8322596664809,1.54452782846048,30.6512234832525
-1.03295368837414,10.7365982525911,11,14.6389432109348,-1.13008844892799,9.83314588255461
2.01365121617312,32.7447487846661,34,37.4891291701963,1.37790695314984,29.8504117951277
-0.71194815435464,13.9252685375153,15,18.9051666600547,-0.725420294665227,13.784593393817
-1.84885205338949,4.10833844935429,4,4.71562810482702,-1.47791555238385,6.84107989731806
0.638714902631031,25.5937019804954,24,31.7382108832963,1.03924973687638,28.0420161233811
-0.41493113892734,16.8712399235163,16,22.571366211451,-0.719826369964097,13.8405141125343
1.99436030046083,32.6697392990855,34,37.434189998729,1.7727250370822,31.6618944886639
0.0427642308078463,21.0505556610576,19,27.2895839004667,0.373241272196303,23.6566982006197
-0.737013824492537,13.673219146865,12,18.579294583945,-1.03245640534696,10.7550977471753
-0.873074298055194,12.3087165329279,13,16.7820446156848,-0.942296342150326,11.6298028138311
0.161707686856848,22.0405335185953,20,28.3194127554206,-0.237692540176369,18.5252844101161
-1.60230546597748,5.81609526057314,5,7.36867524858013,-1.27696060020868,8.50970014964566
0.173967328197703,22.1401822952665,21,28.4211870070728,-0.165464747824763,19.1866834089237
-0.225145222655718,18.6707508195428,20,24.6752910011052,-0.419544169067672,16.8047309684937
-1.18023280470343,9.34754155363592,10,12.6739063252968,-1.30374265601504,8.27757726512014
0.418174309657488,24.0324561336089,24,30.2887522126971,0.629552603671784,25.4866514410332
-0.503702143204077,16.0032833184021,17,21.5190382831988,-0.395862085509937,17.0328621060057
-1.81724825576245,4.30940584032616,5,5.02829931476545,-1.82932249173797,4.34137451700698
-0.217981734203815,18.7369551749468,17,24.7506389252155,-0.11761373545106,19.6173074945898
-0.43935424009945,16.6338945231254,17,22.2859791749361,-0.515177695041392,15.8730673560653
1.85030257279659,32.0898070512577,34,37.0073461481582,2.02268473281425,32.6637291855706
-0.560651137386403,15.4396236154323,14,20.8230092150399,-0.47145115004438,16.3009995139018
0.209983186692477,22.4303392915294,21,28.7155713016439,-0.11761373545106,19.6173074945898
0.715520752194693,26.1060674286957,26,32.1964709406468,0.335023706448313,23.3675910441806
-1.95558950539672,3.4745419748342,2,3.72992702865839,-1.81951436184673,4.40321703379373
1.52647420676256,30.6522975067396,32,35.9278034190358,1.22421192280576,29.0610757763842
-0.699455161409693,14.0508528824067,12,19.0668267461348,-0.67490559147068,14.289315237643
-2.50780051846981,1.39603959384348,1,0.411594642949552,-2.21613191332049,2.35951628227961
0.53826919239198,24.8995025451318,24,31.1037151614177,0.895002014674317,27.1912146156246
1.10734324944026,28.4876828188681,29,34.2208561526687,1.48071748562993,30.3510526649477
-0.159096953314422,19.2760167933893,19,25.3586191115392,-0.0542522546379473,20.1778865166361
0.662486424396562,25.7539646548412,26,31.8824565301375,0.879297024371933,27.0954764935331
0.397091312511949,23.8759863528699,24,30.1389810955438,0.701528357866946,25.9673685792875
0.325856028822013,23.337745106055,22,29.6174097689401,0.690778853817797,25.8964701709557
0.749763905872506,26.3294714945629,28,32.3936644040357,0.841225272770774,26.8607912771379
0.764511256016539,26.4247430430546,27,32.4772805586275,1.04541339468149,28.0772492107183
1.38809038833393,29.9776538067756,31,35.407606269762,1.33796113193081,29.650069619603
0.0612271867776467,21.2069722589083,21,27.4545620650294,0.107756225428355,21.5593559586836
-0.108173855479828,19.7345917871301,21,25.8680172959886,-0.261791442555804,18.3016694107545
0.386562363566359,23.797362710912,24,30.063409266691,0.512937705128763,24.6773064289876
-0.0499531811274997,20.2499702074143,22,26.4318875295471,0.0285284411955947,20.8932367485588
0.630552580767302,25.5383214877315,25,31.6881719251947,0.81944591159161,26.7248665911571
-0.609745925676793,14.9503337034535,15,20.2109114977246,-0.635066691406017,14.686565710386
-1.05994649057775,10.4769855219151,11,14.277028724156,-0.783463606886215,13.2044855830789
-0.54385797899691,15.6063160902487,17,21.0298694938657,-0.516296804974206,15.8620759122716
-0.896113370414399,12.0793056036922,10,16.4742898397953,-1.0868582207778,10.2376764337762
1.57692936981501,30.8890075578997,32,36.1080901126473,1.85914407896077,32.0202286361252
-1.99303702187365,3.26976783729438,3,3.41117442657719,-2.14419581503247,2.65638639133471
-0.12659990517246,19.569489937399,18,25.685447743688,-0.175461230104954,19.0959508768305
0.725439325080826,26.1710924326334,26,32.2540296824791,0.98977204720987,27.755901455584
0.0808362391336604,21.3719961331827,21,27.6276971957556,-0.369204272151233,17.2883000122328
-0.94146570547744,11.6300923481399,13,15.866851825125,-0.875351059550122,12.2897912699441
0.573994746242863,25.1495924680706,25,31.3341209770425,0.405718559907394,23.8990210250617
1.48542317123971,30.4560952306776,33,35.7775155868721,1.35458654924306,29.733854762868
-0.281385553834983,18.1464223665414,17,24.0733378949455,-0.482462954603741,16.1935234475481
0.291427375089084,23.0722778002042,22,29.3565089489452,0.245006037175988,22.6696313792915
-0.179085071046967,19.0940759042585,17,25.1545218014838,-0.133684975132944,19.4733656065559
-1.40303862313651,7.39533408418404,6,9.78944192934778,-1.28821878016648,8.41176492237142
0.35732453204616,23.5773422182029,24,29.8508090370332,0.383550475897085,23.7339520022766
0.950633973237573,27.5798859318463,29,33.4689562114642,0.929845939945749,27.4014142282549
-0.343305296170198,17.5601807593893,17,23.3894554282889,-0.348403437038431,17.4865738838176
0.28377553270051,23.0128024832401,22,29.2977242653943,0.411372107399746,23.9408894980599
-1.96462116290932,3.42429092325697,4,3.65173061014721,-2.24367978769969,2.25456069076115
-0.35156717799147,17.4812838517669,17,23.2965524724744,-0.0862683316476792,19.896020669957
-0.527577337071594,15.7675498965096,14,21.2291412749269,-0.738056694358297,13.6582647598851
0.804222817663082,26.6785043004639,27,32.6986162204847,0.190894224275548,22.2385434393054
1.20456083344073,29.0227834557137,30,34.653499253349,1.57021844779639,30.7698505132062
0.58150045744981,25.2016852299569,24,31.3818539043125,0.322181594218521,23.2694802502024
1.08565496204328,28.3654278131359,30,34.1209361933658,1.48760407112947,30.3838313706928
-1.9867757657375,3.30334625252219,3,3.46346327983067,-1.6518307760838,5.534432174025
1.51220427952822,30.5844649917178,33,35.8759340150317,1.14804584434052,28.650878060549
-0.669330107792399,14.3534554861413,13,19.4544235572651,-0.73129078745047,13.7259053827971
-0.626531507192067,14.7824702115682,15,19.9992429286301,-1.15701676052734,9.5844059193487
-0.614317874016223,14.9046378285578,16,20.153375253232,-0.307700449422682,17.871790326865
-0.852683008706563,12.512318216905,11,17.0538072489025,-0.87972233316275,12.246489452403
2.69583328239928,35.0249720650782,38,39.1501828388619,3.41690331845904,36.6004267178765
0.077448068951065,21.3435636011055,22,27.5979346204986,-0.332514528527236,17.6373909985047
-1.31524317499142,8.1415440404007,9,10.9086077846156,-1.61617769710946,5.79172222987024
0.475205071549469,24.4493101429959,22,30.6837162119385,0.852862027503581,26.9329161233889
-0.398653874061297,17.0287612466408,17,22.759773403415,-0.825475975186603,12.7853961458209
0.7957623697604,26.6247796436479,27,32.6519231911182,1.02295929260765,27.9484608854284
-2.09513938701411,2.76040917240041,2,2.61614831971835,-2.56323232745135,1.35135471991798
0.804254954666935,26.6787080258406,27,32.6987931120843,0.708082522930048,26.010443482046
0.572641675390664,25.1401850461772,27,31.325491375814,0.259226832796257,22.7814854059993
-0.143497895515673,19.4172508342289,19,25.5162733734138,-0.457100276206395,16.4407538273785
-0.634642844215242,14.7012649140456,13,19.8965417390705,-0.636060586062145,14.676668061641
0.862061695113523,27.0409379532698,27,33.0112999900524,1.14887142827598,28.6553941002184
-1.25123825733137,8.70461769187972,10,11.7397377042842,-1.65395110314413,5.51930742752303
-0.570734470824757,15.3393588439909,15,20.6981731971764,-0.674496584103188,14.293398259358
-0.713150325010972,13.9131819247317,14,18.8895832151832,-0.434220559626383,16.6628058168177
-0.94816121580114,11.56408206249,11,15.7770443296886,-0.691471680257527,14.123878846
1.68442838548641,31.3773786998299,33,36.4767182497341,0.61688675672816,25.400586681233
1.68100509785338,31.3621557527001,33,36.4652918755887,2.06099958299575,32.8081576696628
-0.851912202727616,12.5200236152464,11,17.0640671401948,-0.745321602811783,13.5856370687562
0.762376193552752,26.4109848732837,27,32.4652231069801,0.680931008543002,25.8312439700952
-0.522785765340875,15.8149295218102,15,21.2875457511211,-0.704409122603786,13.9946114547968
0.54037558797446,24.914346490287,26,31.1174485516571,0.600351881528207,25.2875623982891
1.47933207024658,30.4267037459818,30,35.7549335590382,1.16522590756294,28.7445370832181
1.25558603592201,29.2953759632658,32,34.8710489182127,1.07615936239374,28.2516622201147
0.534657723501722,24.8740233782125,25,31.0801251790658,0.214884809095957,22.4307362801487
-0.816660171043591,12.8730183041292,12,17.5321413100845,-0.852337159684363,12.5181531136066
0.00738746926949789,20.7480461381376,21,26.9681061644578,-0.231873440940577,18.5790640823099
0.0379533787860527,21.0096335783724,21,27.2462816829161,-0.128393184007634,19.5208388404017
-0.346539972272819,17.5293095759814,17,23.3531281957589,-0.305145005357098,17.8958494715361
-1.15725005993501,9.55958858109824,9,12.9785291487006,-1.19263129411833,9.25948796040954
0.324302396160388,23.3258407313664,24,29.6057620234554,0.253520277179532,22.736672204236
-1.12357747743442,9.87357820982952,10,13.4264682346365,-1.06878194802681,10.4086195488356
-1.88651632775739,3.87650015339446,3,4.35511845391558,-2.1842765957104,2.48687754469697
-0.102557237966504,19.7847291452024,20,25.9232738064909,-0.00533625297802657,20.6029608988419
0.975911515680287,27.7302098681737,27,33.5950815231404,0.925999646686952,27.378359753495
1.55965352442782,30.8085044337125,32,36.0468994723682,1.59274718029054,30.8728420679626
0.736804984507611,26.2452872843471,28,32.3195419623125,0.790329975535665,26.5412342428298
-0.062822105549318,20.1368832122677,19,26.3089447548416,-0.360000561498197,17.3761447836196
-0.111214197631288,19.7074149258185,20,25.8380294961013,-0.0751329480772145,19.9943796493042
-1.12933016056659,9.81966360464137,8,13.3498171625173,-0.963896364741549,11.4185615603967
-1.2291233435673,8.90283712463265,9,12.0294477168984,-0.895435674299877,12.091048356267
0.278060919348517,22.9682717937286,23,29.253630882212,-0.0868158436811382,19.8911756111301
-1.56774667812409,6.07832710345886,5,7.77419421838511,-1.64348239586589,5.59417679974583
-0.75230167612432,13.5194844679492,12,18.3796027500523,-0.683781997815294,14.2006854939513
0.0558939532839294,21.1618928222906,22,27.4071023465403,0.167716574011571,22.0512465697265
0.300826919236586,23.1451009159368,22,29.4283205736639,0.492119045079714,24.528774456445
-0.347059199440341,17.5243519544215,18,23.3472914704973,-0.141517116216705,19.4029638686178
0.569878992858875,25.1209613785589,26,31.3078480862754,0.681601216236466,25.835691370251
0.986820538401006,27.7946148971406,29,33.6489189316299,1.20388128425517,28.9528477855556
0.993730043965819,27.8352616409426,29,33.6828349939298,1.30421760049479,29.4782319619411
-0.741421810365666,13.6288909506827,14,18.5217873260579,-0.923728290724328,11.8121148893787
-0.543113201087119,15.6137001023481,13,21.0390130595665,-0.434267409985223,16.6623521078372
0.0857806798325069,21.4134274315114,20,27.6710163126302,0.0568162793732208,21.1331704129036
1.1585543929534,28.772162030745,30,34.4518048199271,1.19211735624489,28.8898059330202
-0.242720731396835,18.5077568389664,18,24.4891555555214,-0.469478123074167,16.3202347403478
0.424003291683797,24.0754900758399,26,30.3297981618194,0.410620920636232,23.9353317938703
0.0237828856457924,20.8887011334424,21,27.1179756998771,0.207817170517301,22.3742931039132
-0.427863981600523,16.7457032194692,14,22.4206439292709,-0.144518474540818,19.3759414400472
1.47026720608461,30.3828284239233,30,35.7211895091074,1.97027739263426,32.4623350865542
1.95154367475443,32.5010397295524,35,37.3104213665592,2.46021033611299,34.1790462370776
1.35402356420666,29.8057041005188,32,35.2734165813502,1.39148101324413,29.9177393304948
0.452853415189226,24.287045181032,26,30.5306691181054,0.477585292052207,24.4243472723739
-0.119054475722119,19.6372133255937,21,25.7604494370998,0.135533179921055,21.7885439383896
-0.971869850355814,11.3310635621514,10,15.4588800155951,-0.942480453624961,11.6279983263446
0.555165729805432,25.0182254958261,24,31.2133514609702,0.492387718866384,24.5306992177454
-0.298896230215072,17.9815618818679,16,23.8821702109642,-0.147021509987903,19.3533871258976
1.07603072135808,28.3108345388961,27,34.0761847715247,0.967072711712553,27.6226606905738
-0.742650782370752,13.6165321104624,14,18.5057436767441,-0.546114907338991,15.568553065931
1.51274018670515,30.5870195490914,33,35.8778890997695,1.34283480994102,29.6746907241646
-0.172996319252863,19.1496129484057,19,25.2169416780451,0.0342051800679377,20.9415721202446
1.78034772300288,31.7953089662804,33,36.7889337778336,1.40301422670622,29.9746475424974
0.24978746647359,22.7465312954543,22,29.0330495743635,0.503278398773326,24.6085454816154
0.0330214015249994,20.9676105083902,20,27.2017539263437,-0.179141252675903,19.0624831243416
-1.43410457309181,7.13860656218787,7,9.4001538861191,-1.49404188956095,6.71452400074012
-0.167057015347501,19.2036903820781,19,25.2776200744677,-0.272299855748907,18.2037159232876
-0.600562616624447,15.0420575305137,15,20.3262114486202,-0.503055138324044,15.9920090053767
-0.000335073638987744,20.6815227245883,20,26.8969856553392,-0.13335640161624,19.4763154802242
-0.477661812757028,16.2593521476117,17,21.831977383599,-0.597642094393232,15.0586475415359
-1.02689563077159,10.7951381045934,10,14.7202239948871,-0.891013930114323,12.1347542806081
1.13282617201746,28.6299729599328,29,34.3366417019859,1.20827167420178,28.9762968330289
-0.626725986854137,14.7805238531569,15,19.996783670948,-0.30228022769328,17.9228029241427
0.625634890087142,25.5048682906812,25,31.657897082824,0.780587790001155,26.4792967000481
-0.251076788371234,18.4299857299587,18,24.4000275570937,-0.327412292845888,17.6857019922548
1.18270507550413,28.9043014203259,30,34.5583509945524,1.13483695377541,28.5784132539803
1.39634943484916,30.0189859770828,32,35.4397614621146,1.67488881163132,31.2403016090098
1.7135255027665,31.5059088363708,33,36.5730375020133,2.25025257420321,33.4877883773708
-0.721235642296262,13.8318856339243,13,18.784653623647,-0.901879781111485,12.0274047514858
1.2511125332511,29.271700223414,29,34.8522279298551,1.37130262404216,29.8175170831509
-0.0920865150799836,19.8779602681215,18,26.0257941814341,-0.193936230492944,18.9275738649085
-1.11307468702571,9.9722933706875,9,13.5665317734025,-0.886502794911659,12.1793727024763
-1.93122048388629,3.61282503688506,3,3.94505373298736,-1.52527963736926,6.47248970338685
-2.06165499267837,2.91945989760361,3,2.86488814899934,-1.56698963371538,6.15573683118227
0.276707910322005,22.9577144399313,25,29.2431671815752,0.430734498360364,24.0835774708291
1.53329043392136,30.6845601889018,31,35.9524410745114,1.64653234588592,31.1148642891029
1.28955561174352,29.473774127496,31,35.0124212744066,1.54384893475377,30.64807150242
-0.238101776332006,18.5506696740916,17,24.5382478502501,-0.553885305613307,15.4918637761268
0.401879422663146,23.9116346734759,24,30.1731764194447,0.622446981537478,25.4384232083136
-0.461165914176796,16.4209635044925,17,22.0284196198287,-0.321709483061423,17.7396300855529
-0.530887905010747,15.7347948268344,16,21.188723718729,-0.484742566562789,16.1712489922495
-0.456117964307847,16.4703211555412,15,22.088250366226,-0.391085367223988,17.0787407823626
0.817529195611891,26.762632734136,27,32.7715548857272,0.366503489286128,23.6060394086169
0.87537256152296,27.1231621684853,26,33.0816820923018,0.64109279994683,25.5646816635582
-0.095260463013916,19.8497321374301,19,25.9947850624606,-0.445448918304347,16.5539515969921
-0.716355585863445,13.8809549278756,12,18.8480112043736,-0.508646092734209,15.9371806183441
-0.642223843004045,14.6253215564035,13,19.8003159234662,-0.500292847839458,16.0190798871141
-0.934756734103136,11.6963203515929,12,15.956813466355,-0.718149231297142,13.8572792659122
2.00575468675686,32.7141189917647,34,37.4667015664559,2.0808930378494,32.8822217774182
0.855977085613865,27.0032052651798,28,32.9789333143623,0.787423407435387,26.5227812973393
0.451222785938065,24.2751515734743,26,30.5194162753474,0.152134786692226,21.9244391263996
0.777614161611095,26.5089195032937,27,32.5509228217482,0.834103864353386,26.816481197997
0.193997830991879,22.3020317126915,23,28.5857544084791,0.202506983781671,22.3317879497412
-0.350414807690596,17.4922976650613,17,23.3095337494119,-0.330061932433751,17.6606209339726
-0.366883668541947,17.3346147918255,17,23.1233048316448,-0.271749296427904,18.2088545618148
-0.0674162271498694,20.0963970779539,19,26.2648228091053,-0.135611943184259,19.4560597674898
0.341189060446217,23.4548511980194,24,29.7317322637773,0.608107906187173,25.3406733653834
-1.06449111029658,10.4334793594042,9,14.216144823436,-1.35080526790225,7.87688306635433
-0.0471752519628257,20.2743191831156,19,26.4583007587335,0.0420260184343483,21.0080109093951
1.70456255466925,31.4664808106897,33,36.5435198384511,1.67333986122994,31.2334878156604
0.7779063112923,26.5107913094259,26,32.5525578716406,1.13102761542076,28.5574411353599
1.08900703036117,28.3843928181981,28,34.1364631440185,1.21348713856173,29.0040971973964
-0.836001894442647,12.6792043800234,13,17.2756125326296,-1.21222517169913,9.08277489772518
-0.941711082146092,11.6276716940653,12,15.863561008001,-0.895486218295602,12.0905489288876
-0.367151703496614,17.332043500717,17,23.1202613196127,-0.427752501456009,16.7254043073986
0.224784945631171,22.5484691616955,23,28.8345865296166,0.0171550796322378,20.7961165868161
0.504933414116109,24.6629273255351,25,30.8838504238102,1.14881623653789,28.655092243244
-0.99059309309236,11.1478983941443,10,15.2075214254132,-0.946331563670527,11.5902684532005
-0.267076700309342,18.2805792590918,19,24.2282337171774,-0.202926365805689,18.845319058688
0.388128067406961,23.8090747755569,24,30.074680060653,0.502829840656611,24.6053458959369
-0.081365665192965,19.9730976238964,20,26.1301022134372,-0.288114279944194,18.055801910868
-1.44192316613189,7.07459852271828,6,9.30278875275322,-2.0007139334352,3.34836655065905
-0.826973742620561,12.769633408975,13,17.3954448717097,-0.755301219264132,13.4858788220687
-1.11260731070674,9.9766946052387,11,13.5727680970103,-1.12520068067658,9.87856814362763
0.210890474755661,22.4375989122187,23,28.7228992683028,0.0522598070178887,21.0946799639483
2.41907141535216,34.1838355089991,37,38.5366344839989,1.90821554698622,32.2179960767857
0.992688016640107,27.8291389020935,28,33.6777291462465,0.974469653401587,27.6662171358676
0.377351577307479,23.7283182825472,26,29.9968712087441,0.243325478427677,22.6563733772565
1.15802286611605,28.7692393546192,28,34.4494430437409,0.62950329377088,25.486317238982
0.983617607066895,27.7757346024002,29,33.63314889347,1.15694758838339,28.6994901925357
0.360208881215413,23.5991583122114,26,29.8719631946675,0.588281061239861,25.2045715855757
-1.90717504724325,3.75306651874822,5,4.16316930952922,-2.12789652648297,2.72829383502371
0.729711529245433,26.1990209688584,27,32.2787103252266,1.38999980970074,29.9104109251717
0.30037374234592,23.1415958996209,22,29.424868421507,0.280644889750477,22.9488211941219
0.828403094057738,26.8310490450617,26,32.8307109590587,0.651931654747138,25.6376359483616
-1.13450162905052,9.77129071964319,10,13.2809521338422,-1.07839877876459,10.3175488723513
-0.955070033380746,11.4960605791243,11,15.6843519480218,-1.09651465829678,10.1467803093068
1.00598451736153,27.9070743656177,28,33.7426407867256,1.43970518934559,30.1538937676664
0.0636027101498594,21.227024459773,22,27.4756503745501,0.191748328256004,22.2454150470168
2.45194321570465,34.2894983789954,37,38.6134373440582,2.70966262099073,34.9201021214037
-1.16695536108432,9.46981560830409,10,12.8497724601603,-1.04055018583669,10.6775704060888
-0.971917555794079,11.3305958807012,12,15.4582396396357,-1.0365370265358,10.7159882188567
-0.800191836940381,13.038253418955,13,17.7499451626155,-0.705251470153005,13.9861933310254
-0.584259587183694,15.2046766428114,15,20.530001936788,-0.444193425977957,16.5661345853149
-0.179012060681644,19.0947424416964,20,25.1552715670513,0.0725678049257142,21.2657644218718
0.362133593083296,23.6137025708518,24,29.8860571190536,0.793251789968914,26.5597616990968
0.760055653505707,26.3960181315203,26,32.4520997560898,1.10449069455823,28.4104205217177
0.844374421494286,26.9309971643405,26,32.9168737067123,0.641640503552188,25.568375898866
1.65279426742949,31.2358879994559,33,36.3703607398179,1.35664210107107,29.7441738620709
0.0585186258008675,21.1840884975593,21,27.4304788192036,0.294216105198049,23.0541494326705
0.175354991954237,22.1514333174248,24,28.4326563592307,-0.0601500643597956,20.1261782397941
1.27665095815383,29.40628979898,31,34.9590349163248,1.3948036849694,29.9341622413703
-0.853212089368803,12.5070295993547,12,17.046764293838,-0.790571064412757,13.1335147305098
0.271536663043364,22.9173139776603,25,29.2030896129825,-0.18917906745193,18.9710146465962
-0.315835186048855,17.8213809202791,16,23.6955641226354,-0.296538472440431,17.9767669888012
0.761348844823901,26.4043605208643,25,32.459415513041,0.566204766010151,25.0517355917668
-0.31317116592116,17.8466181111395,17,23.7250211115588,-0.22454408415205,18.6466804397223
0.201348064498274,22.3611232702157,22,28.6456119476842,-0.0885921355104853,19.8754510827342
0.401137115901614,23.9061124180346,24,30.1678820745179,0.0627132834210424,21.1828951997074
-0.92374184775253,11.8052316190093,11,16.104446877837,-1.13622388085131,9.77624649525907
1.80603244192092,31.904434163375,33,36.870010125101,1.4950393146863,30.4191167172257
0.382566025649529,23.7674362881266,24,30.0345891462829,-0.357229116659466,17.4025612745617
0.507538417646004,24.6815268586512,27,30.9012037379683,0.418237715775951,23.9916091010284
-0.437535524099949,16.6516089207566,15,22.3073413764006,-0.530066366077057,15.7266869102774
-1.40995393474163,7.33785456361762,8,9.70245913433836,-1.31883010705718,8.14811729888883
0.981608407327165,27.7638785782753,28,33.6232407405293,1.67897296460977,31.2582466579515
0.537181395359395,24.8918318965041,27,31.0966155298085,0.0791697347938092,21.321123209948
0.0365064573291337,20.9973124512883,20,27.2332325371836,0.215323862382073,22.4342377464756
-0.942051525073649,11.6243133949994,12,15.8589951716922,-0.933521624682149,11.7158790529032
-0.32322641228752,17.7512737395413,18,23.6136241514464,0.0382875510012595,20.9762743726383
1.07486495966225,28.3042074358038,32,34.0707468012992,1.43914819487465,30.151192998566
-2.62899323690083,1.16357436320432,0,0,-2.3753552154012,1.81639885388121
0.662229763559364,25.7522424169696,26,31.8809108245438,0.233936687262469,22.5821510451084
1.48917985758981,30.4741862936933,31,35.7914063016895,1.22850934645101,29.0838361233737
-0.0359451514181404,20.3725263239394,22,26.5646256112972,-0.181489570585539,19.0411079267109
-0.543533432336584,15.6095338638327,14,21.0338542448197,-0.40329839586699,16.9613473427216
-0.50416595647001,15.998712282539,15,21.5134334228908,-0.305142073709357,17.8958770638894
0.831957822272399,26.8533499361568,27,32.8499624208911,0.875172988926795,27.070232901
-0.52566073983083,15.7865055263957,15,21.2525160735615,-0.451172179802314,16.4983782201967
-0.130491446290174,19.5344998840231,19,25.6466356370062,-0.141517116216705,19.4029638686178
-0.240023700153917,18.5328204989105,18,24.5178359177207,-0.0541191238624513,20.1790525955799
1.04201044132282,28.1161541883343,29,33.9159301606107,1.40172403822231,29.968294875524
-0.114348695906861,19.6793693359068,20,25.8070565082866,-0.293578547400645,18.004555761247
0.961258617688976,27.6432560989121,29,33.522205222689,0.819396460185772,26.7245565718785
-0.576452621832769,15.2824442286731,13,20.627174130041,-0.755690511898154,13.4819876766554
-1.43949716662633,7.09443327560889,7,9.33297280987344,-1.56812377439831,6.14722700129137
-0.310087246150162,17.8758121666022,17,23.7590702799991,-0.46432122881484,16.3704781747308
-0.475326038968624,16.2822650025424,16,21.8598785988418,-0.360624667958615,17.3701937279572
1.3316679132858,29.6915753051424,30,35.1839722622576,1.86569133157141,32.0468516093621
-1.59392927266355,5.87918783649205,5,7.4663300478582,-1.58435744562501,6.02602151373932
-1.04447307919276,10.6255581578206,10,14.4844382314421,-1.26409796108943,8.62222647103895
-0.125999842594716,19.5748815457991,20,25.6914245585437,-0.293754222066913,18.0029070433358
0.0481463011631014,21.0962558839579,23,27.3378734293918,-0.200039894325327,18.8717514289084
0.722250380520689,26.1502142645731,25,32.2355633778965,0.28132379485294,22.9541032026586
1.05571489394301,28.1948978984833,28,33.9808762031331,0.408727474270597,23.9213157216601
-0.922393554998214,11.818577690957,11,16.1225118003008,-0.588665881107673,15.1476923341418
-0.118550595137549,19.6417302172777,20,25.765446165289,0.00786103780133677,20.716475484625
1.01632479729195,27.9673951823564,28,33.7927626288764,0.678535766596446,25.8153395171027
-0.687792246252483,14.1680502603791,14,19.217266456139,-0.81246732701204,12.9150414029544
-0.193272391214935,18.9642836855275,17,25.008234951932,-0.111868275322197,19.6685961109115
1.68455568759471,31.3779443842763,32,36.4771427774284,2.18348263327696,33.2543091180602
-0.402242876137496,16.99407576554,18,22.718355651113,-0.313308726259362,17.8189362916107
-1.60820335907548,5.77185114719896,4,7.3001642418127,-1.35655476126396,7.82856554832878
0.893011643452049,27.2314474758863,27,33.1740619276682,0.775696975131122,26.4481086181369
0.461741511727066,24.3517402340475,24,30.5917952400347,0.344169819829721,23.4371695270966
1.79024136859745,31.8374813442707,34,36.8202872241397,1.69105452253319,31.3111527193479
-2.23126638477895,2.1936934973153,2,1.72244899726133,-2.65126514523622,1.18614407137307
0.874760737395492,27.119392426722,27,33.0784597314518,0.838581881996278,26.8443590679306
0.182883085487558,22.2123703784835,23,28.4946996160121,0.293164834763296,23.0460097950039
-0.42900410875094,16.7346203830212,19,22.4073133630877,-0.172740806405982,19.1206687411242
-0.166600183446548,19.2078458857479,20,25.2822786948673,-0.0777065575046527,19.9716775537137
0.677339779449287,25.8533327314382,26,31.9714776097323,1.04540972538541,28.077228262841
1.22600189938025,29.1380100806638,31,34.7456879751245,1.26217039495103,29.2607190037795
0.257202823429978,22.8049168467609,24,29.0912945268133,0.335021864805607,23.3675770092369
-0.205220939532005,18.8545568874778,18,24.8841172636856,-0.148705368559374,19.338204793534
-1.15048136408923,9.62239333432855,10,13.068424554737,-0.985153669900703,11.2116423998898
0.0126000732034398,20.7928499753162,20,27.0159196720967,0.366147809974356,23.6033614986235
0.833625721683182,26.8638026766933,27,32.8589806193548,1.0794964965317,28.2704593581395
-0.103868863396101,19.7730287035196,20,25.9103864512018,-0.318501397369059,17.7699346076447
0.495018069733644,24.5919573003938,24,30.8175293583096,0.340873759906512,23.412123293442
-0.679584256611051,14.2504983219228,14,19.3228548679391,-0.752490556267614,13.5139733589548
-0.648821121501213,14.5591978833873,14,19.7163913195471,-0.534201129593541,15.6859790085218
-1.59249220622594,5.89004252315904,6,7.48312569113192,-1.3311724805337,8.04291550083962
1.30311466781371,29.5443039612083,31,35.0680986735659,1.48629760557255,30.37762005521
0.609473139614455,25.3944627058283,27,31.5577224719205,0.512975088388283,24.6775720293846
-0.58963036076959,15.1511363434574,15,20.4629951996702,-0.563295337696125,15.3988891103565
-0.134135860005379,19.5016937720997,20,25.61020791064,-0.181370301098095,19.0421939066063
2.33454748606757,33.9047740068073,36,38.3339226487104,2.04193150141233,32.7365745224836
-1.60028470342465,5.83128884646357,5,7.39219658238116,-1.46702751168529,6.92714508233853
0.0477358133137699,21.0927733565142,21,27.3341961403076,-0.0843093442262101,19.9133493909585
-0.648036992632088,14.5670587295247,16,19.7263752286064,-0.906274368605066,11.9840392462626
0.267658348426179,22.8869626548046,22,29.1729438333202,-0.0362380568326646,20.3352171326041
0.523302844885292,24.7936761263154,25,31.0055941164893,0.952527674649816,27.5366226025132
1.3634683388198,29.8536128334501,30,35.3108728790196,1.19823136711521,28.9226087460134
0.176308962847772,22.1591646822784,23,28.4405352078163,0.154457347479885,21.9433860090843
0.0972794788151274,21.5094999678616,22,27.7712368598878,-0.231690121034946,18.5807569323232
-0.935296478034443,11.6909891563271,11,15.9495770198116,-0.99346192507831,11.1310507169482
0.53269126414469,24.8601345357417,27,31.0672570643779,0.527041708751876,24.7772301228968
-0.382390416607124,17.1855998053516,16,22.9465678290111,-0.434262491972673,16.6623997351243
-0.903310474114552,12.0077946582145,10,16.3780205205183,-0.68392309539783,14.1992763794183
-2.50645773304379,1.39895241675707,1,0.416620209802364,-2.83472554154052,0.92245604951672
0.943927414094888,27.5397454651116,27,33.4351662079343,0.856553475275724,26.9557233792007
-1.39745410078191,7.4418907064171,6,9.85981849555279,-1.68670385772681,5.28823600353426
0.284977502047585,23.0221564541134,23,29.3069776921809,-0.178555300212533,19.0678144132735
0.971318742384689,27.7030103364788,28,33.5723089992854,0.412928877952509,23.9524021397869
-0.904435191043572,11.9966264764341,13,16.3629711441982,-0.910344227454332,11.9439053909089
0.109861429172886,21.6141728703,21,27.8800639916696,0.0210709825018031,20.8295976581433
-0.276332873658766,18.1938531474512,20,24.1281695679296,-0.371289768660322,17.2683699708709
-0.272710447803998,18.2278189561189,19,24.1673890970246,-0.534693037084261,15.6811344531214
-0.311007901809182,17.8670991045253,17,23.7489111475728,-0.468950234837665,16.3253800421672
-0.63488154222068,14.6988744164214,14,19.8935154453054,-0.954508472518744,11.5102554822898
-0.0137055401614279,20.5659359756097,19,26.7730464270721,-0.0997294226710175,19.7766600897655
0.189857971629328,22.2686789179916,24,28.5519158292428,0.243209553876031,22.6554585352952
-0.920776835192286,11.8345848912675,11,16.1441712445336,-0.758752715522296,13.4513806439183
0.493514829348457,24.5811734579903,24,30.8074371765851,0.892369518500483,27.1752102268712
-0.285682788665353,18.1060337459437,16,24.0265880551675,-0.416737362579086,16.8318266843796
0.203118519755095,22.375332672913,22,28.6599874912494,0.197655130376735,22.2928785694874
-0.0316216808857791,20.4102380559425,21,26.6053659068099,-0.081303169629261,19.9399205667721
-1.08693643081673,10.2195072538035,9,13.9157143181363,-0.841538151895963,12.6255108414574
-0.76798302567669,13.361826363183,12,18.1740818478894,-1.0997435727839,10.1164537316342
-0.987985714858496,11.1733580813065,13,15.2425271934943,-0.611046256795172,14.9255264537186
1.66800349345153,31.3041438663733,32,36.4217115659605,1.68922057352511,31.3031388310587
0.535241972416557,24.8781477671844,22,31.0839452220783,-0.131047258963885,19.4970383149136
0.499323882211171,24.622810677716,26,30.8463823492941,0.707776380408344,26.0084340477222
1.34280914493635,29.7485814237291,30,35.2286868732895,1.54225580457175,30.6406714015947
-0.0166366757635325,20.5405270143261,21,26.7457393018804,0.0132461545717241,20.7626511065188
2.07568494912906,32.9818048683021,35,37.6624211040871,2.05791846347868,32.7966302405273
-0.506619252345406,15.9745285194942,15,21.4837692060863,0.151954555548216,21.9229681792489
-0.183685830961663,19.0520450557536,18,25.1072121782495,-0.178732200802137,19.0662049779683
-0.163783681396842,19.2334532711207,20,25.3109734297515,0.0701287577497157,21.2452802220939
-1.13684984539748,9.74935573677359,11,13.2496958990287,-1.02351437582038,10.8409590940932
-1.10385202164811,10.0592727751057,9,13.6896441773379,-1.07693822511815,10.33136182657
-1.53657930576967,6.31911323659185,8,8.1455863032853,-1.58589108351978,6.01462912826359
-2.49914764232789,1.41495060644253,1,0.444173823050027,-2.05490609923591,3.07144605249354
0.627058327960851,25.5145581527812,26,31.6666700637361,0.75302851432968,26.3027312922394
-0.407531859305055,16.9429126727867,17,22.6571912351644,-0.288411546560026,18.0530158375205
0.688169344276008,25.9254106701288,25,32.0358518858183,0.421652584597144,24.0167853844222
-0.208017091960347,18.8288245389426,18,24.8549509768114,-0.30012877263899,17.9430324668335
-0.337617010240523,17.6144110004461,17,23.4531943382696,0.0365213835124208,20.9612669646452
0.428949689327082,24.1119313479688,25,30.3645069385716,0.530489863263377,24.8015735068903
-1.3389941397101,7.93667084206482,6,10.6032785550202,-1.15628613662135,9.59112054238733
0.608043417168234,25.3846615705989,25,31.5488103658984,1.11646719155226,28.4769734275163
-2.19828496364587,2.3194262087182,1,1.92213756736938,-2.4985569359368,1.49261878434491
0.0442326823373777,21.063033036527,22,27.3027754236394,-0.433145887423011,16.6732120466691
1.96075192033277,32.5375796627053,34,37.3372548742254,2.51640769616662,34.353392488422
-0.685650070339791,14.1895708694856,13,19.2448467313289,-0.837474408637619,12.6659400267268
0.293854161110943,23.0911043238061,24,29.3750914731751,0.497342217033418,24.5661558814554
1.21803335175828,29.0953021917436,30,34.711558338296,1.30050442418754,29.45917562876
-0.199956026695184,18.9029526503513,18,24.9389105682894,-0.269740973737652,18.2275930138236
-1.15929462095679,9.5406491062133,8,12.9513907844603,-1.2696431270717,8.57363303719837
-0.160159200995433,19.2663750037626,19,25.3478314924937,-0.191229431392859,18.9522986317354
-0.777105693387587,13.2701372310125,16,18.054215338541,-0.966722708560758,11.3909923867896
-1.33785935063648,7.94640887624853,8,10.617825779604,-1.34827325407318,7.89820548902684
-1.54395287169064,6.26178581798448,6,8.05725775437984,-1.33716331999753,7.99208079933891
-0.182999576006188,19.0583180335372,18,25.1142768129207,-0.123357103606632,19.5659476038847
0.880950028905333,27.1574849234682,28,33.1110014077191,1.12101318096769,28.5021488796754
0.467138132627185,24.3909113576459,25,30.6287369673033,0.59661055718721,25.2618830376842
0.447692370461905,24.2493750883849,23,30.4950121144691,0.513264932523733,24.6796311774276
-0.735572813203642,13.6877105018915,15,18.598081606804,-0.683781385904174,14.2006916049728
-1.61675582445632,5.70796091291965,6,7.20119074550898,-1.50965453787118,6.59304152217619
-1.33055417398735,8.00921873927101,7,10.7115729369075,-1.37560745760322,7.66944165200619
0.473448663350151,24.4366107950545,24,30.6717702267162,0.572707688358681,25.0968978501478
-0.132565367957865,19.5158354620066,20,25.6259152879279,-0.2262393238033,18.6310531843486
-0.217759158630797,18.7390100572134,18,24.7529752400773,0.065446354418352,21.2059066796141
-0.888231341214865,12.1577089820605,12,16.579653041784,-0.923081562655192,11.8184760800894
1.25364549619417,29.2851110076519,30,34.8628905217654,1.19880033545625,28.925657141301
1.31017962904839,29.5809013095465,31,35.0969419521629,1.18153647147929,28.8328406854642
-0.0710253182728057,20.0645493608682,20,26.2300752914095,0.454030685519303,24.2538145273332
-0.701866313575357,14.0266182846367,14,19.0356670482239,-0.45709764266818,16.4407794407198
-1.57408519381793,6.02985255631641,5,7.69930818347856,-1.40269946506192,7.44580078606491
-2.19836063284009,2.31912943326408,3,1.92166743229815,-2.05927769804875,3.0499239994536
-0.771016442667643,13.3313355513484,15,18.134248702664,-0.569332980714111,15.3391775078171
-0.445380108402495,16.5751572739519,17,22.2150750233346,-0.421340207609377,16.7873847942649
0.319561764341282,23.28947282685,24,29.5701479932672,0.111785977794212,21.592746186107
-1.03715245895101,10.6960826783853,11,14.582618555293,-1.25690567121768,8.68543977303759
-0.492227824264112,16.1162556693683,15,21.6573539521316,-0.370977018756159,17.2713593503438
-0.605284799688997,14.9949024107464,15,20.266967682782,-0.724284392840002,13.7959488887806
0.188046546274019,22.2540691236711,24,28.5370810940818,0.0240459452510091,20.8550041009088
-2.05104923142849,2.97147027748792,3,2.94611112530727,-1.83043598449398,4.33438594913718
0.254322105387746,22.7822545870365,23,29.0687008224768,0.00255821086662622,20.6709240296117
-1.575923824333,6.01582295436714,4,7.67762772029965,-1.8458360633578,4.23841252687552
0.582464201366374,25.2083627582536,24,31.3879661123385,0.668078254725182,25.7457185179639
-0.262915339010487,18.3194997602939,17,24.2730582030592,-0.141403728156154,19.4039842722315
1.22092401217911,29.1108106725694,29,34.7239571572393,0.57788701682616,25.1327829409905
-0.778130619266236,13.259837741122,13,18.0407349403739,-0.849449964698897,12.5468443308157
2.26609554163402,33.6708666563878,36,38.16402490005,2.17988937447275,33.2415520300659
0.688993725352295,25.9308846908862,26,32.0407340486196,0.607951448355666,25.3396036416152
0.0633301453766494,21.2247245402482,20,27.4732323261214,0.264985508714238,22.8266102834143
-1.25231470287358,8.69501687680145,7,11.7256671894532,-1.46897034960353,6.91175127457951
-1.43471748676319,7.13358006623483,5,9.39251218351614,-1.30947159222634,8.22830815129015
0.268717956779624,22.8952594690781,25,29.1811876168957,0.277301621881561,22.9227900824084
0.171605155193516,22.1210168800219,23,28.4016395663482,0.115055972481537,21.6198060542454
0.345571260075754,23.4881936359671,25,29.7641962028423,1.42744910253836,30.09432190229
-0.270313699135516,18.2502742686307,20,24.1932965544092,-0.713729637710575,13.9014568473417
0.320954133472891,23.3001612808564,23,29.580619596433,0.503749133429088,24.6119026355837
1.07898401283063,28.3276094739018,28,34.0899442998969,0.488728280121983,24.5044654706112
0.0446471192280582,21.0665533417082,22,27.3064962370266,-0.382460694182475,17.1614595537424
-1.30891198077198,8.19653047123624,9,10.9902948959761,-1.31866004231303,8.14957129681736
1.12020212046418,28.5596656043218,28,34.279498653456,1.30025698347835,29.4579047000929
-0.342676646953228,17.5661777202856,19,23.3965086399167,-0.663858124345957,14.3995697905396
-1.38238031147601,7.56817423036105,6,10.0503595338543,-1.45523171049241,7.02094808377
-0.312765996287279,17.8504549533261,19,23.729497649541,-0.365492964894252,17.323744305209
0.800865470879478,26.6572066612249,26,32.6801167419899,0.851460478258232,26.9242476625671
-0.0457051881637498,20.2871955400699,19,26.4722604607582,0.181446569999285,22.162389377575
0.131567612225035,21.793647650737,19,28.0657756750796,0.383273446965321,23.7318801010539
0.876540339031898,27.1303548337499,27,33.0878291697015,0.959132472982354,27.5757561922259
-0.0681989662486689,20.0894931056791,20,26.2572931870827,-0.0397649649787209,20.3044863111602
0.287834287300654,23.0443714147246,23,29.3289417878098,0.14691596517125,21.8818071937303
0.885724552592384,27.1868054618708,27,33.136019712229,0.524511454823949,24.7593454825434
0.332186606274362,23.3861785108235,25,29.6647489375256,-0.0635809106970692,20.0960538480742
1.15367436550452,28.74530503974,29,34.4300935665241,1.41982988018133,30.0571352165022
0.977804128992542,27.7414037909591,28,33.6044473158597,0.734798358693985,26.1848295194676
-1.08961149161884,10.1941079139038,11,13.8799418130839,-0.848518329889571,12.5561042172111
1.07364502257086,28.2972690321902,29,34.0650520928985,1.03227732204909,28.0020512427908
-0.401083885758381,17.0052796011183,16,22.731738338371,-0.830740417823326,12.7329681419971
0.718234182874239,26.1238820474115,28,32.2122533900529,0.501102360462804,24.5930183309908
-0.419566197237282,16.8262864788754,15,22.5174521502994,-0.638675688629999,14.6506221397784
-0.803753493487001,13.0025031238331,13,17.7028909475242,-0.711191877828576,13.9268224364947
0.253432058372348,22.7752477214575,21,29.0617115631848,0.0858699855102694,21.377176185968
-0.304071459856034,17.9326957167514,17,23.8253327368048,0.0778884528961051,21.3103893077947
1.09566528308272,28.4219875471439,29,34.1672134984665,1.10113101136461,28.3916914481607
0.856417838633733,27.0059416209444,26,32.9812819787049,1.53152445043357,30.590696619378
-0.180084553865721,19.0849498311107,20,25.1442546676114,-0.149400693679643,19.3319332543446
1.79677597680894,31.8652407977568,33,36.8409108883567,1.28871924363674,29.3984985498173
0.949195621297779,27.5712861394537,27,33.4617209184846,0.799846169514347,26.6014951891725
1.24946709812451,29.2629811347072,31,34.8452931891334,1.19411502155896,28.9005329274295
0.704245375158903,26.0318328938799,26,32.1305960400311,1.03597035588383,28.0232335777732
1.30749016714555,29.5669818457196,30,35.0859754672092,1.62439843578453,31.0159204321366
-0.532607258405755,15.7177770827533,14,21.1677118615395,-0.12786191453607,19.5256007293398
-0.348011684119333,17.5152559718223,16,23.3365804589186,-0.425544281013575,16.7467575668131
0.143035520292677,21.8879030583289,23,28.1628583579451,-0.0709051406270436,20.0316335454911
0.967587348790202,27.6808751150023,28,33.5537607330606,1.20778658262199,28.9737080582735
-0.744641301394023,13.5965151476634,14,18.4797489586348,-0.812242563768827,12.9172824972003
-0.976378654176176,11.2868833236379,12,15.3983538213511,-0.762577792414986,13.413151373059
1.10074793815455,28.4506182976328,29,34.1906059931792,1.26336857258143,29.2669698528124
-0.50264660212682,16.013684746732,15,21.5317897568375,-0.197789086728989,18.8923479063318
0.393125699975713,23.8464113762611,25,30.1105787698812,0.687711532196394,25.8761822857453
0.128442695893151,21.7678959726398,20,28.0391978747397,0.359471719727895,23.5530284239543
0.635621121458107,25.5727322316538,27,31.7192754071668,1.0960783698482,28.3634755340868
0.174987886989632,22.1484574290521,21,28.4296231499432,0.477038161661204,24.4204042197718
-0.338141689859892,17.6094119738467,17,23.4473228315516,0.0548613848753148,21.1166639886788
0.995507967201797,27.8457024356834,28,33.69153926128,1.36076854422931,29.7648625635247
-1.55150430459507,6.20330750634153,6,7.96709344845268,-1.25726670318119,8.68226166130318
1.65583054665599,31.2495482087993,33,36.380644250305,1.58701139183548,30.8467118322967
0.51452420427938,24.7313104815017,25,30.9475949064747,-0.151521902117776,19.3127928614847
0.672475496849311,25.820855936578,26,31.9424174743251,0.872512167394581,27.0539228923033
-0.428642523987557,16.7381355159171,16,22.4115418318396,-0.503520135425191,15.9874507923829
0.19191709250428,22.2852746081014,21,28.5687580572822,0.160048956286378,21.9889356764133
-1.32425686856226,8.06353159816791,8,10.7925229953802,-0.848203744292332,12.559231209771
2.16432602079697,33.3097200813117,35,37.9014336553268,2.07782055180399,32.8708238073954
0.803466271139795,26.6737075829548,26,32.6944509346627,0.696352123805893,25.9332677026011
-0.691082987311805,14.134987465919,14,19.1748670820193,-0.837876604907362,12.6619379838536
-1.507807485896,6.54493016595499,6,8.49288044196309,-1.41618082176791,7.33566387703587
-0.453846728027519,16.4925135626733,15,22.1151265693339,-0.784190297099286,13.1972282447539
0.0763240032789392,21.334123264401,20,27.5880464630308,0.619388532882959,25.4176215022224
0.770308571940872,26.4620410913404,27,32.5099382477999,0.790618083478429,26.5430621505928
-0.717061897497659,13.8738531418911,12,18.8388459188157,-0.515696804281096,15.8679691074379
-1.84457042979603,4.13523573233758,5,4.75745395881153,-1.84292806453757,4.25643735347145
-0.797884361299477,13.0614186659856,13,17.7804144922269,-0.906215630276648,11.9846186725288
0.461898548598383,24.352881252402,23,30.5928720484008,-0.0627824484656859,20.1030676544695
1.28446167323615,29.4471774613474,30,34.9913941103996,2.08254373622258,32.8883391835853
1.07714215359188,28.3171499005117,29,34.0813658129319,1.01586101326874,27.9074976740185
-0.94276677401536,11.6172585384677,10,15.8494024214779,-0.723442788496333,13.804362251464
-0.690533664911101,14.1405069160936,13,19.1819474335175,-0.74854453933136,13.5534185442842
0.581083863256336,25.1987979659041,25,31.379210622466,0.410622824362815,23.9353458807907
-0.53859262324434,15.6585022676188,13,21.0944551985535,-0.37420878445481,17.2404589944158
-0.477994045707472,16.2560923280051,15,21.828006525089,-0.509562785896005,15.9281863819931
-0.105049689577069,19.7624909308575,19,25.8987756790592,-0.0965059157662434,19.8052887350342
1.68998006256938,31.402020873683,33,36.4952063547892,2.3843085741984,33.9365106055272
-0.212937741729638,18.7834909775763,19,24.803513179121,-0.281099832733284,18.121482541124
-0.246866086991535,18.4691975935279,18,24.4449909259601,0.416648700238709,23.9798824559818
0.802103768569848,26.6650652584319,27,32.6869444786102,0.755638216599927,26.3195370396952
1.90461849529635,32.3126087268569,35,37.1718052970325,1.45333300578783,30.2197789040721
2.03830763898843,32.8397262719413,34,37.5586177856082,1.90769200943895,32.2159075838551
0.373849757263503,23.7020037536836,24,29.9714691434146,0.0499773839669962,21.0753766786471
-0.237784089927328,18.5536191595909,18,24.541619785666,-0.0149342188713592,20.5200921572124
-0.384445459748142,17.1658126237284,16,22.9230452603203,-0.269452330699915,18.2302853674954
-0.639784078714637,14.6497669272451,13,19.8313089179286,-0.711194917939695,13.9267920504847
-0.54204929103729,15.6242467791819,17,21.0520700148741,-0.707870329459702,13.9600203105611
0.728628950179326,26.1919483839331,26,32.2724625646585,0.655438176281361,25.6611686542882
-0.595062443843512,15.0969525508707,13,20.3950944030328,-0.609825260216463,14.9376596999764
-0.939722001606574,11.6472973515019,10,15.8902361107816,-1.01189677695675,10.9528291117008
1.20635698956818,29.0324743639341,29,34.6612656538897,0.825367220784488,26.7619425478657
-0.628693788930872,14.7608282251247,13,19.9718914835192,-0.396433344261575,17.0273722730725
0.625482877277004,25.5038331586785,27,31.6569597173016,0.226123433271555,22.5201851467293
-0.365713861496115,17.3458350441642,19,23.1365831747165,-0.566867584914879,15.3635653010784
0.596920017529022,25.3082166807353,24,31.4791917699447,0.560677865545702,25.0132582681509
0.273715307499245,22.9343443194219,25,29.219990705505,0.405506617062105,23.8974496304453
-0.637679984171592,14.6708454055136,16,19.8580187937727,-0.724670965769755,13.7920843702841
-0.510367846263836,15.9375577431381,15,21.4383849772181,-0.39051661546046,17.0842003478964
-1.681700140908,5.23343895752627,5,6.46489703892221,-1.97734867896092,3.47346354215715
-1.06004326775185,10.4760584377786,11,14.2757320385143,-0.946510876404434,11.5885124071853
-0.597788548628338,15.0697483550756,14,20.3609696644514,-0.723445269406364,13.8043374503597
0.096789271428366,21.5054122826161,21,27.7669792188615,0.179348413154047,22.1454410949535
-0.876328864980147,12.2762664433258,12,16.7386124955688,-0.954511486855087,11.5102260111799
1.89091459219476,32.2568736542969,34,37.130723949628,1.281543126711,29.361406269854
-0.882396812860433,12.2158015678228,12,16.6575972028934,-0.975227663678607,11.3081368398837
0.426656277424252,24.095044001798,24,30.3484280435399,0.59436973854716,25.2464840275319
0.113834657933941,21.6471296752397,22,27.9142499661572,0.607955196574061,25.3396292694965
-0.679646711554891,14.2498710832798,13,19.3220523508974,-0.723207721991533,13.8067121562958
0.552051967533526,24.9964065034276,25,31.1932374255412,0.498080069752621,24.5714302861568
-0.261094287607261,18.3365181015385,17,24.2926421743408,-0.416156757698736,16.8374296911143
-1.10932814000702,10.0075941442914,9,13.6165309441754,-1.05034337734502,10.5840118596409
-0.478122805848424,16.2548289015702,15,21.826467427405,-0.354881565693358,17.4249243803032
-1.14788715513553,9.64650635352749,10,13.1028989247577,-1.36162050632194,7.78610892643608
-0.800518771226226,13.0349714956536,13,17.7456271304242,-1.10101652712389,10.1045072580098
-0.276770012769178,18.1897521010492,16,24.1234315778328,-0.287990888806334,18.0569583087497
0.776354715788453,26.5008477079142,27,32.5438707415945,0.723121205405289,26.1088429652781
0.635715267873884,25.5733707412207,25,31.719852185538,0.641784926448832,25.5693498870693
-1.07818147634538,10.3027880127503,10,14.032842554177,-1.16666723235761,9.49589821479671
-0.536637171727742,15.6778732921008,15,21.1184074315685,-0.231723092333166,18.5804524682672
0.819287714829478,26.7737172322083,27,32.781148826702,0.591439973318919,25.2263294125046
0.527357230446325,24.822406465451,25,31.0322693742184,0.894814625231291,27.1900759489453
0.564020176797698,25.0801238930733,24,31.2703274224851,0.591561291030838,25.2271644640281
0.0250291280137713,20.8993603409718,21,27.1293052259141,-0.0747684412377522,19.9975935134645
0.651610183705342,25.6808281365529,27,31.8167324086989,0.605347807512166,25.3217922026888
-1.52237995314795,6.43013636203655,6,8.31646583701366,-0.886456101705819,12.179834682094
0.692375447286394,25.9533209689813,28,32.060734476745,0.425508786247615,24.0451746996774
-0.931936328633318,11.7241868817882,12,15.9946239537984,-0.75220689756123,13.5168087958177
-0.39162806583029,17.096583770296,18,22.8406476216395,-0.410934180489464,16.8877995459314
1.91361866046951,32.3490389268394,34,37.1986369204699,1.67502452204264,31.240898386502
-0.250634403182057,18.434107527874,18,24.4047563600947,-0.453404703875268,16.4766842089889
-1.17976944915233,9.35179804478047,7,12.6800380268032,-0.841750540734459,12.6233982685477
1.38077301496978,29.9409189329196,31,35.3789951743114,1.37791855909514,29.8504695226236
1.39744841020615,30.0244753885237,30,35.4440291630125,1.06692799054587,28.1995287616286
1.44545339950116,30.2618989490895,30,35.627971833483,0.755592814768919,26.3192448189855
-1.75123047400216,4.74753079575531,4,5.70962695269982,-1.6552268362218,5.5102169867717
1.31039308114074,29.5820053974609,29,35.0978116118097,1.02363241139994,27.9523391067364
-0.043106127995461,20.309945611859,20,26.4969105860139,0.378773690741764,23.6981949794017
1.22853312811029,29.1515477302944,29,34.7564968241554,1.38249149237596,29.8731935231482
-0.32211655026593,17.761809168963,19,23.6259481311478,-0.419031366847032,16.8096824806634
-1.05685531180508,10.5066119196854,11,14.3184501664904,-0.710498001796779,13.9337577031973
0.109722727992802,21.6130215364939,23,27.8788690349755,0.245404068535708,22.6727702424004
0.0758392192492419,21.3300507072034,22,27.5837797600012,0.752107469925055,26.2967957142644
1.61087165011408,31.0455327712886,33,36.2267114286465,1.40968337380003,30.007431205402
-0.212063989194346,18.7915454344955,19,24.8126572634372,-0.102780731831978,19.749534416
-0.357158092580489,17.4278062749879,17,23.2334654224785,-0.29631376600885,17.9788773301823
-0.412423300731069,16.8955443872892,15,22.6004882726177,-0.204756656878431,18.8285473697964
0.0415794423165385,21.0404839318117,23,27.2789317681734,-0.183512338013432,19.0226844347525
0.575995617316151,25.1634945460111,25,31.3468682740391,0.852104572657648,26.9282319546106
0.186157748553528,22.2388248951622,23,28.5215942654104,0.0310813880900944,20.9149856988269
-0.289769233768469,18.0675843741152,18,23.9820323945944,-0.000311404266535381,20.6462402890829
1.11846724445953,28.5499756207411,29,34.2716126136747,1.0594157884432,28.1569566200872
-0.60354569076455,15.0122715593063,14,20.2887974069162,-0.497074282125388,16.0506072496767
-0.369287460328691,17.3115493103075,17,23.0959956400812,0.255733515639983,22.7540640515761
-2.24969508222231,2.12655845242558,3,1.61535635385737,-2.01464070011148,3.27542455049828
0.18059327006388,22.1938530398934,22,28.4758597556091,-0.0154693674702664,20.5154639455913
0.419881338029472,24.0450688461387,23,30.3007887714052,0.489789603736607,24.5120778259572
-2.49957038819309,1.41401890673568,1,0.442571382153621,-2.74995738267348,1.0324598482633
0.548104922364863,24.9687097033136,27,31.1676821901874,0.772984620926023,26.4307851718474
-0.763633523078751,13.4055503395133,13,18.2311542470963,-0.563295337696125,15.3988891103565
0.857569758910199,27.0130908754337,28,32.9874172448809,0.730975743835949,26.1599948172201
1.13108705078169,28.6203084128896,29,34.328794586432,1.01012043107091,27.8742812386086
-0.0982555963696605,19.8230682688427,20,25.9654691259952,-0.175469400548921,19.0958766105823
0.683107824887022,25.8917617710536,27,32.0058200824237,0.593828273811236,25.2427609555682
-0.446164304501815,16.5675082654649,19,22.2058335075742,-0.629660771705494,14.7403868808964
-0.320328804194266,17.7787733871011,19,23.6457845831318,-0.29579023753801,17.9837936136665
1.34352133828571,29.752216793008,30,35.231535806347,1.64331648479622,31.1005450628307
0.432532125580061,24.1382800394115,24,30.3895749545099,0.29333335627521,23.0473148206187
-0.436303392160115,16.6636063569713,16,22.3218036770183,-0.0517911062981862,20.1994354079423
0.74076782407001,26.271077267608,28,32.3422732102067,0.399146229283927,23.8502313121404
-0.452435517329371,16.5062978139733,15,22.1318121752854,-0.395904481904038,17.0324546966188
-2.62899323690083,1.16357436320432,0,0,-3.0102553546315,0.744362430151852
0.570781990460643,25.1272470591952,26,31.3136183607833,1.1518452177777,28.6716482649814
1.58406431348703,30.9220905081202,32,36.1332003806199,1.39597267296174,29.9399348050777
1.66974454909619,31.3119302464478,32,36.4275643107349,2.39440098991231,33.9692331890957
-0.201051788496749,18.8928863064838,19,24.927520073235,0.295560813830924,23.0645563101821
0.464905267069199,24.3747142783919,26,30.6134679942703,0.393165779720081,23.8057260040936
-0.258688400699734,18.358989158601,17,24.3184860273448,-0.57332429555129,15.2996799831319
-0.136292221952881,19.4822654320228,20,25.5886174030178,-0.207321133979549,18.8050335646304
2.67782323874888,34.9735128242634,38,39.1124413941113,3.05688462282495,35.8179454711912
-0.450236552359325,16.5277692482025,15,22.1577909720696,-0.393099283039547,17.0594034894729
-0.72792004780372,13.764668758654,14,18.6977476866334,-0.533407209683596,15.6937972264491
-1.04131126617055,10.6559999807039,9,14.5268390903948,-1.1492301307924,9.65606634560879
-0.286393868682234,18.0993461230482,16,24.0188418832419,0.0912799721996617,21.4223392130773
0.266540568227512,22.8782067483729,23,29.1642413159872,0.382853273492313,23.7287371927879
-1.05717913711836,10.503507031255,8,14.3141106077916,-1.17481197300692,9.42146667803537
-0.783523537194175,13.2056508016721,15,17.9697604608954,-0.791399416217748,13.1252448483007
0.603847884219805,25.3558678011073,24,31.5226102301205,0.575744590680154,25.1179482178898
-0.0315245908113463,20.4110843099095,22,26.6062795573942,0.0418755632515862,21.0067344502944
0.3325045752931,23.3886080968686,25,29.6671215137281,0.62653045135144,25.4661561384378
-1.22076727734759,8.97821520686043,9,12.1392205398425,-1.25214209193632,8.72742211217139
-0.930348807332856,11.7398784314163,11,16.0159038989551,-0.989173774939987,11.1726262109969
-0.798340153003539,13.0568426414199,11,17.7743969120366,-0.777752073728424,13.261533297295
-0.956275897675379,11.4841978924612,11,15.668171243563,-1.09533713471172,10.1578482699131
-0.5452220776667,15.5927899121158,14,21.0131157742453,-0.258680083862086,18.3306202109841
-2.04269891729043,3.01297159208537,3,3.01088798026878,-2.24728849196262,2.24116383788361
0.388322414257609,23.8105280678514,23,30.0760782720592,0.48579790249393,24.4834305427801
1.09860899100777,28.4385766695076,30,34.1807702074682,1.74279424814381,31.5347382011205
0.113703041547156,21.6460387055335,20,27.9131189112502,0.547939919541593,24.9242511486072
1.09884837501185,28.4399248437698,29,34.1818716127821,1.40203237727064,29.96981339288
2.17542580313936,33.349898756233,35,37.9306746672723,1.71920936787039,31.4334172338876
-2.20012496270981,2.31222062175904,1,1.91072138000873,-1.93975256541658,3.68178417227409
0.0154020739458934,20.8169011344623,21,27.0415577288861,0.40518711395053,23.8950805111998
0.580750484085735,25.1964870905652,25,31.3770948253592,0.56706548845639,25.0577200603593
1.12527336210371,28.5879518318085,31,34.3025045165937,1.05557035081605,28.135112889181
0.343953366739015,23.4758902685424,23,29.7522214339907,0.462268255180906,24.3136353391967
1.22990766711833,29.1588933400208,29,34.7623598318462,1.56908873412431,30.7646605626646
0.839810045742233,26.902498832714,27,32.8923370618851,0.205500313321883,22.3557581827347
1.08244153960129,28.3472232259964,28,34.106022544574,1.18507664805997,28.8519280711467
0.860456512029619,27.0309926336594,26,33.0027731865263,0.752158709134971,26.2971259793086
-0.123093478897708,19.6009812856361,19,25.7203430745309,-0.135816826660284,19.4542191473322
0.721243469880843,26.1436164301374,26,32.229724860336,1.10898798624414,28.4354505564282
0.527004156825991,24.8199063338109,24,31.0299491678492,-0.33161228695101,17.6459382111865
0.675851936595772,25.843405729281,27,31.9625985524665,0.834103864353386,26.816481197997
-0.878320796380642,12.2564122855536,12,16.7120229869314,-0.731987544422484,13.7189397259823
1.11325135069919,28.5208020244961,29,34.2478548752047,1.01494308108946,27.9021916003869
0.430639374115925,24.1243635182613,23,30.3763377718606,0.515742769533991,24.6972247774589
-1.05767294377732,10.4987729148125,10,14.3074932918133,-1.02005984532566,10.8741869803189
0.72966718820827,26.1987313452016,27,32.2784545093266,0.308215008529256,23.1622274739516
0.257017181876613,22.803457168508,23,29.0898397986438,0.186659644994928,22.2044426935732
0.817341347781033,26.761448207569,28,32.7705294219524,0.661893546603379,25.7044033969533
0.0801655181202906,21.3663703368149,20,27.6218104599954,-0.401008572524393,16.9833803210256
-1.20409908403981,9.12935402525571,9,12.3586637632887,-1.18639969118733,9.31599746097479
1.05337083217904,28.1814599993324,29,33.969805155214,2.20906234931334,33.3445543685509
2.18948517702105,33.4005111601091,36,37.9674977484183,2.16143446519143,33.1757194834614
-0.919528885205541,11.8469439256162,13,16.1608887285492,-0.713524459400107,13.903507702315
1.15101322310006,28.7306373633026,31,34.4182281454015,1.30548374640158,29.4847232300101
-1.25165773531456,8.70087584158472,9,11.7342542401969,-1.43823192378706,7.1571633180994
-0.127027105671874,19.5656508986648,19,25.6811914071389,-0.242359278583534,18.4820936625315
-1.10619375117587,10.0371618720172,10,13.6583744704826,-1.23613766134454,8.86913938775754
0.232930642000059,22.6132006274535,22,28.8995982738085,0.71767774746628,26.0732960612861
0.723977722859145,26.1615265667589,25,32.2455705864515,0.864716755871981,27.0060359451188
1.33558829055353,29.7116638120649,31,35.1997380599499,0.865092287632537,27.0083463665246
-0.0170622336491655,20.5368359314574,20,26.7417706180344,-0.231175343605603,18.5855101437865
-0.852088679710775,12.5182593996957,13,17.0617182130293,-1.00885626209385,10.9821651068931
-1.25614763552354,8.66086699100839,8,11.6755900502601,-1.19396558578099,9.24740750421444
1.03834593200056,28.0950248868527,28,33.8984737087337,1.29393763066474,29.4254024435305
0.72732245583426,26.183408853375,25,32.2649168302003,0.831087324536051,26.7976726451224
0.3588128521694,23.5886023259151,24,29.8617295259896,0.269788980981735,22.8641752042465
-0.0704192638343876,20.0698999646037,19,26.2359155246508,0.0841052387605489,21.3624254006331
0.526381869322889,24.8154990348869,24,31.0258585397227,0.632176176450444,25.5044232496802
0.35618782153676,23.5687379073804,23,29.842461321077,0.58234077175263,25.1635807551832
-0.73454633199051,13.6980331783604,13,18.6114604131041,-1.00903020609091,10.9804861958474
1.65477656176673,31.2448082601492,33,36.3770763536473,2.18030262164728,33.2430201816064
-1.83718170091324,4.18190694179281,3,4.83002934034695,-1.71094384848389,5.12037097711879
-0.166980322410832,19.2043880475344,18,25.2784022490773,0.152095698735024,21.9241201202004
-0.15877895599618,19.2789025874719,18,25.3618472360008,-0.0568525368150295,20.1551009211573
-2.62899323690083,1.16357436320432,0,0,-1.93760617908282,3.69393475589503
1.19782043519851,28.9863541106211,30,34.6242828160698,1.12102273214443,28.5022017236439
0.0738769751996594,21.3135592501049,21,27.5664962345607,-0.288411546560026,18.0530158375205
-0.405926711936649,16.9584461606853,15,22.6757701163439,-0.373901124629887,17.2434016142033
0.509531650087239,24.6957454743839,27,30.9144618777263,0.426089727042555,24.0494478381826
0.422152159183416,24.0618342306016,23,30.3167799588735,0.503562061332242,24.6105685630779
-1.39014596885767,7.50300346093331,8,9.9520926746569,-1.31050104906164,8.21946918977842
0.977100367053467,27.7372423624581,31,33.6009659310134,0.962678165552334,27.5967203510482
1.65937151173509,31.2654575440372,32,36.3926167763719,1.65549703596947,31.1546803623047
-1.09165690032674,10.1747020073335,8,13.8525946096271,-1.07898046944202,10.3120494734365
-0.449121732723994,16.5386512903723,15,22.1709518212853,-0.471997977138992,16.295667268169
0.136883368929137,21.8373868011045,22,28.1108651962832,-0.226503401087605,18.6286181834599
-0.131851250349108,19.5222635646032,20,25.6330528079932,0.117674026836849,21.641448330073
0.0478361896788315,21.0936249828733,22,27.3350954330967,-0.0315176077124003,20.3762924445134
1.22803874259818,29.1489047147146,29,34.7543869284736,1.11744160683905,28.4823736857493
0.867761185205885,27.0761988227044,26,33.0415074740856,0.839149972232029,26.8478920234033
0.0990378056949566,21.5241562387595,22,27.7864977286308,0.131082609640534,21.7519749817758
0.537517381719318,24.8942014719545,25,31.0988089181985,0.988182238993788,27.7466103687918
0.407217851876555,23.951301971598,22,30.2111761427085,0.438676047108812,24.1417868364483
-0.62593183379968,14.7884715577229,14,20.006825015378,-0.390514344293245,17.0842221479757
-1.40740202702752,7.35904371702488,6,9.73453641941248,-1.5752285120527,6.09404248738924
-0.139537023945173,19.453006288376,18,25.5560776328266,-0.193568235548619,18.9309363643352
1.14676939718685,28.7072137749425,30,34.3992678263988,1.35423715462992,29.7320998891953
-0.0948423969716346,19.8534519159078,19,25.9988728763845,-0.20296276455086,18.844985606401
0.54378749157156,24.9383641834878,27,31.1396538747678,0.533496643946558,24.8227733294572
-0.947165654331713,11.5738917191522,12,15.7903994123952,-1.22367947830761,8.98016073668519
0.953068278255423,27.59442912798,30,33.4811869807098,1.40938848160707,30.0059835106547
1.60320445627906,31.0103646778362,32,36.2000996921309,1.64333886010075,31.1006447592095
0.201814742320269,22.3648696598016,23,28.6494028204731,0.799846169514347,26.6014951891725
0.711870614714937,26.0820724370409,27,32.1751972106431,0.56081977695101,25.014247306076
0.918612603640825,27.3872512418801,28,33.306366713699,0.619382374742003,25.4175795921692
0.456392828526293,24.3128350577587,25,30.5550531892375,0.941781231463784,27.4727202614675
-0.537415557262866,15.6701631258596,13,21.1088752141758,-0.474325425144637,16.272966061481
0.872896682854566,27.1079013788864,28,33.0686345901495,1.10471328803613,28.4116604819213
0.290437209613924,23.0645913001815,22,29.3489185606298,0.748443638850622,26.2731622338255
1.25557162954672,29.295299786771,31,34.8709883841902,1.44073702298193,30.1588953029601
-1.37526587423534,7.62808958923425,8,10.1405776906532,-1.31865439435436,8.14961958707967
-0.270853447318056,18.2452185739527,19,24.1874650980585,0.0791697347938092,21.321123209948
-0.726075395165444,13.7832185955503,14,18.7217445633997,-0.621919718729467,14.8174154906746
0.644016258330058,25.6295745782727,25,31.7705704384017,1.18123584068289,28.8312184991858
-0.52235767766897,15.8191608374688,16,21.292758274158,-0.212136466163063,18.7608360388924
-1.02028683670658,10.8591101224704,10,14.8089110550872,-1.17595021778785,9.41108432188148
-0.431707651605919,16.7083299154665,16,22.3756751674153,-0.280542143859889,18.1266994988312
0.680562389854286,25.8748139899785,26,31.9906803744803,1.16059726201852,28.7193691342815
-0.37871118674582,17.2210030600566,17,22.9886227299754,-0.175796556018127,19.0929027468697
1.34271307326014,29.7480909489014,30,35.2283024787579,0.796625972554447,26.5811298901116
1.81614087558373,31.947062979368,34,36.9016348893538,1.57070480884635,30.7720841267584
0.97423469365522,27.720285134251,28,33.586774618839,1.13545480151417,28.5818116618907
1.18583225969754,28.921318054785,28,34.5720386956314,1.66242449983619,31.1853467562168
-1.16230072050327,9.51282917843211,10,12.911502878246,-1.34836983328672,7.89739169029935
0.787626301468161,26.5729424442615,26,32.6067859266264,0.0546997064469044,21.1152983365699
0.0910155125484422,21.4572130950447,22,27.7167322386409,0.126387891092277,21.713336716019
-0.343354407539962,17.5597122266216,17,23.3889043226514,-0.570430010738402,15.3283233148108
-1.62330678105583,5.65923849331656,6,7.12568333186728,-1.51066579944705,6.58520824186875
0.169523504973851,22.1041137115497,20,28.384388887456,-0.0181987211209579,20.4918465321101
-1.14997456398785,9.62710218367751,10,13.0751585242129,-1.34957174066509,7.88726740858894
-0.440260878369991,16.6250614558816,16,22.2753234368642,-0.288967776328703,18.0478021204671
-0.278211246395256,18.1762277398463,18,24.1078027352138,0.141732831843486,21.8393872824918
0.241339898719621,22.6798198470224,22,28.9663545941604,0.62244987706645,25.4384428896712
-0.499707376574378,16.0426387796952,15,21.5672677235634,-0.713524910817742,13.9035031901886
-0.350355733416011,17.4928621887266,18,23.3101990102739,-0.0219353935785117,20.4594782453321
-0.691936295941294,14.1264134179671,16,19.1638664898026,-0.905998559500299,11.9867600220427
