"Est.Theta","Est.ExpScore","SimSum.Score","Scaled.Weighted.Score","True.Theta","True.ExpScore"
-0.545995363929677,8.94220054923451,9,7.02809066303405,-0.391462315024493,10.4017900042589
0.152080704611173,16.5257306133823,18,15.7990237315351,0.420975694416417,19.880510974119
-0.330081504410243,10.9828665868084,11,9.33682092132639,-0.317798264011991,11.135758322439
0.375143163276319,19.3656677693408,20,19.0996633486536,0.388152147348702,19.4742262936836
1.04615337255998,25.9356766762347,26,26.5385239095538,1.43357148188937,27.7203614020709
0.857327107988921,24.5597615724516,23,25.015344396028,1.2691908032587,27.076339551795
-1.64074494549154,3.63910546202185,3,1.4761745007956,-2.21497705971012,2.46020181748283
0.655755381654708,22.6599955844979,24,22.8764050887797,0.882326059885617,24.6938297217159
-0.437146958069983,9.92996984107852,10,8.136723352052,-0.326792504166646,11.0443718951054
-0.199880656206009,12.3582187279863,12,10.926617329577,-0.183902237335682,12.550750406624
0.351257602914805,19.063451020153,18,18.75009010191,0.385574205564695,19.4421405858906
1.04385219653147,25.9211072174253,26,26.5225211811743,1.38267323678889,27.5394768229997
-0.602904548183527,8.462642930552,7,6.49652953642828,-0.741995485816761,7.44131991410013
-0.297025030143719,11.3226480785093,11,9.727566665364,-0.411083178794925,10.2120481180457
-0.0391277902132263,14.1861285809531,14,13.0613816675518,-0.0418291436924498,14.1573205989622
0.681413217916457,22.9266631486349,23,23.1787684147281,0.809463017073099,24.076525992156
-1.67702782628493,3.54921942323128,3,1.39274306252276,-1.17126840442264,5.12658387325355
-1.27467163618931,4.7210864218112,5,2.52558467792234,-1.61478947398065,3.71749127385333
0.564297018956539,21.6552679333748,21,21.7320457018846,0.722974535854427,23.2682638664077
0.497033643223441,20.8682865474382,21,20.8307123394513,0.310570611891545,18.500721346582
-1.43393291643729,4.20458590381221,4,2.01494321611303,-1.71930444495925,3.46101813414005
-1.29572215179927,4.64772319569417,5,2.45212999284259,-2.44790269108254,2.08070749450063
0.992786081979792,25.5843758547378,25,26.1519195257545,0.963250656006862,25.3121244601719
0.0715031909891285,15.5207872141619,17,14.624149495859,-0.0472819109824978,14.0937592690656
-0.605567879554339,8.44085360241852,9,6.47248496243551,-0.613054265533327,8.41762875474431
-1.12064740027889,5.31671158131428,5,3.13116630059642,-1.38257647804964,4.37520544829712
1.25760955314666,27.0726986067898,28,27.7806459958662,0.888219680143454,24.7412266473966
-0.2715464927432,11.5889922801629,11,10.034871001293,-0.127913169737312,13.1713832589813
-0.690820021965784,7.77519191900055,10,5.7425228519174,-0.708675801877602,7.68021927776774
-1.2793749474255,4.70454513659363,5,2.50899841908014,-1.20750459677867,4.9842256506564
1.48125562532152,27.9162364069712,28,28.7017823093359,1.57648193745184,28.1528427962976
0.916565786757036,25.0320846525436,24,25.5409271749703,0.826878024048175,24.2293639071127
-0.687766638183007,7.79795639816107,8,5.76733781324132,-1.10417712712279,5.40785886378631
-0.600421941527693,8.48300706593228,7,6.51900993516516,-0.416482568786733,10.1602756415134
0.694065403470762,23.0555712161157,22,23.3247071575645,0.375954058321252,19.3222065151673
0.567764815560287,21.6948128671158,22,21.7772281040135,0.849245626274172,24.420777618468
-0.0700335930052562,13.8240535505793,14,12.6375429716163,-0.0609640980711034,13.9349201146818
-1.22615526889291,4.89699822881841,5,2.70281143634569,-1.79658203133656,3.28359964539798
-1.29572215179927,4.64772319569417,5,2.45212999284259,-1.64274626599964,3.64685928183297
-0.534128634159054,9.04549510724863,8,7.1431721094435,-0.310483515211219,11.2104328126309
1.56346535095041,28.1551532972798,29,28.9660821388572,1.44053509124518,27.7439291554926
0.270975386771876,18.0393111757766,18,17.5623292771778,0.143726138287801,16.399997211521
0.78447469766104,23.9254230761219,25,24.3053131296998,0.738711031759589,23.4213781186955
-0.305290786034719,11.2370671582436,12,9.62900795260746,0.0387497719136554,15.1132114284366
1.25106476546657,27.0429954933817,27,27.7483101909656,1.31181166955199,27.2605845267187
1.29738934228723,27.2465235744649,27,27.9698792421307,1.29489025060019,27.1889842251938
1.02208683120166,25.7807502769791,25,26.3682210219756,0.413862325541593,19.792842979466
-2.50631540735004,1.96249927827319,0,0,-2.05849590476743,2.74449262579583
0.484410412252472,20.7167193634053,21,20.6566750864764,0.319500340500685,18.613396411296
1.49101945896668,27.9463646588591,29,28.7349638460308,1.52298593209315,28.0029794192913
-1.58806574628025,3.77408385393779,3,1.60262774317478,-1.40357613848648,4.30962833481382
0.50882216542154,21.0087957835706,21,20.9919280881008,0.578447687701949,21.7433133886996
-0.678546784940171,7.86718355736862,8,5.84286567625678,-1.24052385352033,4.85984572150888
0.588729223954913,21.9315548746741,21,22.0474880730143,0.818980856969002,24.1604699466385
-1.10586900425165,5.38004982983166,6,3.19640274504812,-0.966802234963293,6.06687345680966
-1.92383619118601,2.99346469724792,2,0.890443567189083,-1.19826631076264,5.01992053941664
-0.116145262314242,13.2931212496458,12,12.0166502703114,0.0936954943958843,15.7815493280592
0.170538060189628,16.7589411481617,16,16.0712551849093,0.27141782565395,18.0058890188226
1.08584048486843,26.1790034390452,26,26.8054077987052,0.783426248823859,23.8418023621849
0.600973458046168,22.0679278451158,22,22.2029838083774,0.363102953409021,19.1615394066064
-0.393940799649271,10.3457691240607,11,8.60856430710567,-0.142453773941689,13.008613000466
-1.24466982747752,4.82870348974487,5,2.63382884880346,-2.10197474461114,2.66294100520017
0.0979811390767757,15.8483581994033,17,15.0073881326915,0.0785690491899614,15.596336152131
-1.2452652166011,4.82653161169386,5,2.63163871404772,-1.60775657043575,3.73550866522502
0.173645275349676,16.7982902499166,18,16.1171703865442,0.468683208174178,20.4619692255532
-0.65813747872286,8.02303264578493,9,6.01325692114476,-0.713795372462394,7.64290250214398
0.183051961485406,16.9175580330822,18,16.2563076175144,0.170674104192121,16.7363268780364
-1.56766845650417,3.82786796991596,3,1.65340125921896,-1.6081498179693,3.73449851786455
0.166428782419504,16.7069400937827,15,16.0105688064611,0.445285036033677,20.1782977668183
0.548428786470462,21.4729663742303,22,21.523616278006,0.50924343551866,20.9457363039291
0.884877278236189,24.7842154564003,25,25.2654512041634,0.738018258240133,23.414693593819
0.614179624572961,22.213398376353,22,22.3686987829268,0.479785698001956,20.5954481549336
0.988069869230389,25.5519574300104,25,26.1161639084874,0.993215692174279,25.5236406439094
-1.29572215179927,4.64772319569417,5,2.45212999284259,-1.33126809623929,4.54158861880019
0.667380933117386,22.7816862554052,22,23.0144614695148,0.626240649628495,22.2702344713816
-0.288134844726939,11.4151483891466,12,9.83419632431762,-0.386014005111224,10.454918568703
1.2112189608372,26.8551414053535,27,27.5437495409329,1.34803781423642,27.4072733084762
0.502031700333921,20.9279840677683,21,20.8992221092519,0.608053550649825,22.0722001199865
-0.785619958369282,7.10842351910135,7,5.02046226724253,-0.76859628549465,7.25731690466554
-0.964527749588927,6.05230926652109,5,3.89670520994635,-1.47789552831308,4.08817830099862
-1.10754462738341,5.37280772622092,5,3.18893638334794,-1.28779830999025,4.68996631976901
1.0220975102378,25.780820284004,25,26.3682980453351,1.28722249367099,27.1558736465218
-1.84547801119587,3.16043038296456,2,1.03898772406604,-2.63670649845775,1.80766776721264
0.370339769206657,19.3050331487343,19,19.0295629630142,0.272310414971013,18.017176724433
-0.330620277712963,10.9773837611168,11,9.33052834907361,-0.305753681881629,11.2588857448406
0.00589552209583918,14.7222541055102,14,13.6892195045813,-0.0731301458351851,13.7944696947561
-0.105519305763504,13.4144701591853,12,12.1584747562219,-0.250697068509791,11.8323576386348
-0.346888459561373,10.8126782634806,11,9.14169412073,0.00999121450117255,14.7685728153892
-1.41997129785867,4.24661069967776,4,2.0558845336343,-0.931125405337634,6.25878749540762
0.913952082199411,25.0120529379414,26,25.5186930336541,0.691256186311819,22.9516313095351
-1.43239685108819,4.2091821727277,4,2.01941531365055,-1.92437747709853,3.00961148204755
0.314944709123547,18.6012919080478,19,18.2146780570609,0.122877745203419,16.1412566455112
-0.547274322247705,8.93113456407389,9,7.01577411973727,-0.118731537485574,13.2747326413684
0.807677721193095,24.1339207563424,25,24.5391929144457,0.711737410445974,23.1573057132515
1.04408824494836,25.9226040717598,26,26.5241654094607,1.29255964805849,27.1789646490888
1.53948911509393,28.0888395496985,28,28.8924264272213,0.997314412451409,25.5518595246422
-1.57337226399724,3.81273885644864,3,1.63909696315853,-2.50962815532562,1.9881804494323
0.480951672863733,20.6749973708309,20,20.608743772078,0.658067868543045,22.6091068667915
0.200375601035768,17.1377178242302,17,16.5130127322679,0.368901790807534,19.2340982097048
-0.319656873334614,11.0893036479017,11,9.45905873860388,-0.346383769045425,10.8469899240445
-0.328619736167148,10.9977512743004,11,9.35390598277679,-0.178462919546993,12.6103155167722
-0.00188294282217889,14.6289138594856,14,13.579905311552,-0.305748982867097,11.258933947107
-0.700019418552069,7.70709299031864,7,5.66835345758244,-0.678937607558525,7.901356344014
-0.972495835725956,6.0109295851031,6,3.85322316032691,-0.772271994277179,7.23235887265974
-1.45818815610592,4.13288065046906,4,1.9453583999714,-1.75179174357272,3.38525991817132
-0.351535496835716,10.765933559922,10,9.08817204869059,-0.448774071627521,9.85472341414429
0.743037591406486,23.5380330332012,23,23.8695309190017,0.705209724282988,23.0922338160268
-0.663884363950738,7.97878591527891,8,5.9648313596555,-0.788052559668109,7.126492956789
0.820701331781352,24.248295951301,24,24.6672863306439,0.809861147909571,24.0800573312261
-0.702536827989106,7.68858526713962,7,5.64821238877487,-0.979994532693171,5.99820897521261
1.11155013370435,26.3288136785515,27,26.9693800811448,0.604451287655412,22.0326084342042
-0.169732665757334,12.6904113874005,11,11.3133038752908,-0.534439623738567,9.07976284776774
0.123158761381441,16.1623522951314,16,15.3745070851873,0.310911802200502,18.5050282999476
1.17326743949419,26.6645638838041,26,27.3360386894247,2.23702511727245,29.2382059159366
-0.0626871509967148,13.9096730304608,13,12.7377453867946,-0.337635922718483,10.9348385764368
0.948688791917136,25.2722972985377,26,25.8071527290454,1.2311157336571,26.9004589572988
1.42993399078612,27.749503719043,28,28.51872306944,1.26838230971193,27.0727178403308
-0.508229558993418,9.27476811688369,7,7.39933412760594,-0.444253117783755,9.89707559993696
-0.372953145083898,10.5522659904968,12,8.84393712177827,-0.500161671074057,9.38343040812664
0.969457618821157,25.4217924916948,26,25.9724632729018,1.17169230580783,26.603249159138
1.48505043472961,27.928004682538,28,28.7147389368854,2.05886536941502,29.0454028207739
-1.04555397666902,5.65154824049622,6,3.47757900320055,-1.20183640993447,5.00607877894627
-0.862308276562153,6.62470283544059,7,4.50256897785895,-0.57819594611453,8.70518199952201
2.03124473503462,29.0400299516484,30,30,1.57548879783804,28.1501814068025
0.437264565639031,20.141470152138,19,19.9949346772715,0.485031116053529,20.6582429883211
-0.506665712142639,9.2887781277273,10,7.41501938470067,-0.407849818475177,10.2431433665915
0.175232832280692,16.8184040303064,17,16.1406384715285,0.250946764577541,17.7470487269202
1.77257137091705,28.6339332819663,29,29.509121925156,1.30949875246228,27.2509157781757
0.804080580667677,24.1019941940686,23,24.5034107942783,0.72112994030637,23.2501422476985
-0.21472138558681,12.1965427209128,12,10.7387304537058,-0.396341908419715,10.3543689987092
0.453477506120705,20.3408152492943,21,20.2244632548151,0.554195724025024,21.4681879054305
-1.49626000257392,4.02349620436658,3,1.83988866486362,-1.36957438074232,4.41652240521047
-0.0429480442959409,14.1411065707647,15,13.0086679885733,-0.0778995592785422,13.7396132424768
-0.733801627548019,7.46329527300307,8,5.40360729744425,-0.762875450964652,7.29638676354554
0.815565211623073,24.2034173629788,25,24.6170426220923,0.848053880171109,24.4107175452717
-1.17293960293319,5.10188119539536,4,2.91101310875453,-1.25103532385747,4.82126300968441
2.03124473503462,29.0400299516484,30,30,1.59655689852473,28.20570062565
0.0530858084549008,15.2946631143476,14,14.3594791732187,-0.160909012952981,12.8036215121645
-0.438850398079243,9.91384051240311,10,8.1184789430604,-0.0472768248881655,14.0938184876617
-0.900524480657233,6.40140608101533,7,4.26527468699312,-1.02764852598517,5.76006824937979
1.77257137091705,28.6339332819663,29,29.509121925156,1.21706705414459,26.8327517343108
1.16994856194935,26.647337096097,27,27.3172505731148,1.13056649362858,26.3803280305413
-0.980358755435699,5.97053121893486,7,3.81081628020104,-0.69338911791995,7.79296169502452
1.3863750740849,27.5963023545734,28,28.3511684342576,1.65572452287768,28.3515615680815
-0.211846491351832,12.2277660150323,13,10.7749984603841,0.0442222229333166,15.1792099867332
1.58687827426948,28.2173921212288,28,29.0354659284426,1.39689404994075,27.5915788357829
-2.20774902616994,2.44867710661817,1,0.416787570475767,-1.89659776042453,3.06727813012457
0.751318286125895,23.6169859191866,24,23.9584723538104,0.471664306853104,20.4978833813387
1.49101945896668,27.9463646588591,29,28.7349638460308,1.78471547520091,28.6240667128436
-1.03533686129215,5.69971567916486,5,3.52770860668923,-0.494555427123077,9.43392583393441
1.02813033894766,25.820188704912,25,26.4116022883182,0.867765403967605,24.5751141770176
-0.544103142314691,8.95859660820648,10,7.04634396922833,-0.666845475428262,7.99340359408136
0.915503076511124,25.0239488260611,24,25.5318974507259,0.783714334723366,23.8444402116616
1.79703285935517,28.6799211445481,29,29.5628132232704,2.26749181348218,29.2664428157464
-0.100638234551634,13.4704137975909,13,12.2238771206942,-0.385613973388641,10.4588269095481
0.744720426361365,23.5541401151212,23,23.8876808630144,1.06422073042845,25.9889162547517
0.345691177553516,18.9927903470395,19,18.6682939946832,0.237926375582641,17.5825215584322
-0.538910468142055,9.00373720788496,9,7.09662456108252,-0.410776568529379,10.2149938430256
1.8065414052624,28.6973099218378,29,29.5832124295242,1.44135044318975,27.7466706578514
-0.55347219711116,8.87769363348666,8,6.95632717915251,-0.165682947990724,12.7508881322379
1.03526372427485,25.8662770333551,26,26.4622734659273,0.867758877979412,24.5750604519321
-0.49662503990256,9.37917336672876,10,7.51631173611193,-0.580442632624137,8.68635462523564
0.352306400145032,19.076755664029,20,18.7654887815503,0.205781848711299,17.1771052605033
-0.417896731649833,10.1136498318362,11,8.34480382206378,-0.245325401998232,11.8892257310516
-0.107741159597752,13.3890467002201,13,12.1287566798521,0.193756653569843,17.0258451290363
-0.185538323840842,12.5156279795517,12,11.1097475258676,-0.231922834442934,12.0318117913897
-0.835027441504734,6.79122645905424,7,4.68027400820325,-1.04688237293227,5.66816863236376
0.605082066449302,22.1133671621945,21,22.2547639745589,0.938680750114565,25.1317477113353
-0.871744825587516,6.5684957185051,6,4.44272955750985,-0.861775474208024,6.6590973237614
0.186612870390159,16.9627605035582,17,16.3090276195055,0.230996143272846,17.4950084835918
-0.376047127227213,10.5216433936739,11,8.80899027881723,-0.223787829452428,12.1188404892147
0.560557091272409,21.6125000738619,22,21.6831686966635,0.515469991079971,21.0190116388237
-0.130426091720491,13.1309852359021,12,11.8272551564475,-0.112224757613965,13.3482387281681
-1.49993882518884,4.01312244584803,4,1.82992983925232,-1.78453260316782,3.31064106758364
2.03124473503462,29.0400299516484,30,30,1.51480031635537,27.978837013174
0.00384464086382566,14.697615361847,15,13.6603642641194,-0.200339599022956,12.3717123065093
0.374090837457183,19.352390540176,20,19.0843149317362,0.39111827356037,19.5111142126156
-1.06502305859209,5.56155126516699,5,3.38410818933378,-1.3478548948276,4.48680735297824
-0.459760126003009,9.71753050821391,8,7.89679051511265,-0.541980631745735,9.01414814677951
0.915794918074263,25.0261843015869,24,25.5343786253564,1.27550540376441,27.104461169378
2.03124473503462,29.0400299516484,30,30,2.5144063595745,29.4559323322491
-0.753343767660379,7.3267606759114,9,5.25588076681864,-0.980509909899449,5.99555114341007
-0.966019730631891,6.04452712964107,5,3.88852423488387,-1.0781515149618,5.52367723495525
0.649079910531793,22.5894807449498,22,22.7963496203115,0.743867202031765,23.4709667564177
0.281506486422827,18.1740189488407,18,17.7188234603648,0.360601905925733,19.1302155995641
-1.08489691879826,5.4720327335096,5,3.29139182650375,-1.0628345324745,5.59370997251727
0.864232453207231,24.6168087902895,24,25.078969484452,0.753322523268651,23.5611536692889
2.03124473503462,29.0400299516484,30,30,1.08842568495222,26.1364077969387
-0.803308223039665,6.99251960723045,6,4.89590398097112,-0.794660241536975,7.08278108182487
0.262283003274049,17.9281169038756,18,17.4330936277513,0.0469503031339909,15.2121596500528
-0.800948588336095,7.00782905534005,6,4.912339972004,-0.825716572624231,6.88216846491739
-0.475757167653338,9.56947204537751,11,7.7300443685728,-0.82948298584766,6.85837676591199
0.404272006892733,19.7315570982036,19,19.5222838808966,0.79377353666457,23.9359758424416
-0.419061271828984,10.1024653497789,11,8.33211722799854,-0.849344296962938,6.73481906438055
-0.850208730604971,6.69781516660346,7,4.58051372010717,-0.735260138173123,7.4888555986823
0.0589359636795431,15.3663306680734,16,14.4433724989915,-0.0366560037537512,14.2177579162946
0.808076116846422,24.1374477839434,24,24.5431451787991,0.938406539744664,25.1296988800954
0.230995490797635,17.5281430521013,17,16.9678030772342,0.487797235124608,20.6912860217439
-0.362260829202845,10.6585685977917,9,8.96536193010078,-0.121187390330646,13.24704635164
-1.36714152530141,4.4109192924834,4,2.2170412783277,-1.86469744096023,3.13475579420284
-0.753911924242342,7.32284027730087,9,5.25164477707336,-0.644447611806388,8.16713104412566
-1.64501851378232,3.62839214465476,3,1.4661977476025,-1.17012995109795,5.131160483297
0.238718411129175,17.6268056604347,16,17.0826375376777,0.203272380945381,17.1455181727447
-0.178433983978999,12.5940198897107,13,11.2010178804739,-0.371821127473711,10.5942048400722
0.171967316267107,16.7770379168809,18,16.0923723757207,0.156301037182311,16.5566941952124
-0.121467640033519,13.2325662622044,14,11.9459005796729,-0.109960622718864,13.373867728917
-0.339231507362159,10.8899951705358,12,9.2302899564065,-0.259459639082883,11.7399366512174
2.03124473503462,29.0400299516484,30,30,1.23050393688846,26.8975425506944
-0.222604966683248,12.111159446446,13,10.6395956973416,-0.553480755528421,8.91492739379332
-1.74836187431482,3.3791743102694,2,1.23661368874319,-1.36204512693286,4.4407053010307
-0.563761001707229,8.7896605424661,9,6.85852117314878,-0.755768098139835,7.3453086745965
-0.013956762617025,14.4846167644875,15,13.4109147464571,-0.226288594486266,12.0920485166973
1.47935511349687,27.9103144310906,28,28.6952643568088,1.45279424688219,27.7847550651913
-1.03605557901779,5.69630589556557,6,3.52415760832217,-0.952510796679507,6.1426469780309
-0.261449612189861,11.6955925848626,11,10.1580944300564,0.115008097088636,16.043958088262
-1.55959159365361,3.84941210044225,3,1.67380046547275,-0.970993754923235,6.04492482913497
0.43985708055693,20.1734454373283,21,20.0317661246224,0.73167734437901,23.3532701540619
2.03124473503462,29.0400299516484,30,30,2.56396372671184,29.4869138866854
0.277279528413017,18.1199531345217,18,17.6560228262751,-0.0130913024951914,14.4947127623233
0.320161100064699,18.6678334524717,19,18.2918270818374,0.582352279040278,21.787137416777
0.769085151620185,23.7837963162361,23,24.1461763777112,0.838390080727933,24.3285658146263
0.535345042239028,21.3210360557684,21,21.3497400719812,0.352183112701184,19.024655511294
0.485437947018872,20.7290985517256,20,20.6708946450482,0.558697225156833,21.5196288035826
-0.761562480459434,7.27031947033182,8,5.19492725526009,-0.929746634174545,6.2663904677049
-0.0516275071924161,14.0390959734134,14,12.889240291254,0.000336863087627233,14.6537250104023
1.77257137091705,28.6339332819663,29,29.509121925156,1.4536042420139,27.787423032233
-0.318249506962073,11.1037239624254,12,9.47563152351441,-0.328961139746452,11.0224093714314
0.653922519927176,22.6406807583826,23,22.8544811207107,1.09558079193988,26.1789615434943
0.983782992326376,25.5222929984456,24,26.083433926569,0.734738377045724,23.3829759727134
1.08849092671586,26.1947272721226,26,26.8226298768359,1.85874081451077,28.7564084783339
0.310084419791228,18.5392579299343,19,18.1427371660208,0.0883270349885347,15.7157151475493
0.651623374503899,22.6164027046445,22,22.8269190226292,0.56056496224991,21.5409231253639
-0.574805734386091,8.69611440513128,8,6.75475568319065,-0.391033517227829,10.4059644817223
0.551873800966712,21.512729853222,20,21.5690980421794,0.221701890955957,17.3777255402952
-1.12465382718573,5.29974607477681,6,3.11371687358293,-0.680758991453295,7.88759809849785
0.0947616618649479,15.8083789256232,16,14.9606272190035,0.0244359811968228,14.9412103110677
0.327623034031851,18.7629432609906,19,18.4020635114625,0.300117577291662,18.3687100970353
0.830412674146004,24.3323431263634,24,24.761319162691,1.00566445295173,25.6088230485743
-0.267286949626572,11.6338913154732,12,10.0867561546239,0.0443986037150541,15.1813393340165
0.228456982082162,17.4957263304612,17,16.9300645109343,0.181233685941297,16.8686259395724
-0.936535526643283,6.2012714903254,6,4.05360395172598,-0.762587976577984,7.29835729124613
-0.971551703648039,6.01580934663647,5,3.8583484870647,-0.668058553255196,7.98411409841921
-1.84547801119587,3.16043038296456,2,1.03898772406604,-2.09575928006778,2.67447442097741
2.03124473503462,29.0400299516484,30,30,1.95388206583138,28.9050601740404
0.854145481504285,24.5332988774531,24,24.9858171500124,1.09734318738397,26.189370722308
0.540678856699684,21.3831458529547,21,21.420839916862,0.366249090480705,19.2009178462966
1.59952332352741,28.2500076439301,28,29.0719351484264,1.32456700048801,27.3132445897668
0.159537828959811,16.6198389855653,16,15.9088997566426,0.205737061555992,17.1765414228718
1.71921396591798,28.5270137225275,29,29.3855864648471,1.23571932884927,26.9223110310336
-0.806094811695452,6.97450018139286,8,4.87656509926403,-0.425499900299422,10.0742435153512
-0.356188654737599,10.7192638494475,12,9.03476765747159,-0.747562890390849,7.40231609347709
-1.21135215116529,4.9526826421197,5,2.75921596831856,-1.07939294978416,5.51806267556884
0.0734315580316287,15.5445471065753,16,14.6519544946289,-0.0889475617097076,13.6129860308784
0.8328196102608,24.3530105760474,25,24.7844296378081,0.775049106444107,23.7646994797705
-0.0712553204984078,13.8098421294838,14,12.6209126419964,-0.0957974980520675,13.5347880022894
0.0841967319658992,15.677471101354,16,14.807488495266,0.175902646681707,16.8018015886991
-0.291522582997299,11.3798444801194,11,9.79348743134858,-0.572101632914646,8.75645448577587
-0.990211696601305,5.92051096916756,6,3.75837030156442,-1.39708966191096,4.32973486591088
-1.64310071532169,3.63319558370729,3,1.47066984514002,-1.45947436519779,4.14160232328161
0.504459813633391,20.9569198072386,21,20.9324213695317,0.383648936066654,19.4181631272154
-0.64854645999926,8.09750735598313,9,6.09485490149333,-0.551774147328464,8.92958699633881
-1.29572215179927,4.64772319569417,5,2.45212999284259,-0.967198917973677,6.06479094485367
1.29738934228723,27.2465235744649,27,27.9698792421307,1.30541473687951,27.233752500903
1.77257137091705,28.6339332819663,29,29.509121925156,1.48530106047795,27.8890238631603
-1.23421275572774,4.86709492988663,5,2.67258003156899,-1.40786013084151,4.29642086014414
-0.615524397172131,8.35992353182404,9,6.38326120254212,-0.922942385532161,6.30411782807379
1.5450170743545,28.1043658054995,28,28.909648505352,1.22250174430562,26.8591277154926
1.13235463893176,26.445688416633,27,27.0971361562987,1.25301692003638,27.0029651174151
-0.328710355346037,10.9968281477465,10,9.35284630368707,-0.776569442319284,7.20332272364219
-1.10586900425165,5.38004982983166,6,3.19640274504812,-1.42063520069284,4.25736958226511
-0.292172283546407,11.3730816628408,11,9.78569096400323,-0.327051852403537,11.0417439080906
0.582985772066943,21.867099003868,21,21.9739463819888,0.51305231469131,20.9905930408717
0.669433900905081,22.8030276689444,23,23.0386599044045,0.390366716159205,19.5017705473337
0.260758469397192,17.9086158528539,19,17.4104231814649,0.349582216425448,18.9920081997266
0.667428627382195,22.7821825625839,24,23.0150242631837,0.861715464721857,24.5251086674955
0.0318243869311023,15.0354880878942,14,14.0560349711317,-0.0967777399218623,13.5236173421836
-0.998468524374835,5.87910307488004,5,3.71500635398548,-0.799957526926584,7.04799969370203
-0.495507473626231,9.38928200145407,10,7.52764841061675,-0.175282241383776,12.6452198780364
-0.370507828311499,10.5765123016877,12,8.87161749607406,-0.438725700910653,9.94904673698404
0.838119957905583,24.3982940006309,26,24.8350484983669,0.942748872224771,25.1620505861805
0.145578862223656,16.443810638836,16,15.7033554121634,0.252448554684602,17.7660326486975
-2.19729590071458,2.4672252957807,1,0.432714679192046,-1.83453286511903,3.1998475393224
-0.479697678302214,9.53328933241192,8,7.68935495090368,-0.418958539092019,10.1365991152105
0.101299849382115,15.889611602693,17,15.0556353646207,0.26405560192702,17.9127876593173
-1.01303833552505,5.8071495974628,6,3.63976830601201,-1.24796794567863,4.83247275429797
0.250919740653034,17.7827821179322,19,17.2641005707723,0.159960858263986,16.6023826903535
-1.02514949834684,5.74840064182895,4,3.57844773045439,-1.16092971028137,5.16838541475524
0.473354918851878,20.5830777328891,21,20.5031081189633,0.428486574485965,19.9728269693052
-1.23134983313088,4.87768758283287,5,2.68328415717266,-1.03980007236009,5.70173457088641
1.2322400675528,26.9557659448746,27,27.6533384236501,2.09865981350409,29.0929935065887
-0.766529363197711,7.23649031171506,7,5.15842576320233,-0.765862762555599,7.27595095433858
1.71921396591798,28.5270137225275,29,29.3855864648471,1.82950579441228,28.7060218303697
0.645649805562209,22.5530677998822,22,22.7549937892056,0.276695972878746,18.0726357934032
-0.200851821103528,12.3476012645842,13,10.9142719306371,-0.128779743015308,13.1616516984069
-0.171626326050473,12.669398439402,11,11.2888206124975,-0.259910027670458,11.7351979088522
-1.08687880070348,5.46323265060468,4,3.28229167479343,-1.11694664765787,5.35244906165839
-1.43393291643729,4.20458590381221,4,2.01494321611303,-1.29499288167674,4.66491001942886
0.516673664303637,21.1018013533082,20,21.0985725424857,0.701772442398214,23.0577879846343
0.192694106285885,17.0400199679833,17,16.3991191174822,0.0288294738651425,14.9939073243446
0.293238765800466,18.3240409229745,18,17.8930168316865,0.388776299703551,19.481991121833
0.73751917148148,23.4849926056124,23,23.8097450110944,0.482888599164172,20.6326153361017
0.756022066618744,23.6614931652566,23,24.0085824033255,0.582221926230657,21.7856765313256
0.050667156583847,15.2650774014793,16,14.3248442371456,0.208324273426144,17.2091180215362
0.227588693928756,17.4846399819554,18,16.917157173162,0.441291027232786,20.129575238567
-0.374779003433802,10.5341871009258,10,8.82330354762234,-0.459747148855147,9.75251595147617
-0.627310118812803,8.26520405725778,9,6.27900106961579,-1.10597321391407,5.40000981294515
-0.83950285729242,6.76349364861233,5,4.65063591520738,-1.2172411449143,4.94703584499259
-2.50631540735004,1.96249927827319,0,0,-2.57490582868196,1.89380323040839
-0.44080826482859,9.89532732572505,10,8.09754362627187,-0.70131123761815,7.73428820307137
-1.07635566298102,5.51021985719509,4,3.33091096099643,-1.30931339128203,4.61563409475644
-0.358512062485814,10.6960121828278,10,9.00817263451571,0.0707037143973477,15.5003857831177
0.783977144877995,23.9208858472175,23,24.3002182680222,0.648228275376647,22.5054087165257
-0.253932265699771,11.775341663337,11,10.2503605229062,-0.100042483681771,13.4864484833508
-0.196795367188315,12.3919840477192,13,10.9658837665071,-0.442325738053292,9.9151739225885
2.03124473503462,29.0400299516484,30,30,1.9775796108591,28.9387551692939
0.0827976970028198,15.6601695043767,16,14.7872459615246,0.214700792623701,17.2894529485891
0.751575268728193,23.6194238838384,24,23.9612177461822,0.974345242840823,25.3915141264813
-0.170897257210967,12.6774862055659,11,11.2982437343873,-0.168235162621695,12.7227457221013
0.86308818140711,24.6073921832434,25,25.0684697874716,0.845494631223035,24.3890611448131
-0.615965339212909,8.35635866271442,9,6.37933401067466,-0.829635686213146,6.85741462448155
-0.91952341077545,6.29460271335024,6,4.15219313071504,-0.694118930439234,7.7875343537192
-1.58806574628025,3.77408385393779,3,1.60262774317478,-1.16099609557787,5.16811527597767
0.104115590778016,15.9246457514355,16,15.0966057549401,0.343339417960722,18.9135827956102
0.898860022821469,24.8949380395718,25,25.3886005621772,1.14433177861711,26.4565690973347
-0.134764062388241,13.0819515675815,12,11.7700021091173,-0.264805476377225,11.6837642030674
0.361091232863141,19.1880788709221,19,18.8943001861,0.312462430585648,18.5246006513645
-0.544129725885968,8.95836606472651,7,7.04608727525409,-0.253375528577199,11.8040617120549
-0.531102874403831,9.07201098869287,11,7.17274669927258,-0.335055622148486,10.9608391331566
2.03124473503462,29.0400299516484,30,30,3.03140782868498,29.7003193082506
1.77257137091705,28.6339332819663,29,29.509121925156,1.95973171171014,28.9134936160377
1.29738934228723,27.2465235744649,27,27.9698792421307,1.03682836519755,25.8152811697913
0.838900377771176,24.4049349600232,25,24.8424699049569,1.09681952832636,26.1862808293034
-0.0366957152168849,14.2148295245006,14,13.0949872646949,-0.557605881696226,8.8795865034496
0.488425832664807,20.7650536239725,19,20.7121898787454,0.775100843262774,23.7651780225642
0.21825519649359,17.3655288311185,17,16.7784512404595,0.0882927613002616,15.7152951975243
-2.0779292962348,2.68690315684846,1,0.622200153590274,-2.38883939803541,2.17231038692224
-0.432348212123604,9.97551704615465,10,8.18826749553183,-0.317803595537391,11.1357040092022
1.77257137091705,28.6339332819663,29,29.509121925156,1.75198785206106,28.5602962937295
-1.84547801119587,3.16043038296456,2,1.03898772406604,-2.30908137828947,2.30091512118826
-1.28391856753928,4.68864799260345,5,2.49307131036386,-0.508221959697988,9.31123619984417
0.792669796252656,23.9997543048626,24,24.3887480225519,1.15173212892928,26.4968749905924
2.03124473503462,29.0400299516484,30,30,2.45517567699348,29.4161249555166
0.769937165005906,23.791706795222,24,24.155070479314,0.346991520205628,18.9594731428305
-1.80814186375459,3.24289770948987,2,1.11307822843431,-2.03652607624225,2.78648878947225
-1.84829751579656,3.15428152562149,2,1.03348306841046,-2.21747688093667,2.45586122679244
-1.43239685108819,4.2091821727277,4,2.01941531365055,-1.7836905780232,3.31253906045172
-0.324909592508595,11.0355893700885,11,9.39735126757375,-0.26244817438123,11.7085142163397
-0.522197877901586,9.15046512452513,9,7.26032931529875,-0.823249500082327,6.89781519473082
0.560412946356068,21.610849237094,23,21.6812817939791,0.405045790092417,19.683880296096
-0.174735287637537,12.6349425598752,12,11.2486807387298,-0.117546586151817,13.2881025042861
-0.102003866257011,13.4547490660533,14,12.2055627012109,-0.0728808640621609,13.7973400296523
1.77257137091705,28.6339332819663,29,29.509121925156,3.04257282916349,29.7040682030486
0.110740062222414,16.0071862693164,15,15.1931200380297,-0.0384284598541884,14.1970356556871
-1.40904312724663,4.27990054238479,4,2.08839790119278,-0.794227109796625,7.0856352708622
0.752943114640971,23.6323880556367,25,23.9758156836697,0.714959509109805,23.1892590047813
-0.781127884041117,7.13827921919158,9,5.05259392845666,-0.639457639892823,8.2064041462568
2.03124473503462,29.0400299516484,30,30,2.49935139282126,29.4461109568225
-1.28027916849918,4.70137502498456,5,2.50582129095706,-1.92877154158771,3.00058093024006
0.623259813282207,22.3124264222579,22,22.4814148725212,0.426208149833028,19.9448509246136
-1.8568316343905,3.13573606469699,2,1.01689680956826,-1.78314640789898,3.31376624559473
1.4559631115346,27.8358584263946,28,28.6134230193428,1.15172225505131,26.4968215277184
1.05085524834393,25.9652867638206,26,26.5710388218899,1.04047666693723,25.8388256659471
-0.236716276410612,11.959200972618,12,10.4633290024553,-0.174990937140095,12.6484193125332
-1.94381233731221,2.95215135052285,2,0.853974347205329,-1.5155871266823,3.98165712955752
1.77257137091705,28.6339332819663,29,29.509121925156,1.92299027931773,28.8592199346582
-1.69900797804021,3.49591087982855,3,1.34355745263492,-1.64523820161256,3.6406385254044
-1.29923039695847,4.63566208720478,3,2.44008089155036,-1.4096936882228,4.29078535715031
-0.197861208447019,12.3803135360985,13,10.9523108455405,-0.35225616614606,10.7882786224491
-0.330961020331766,10.9739171180217,12,9.32654993907004,-0.419271730022666,10.1336071191985
0.123436938699276,16.1658342296389,15,15.378576674665,-0.090814671609032,13.5916475319938
-0.0644258510732663,13.8893839073119,15,12.7139991124044,-0.175162768835032,12.6465320066969
0.267462362538752,17.9943714581706,18,17.5101042975615,0.474955362506629,20.5374689727623
-0.286591178219519,11.4312575728748,13,9.85277680333377,-0.680713316191899,7.8879427761533
1.34135837443003,27.4258190357813,28,28.1651811980596,1.41616289229691,27.6602235409542
0.105383607415861,15.9404325029798,16,15.1150664561845,0.102751082080181,15.8928440805655
-1.64501851378232,3.62839214465476,3,1.4661977476025,-1.01177645912222,5.837701984946
-0.650885365557732,8.07927299032324,8,6.07486610014016,-0.451653807625616,9.82781958329192
-0.190042936509838,12.4660665834666,13,11.0520672576722,-0.198066540500483,12.396384106818
-0.616806755333355,8.34956063804735,10,6.37184575847499,-0.506166766077654,9.32959855679124
0.00165802972687482,14.6713684544844,13,13.6296255499496,-0.0493155078806267,14.0700918980947
-0.186959565513844,12.4999788614588,13,11.0915328785953,-0.520830383794965,9.19927259391555
-0.80397703961693,6.98818878200306,6,4.89125539294347,-0.864364092996104,6.64348411249308
0.167586744490932,16.7215891331782,17,16.0276654764712,0.278535062410688,18.0958918476793
0.603193807735144,22.0925041208747,22,22.2309915246538,0.402094442003957,19.6473330330753
0.239654148695237,17.6387637686215,18,17.0965530736319,0.291201031595494,18.256029266784
1.42993399078612,27.749503719043,28,28.51872306944,1.86083175185733,28.7599225119057
0.418892770071774,19.9138661147577,20,19.7326049647265,0.388466947529145,19.4781427693589
0.67198546128275,22.829489844081,22,23.0686591367917,0.829586991900837,24.2528386873291
0.919721846371224,25.056174797466,24,25.5676592328579,0.772172849454293,23.7380492837897
-0.276158206894312,11.5405002492447,12,9.97885943905339,-0.591920500929391,8.59079804168492
-0.820080031725895,6.8850443802303,6,4.78066352231324,-0.971913398428515,6.0401257088772
-0.141864430481874,13.0019125994915,14,11.6765727230419,0.00576512984957301,14.7182460234543
-0.0675461705085634,13.8530118889459,15,12.6714317377001,0.110366855826496,15.9866746715175
-0.549025930434605,8.91600023576548,6,6.99893330059919,-0.430385027637134,10.0278628582621
-0.647272818051416,8.1074564914708,9,6.1057641356186,-0.796902048002547,7.06803323222311
-0.647820824821632,8.10317400114363,8,6.10106813677449,-0.716816604698006,7.62098451177763
-0.553200954049991,8.88002597657011,8,6.95892049140386,-0.497684642317826,9.40571263252577
-1.21538096204905,4.93743059946126,5,2.74375275386697,-1.05131373961917,5.64732658215775
-0.870880139975081,6.57361657743614,7,4.44817834448946,-0.723827856798026,7.57041750491069
1.00302839346463,25.6540014239147,26,26.2286667765462,0.670215192310414,22.7357826134101
-1.08585408635454,5.46777981588136,6,3.28699356672191,-1.31744590096817,4.58799768218366
1.25092637365757,27.0423639655175,27,27.7476226741304,0.88863782517159,24.7445751020048
0.396163486904534,19.6300422046497,19,19.4050967495549,0.184231840384654,16.906235821026
2.03124473503462,29.0400299516484,30,30,1.64508613661603,28.3263852889283
-0.359474613542524,10.6863894427333,10,8.99716858704303,-0.776901039160677,7.2010886774665
-0.318095618937419,11.1053014782823,11,9.47744467783976,-0.349239984508601,10.8184076119017
-1.2201312112711,4.91954094692164,5,2.72562874506546,-0.84795528910452,6.74335665853782
1.77549815148325,28.6395325638535,29,29.515639877683,1.36937346593838,27.4896142841535
0.134701845098969,16.3070573783356,17,15.5436055717708,-0.0635180721162886,13.905374131094
2.03124473503462,29.0400299516484,30,30,2.9814895216229,29.6829325887254
-0.728044079590866,7.50414899193012,6,5.44788549127425,-0.632383409015058,8.26243450473768
0.114479721731644,16.0538535331661,15,15.2476801787298,0.045049472257599,15.1891980755883
-0.606169138056659,8.43594277643418,7,6.46706715829986,-0.744670310274844,7.42254815059538
-0.669627300809645,7.93485323393524,10,5.91678885385827,-0.7439194054479,7.42781186462994
-0.711236401268505,7.62504887311321,6,5.5791224575388,-0.707369370431665,7.6897773746135
-1.84547801119587,3.16043038296456,2,1.03898772406604,-1.04545828882809,5.67489260035794
-0.559575319826132,8.82537102794107,9,6.89817786359856,-0.868962018320386,6.61588261909994
-0.408329628346893,10.2058847032151,10,8.44950565319687,-0.480103365504539,9.56514916486986
-0.788781023638741,7.08751659691402,6,4.99797291690325,-1.38425774816768,4.36990327724606
1.77257137091705,28.6339332819663,29,29.509121925156,0.696470635930612,23.0044135727706
-1.45410263856913,4.14484541379611,3,1.95694519157371,-1.54508924375991,3.90075076287685
-1.3736469150751,4.39021529765966,4,2.1966420720739,-0.861193305271581,6.66261599037863
-0.163106775042651,12.764089835417,13,11.3991732890568,0.179085815043788,16.841694639412
-0.384916252347987,10.4342070892218,11,8.70928713074031,-0.593681888640894,8.57622742817132
-1.01816957779935,5.7821424090451,7,3.61365420978857,-0.799964523400779,7.04795390940393
-0.171862333664336,12.6667809644704,11,11.2857710652613,-0.0676350611953074,13.8578151809202
-0.559440050753476,8.82652744919765,9,6.89946249067005,-0.660857409526101,8.03943946073295
-0.639117866010279,8.17148783308737,8,6.1760223557767,-0.50357277423557,9.35281943891415
0.711361807892981,23.2289857236784,23,23.5207923046222,0.557697598891396,21.508220028427
-1.84547801119587,3.16043038296456,2,1.03898772406604,-2.21369284244062,2.46243404719071
0.964905892677519,25.3894147305982,25,25.9366846481181,0.70088811705001,23.048905817989
-1.37291663421507,4.39253266751847,4,2.19892403485568,-0.909329462691609,6.38063722465765
0.812371768153634,24.175364189243,24,24.5856241639243,0.633479931255915,22.3481839955384
-0.596019461899203,8.51924571677736,8,6.55903489732943,-0.494926823418602,9.43057356062177
0.691711009588656,23.0317141629901,22,23.2977095554486,0.864838505784087,24.5509719151869
-0.784993044618726,7.11257990800228,7,5.02493436478005,-0.826478733066861,6.87734471493807
-1.07273132753737,5.52655338238673,6,3.34782889865573,-1.15047599116444,5.2112068299541
-0.25486351783002,11.7654446556743,11,10.2389064473441,-0.0156569428753855,14.4644288324811
1.05832638763672,26.0118995153253,25,26.6222026418864,0.888583839965021,24.7441429014444
0.0824975910206586,15.6564591873916,16,14.7829048815001,-0.0574948658733567,13.9751067280161
0.0724575446123108,15.5325440918975,16,14.6379081058288,-0.0075658186133771,14.5600403625964
1.31403098059085,27.3159251692387,27,28.0454535799504,1.39044858856515,27.5681177356091
-0.264242306559943,11.6660488903642,12,10.123931137045,-0.238180206126273,11.9651178442935
-0.228495211680599,12.047593198631,11,10.5658346007624,0.0154482656321993,14.8336808608442
0.0727953294608829,15.5367062496625,15,14.6427788532386,0.29581677371514,18.3143667135032
0.81663405155352,24.2127811223017,24,24.6275276841516,1.04644597397654,25.8770698605375
-0.382233639289714,10.4605993768359,9,8.73936952673898,-0.0468766385589579,14.0984783532607
0.822945369885801,24.2678110367136,24,24.6891272334374,0.82566089766099,24.218790536351
-0.0692799648174054,13.8328238135985,13,12.6478062486862,-0.0607492331703866,13.9374072990452
0.581151226428162,21.8464461951076,21,21.9503759468912,0.629095035449259,22.3010296366899
0.92922800801985,25.1280879076105,25,25.6474150690272,0.958861472364049,25.2803645976417
0.675693340802991,22.8678207485101,23,23.112102684234,0.708580819311495,23.1258952310943
0.20225298172784,17.1616126593219,17,16.5408633860024,0.264728948979247,17.9213024155514
-0.00278965277828952,14.6180526746016,14,13.5671853503657,-0.00760444339397575,14.5595831991014
1.13053463932628,26.4356167661101,27,27.0861322802884,1.10590023451427,26.2395069707598
-0.175231429035807,12.6294488492213,14,11.2422815097987,-0.290440813910447,11.4166454386568
-0.50912734247838,9.26673361966053,10,7.39034056551408,-0.6413987174722,8.19110254327406
-0.930371184005662,6.23484179664116,6,4.08904061359166,-1.01129798554413,5.84006800281122
1.58321188793807,28.2078058470356,28,29.024761802839,1.22775882620816,26.8844208931915
-0.190706923859174,12.4587706315333,13,11.0435776814635,-0.371509347343762,10.5972788519025
-0.250368105730988,11.8132662548988,12,10.2942611929659,-0.221787102769049,12.1402999555902
1.55687951064613,28.1372024190555,28,28.9461177253357,1.6371108198493,28.3072167373781
1.60557888743463,28.2653847486803,28,29.0891572265571,1.2526310081359,27.0011904974352
1.52155270560543,28.0374602890661,29,28.8355285565745,1.43368692392635,27.7207543574895
-0.80316114927384,6.99347246527126,7,4.89692680693365,-0.829184267206613,6.86025949466688
0.0429289678598032,15.1705968350118,15,14.2142313545236,-0.351184833989553,10.7989739069616
0.915953125191281,25.0273957670259,26,25.535723215465,0.819777166254182,24.167447944583
-1.84547801119587,3.16043038296456,2,1.03898772406604,-2.12887504330538,2.61349477842012
1.18752188044479,26.7375160561876,27,27.4155779807726,1.40271686734662,27.6125567919494
-0.403207892516938,10.2555175848105,10,8.50590534258521,-0.442015003121213,9.91809414150262
1.79703285935517,28.6799211445481,29,29.5628132232704,3.70182370351806,29.8576509011424
-0.643556711542443,8.13656434091583,8,6.13769239277964,-0.731905709342932,7.51267283021639
0.852434275414951,24.5190196030301,24,24.9698807711816,0.560951380353819,21.5453251028546
1.32801421862465,27.3727795829574,28,28.1073842859439,1.69019475041826,28.4301477645082
2.03124473503462,29.0400299516484,30,30,1.55239155971711,28.0870191026648
-0.699700613851405,7.70944071750682,8,5.67090888019762,-0.610465599142812,8.43864544799762
-0.453993733642271,9.77135599443464,10,7.9575069173239,-0.428443168317799,10.0462801604378
-1.08421214088203,5.47507862058089,5,3.29454217805875,-0.934956365735592,6.23773610146962
-0.242957838212068,11.8923483259566,14,10.3858525411539,0.125757320746091,16.1769110423044
0.151899811917341,16.5234497536562,17,15.7963603677469,0.085915754816123,15.6861811441061
2.03124473503462,29.0400299516484,30,30,2.1202151930506,29.1176091476309
1.2112189608372,26.8551414053535,27,27.5437495409329,1.31521482037384,27.2747435574841
-0.787921844364562,7.0931907413573,7,5.00407560718067,-0.570031152196743,8.77394068790484
0.752742117884512,23.6304843598055,23,23.9736721885218,0.735164313363312,23.3871014802874
0.930458056571346,25.1373222999519,25,25.6576517794038,0.702132938684981,23.0614064489512
0.619394338012732,22.2703697401578,23,22.4335542982203,0.600596135954651,21.9901048031249
-0.427036986920255,10.0261157831439,10,8.24556996598809,-0.34954488948768,10.8153593519538
-0.72518309723098,7.5245560364984,8,5.47001610828982,-0.849298558480699,6.73509995134972
-0.645075957221168,8.12465000080628,10,6.12462154393624,-0.647970684201197,8.13952750670554
0.0130091959944998,14.8078730471855,16,13.7894894251765,-0.173036778207561,12.6698938052948
-0.996713283244739,5.88786703801643,7,3.72418034345147,-0.80070389290534,7.04311782619019
1.77257137091705,28.6339332819663,29,29.509121925156,1.05073880172864,25.90436002686
1.48313859942843,27.9220851532912,28,28.7082209843584,1.46218032028775,27.8154492380207
-0.945404704569432,6.15346047510659,7,4.00318375132992,-1.10437160918277,5.40700807811546
-0.873576193662341,6.55766952167221,5,4.43121206396658,-0.74434821135981,7.42480542632557
0.900706088195125,24.9093964662807,24,25.4046704455372,0.678159870409373,22.817819268792
0.130673206600906,16.256503261246,16,15.4845361857747,0.135102740932805,16.2928099803799
1.28547261052221,27.1956407751491,27,27.9144818269747,1.42461533942573,27.6896420130635
0.530568200262182,21.265213559848,20,21.2858160500244,0.445409511421952,20.1798148806642
-0.765172455581703,7.24571118898021,8,5.16837264539732,-0.670117484596253,7.9683754647892
2.03124473503462,29.0400299516484,30,30,1.44817204061866,27.7694607127958
-1.39547907174652,4.32171652541549,4,2.12933921871405,-2.37900478156894,2.1878600258982
-1.40980557595812,4.2775664699295,4,2.086115938411,-2.00039489346234,2.85674336176623
1.58687827426948,28.2173921212288,28,29.0354659284426,1.53266253564788,28.0310941869409
0.350629999080451,19.0554881012711,17,18.7408734863797,0.480150491563091,20.5998208900591
-0.0625870002277967,13.9108421812337,13,12.7391137805621,-0.488871071359082,9.48535889255919
0.0636093285303773,15.4236891408297,16,14.5105099742133,-0.123500544476015,13.2209974607802
0.52817182735864,21.2371396619105,22,21.2536601463231,0.758366070831963,23.6088629850356
-0.135750804477759,13.0708122219349,15,11.7569971814004,0.0703482244989314,15.4960549929318
-1.24466982747752,4.82870348974487,5,2.63382884880346,-1.01541281851769,5.81976990830936
-0.094287947461186,13.5433858890588,13,12.3092038023162,-0.112101704073629,13.3496309581481
-1.03067528884768,5.721910934154,5,3.55083159245216,-0.654931366803211,8.08529359746018
-0.3665180877693,10.6161550172827,11,8.91689422005097,-0.494602605817573,9.43349993684201
-2.0779292962348,2.68690315684846,1,0.622200153590274,-2.34280516102586,2.2458379764615
0.891013250766982,24.8330667958564,25,25.3198040510598,0.956033542771,25.2597956653389
-0.672251319152607,7.9148743474599,8,5.89495396710209,-0.903491439455542,6.41388242450247
-0.689535015809104,7.78476245574092,8,5.75295414936204,-0.495331825300756,9.42691910613334
-0.562016843060113,8.80452375071167,9,6.87502383062285,-0.723822022958686,7.57045940743422
0.193687994374883,17.0526542408021,19,16.4138497778294,0.21852270167391,17.3376326412844
-0.189345633769068,12.4737312315216,13,11.0609862830611,-0.47198643902092,9.63950852241184
1.36162711614825,27.5041636648082,28,28.2506037237139,1.77302689814175,28.6016811536813
1.12191298475769,26.3875094940652,26,27.0335581917529,1.2080973333143,26.7887072058177
-1.3178459726765,4.57243029444148,5,2.37704052104538,-0.768365334381272,7.25888884249498
-0.0919029922492306,13.5708469177861,14,12.3413187951958,0.17578528653768,16.8003312239343
0.24651609681025,17.7264760899107,17,17.1986054880683,0.296116475275657,18.318154087674
0.94710800826482,25.260733206787,25,25.7943532646468,1.17653980692762,26.6285749064497
-0.933037481473914,6.22028701683171,6,4.07367319905331,-0.629842736085234,8.28265838365957
-0.147649129219568,12.9369060935509,13,11.6007159134098,-0.383032987988951,10.4840678443038
0.4760334860087,20.6155316640245,21,20.5404103652748,0.459111143523612,20.3462958831759
-1.0873832945717,5.46099619103566,5,3.27997937008219,-0.979987310225295,5.99824623501144
-0.130657054098653,13.1283720290214,13,11.8242036061416,0.114837326517104,16.0418490644964
-1.17065898365108,5.11096108820646,6,2.92028133390033,-1.14377725424205,5.23894523163433
-0.0887162687273196,13.6075866337198,13,12.384288773148,0.0134602200868547,14.8099456233669
-0.361150570664039,10.6696487840237,10,8.97802815728708,-0.551768928874399,8.92963185703868
-0.850208730604971,6.69781516660346,7,4.58051372010717,-0.789968068316877,7.11378390043401
0.345440404709397,18.9896052040507,17,18.664606348756,0.271760420103631,18.0102214784757
1.52155270560543,28.0374602890661,29,28.8355285565745,1.06271375031334,25.9795509141132
1.58321188793807,28.2078058470356,28,29.024761802839,1.92459922558635,28.8616627279915
-1.24404997637875,4.83096619211894,5,2.63611081158524,-2.24052818598071,2.41612088090359
-0.868670771727323,6.58672790568612,7,4.46213203982424,-0.872552405220354,6.5944454351854
-0.297975589691337,11.3127855234443,11,9.71620382895454,-0.125398988942619,13.199639502135
0.38177880586925,19.4493016105129,19,19.1963237123291,0.421607557992534,19.8882872975774
0.409913072058145,19.8020125846979,21,19.6035854390388,0.277859193666349,18.0873452796848
0.804250174492054,24.1035026989093,24,24.5051017271232,0.747794373448457,23.5085426989429
-1.16930787981458,5.1163523323206,6,2.92578598955591,-1.13125778247585,5.29142318175988
0.107834570943629,15.970963949099,18,15.1507675408598,0.323816846301763,18.6678226598128
0.541543817514987,21.3931956577171,21,21.4323419853553,0.197566267066168,17.0737358825423
-0.362787085164191,10.653319406816,11,8.95936200081879,-0.114514123520525,13.3223510960643
-0.072664104423296,13.7934644971411,14,12.6017479963004,-0.236838820931434,11.9793967543441
0.674914040102578,22.8597767398594,24,23.1029868193985,0.526472119210742,21.1477947592918
0.501332983206664,20.9196494410606,21,20.8896584706587,0.505469753174681,20.9011924794262
0.0297154514114606,15.0098928822864,15,14.0260639570317,-0.0962064321859512,13.530127263163
-1.13836824628675,5.24232136570935,5,3.0547330065181,-1.68986790365211,3.53121640233501
-1.61140546429303,3.71360141887406,3,1.54579290762635,-2.56605874923429,1.9063880649574
0.465758819217012,20.490789437698,21,20.3969995902328,0.540217115611276,21.3073979127987
1.08779772983594,26.1906211248308,27,26.8181327484203,0.913774739005167,24.9424037701361
0.0824784546852683,15.6562226105079,14,14.7826280849985,0.222039690504133,17.3819863346944
0.580268602907389,21.8364987816414,22,21.9390221642493,0.647879904753167,22.5017196085378
-0.236758225006521,11.958750926831,11,10.4628072911564,-0.441376912874758,9.92409284461227
1.48505043472961,27.928004682538,28,28.7147389368854,1.31598726737097,27.2779462586866
-0.745239585935951,7.38298309950698,7,5.3166645741405,-1.11640204816134,5.35479359476316
-0.354711300152822,10.7340664008619,10,9.05170282870683,-0.0125220179363537,14.5014366683016
1.77257137091705,28.6339332819663,29,29.509121925156,1.64287010307569,28.321084604936
1.275463365786,27.1521233275079,26,27.8671074548311,1.34195378778101,27.3832511401306
0.42130678120294,19.9438701683627,21,19.7672025354251,0.360830971055546,19.1330851815832
0.90945751379033,24.977433355866,24,25.4802551879188,0.796549797737797,23.9610432959847
-1.15721130874647,5.1650246202222,4,2.97553508596794,-0.902444675872556,6.41987076481038
0.517302179702176,21.109226035215,22,21.107083687722,0.275111277056496,18.0525962122414
-0.221362161526591,12.1245964941544,11,10.6551925370342,0.0263903086616787,14.9646404472996
-0.649908326619497,8.08688439977595,8,6.08320903074869,-0.385618800865646,10.4587797386412
-2.20774902616994,2.44867710661817,1,0.416787570475767,-2.35361655807715,2.22839928164992
1.37700340466273,27.5618576508696,28,28.3135588493675,0.984939258686096,25.4661389341416
0.609329484336573,22.1601697493879,22,22.3080812977532,0.343559628020826,18.9163506649991
0.45428939769675,20.3507579421239,21,20.2359056457418,0.450857726541758,20.2461367096813
-1.8865363559052,3.07194499647454,2,0.96002838333071,-2.00007069773225,2.85738056037255
-0.245408342783823,11.866161917716,12,10.3555168930512,-0.144090494717162,12.9903606243161
-0.810177286099406,6.94821827902401,7,4.8483713585967,-0.558650955584739,8.87065417682581
-0.5539143875826,8.87389262786502,10,6.95210109952335,-0.53688462397027,9.05844110782805
-1.81671948704314,3.22377745081799,2,1.09585615030359,-2.71662404098101,1.70080712408259
0.754498410330425,23.647103412038,24,23.9923834114977,0.76542271960941,23.6751501322259
0.673596418297845,22.8461614062499,22,23.0875559621878,0.62240702385349,22.2287516930385
-0.51544918596936,9.21033313545686,10,7.32724178751679,-0.28629687641619,11.4595708973204
0.255431354530416,17.8404792966499,18,17.3312003930233,-0.0682867800787756,13.8502944244436
-0.75684080453669,7.30267433663538,7,5.22986059097041,-1.06016856910926,5.60604452974844
0.94493993253875,25.2448298814224,26,25.7767482078262,0.909703057930113,24.9108205545562
0.180091065816178,16.8799941075485,17,16.2124910461797,0.465428049512464,20.4226926450873
0.191430049981896,17.0239542575021,16,16.3803868138085,0.0153379142598896,14.832362902285
-0.125678677214517,13.1847630771433,14,11.8900610437634,-0.111774557547421,13.3533326808938
-0.0810223574076852,13.6965103098118,12,12.4883089408454,-0.151448797611429,12.9084764155108
-0.301243616929247,11.2789191569236,12,9.67719500311053,-0.335323579581382,10.9581371781733
-0.832169118900359,6.80902451486883,7,4.6993038125081,-0.83757068516343,6.80767806318223
1.21628202869405,26.8796928555076,28,27.5704924026054,0.793386636270447,23.9324757133939
-1.81671948704314,3.22377745081799,2,1.09585615030359,-1.42550989431057,4.24259835018982
0.132013240229688,16.2733129741135,17,15.5041781272463,-0.0387920834745174,14.1927863420168
1.53948911509393,28.0888395496985,28,28.8924264272213,1.38903172117131,27.5629263739887
0.127873122582545,16.2213976865269,19,15.4435131425443,0.218855668239275,17.3418310557866
-0.209643593837755,12.251722248071,10,10.8028309572847,0.0216139836458994,14.9074082492927
1.15495806536106,26.5683767379921,27,27.2311026729294,1.07547653465193,26.0581868496314
1.57584793643616,28.1883734227878,29,29.003083191757,1.21372470127723,26.8164144329667
-1.0540135036611,5.6121585871961,6,3.43663768567928,-1.23156105299147,4.8931240745675
-1.64265841668028,3.63430437343567,3,1.47170240325809,-1.81782367934213,3.23646148822349
-0.692920147455633,7.75958121080021,7,5.72551216754443,-0.590890197209336,8.59933251434034
-0.65874492010743,8.01834239395176,8,6.00812182183197,-0.734370329929603,7.49516418625093
-0.174365078414025,12.6390427196661,14,11.2534568553471,-0.259905387929534,11.7352467198649
0.763651979581472,23.733160650923,24,24.0892289146942,0.445997516038412,20.1869804052891
0.485150351629447,20.7256344870759,21,20.6669156814969,0.728623133537993,23.3235301216091
0.575569169744958,21.7834143027904,21,21.8784205952515,0.79002460377179,23.9019915668914
0.735496180904163,23.4654636715785,24,23.7877254072674,0.629629683977634,22.3067890913015
0.69493803579,23.0643983288833,23,23.3346949584398,0.881846325445023,24.689955083241
-0.255907712294812,11.7543532683902,11,10.2260713144011,-0.175531750031248,12.6424798501547
0.714419359626109,23.2593003631056,24,23.5550411043136,0.670163662084799,22.7352484051203
-0.0782663962789474,13.7284384947733,13,12.5256630494491,-0.346340209715171,10.8474262098136
-1.27906385343621,4.70563654416803,4,2.5100923619384,-1.94467766935995,2.96809471598095
1.15750284788431,26.5819148045975,26,27.2458768242606,1.06321845855344,25.9826898999403
-0.805314863239778,6.9795371482975,8,4.88197018492781,-1.03558228385969,5.72187517432562
-1.15569883152453,5.1711619098174,5,2.98181484422415,-0.887677975477899,6.50524426337616
1.22673874685693,26.9297637093245,28,27.6250238067629,1.41964714794508,27.6724009636801
-1.24588607134363,4.82426843246507,5,2.62935675126595,-1.09623817685257,5.44277282488052
1.07115249528452,26.0906829142419,27,26.7086183803866,1.86017008909143,28.7588117910332
-0.0852780239217142,13.6472862143557,13,12.4307252365953,0.0306954094020814,15.0163141655619
0.6357269765723,22.4470486799531,22,22.634521010068,0.93036130013736,25.0692331609678
1.21891998744161,26.8924048624852,26,27.584337908526,1.03076101757291,25.7758373121869
0.767081237385258,23.7651589445885,24,24.1252189565622,1.00971558354648,25.6362071446233
-0.272875687540517,11.5750031093175,13,10.0187098136465,-0.363886252069601,10.6726282038768
-0.962462317198173,6.06310850372524,6,3.90806054787036,-0.822901384087322,6.90002702693503
0.134340169393011,16.3025166434903,16,15.5383003057132,-0.012736802226543,14.4988996366983
-1.26443064164639,4.75740816426714,5,2.56205389790609,-1.20294722353115,5.0017842741002
0.548717063102247,21.4762976486642,22,21.5274270232834,0.222082195898269,17.3825224819254
-0.441615844706164,9.88769889058308,10,8.08891887235656,-0.587929371181872,8.62390579262182
0.423579720140488,19.9720946573198,20,19.799743754626,0.405393840211981,19.6881879602632
0.585039783934155,21.8901854705997,21,22.0002906298062,0.482479435484978,20.6277177932559
-2.50631540735004,1.96249927827319,0,0,-2.8464598755371,1.53775763334501
-1.94628245513217,2.94707679994567,2,0.849502249667813,-2.01656344787345,2.82511945617779
0.461920771093498,20.4440202716824,20,20.343208104729,0.411163573217279,19.7595242944627
0.509559058387262,21.017544644052,21,21.0019622302663,0.671388709317441,22.7479410025059
-0.67249079768673,7.91305394691761,9,5.89296485890253,-0.310529382009577,11.2099635895246
-1.8865363559052,3.07194499647454,2,0.96002838333071,-1.64428104969703,3.64302648928095
0.0549791255202829,15.3178408157082,15,14.3866116018228,-0.160327841698589,12.8100494382187
1.33724494916567,27.4095944469643,27,28.1474987473199,1.64397709588828,28.32373494237
0.840723659082244,24.420423582333,26,24.8597767475048,0.841389679215502,24.3541749840983
-1.13506722788858,5.25605222952645,6,3.06882549077728,-1.00815891034527,5.85562818337781
0.949603331820983,25.2789754949587,25,25.8145435631896,0.717759126510737,23.2169329400489
0.0705681865591689,15.5092724227068,15,14.6106739430718,0.062580171171813,15.4015489256609
-1.39622939166109,4.31938878704657,4,2.12705725593227,-1.8943880367748,3.07190840599304
0.50416943793894,20.9534617027488,20,20.9284540027004,0.52153291156061,21.0900907933664
0.401420972370655,19.6958952502557,20,19.4811224289267,0.240765401689171,17.6183848949761
-0.139979995215467,13.0231283629459,13,11.7013345922471,-0.162339307253927,12.7878096547683
-2.20774902616994,2.44867710661817,1,0.416787570475767,-1.73169695067199,3.43191213580698
-0.878947493752123,6.52606980587502,7,4.39761006261083,-1.10118910989447,5.42095733674068
2.03124473503462,29.0400299516484,30,30,1.42641139548027,27.6958395386357
0.159005961896491,16.613121635957,18,15.9010578754021,0.0450449894051304,15.1891439422854
0.694515590333333,23.0601261131579,23,23.3298610726124,0.663823121720308,22.6693105252998
1.77549815148325,28.6395325638535,29,29.515639877683,2.1599223138102,29.1609400546858
0.0544471728570023,15.3113271353391,16,14.3789865952218,0.204897733314614,17.1659755212598
0.803940299217274,24.1007461728039,24,24.5020118269156,0.801101076803908,24.0019545151424
0.50431295084806,20.955170886089,21,20.9304149003714,0.116889704436846,16.0672026744835
-1.12489162343929,5.29874183192043,6,3.11268431546486,-1.4459302309549,4.18148069726028
-0.780538254714599,7.14221078690694,8,5.0568266257908,-0.738769731393918,7.46403836369836
0.0790755787239667,15.6141776552435,16,14.7334333982405,0.110245762414774,15.9851811152104
-0.576604951536062,8.68096975561223,7,6.73797268660697,-0.293473136059377,11.3852973867084
-0.512777354570044,9.23413241892325,10,7.35386024827986,-0.29944083539716,11.3237586412791
-0.641709203730557,8.1510795536667,10,6.15362044717599,-0.365642587800761,10.6552358363641
-0.303370995155928,11.2569075824219,12,9.65184880992666,-0.42518367292096,10.0772513804206
-1.64501851378232,3.62839214465476,3,1.4661977476025,-1.28705365566674,4.69257134786925
-1.41997129785867,4.24661069967776,4,2.0558845336343,-1.49308151497727,4.04482008302997
-1.84547801119587,3.16043038296456,2,1.03898772406604,-2.50690115322545,1.9922002248894
-0.105458349794041,13.4151680154058,14,12.1592905314925,0.162299485535244,16.6315964563164
-0.551879707004321,8.891395450329,9,6.97156362049564,-0.56085406086485,8.8518520211604
-0.800904621467201,7.00811475850956,7,4.91264674675542,-0.74418651220592,7.42593894715004
0.48938720328678,20.7766092073481,21,20.7254601012059,0.68697041408254,22.9080370556964
0.0834404465661932,15.6681172781994,15,14.7965447805397,-0.0751663033893706,13.771036291799
0.163798153721235,16.6736739875506,19,15.9717417894085,0.318324505868134,18.5985657768296
-0.488332513517416,9.45440513477512,10,7.60072827283893,-0.747406525253452,7.40340798083935
-0.254826723530618,11.765835597464,12,10.2393588752724,-0.379515520717961,10.5185353218775
0.479751785166594,20.660504473285,20,20.5920915575878,0.8868936577622,24.7305954988352
-0.684812583294009,7.82005698183086,8,5.79143923108088,-0.711412838871086,7.66024134776905
1.16850166674476,26.6397981590279,26,27.3090276141895,1.49935806624741,27.9323775365258
-0.632659888537495,8.22259698780544,7,6.2321610232723,-0.734796118651257,7.49214458322557
0.0795064239040365,15.6194984289158,15,14.7396591652893,0.0933708424818031,15.7775649716815
1.58912074247464,28.2232264934693,28,29.0419838809697,1.59498209075591,28.2016180375774
1.19448145798332,26.7725300230507,28,27.4537402034618,1.34964001268167,27.41355901131
-1.28519917662177,4.68418195873531,5,2.48859921282635,-1.77129536371336,3.34060615078495
1.54230787162445,28.0967744885436,28,28.9012263425301,1.51659573084534,27.9841608312653
0.524343172386817,21.1921907713123,20,21.2021650254519,0.323938005798511,18.6693499379204
-0.363132144467029,10.6498785407682,9,8.95542924700359,-0.449133650284936,9.85136093320268
-0.23914663120568,11.933143380784,10,10.4331252493208,-0.0263486076757293,14.3385690151982
0.310680176903222,18.5468635204308,18,18.1515583094402,0.14402111171242,16.4036676555942
0.161748082155127,16.6477623374664,16,15.9414960973324,0.139932096925987,16.352810044661
-1.41309853408288,4.26750564512442,4,2.0762837398881,-1.03613822428098,5.71921399423427
0.462600217320272,20.4523064604258,20,20.3527393584652,0.567457689089651,21.6192551435477
-0.164080813159228,12.7532437012803,13,11.386530339133,-0.43305051025043,10.0026238571956
-0.553293772879851,8.87922778699372,7,6.95803297940261,-0.787895946557715,7.12753340731664
0.468897304528771,20.5289650696288,21,20.4408979835803,0.245072736843244,17.6728087381466
1.48505043472961,27.928004682538,28,28.7147389368854,1.46747882949973,27.8325636384069
0.706866746701225,23.1842323575802,23,23.4702151006986,0.747035777259939,23.5012973245618
-0.726224968249351,7.51711631166643,7,5.46194702482973,-1.13002567314893,5.29663324503988
1.58321188793807,28.2078058470356,28,29.024761802839,1.66493150854718,28.3729937801523
0.546938200240944,21.4557301313331,21,21.5038980302692,0.797896944703388,23.9731764538088
0.234244424488644,17.569642004458,17,17.0161088562669,-0.0675891538728146,13.8583450264875
0.469223275948154,20.532926497482,20,20.4454527754032,0.209843792496526,17.228255988164
0.861795628479007,24.5967378518042,24,25.0565887152252,0.561242369764142,21.5486391580601
-0.0790303793958666,13.7195836537531,13,12.5153031250611,0.0127740113871045,14.8017572093983
-0.284133033503065,11.4569389587528,13,9.88240436883364,0.0541344756233179,15.2990828213311
0.306568277152683,18.4943609960712,18,18.090659370358,0.399566630703151,19.6160029011402
0.717062564992033,23.2854240372574,24,23.5845480409227,0.376220332186791,19.3255302185715
0.869672667042655,24.6613797351052,26,25.1286523943579,1.21201552823007,26.8080257601416
0.338476153003465,18.9010912357911,20,18.562108955545,0.221373291877509,17.3735809378116
-1.03541191305148,5.69935946131775,6,3.52733761986086,-1.37031902915432,4.41414103313962
0.440157255939507,20.1771453296582,22,20.0360275690195,0.329608621410708,18.7408044987359
-1.47117119075328,4.09515540305965,4,1.90888917998765,-1.63725292667887,3.66061540707064
-0.4985221765579,9.36203496581335,10,7.49709562108821,-0.753263974977259,7.36264648798514
-1.41997129785867,4.24661069967776,4,2.0558845336343,-1.7221396974283,3.454336098032
-1.29572215179927,4.64772319569417,5,2.45212999284259,-1.02716225357588,5.76242233725493
-0.106005887312357,13.4089002248608,13,12.1519637180783,0.000666452055625206,14.6576386100844
-1.34477020329287,4.48318308797007,4,2.2884419683359,-1.55142367450101,3.88364874015062
0.305079236753515,18.4753433446043,19,18.0685973049691,0.386316164992883,19.4513775856367
-0.0267510658591733,14.3324984272082,15,13.2327735009473,0.152185524078402,16.5053608472822
0.265713499376814,17.9719995875341,18,17.4841025139429,0.186357540298846,16.9329132011034
-0.698251578455201,7.72012271344986,8,5.6825373066117,-0.704800368367698,7.7086147192118
1.3124916498016,27.3095855231615,27,28.0385491201997,1.30567452085511,27.2348477177197
0.300217746425229,18.4132370422879,20,17.9965376178439,0.354203494201843,19.0500047059238
-1.45660905380935,4.13749982662076,4,1.94983049750892,-1.66163992262605,3.59999200964105
0.627102099020329,22.3540828880784,23,22.528806270949,0.635760388843296,22.3726339554352
0.99039184573911,25.5679466400757,26,26.133800757927,1.42720523052615,27.698572819914
-0.877470664229244,6.5347354039328,5,4.40682244746831,-0.704426944859859,7.71135750664282
-1.62527123501293,3.67818665293512,3,1.51264372077936,-1.9701874767492,2.91664858217631
1.08535173902669,26.1760968460491,27,26.8022239405347,0.926991154738603,25.0437003345468
-1.07405965833804,5.52055807757623,5,3.3416180685822,-0.919792406771351,6.32170031672528
-0.668049023802068,7.94689855669936,7,5.92995708981695,-0.497957174526072,9.40325885500488
0.970851729496504,25.4316661394611,26,25.9833713287273,1.1442620365693,26.4561869922813
-0.674405410157892,7.8985177539079,9,5.8770839301733,-0.63567636268061,8.23630170334066
-0.788814387749324,7.08729638142673,7,4.99773608331527,-0.784106226634493,7.15277249682935
2.03124473503462,29.0400299516484,30,30,1.84900180852058,28.7398851869215
0.159934702965044,16.6248519193475,16,15.9147517951879,-0.204864932661901,12.3226774225286
0.111523814266945,16.01696250338,17,15.204550203104,0.305376471206878,18.4351382045571
-0.236509994690617,11.9614142127483,13,10.4658947087297,-0.368511183726995,10.6268704704435
-0.594730098427552,8.52988953540279,9,6.570795755664,-0.758858351181042,7.32398540497654
0.151394517310328,16.5170790488633,16,15.7889211978414,0.0261446721980644,14.9616946036576
0.372636834243707,19.3340392120446,19,19.0630994550717,0.41315959770533,19.7841701563343
0.139160409083177,16.3630681522437,16,15.6090419694843,-0.0340671130702462,14.2480530232775
0.689418285785313,23.0084243483642,24,23.2713488753777,0.710487256119755,23.1448783573228
0.00129749999760997,14.6670430797695,15,13.6245599382922,0.0339932027238393,15.0559532335001
-0.241690471324971,11.9059050069768,11,10.4015599862584,-0.567077393323057,8.79894513543059
1.1864559537102,26.7321185265526,27,27.4096944010606,1.21338132954773,26.814731020131
-0.275975401318097,11.5424200801565,12,9.98107646106678,-0.312501497926153,11.1898002751048
-1.00044990979761,5.86923484525664,6,3.70467900344995,-1.31992158755976,4.57963370073772
1.48387927561452,27.9243807275992,29,28.7107484624764,1.48057667531718,27.8742216084786
-1.87814711760382,3.08984276786232,2,0.975955492046989,-1.30627075820936,4.62603787768462
-1.15424522908919,5.17707121971926,4,2.98786273012549,-1.67233183162257,3.57376923455548
-0.407470228061655,10.214200475094,10,8.45895235348646,-0.591573503670883,8.5936714249844
-0.385052212357552,10.4328707347799,11,8.70776422167346,-0.436016589756378,9.97459505597003
-0.451189434444052,9.79761861439423,9,7.98715037790826,-0.459155142452494,9.7580087381491
-1.22876625259785,4.88727724090457,5,2.69297923782279,-1.6463495687193,3.637868044377
-0.751225189400671,7.34140374141749,6,5.27170545146019,-0.657757512888633,8.06338905759315
-0.641753983640444,8.1507273893875,8,6.15323395461096,-0.34326153157913,10.8782911705744
0.17323370029896,16.7930767596085,17,16.1110872350314,0.120239396968452,16.1086133244566
-0.703357739629877,7.68256186210863,7,5.64165892581216,-0.430976883603272,10.0222545323098
-0.474283915953206,9.58302922323738,10,7.74529627337282,-0.518679455337401,9.2182889104361
0.0725579402002636,15.533781108243,15,14.6393557223163,-0.0266355764277822,14.3351985018108
0.271454059013758,18.045434477318,18,17.5694445790373,0.0365775776073811,15.0870508062683
-1.84547801119587,3.16043038296456,2,1.03898772406604,-2.3789184431371,2.18799691600142
-0.248371325365348,11.8345449084971,10,10.3188994371502,-0.371247780059911,10.5998582577587
-0.742575709592852,7.40158697147961,8,5.33679238328292,-0.512968386044937,9.26894846409226
-1.03541191305148,5.69935946131775,6,3.52733761986086,-0.971326410920861,6.04318819259701
1.41451815772692,27.6965562721009,28,28.4607573169747,1.15034352383157,26.4893480357229
1.16238865253445,26.6077531033164,27,27.2740698932347,1.29282614829259,27.1801123248445
2.03124473503462,29.0400299516484,30,30,1.77287481439954,28.6013870696013
1.77257137091705,28.6339332819663,29,29.509121925156,1.63713021660045,28.3072636667829
-0.848227553348125,6.7098991045056,7,4.59340798046657,-0.801145753609419,7.04022985478272
-0.25670328093626,11.7459069843938,12,10.2162980135905,-0.54797395514605,8.96231141659082
-0.333837846910179,10.944677462162,11,9.29300036885985,-0.457068747764326,9.77738635666928
0.0211870903124445,14.9065995166164,15,13.9051059490912,-0.0654597347109499,13.8829336641882
1.17367177787751,26.6666563560427,26,27.3383206522065,1.12657167084331,26.357890062681
0.745873351753068,23.5651569856566,22,23.9000935002454,0.716874366005246,23.2081961916794
0.508120342854254,21.0004595001775,22,20.9823666927435,0.33220979269026,18.7735631913844
-0.844860559746949,6.73050867706843,8,4.6154071517271,-0.868652932337231,6.61773283459147
1.24238101469885,27.0030902270183,27,27.7048655010929,1.08215593550766,26.0987298816257
-0.0837693149972848,13.6647261273594,13,12.4511261293864,-0.0730935124505396,13.7948914872204
-1.01532764828656,5.79597131943245,5,3.62809300460803,-1.1940977624085,5.03615914394993
0.397108478978104,19.6418872564745,20,19.4187731917266,0.221040147677128,17.3693791527058
-1.2452652166011,4.82653161169386,5,2.63163871404772,-1.29472079413594,4.66585391944898
-0.529966375797529,9.08198914179748,10,7.18387934803456,-0.0390740901799535,14.1894912529724
0.748676531152166,23.5918810933813,24,23.9301982881071,0.534107204296575,21.2366312294479
0.430172957317373,20.0538198828475,20,19.8939443725304,0.509366851545269,20.9471913831159
0.421446250704326,19.9456027822082,20,19.7692002613801,0.229041530695667,17.4703351152437
1.59952332352741,28.2500076439301,28,29.0719351484264,1.86818432949267,28.772186412891
0.540594944097509,21.382170557108,21,21.4197236487089,0.3604840001148,19.1287384956367
-0.439537388936178,9.90734139192868,9,8.11112884846627,-0.376299628351521,10.550116219402
-0.0747948995527651,13.7687129253263,12,12.5727856588763,-0.230915831786141,12.0425650427111
0.832555981981378,24.3507500638037,24,24.78190215969,0.819382086429353,24.1639867616591
-0.27635870318295,11.538394854516,11,9.97642817665168,-0.283867765985317,11.484778929481
-0.504527167478014,9.3079669387712,10,7.43650865813942,-0.439120947342955,9.94532353422007
-0.00158263846370526,14.6325119939484,16,13.5841192291014,-0.349360277192828,10.8172049288186
0.647962374497945,22.5776306861447,23,22.7828921784089,0.430748091318605,20.0005707828236
-1.37291663421507,4.39253266751847,4,2.19892403485568,-1.06748772837587,5.57228487558466
-1.12659579073157,5.29155381759852,6,3.10529471076104,-1.49947898236424,4.02673434165445
0.282097670151004,18.1815801303101,19,17.727605219965,0.551054892481963,21.432197552649
0.579635021287343,21.8293537119529,22,21.9308664830966,0.664538434643771,22.6767697818045
-0.164443968661876,12.7492012088838,12,11.381818342053,-0.117218101534081,13.2918101020071
-0.60811206539711,8.4200944599644,9,6.44958598523182,-0.0706296566424385,13.8232755978552
-0.428674362982016,10.0104959919827,11,8.22787607567524,-0.498281922562662,9.40033565609513
1.30324960153084,27.2711811522491,27,27.9967275214081,1.4921971516361,27.9104203929999
-0.794217385563009,7.05175867024638,7,4.95953022888001,-1.24797898853659,4.83243232582027
0.231618750249575,17.5361031499902,17,16.9770693499533,0.47166997562725,20.4979516235272
0.168922671522061,16.7384939102621,17,16.0473938905185,-0.00281231343766663,14.6163568601808
1.25336722470386,27.0534814043598,27,27.7597256488698,0.918868410729995,24.9816646208348
0.263462456043622,17.9432041807235,18,17.4506318671001,0.111858069874756,16.0050714158874
-1.56650907373476,3.83095176705671,3,1.65631904128925,-1.48069428416356,4.08014168580454
-0.927293004263461,6.25171049191576,6,4.10685772339385,-0.759189948058055,7.3217021019625
-0.403180288387966,10.2557855653089,10,8.50620996828721,-0.274737101788768,11.5798336233585
0.478809116753401,20.6491116278324,21,20.5790004122222,0.271377749249642,18.0053822113084
-0.502865489986737,9.32290098634226,10,7.45323784427337,-0.826021338181331,6.88023902060315
0.38247357804237,19.4580492820705,19,19.2064318910985,0.578583962066409,21.7448451393563
-0.00496102249573409,14.5920588983822,14,13.5367430436917,0.181603447945254,16.8732632858299
-0.330899284802582,10.9745451490925,11,9.32727067159286,0.0500403635576214,15.2495200410419
-1.22664153842403,4.89518552892216,4,2.70097766806139,-0.898883335824452,6.44030725249597
0.598772236202301,22.0435165082835,23,22.1751595711683,0.752072622585115,23.5492874943019
-1.13378953057407,5.261382329539,5,3.07429787435887,-0.776907911984311,7.2010423833588
-0.544407591969483,8.95595663424991,10,7.0434046049001,-0.0402691322061541,14.1755322034361
0.196831839762648,17.0926317850737,18,16.4604569280373,0.195949268834834,17.0534051533356
-1.49040702170697,4.04007038188837,3,1.8558157735799,-0.99717793740002,5.91057834410237
-1.20126443241651,4.99119583742647,4,2.79830832754459,-0.800405314520702,7.04507022904626
-0.690803194147466,7.77531715791265,7,5.7426593425207,-0.55361214612718,8.91379969895353
0.309780786589887,18.5353814958455,20,18.1382410865495,0.305371146190052,18.4350709544178
0.356312422055163,19.127547447114,18,18.8242669996785,0.368594753392954,19.2302587916835
2.03124473503462,29.0400299516484,30,30,1.43175698091453,27.7141749655599
-1.11418151591648,5.3442757628316,4,3.15953894974897,-1.28247259725026,4.70864575972132
-1.49993882518884,4.01312244584803,4,1.82992983925232,-1.38395074683962,4.37087077408295
-0.468285652146565,9.63839111661235,9,7.80761323680802,-0.430662130827762,10.0252367816979
-0.244705541260052,11.8736686409439,12,10.3642123500341,-0.448414536125244,9.85808638339789
1.24900214031262,27.0335682036431,28,27.7380470377878,2.12537479565257,29.1233848287776
1.30196055192704,27.2657778302589,27,27.9908439416962,1.07229382393463,26.0387210341165
-0.207964337172894,12.2700021584378,12,10.824071946339,-0.647480597743297,8.14336119445383
0.421195639953799,19.9424894047687,19,19.7656104859592,0.471427627565159,20.4950339999598
0.926688958643687,25.1089751784328,26,25.6262243558445,1.11655682112328,26.3010151773834
-2.17072985694649,2.51485447215799,1,0.473655996713316,-3.78273496942877,0.700012420838341
0.616408380926392,22.2377806899348,22,22.3964584000582,0.48747922617193,20.6874897335254
-2.17072985694649,2.51485447215799,1,0.473655996713316,-2.87862558778497,1.4993310217423
-0.54607020853697,8.94155260874662,8,7.0273694341927,-0.307311627333067,11.2429115253915
-0.355458123494414,10.7265817752174,12,9.04313948120692,-0.214630540196207,12.2172390899716
-0.103148977515369,13.4416214915241,13,12.1902152860567,0.0284659699947766,14.9895440485388
-0.186318299430632,12.5070383838785,13,11.0997495206446,-0.362844351150679,10.6829548375924
-0.648437335481623,8.09835924568695,9,6.09578892086027,-0.822498996796815,6.90258491796931
-0.26316505014198,11.6774397559612,11,10.1371020042195,-0.492376275225066,9.45361541229872
-1.41997129785867,4.24661069967776,4,2.0558845336343,-1.20361777003591,4.99919469017422
-0.745630461773505,7.38025845431561,8,5.31371734766102,-1.00063497414329,5.89319150162773
0.938330339061446,25.1960396795032,26,25.7227169731154,0.874890652097039,24.6334957717885
1.52155270560543,28.0374602890661,29,28.8355285565745,0.989662270336231,25.4990381343187
-0.0434089336323884,14.1356799885547,15,13.0023144968482,-0.228866754367877,12.064463279544
0.310018511327716,18.538416497551,19,18.1417612369551,0.491681337349929,20.7375996646437
0.90409556275798,24.9358462821887,25,25.4340614428757,0.919680772620341,24.9879004982898
-1.31620281752035,4.57796041373376,5,2.38254517670096,-0.664590054238943,8.01070789905422
0.782154563548013,23.9042417866799,23,24.281526726287,0.737957551071333,23.4141075876254
0.406191965518017,19.7555527664079,19,19.549976371646,0.683743852604201,22.8750910384289
-0.120383185553744,13.244892260335,14,11.9603004142586,-0.18864392122,12.4989542477882
-1.12959314961313,5.27894899747773,5,3.09234097788704,-0.912840418615751,6.36076825768226
-0.480364521526229,9.52717758211229,11,7.68248431033547,-0.375869970557424,10.5543405138635
1.55655126640821,28.1363025447663,29,28.9451174392917,1.53370112170596,28.0340846573475
-0.595809660827392,8.52097670349578,8,6.56094739359468,-0.822089628199432,6.90518854602504
-1.41997129785867,4.24661069967776,4,2.0558845336343,-0.971318271168377,6.04323067704411
-1.10860477282338,5.36823380617725,5,3.18422177942237,-1.25254948975933,4.81574430236675
1.13789231217833,26.4761551019623,27,27.1304167638002,1.45350044191986,27.7870813377217
1.58321188793807,28.2078058470356,28,29.024761802839,1.78012710242144,28.6153299857724
0.791870862283246,23.9925410435601,23,24.3806539567094,0.759715339959718,23.6215794177469
-1.61858568081783,3.69521512347401,3,1.52857082949564,-1.66392590789542,3.59436748381864
-0.18585169594699,12.5121765198967,13,11.1057300755763,-0.18197390734272,12.5718491341685
1.27403649542333,27.1458610731745,27,27.8602903594135,1.02284596058464,25.7238379359952
-0.0604923348613578,13.9353070340336,15,12.767748499782,0.05688293263728,15.3323951778694
1.08906841633394,26.1981446434028,26,26.8263724982707,1.31609611296971,27.2783972218427
1.1777328230065,26.6875972670755,27,27.3611560857653,1.62451541017525,28.2764201126364
-0.146859526586863,12.9457686987883,12,11.611056410429,-0.477288060232518,9.59088696728708
0.366175641901973,19.2524075481014,20,18.9687073453622,0.175207826969367,16.7930969047552
-0.0934779865738014,13.5527086279265,15,12.3201062373051,-0.413824726857195,10.1857365133651
-0.0321011059987755,14.269132533199,14,13.1585725382315,-0.157881018733827,12.8371316361148
0.8427181357086,24.4373239509837,25,24.878657851458,1.01190746582203,25.650954942993
0.00845348413519724,14.7530132659863,15,13.7252423813158,-0.230921045449099,12.0425093543819
-0.119424351309688,13.255795698185,14,11.9730389043339,-0.149684605097806,12.9280826066787
0.307254053869872,18.503118709123,18,18.1008185077245,0.495292815197691,20.7805728376836
0.00929253818416028,14.7631096493467,15,13.7370664708066,0.0933663430447293,15.777509754219
-0.135114355513427,13.0779965021643,15,11.7653845899406,-0.224160424321808,12.1148465179413
-0.212539864071646,12.2202312869586,12,10.7662455835122,0.0339982807984941,15.056014308582
0.742169270885412,23.5297096416962,23,23.8601508504285,0.399260810159282,19.6122108055619
0.46981249119127,20.5400853171934,21,20.4536836529257,0.693755691560716,22.9769675373791
-1.15630986185237,5.16868109402436,5,2.9792762611142,-1.54293091490942,3.9065993035344
-0.49432002045044,9.40003310883458,9,7.53970768548887,-0.930240747537613,6.2636641557543
0.363901459269818,19.223643914289,18,18.9354397374501,0.690430707337831,22.9432495259989
-0.409032098158215,10.1990911423242,12,8.4417890271595,-0.809752170095673,6.98430065434146
-0.0731775991156608,13.7874975103541,14,12.5947657591044,-0.288357975770023,11.4382084269942
-0.423027618508462,10.0644416476172,10,8.28900254719645,-0.254890697021751,11.7880728314747
0.621342741605013,22.2915871268956,23,22.4577014533317,0.508258168995651,20.9341161035939
1.52155270560543,28.0374602890661,29,28.8355285565745,1.33813233373113,27.3680375457051
-0.109115503279242,13.3733339997792,15,12.1103909868696,0.0212932764953915,14.9035690823078
0.357438144622266,19.1418123982717,19,18.8407727372237,0.658875493965163,22.617575284088
1.42818149862778,27.7435532016126,28,28.512205116913,1.16587104846016,26.5725751508354
-0.369285290725237,10.5886487394431,9,8.88547622109019,-0.485441639502556,9.51650233835274
1.15895829525948,26.5896329757974,26,27.2542989870825,0.959891667985996,25.2878370210429
-0.0166025355694491,14.4530927447967,15,13.3739968517448,-0.362799917420941,10.6833953852046
0.0814507332974326,15.643519386693,17,14.7677650610202,-0.104437928226345,13.4364932491563
0.143495988168063,16.4175945632059,15,15.6727351912518,-0.0357948465000792,14.2278315022895
-0.696186733624261,7.73537569839746,7,5.69914577849322,-1.00410668656503,5.87581183841233
1.14072081265599,26.4916136903672,27,27.1472996902511,1.07287170835532,26.0422625225457
1.58321188793807,28.2078058470356,28,29.024761802839,1.05832153253121,25.9521314529544
0.243345763405566,17.6859471722158,17,17.1514543499099,0.312419530014599,18.5240591900726
-1.26159441204256,4.76754220059871,4,2.57224088541325,-0.421961428308862,10.1079385924888
-0.327443079279015,11.0097423192548,10,9.367671851972,-0.433995882105363,9.99368382887093
-1.28919248091496,4.67029636519621,4,2.47470140627034,-1.34338584855416,4.50147131119776
1.01550904403862,25.7374142270917,25,26.3205297644668,0.856079433602518,24.4781645510838
0.731679548277834,23.4284959657052,24,23.7460326133572,0.856242913016303,24.4795311095407
0.509254268786727,21.0139264851083,22,20.9978125907055,0.337558335021983,18.8408827269768
-1.64074494549154,3.63910546202185,3,1.4761745007956,-1.53276844719672,3.93428486719546
0.696146163427511,23.0766055037252,22,23.348506095768,0.780315185832851,23.8132580321161
0.267026155910891,17.9887913800438,18,17.5036190292037,0.307571165470949,18.4628527475498
-1.56676159957145,3.83027983535765,3,1.65568322200073,-1.20317625578612,5.00089953672318
0.936855741216663,25.1850912964719,24,25.7105883268514,0.882272576932537,24.6933978833001
2.03124473503462,29.0400299516484,30,30,2.03909440907617,29.020671349233
-1.84547801119587,3.16043038296456,2,1.03898772406604,-1.46759415008456,4.1179398522422
0.809925504532836,24.1537971906972,23,24.5614639333664,0.989131871679041,25.49535485097
-0.710646064700502,7.62933963363655,8,5.58378564001937,-0.690475289852028,7.81467549578618
0.325339430166743,18.733846662385,20,18.3683436703165,0.492048261952408,20.741969689603
-0.0186481162785027,14.4287438081207,14,13.3454820416678,0.283236455279054,18.1553392327392
0.515570800942369,21.0887657940578,20,21.0836286337219,0.687339333956876,22.9117971696292
-0.751041637569674,7.3426742187323,8,5.27307866199759,-0.882747510887911,6.53412493514808
0.784294515001845,23.9237802956753,23,24.3034684745246,0.888212157393819,24.7411663887963
-1.43393291643729,4.20458590381221,4,2.01494321611303,-1.11693715128173,5.35248993002932
0.626217298745836,22.3445033669816,22,22.5179091328368,0.762538605348984,23.648123608724
0.0718684250462353,15.5252861548295,16,14.6294144587738,0.317756923569462,18.5914062537251
-0.159834105755138,12.8005696716012,14,11.4417019580752,0.167655191814584,16.6985527917443
-1.04979763014281,5.63173350749944,5,3.45697770111861,-1.18068285591353,5.08898477823194
0.735275005382007,23.4633257946165,24,23.7853146415505,0.572139108680972,21.672227331234
-0.0801374450847851,13.7067577948042,16,12.5002975944482,-0.081073837717188,13.7031675137686
-1.56676159957145,3.83027983535765,3,1.65568322200073,-1.35427746871476,4.46585542969816
-1.43239685108819,4.2091821727277,4,2.01941531365055,-1.51592103087155,3.98072960111805
-0.534794378885871,9.03967060470898,9,7.1366775292146,-0.762153220745693,7.30133869617194
1.52155270560543,28.0374602890661,29,28.8355285565745,1.14474924060768,26.4588554187345
0.752860993637402,23.6316103195119,25,23.9749399843766,0.464971636302612,20.4171805714637
-1.37541119157059,4.384623863207,4,2.19113741641832,-1.49372153562007,4.04300598261624
-0.473831035293163,9.58719993890614,10,7.74998902314337,-0.0634025741384405,13.9067095779952
-1.40904312724663,4.27990054238479,4,2.08839790119278,-0.947123458042669,6.17159093147943
-0.495569914142036,9.38871696437583,8,7.52701468046832,-0.758903882705205,7.32367183017616
-1.59638052758626,3.75240953317458,3,1.58222853692098,-2.14430164296668,2.58547859414583
0.317476402426012,18.6335919197826,20,18.2521295620152,-0.0885797005304472,13.6171922787948
0.283231364044214,18.1960795738458,16,17.7444445760359,0.148738085638284,16.4623971925794
1.10093866193717,26.2677102626533,27,26.9025304047774,0.776263401368902,23.7759234454357
-1.20225034197878,4.98741122135047,6,2.79446391080967,-1.4682038736028,4.11617030847303
1.14745758391553,26.5281533832799,27,27.1871971602788,1.16044545200408,26.5437279474855
0.831699813571162,24.3434033771584,24,24.7736874219763,1.40805918497771,27.6316243451782
-0.762868238154523,7.26140558211002,7,5.18530686853842,-0.914379966138393,6.35208513260284
1.79910709969327,28.6837373128242,29,29.567285320808,1.6562063151777,28.3526912436273
0.1335861741472,16.2930518247822,17,15.5272416855543,0.238223711731312,17.5862772603432
-1.68499315265357,3.52980385034853,3,1.37480368950606,-1.78171984771726,3.316985523238
0.657173238653009,22.674912994339,22,22.8933354627679,0.894661783935263,24.7926043393337
1.57584793643616,28.1883734227878,29,29.003083191757,1.30473058525155,27.2308659474104
-1.27174880722426,4.73141000314567,4,2.53594340030031,-1.34946936280604,4.4815271030674
0.0109035156966536,14.7825041161742,16,13.7597796531318,0.107271855632795,15.9485174948108
0.550824465988086,21.500628858314,21,21.5552579627695,0.644543496317718,22.4663275051267
-0.166432132001207,12.7270825929211,12,11.3560383669102,-0.179165141321609,12.6026167032492
0.884883862475243,24.7842680980335,25,25.2655097900289,0.613750081592172,22.134563245804
-0.467543408355668,9.64526008084776,10,7.8153489973005,-0.255182416391547,11.7849959234768
-0.00664172830744397,14.5719548085679,15,13.5131984236332,-0.0959131600211796,13.5334696827987
0.0585021089684609,15.3610105682405,15,14.4371451121113,0.199716336585664,17.1007765736784
1.58321188793807,28.2078058470356,28,29.024761802839,2.21171860762176,29.213793405142
-1.27467163618931,4.7210864218112,5,2.52558467792234,-1.66376101971731,3.59477285246843
-0.618565070495752,8.33537400229604,8,6.35622167781511,-0.530143504441435,9.11733770050713
0.659779797771144,22.7022819527525,22,22.924392704891,0.794559959677642,23.9430852202087
-0.813379581527837,6.92770014209051,6,4.82637110172629,-0.47423074352271,9.61890140820786
-1.43393291643729,4.20458590381221,4,2.01494321611303,-1.75028567886656,3.38873346623467
0.723361335256144,23.3473664484465,23,23.6544864609093,0.812626868007546,24.1045405824814
1.06337366780549,26.0430881032812,26,26.6564216154071,0.670528404375484,22.7390290663979
0.155194946213967,16.5650127571079,17,15.8448909657482,-0.253380760231865,11.8040064827231
-1.11381023180263,5.34586549661065,6,3.16117614363125,-1.33753986439568,4.52075971673623
-0.437979832373548,9.92208107200194,10,8.1277995464629,-0.47740954544575,9.58977516661856
0.0937664362306282,15.7960284416004,17,14.9461809905917,0.202686734790017,17.1381481166676
-0.257399803681007,11.738515229087,13,10.2077455446592,-0.371124457992338,10.6010745282564
-0.682920971571387,7.8342485381785,7,5.8069208612663,-0.992680381127932,5.93331951599774
-0.427504367733778,10.0216552947718,10,8.24051676083498,-0.337939615616538,10.93178103581
0.360308795702874,19.1781725204693,18,18.8828400165006,0.00103078635350566,14.661965375279
1.23380505593863,26.9631204204219,27,27.661346495666,1.07829220141071,26.0753284671762
-0.132681182728669,13.1054824638606,13,11.7974759380516,-0.343865376390968,10.8722328472813
0.120819760564673,16.1330857499315,17,15.340299830816,0.151532909787109,16.4972250553978
-0.80388669466485,6.98877357862201,8,4.89188307374607,-0.575594800085532,8.72702986598565
0.536041286445252,21.3291568320486,22,21.3590377247147,0.434076227860467,20.0413543031607
0.0204624268642792,14.8978383174994,15,13.8948461108447,0.0730613116207291,15.5291203862384
0.434995870375918,20.1134588433195,21,19.9626646639506,0.436823211120366,20.0749748850737
-1.70825525806499,3.47373169246294,3,1.32315824638113,-1.68748052420378,3.53697678097056
-1.46013572432445,4.12719288789918,4,1.93985374431582,-0.934576060118493,6.23982106999028
-1.0346504398549,5.70297529295779,5,3.53110354298043,-0.772988980692368,7.22750373521681
0.586325588523265,21.9046175378412,22,22.0167572735109,0.79774483742702,23.9718074895905
0.239380045488101,17.6352608329429,18,17.0924768002126,0.25581359431908,17.808573697807
1.03932706635069,25.8923075078962,25,26.4908805631401,1.07170728250205,26.0351232746011
0.93609783415696,25.179455091962,26,25.7043439271756,1.53788535820846,28.0460798912424
0.460951322835817,20.4321924214835,21,20.3296023528678,0.421728145432121,19.8897711552026
0.783331077764232,23.9149901482155,23,24.2935976464935,1.00951600586285,25.6348619256435
0.352104556407197,19.0741953756766,20,18.7625255913459,0.411435514884324,19.7628830928562
1.64557124871465,28.3631344534136,29,29.1990990592024,1.53184387712971,28.0287332880421
0.847540450512581,24.4780027321752,24,24.9240904247676,0.805104224053608,24.0377503731948
-1.41416532741459,4.26425321101784,4,2.07310661176502,-1.19848796202553,5.01905941062462
-0.326536486131438,11.0189870074601,12,9.37828621212462,-0.405313797179986,10.2675802587728
-1.16668784015649,5.12683262217647,6,2.93649011515957,-1.01887257357512,5.80278956806935
-1.64265841668028,3.63430437343567,3,1.47170240325809,-1.51501658720038,3.98324262952356
0.62544972156168,22.3361866279513,22,22.5084478766419,0.346118372073857,18.9485043265441
0.94169176806679,25.2209107404399,25,25.7502634918104,1.14537550873075,26.4622824750036
0.557952580589954,21.5826434761763,21,21.6490397774828,0.334669501628473,18.8045290799168
1.77549815148325,28.6395325638535,29,29.515639877683,2.27125886005099,29.2698495866245
-1.43239685108819,4.2091821727277,4,2.01941531365055,-1.21329931011579,4.9620394456625
-0.634827457507706,8.20540304473091,9,6.21326920504634,-0.918749123636238,6.32754006941558
0.0253516643382258,14.9569972474201,15,13.9641234175283,0.0999735002139303,15.858674902006
1.08897448255014,26.1975889872213,26,26.8257639662805,1.36195710891823,27.4613241832037
-1.00766150408687,5.83353920956245,7,3.66734550790304,-1.10051484034235,5.4239201438898
-0.265798628974057,11.6496042698761,12,10.1049193042192,-0.175828220940795,12.6392245287488
-0.484190850617237,9.49217232527414,10,7.64314562661571,-0.294195164640707,11.3778408954907
-1.10414539477531,5.38751567359826,4,3.20410170205816,-0.967710994442442,6.06210428161225
-0.00134667130500347,14.6353395732036,14,13.5874307190672,0.28075233618135,18.1239292268594
-0.839627074867313,6.76272624576754,6,4.64981603409516,-0.984468943556478,5.97519546878793
2.03124473503462,29.0400299516484,30,30,2.21833609674904,29.2202634895931
0.0290620074173202,15.0019665138047,13,14.0167823635872,-0.223493709545998,12.1219937975166
0.0196729490869162,14.8882963344498,16,13.8836718781691,-0.116680075555549,13.2978839971478
-1.70825525806499,3.47373169246294,3,1.32315824638113,-1.40961395928768,4.2910301917813
-0.700577661721966,7.70298411795106,7,5.66388136004492,-0.405589224762406,10.2649242251133
0.278420718557283,18.1345503011713,18,17.672979529548,0.237063086933961,17.5716176678127
0.666471447354584,22.7722175293938,23,23.0037238829484,0.892215086472165,24.7731440463762
-0.486895916467738,9.4674907326816,11,7.61542209706006,-0.326446662629131,11.0478769465174
-0.10021992009186,13.4752141322234,12,12.2294896081801,0.147142491275445,16.4425236777626
0.0103410685910552,14.7757314313651,15,13.7518480637463,0.236879240728717,17.5692956597467
1.06745722701728,26.0681446583854,26,26.6839042674996,1.47884868164388,27.868778086661
0.69343140890447,23.049152864081,22,23.3174444017255,0.647217604692352,22.4947027939482
0.0223889244825262,14.9211351808492,15,13.9221278892155,-0.175864876730259,12.6388220719956
-0.417404098988723,10.1183839740827,9,8.35017440635415,-0.719913382714469,7.59859851094013
0.324800732499878,18.7269814803645,19,18.360387094238,0.21525053895002,17.2963818566813
1.1606736120356,26.5987061973873,27,27.2641991447548,1.10610006364671,26.2406698076558
-0.0986433464540977,13.4933143234829,15,12.2506528471886,-0.0933289818000015,13.562940594534
-0.626554206480868,8.27124392548963,9,6.28564394233325,-0.988666292091596,5.95373247370837
0.193079061074291,17.0449132613703,15,16.4048244167616,0.160619486684553,16.6106087063239
-1.33363550692614,4.51978310836671,3,2.32472125901394,-1.00505696210354,5.87106877775584
0.949814090199575,25.2805132538539,24,25.8162453368256,0.86425718371785,24.5461658036044
2.03124473503462,29.0400299516484,30,30,1.66407447008152,28.371012556324
1.12269607218888,26.3919060954879,27,27.0383639994201,1.63697363831383,28.3068847906678
0.961495085189597,25.3650111856899,25,25.9097088928921,1.00116924904105,25.5782443124398
0.763647072066865,23.733114764537,24,24.0891772963647,0.806010696013896,24.0458315130233
1.01557177797633,25.7378295653138,26,26.3209869567579,0.855252088171474,24.4712441138404
-2.20774902616994,2.44867710661817,1,0.416787570475767,-2.44220319851501,2.08941500646832
0.407360781743807,19.7701526789888,19,19.5668241249566,0.497401745789536,20.8056266066877
-0.281700515242265,11.4823876370678,11,9.9117711938799,-0.286108305249503,11.4615265791996
1.3847407203266,27.5903341716469,28,28.3446504817305,1.53790197697933,28.0461273654888
0.111007797257414,16.0105256445873,16,15.1970243922874,0.461988876579214,20.3811279324448
-1.65442172604871,3.60493957651441,3,1.44438850564769,-1.20683091812063,4.98681507977443
0.514594047132982,21.0772129876196,21,21.0703836541525,0.192106229686978,17.0051063803085
-0.1248124275998,13.1945888620414,13,11.9015378197682,-0.19203158393766,12.4620227609789
-0.448318425818608,9.8245642194723,9,8.01757737001559,-0.416837161973622,10.1568823409171
-0.27716680455234,11.5299114336061,12,9.96663223168345,-0.0128426676267951,14.4976492358842
-0.0238124825356122,14.3673643550749,15,13.2736026538001,-0.102386846733808,13.4597918845694
-0.856386536025592,6.66033813865934,8,4.54054449870065,-0.74827324193289,7.39735835053445
1.00670646365992,25.6787457211932,26,26.2559270832388,1.33603088996953,27.3596301435136
-0.0417852736201144,14.1548020352535,14,13.0247029398565,-0.139971787422589,13.0363184464139
-0.463905692314525,9.67898274855741,9,7.8533394273375,-0.663926574893186,8.01580642935082
0.975758706902078,25.4662591347048,25,26.0215785211742,1.41896785135409,27.6700324166682
-0.798829509785883,7.02161761186501,8,4.92714749219436,-0.625437247224974,8.31785232466539
-0.534894066352682,9.03879875441211,8,7.13570543309985,-0.446315890935951,9.87773415063717
0.765644695385095,23.7517706755469,24,24.1101618188688,0.54520558259202,21.364958007121
-0.434168988374613,9.95821620767879,9,8.16868455231302,-0.539463272129983,9.03600340026535
0.574332306314718,21.7694092046176,23,21.8624289390921,0.909695354558885,24.9107606326754
0.146745349898012,16.4584984348406,17,15.7205097468875,0.300457675926279,18.3730068270212
0.0233908662607312,14.9332584305723,15,13.9363246710271,-0.133548331763276,13.1081709092512
0.589872228126013,21.9443454204167,23,22.0620779964763,0.033781144190795,15.053402862565
-0.489040132193302,9.44796529243905,9,7.59349812700086,-0.334448835036606,10.966959281298
-0.0393733955240859,14.1832318636183,14,13.0579899902964,-0.173073846803482,12.6694862645715
1.77549815148325,28.6395325638535,29,29.515639877683,1.95607966650308,28.9082374895736
0.127173711713959,16.2126330667398,17,15.4332705933628,0.11790004388073,16.0796889961031
-0.269148641815959,11.6142545929883,11,10.0640612501158,-0.296414575953394,11.3549395826527
-0.0364401080447458,14.2178476942374,12,13.0985212600296,-0.0520875035849877,14.0378639759393
0.982864812408308,25.515914867183,25,26.0763951920975,1.1106158561034,26.2668513529815
0.375989540255144,19.3763438057737,18,19.112004169977,0.50891689704843,20.9418858826351
1.26189077329541,27.091956913664,28,27.8016106954317,1.1305023893837,26.3799690865886
0.151868015699886,16.523048847934,16,15.7958922277526,0.358904382440428,19.1089457335561
0.537342399713646,21.3443219155724,21,21.3763994008713,0.508305351029499,20.934672723694
-0.83064385161214,6.81854943034406,6,4.70949080001526,-0.20515788354585,12.3195069314908
-1.64074494549154,3.63910546202185,3,1.4761745007956,-0.85228834867432,6.71677447046767
-0.369080226933361,10.5906854030824,12,8.88780212853067,-0.438720751370964,9.94909336816293
0.490879133694453,20.7945292657513,20,20.7460375949956,0.461618459695742,20.3766470866778
1.77549815148325,28.6395325638535,29,29.515639877683,1.30474249095604,27.2309162075947
-1.02131672290883,5.76688967470317,5,3.59773523955822,-0.76951590906066,7.25106204620391
-1.2452652166011,4.82653161169386,5,2.63163871404772,-1.57011592444924,3.83371845616383
-0.658235391122329,8.02227641829786,9,6.01242893901278,-0.521956871765417,9.18932720356841
-0.58601380351846,8.60220493338689,8,6.65075978057284,-0.638256029604253,8.21589213479781
-0.35282392082125,10.7529973607724,11,9.07336588863938,-0.288237196601305,11.4394595819534
0.13808669283752,16.3495737361637,17,15.5932775332037,0.112507279061131,16.0130829890843
0.430116207717512,20.0531174046519,19,19.8931348127656,0.558071500460053,21.5124883515229
1.11048497604537,26.3227261096644,26,26.9627218388671,0.954501368205732,25.2486165666957
0.464012872338656,20.4695253192454,21,20.3725442393158,0.647571345758642,22.4984510853426
-1.31017473101117,4.598332489369,4,2.40283797093692,-1.62800856470763,3.68389895107945
-2.20774902616994,2.44867710661817,1,0.416787570475767,-2.51637316394482,1.97826464426917
-0.75783558598921,7.29584180020742,9,5.2224817089555,-0.700981600237201,7.73671903213871
-2.17072985694649,2.51485447215799,1,0.473655996713316,-1.48506410015298,4.06763534476207
0.267572036783401,17.9957744435524,18,17.5117348521255,0.324809247478829,18.6803317137892
0.862194502687694,24.6000276930595,25,25.0602574950544,0.449051921580193,20.2241721600104
0.258998032461148,17.8860979673984,15,17.3842436255658,0.0219779524163109,14.9117658639994
0.539797250938287,21.37289623276,22,21.4091084705791,0.47431325201482,20.5297507291547
-1.00064451273776,5.86826705120447,6,3.7036663295273,-0.642452070604489,8.18281198499266
-1.28027916849918,4.70137502498456,5,2.50582129095706,-0.837518819689339,6.8080014984395
0.549805750668383,21.4888719332639,21,21.5418104540575,0.708575063134363,23.1258378563369
-0.41018808624763,10.1879188999473,11,8.42910042888404,-0.351304732035587,10.7977765957019
-0.323088288660712,11.0541949160333,10,9.41872109183704,-0.172381948885592,12.6770943572377
0.384092468494656,19.4784254147897,20,19.2299756059648,0.309888350080858,18.4921085387123
1.64073403160111,28.3516541571631,29,29.1861424316528,1.29490200891651,27.1890346779958
2.03124473503462,29.0400299516484,30,30,1.7182200749877,28.4908177573861
0.404401652598133,19.733177920474,21,19.52415450373,0.641350072182805,22.4323492845042
-0.298770376154746,11.3045433316655,12,9.70670877383692,0.0652095404136765,15.4335100472932
-1.3664169837931,4.41323371598804,4,2.21932324110947,-1.05011326059971,5.65296069985179
-0.408163275970246,10.2074939804079,10,8.45133370001829,-0.332248800271212,10.9891677204997
-0.137794976868251,13.0477522469156,14,11.7300772098887,-0.234316763361054,12.0062706958695
0.216894587423748,17.3481749863002,17,16.7582379728717,0.272315069809292,18.0172355895696
0.0310351798161976,15.0259074208831,15,14.0448164425572,0.250611258753929,17.7428078107473
0.395948127949847,19.6273422642631,20,19.401979265558,0.415771190801954,19.8163906603058
2.03124473503462,29.0400299516484,30,30,2.34912785467562,29.3363598004867
1.45297556253437,27.8261371546875,27,28.6027512492506,1.59500022160083,28.2016651018784
2.03124473503462,29.0400299516484,30,30,1.61691580238998,28.2575230895805
0.819188482679996,24.2351076931369,24,24.652523827367,0.500480172545713,20.8421435824512
-0.996713283244739,5.88786703801643,7,3.72418034345147,-1.67750031592729,3.56116912798547
-0.437016926584476,9.93120190530269,10,8.13811716484289,-0.603967185784211,8.49164455491994
-0.628364531184385,8.25678721083749,9,6.26974512795752,-0.5000279875371,9.38463181551483
1.23923784237105,26.988505855797,27,27.6889866182364,1.43858566149296,27.7373592374777
0.508952782053083,21.0103468454222,22,20.9937070486862,0.613794545359062,22.1350488222475
1.55655126640821,28.1363025447663,29,28.9451174392917,0.806003650682155,24.0457687391812
0.942125483537788,25.2241110444784,24,25.7538074868227,1.00116086362051,25.5781870803527
1.05812169839888,26.0106295637455,27,26.6208090483083,1.28920431258275,27.1644716783261
-0.204916267174689,12.3032227701458,10,10.8626809847036,-0.294189868002207,11.3778955836643
-1.0039223031287,5.85200409007469,5,3.68665313908956,-1.10602705830738,5.3997747903845
-0.918722698421527,6.29904876987944,8,4.15689502264352,-1.37755634027648,4.39109209171222
0.647350039286945,22.571132163674,24,22.7755116788977,0.755337386595089,23.5802464141768
0.156467110602198,16.5810675167181,16,15.8636356577978,0.123171898139298,16.1448975349493
-1.62855565809936,3.66985291074708,3,1.504857102342,-2.14319747552291,2.5874757268254
0.207318879221339,17.2261217334068,17,16.6160414405146,0.139927583192085,16.3527539324479
0.276862198270995,18.114614907818,19,17.6498214829363,0.50321265167445,20.8745023397992
0.120427583583381,16.1281805393848,16,15.3345663046733,-0.318105337193819,11.1326303848037
-0.543136466946836,8.96698382627211,9,7.05568324356125,-0.413782320723119,10.1861431225685
0.846666162924195,24.4706469113983,24,24.9158764369644,1.27577084611705,27.1056369076985
0.335118048892104,18.8583719355437,19,18.5126277732108,0.312809165713537,18.5289768201371
-0.0368712439431653,14.2127571008775,15,13.0925606558967,0.142085674533888,16.3795891585715
0.163372583880478,16.6682941075317,16,15.9654622402748,0.136092722624244,16.305103662757
-1.24588607134363,4.82426843246507,5,2.62935675126595,-0.985525132062097,5.9697832784541
-1.09233884600481,5.43910574625523,4,3.25735547372604,-1.161426372329,5.16636491487749
-1.94628245513217,2.94707679994567,2,0.849502249667813,-1.49407336263835,4.04200920151033
0.195386004574167,17.074243914717,18,16.4390204588444,0.271715069386006,18.0096479720604
-1.64074494549154,3.63910546202185,3,1.4761745007956,-1.46197999133964,4.13428112454357
0.172473562837712,16.7834490825397,17,16.099853323672,0.563971186061049,21.5796829341367
0.174159784524632,16.8048082159571,17,16.124775482546,-0.0773196086990786,13.746277516077
0.399609904674199,19.6732236530322,20,19.4549511378031,0.199601327712217,17.0993299302941
1.26413097700735,27.101980274186,27,27.8125220785452,1.33214022561668,27.3439866500603
1.71826459068821,28.5250253167347,29,29.3833045020653,2.14393106648411,29.1437949324774
0.0876514915080274,15.7202293313675,17,14.857512088705,0.268853412766531,17.9734594127091
0.383520878285538,19.471232204776,18,19.2216644077906,0.269443639287001,17.9809234084294
0.17343081088617,16.795573539905,16,16.1140005142887,0.433001432593337,20.0281895495995
0.286397155012721,18.2365655906157,17,17.7914594063486,0.096699450875518,15.8184347565076
1.01461491931125,25.7314902940937,25,26.3140086316219,0.777730671957835,23.7894641716829
0.638704654763264,22.4789691404257,22,22.6708028590049,0.322448398603082,18.6505710995806
-0.309280328308211,11.1959073509908,11,9.58163969268548,-0.179045893780733,12.6039238888127
-1.18926195918428,5.03763276357567,5,2.84552940332206,-1.38479830037279,4.36820050004571
1.64557124871465,28.3631344534136,29,29.1990990592024,1.42539313054224,27.6923281770553
-0.867084601831129,6.59616484759087,7,4.47217772120001,-0.550767110498669,8.93824795110209
-1.59638052758626,3.75240953317458,3,1.58222853692098,-1.68643136602669,3.53951148245213
-1.41997129785867,4.24661069967776,4,2.0558845336343,-1.86306787508072,3.13823980321442
0.776519659605451,23.8525468498022,23,24.2234535511409,0.809065003673357,24.0729939521856
-1.34413567146455,4.48525732513861,4,2.29049596340744,-1.09236152573354,5.45995308111919
1.02072313235254,25.771801189905,26,26.3583745168814,1.22835666115832,26.8872835498979
0.764323556788415,23.7394375040222,22,24.0962896403649,0.737635781875375,23.411000886183
1.42289330062229,27.7254911237776,28,28.4924261421439,1.43208534872756,27.7152959143673
-1.09523274652704,5.42638740796665,5,3.24421848091633,-0.687240656298399,7.83886374017046
-0.0475807687082791,14.0866096137018,15,12.944864356231,-0.144060820124838,12.9906914240324
-0.235111667368142,11.9764235282461,12,10.483295564965,-0.526885932780401,9.1459226010829
1.0473515220933,25.9432422688141,26,26.5468327326899,1.05117834915153,25.9071442680311
1.33298541855093,27.3926762954849,27,28.1290628970258,1.15651524016812,26.5226750285637
0.282824961444796,18.1908819251587,20,17.7384082375761,0.624700340466689,22.2535840285585
-1.70136825311227,3.49023607937292,3,1.33833446952231,-1.88122141879465,3.09963229287633
0.299613830170364,18.4055202673588,18,17.9875829319817,0.435750513577573,20.0618505406836
-0.153438162122364,12.8720325556703,13,11.5250379627486,-0.160904467166916,12.8036717829618
-0.0417639942567656,14.1550527343626,15,13.0249964662224,0.0465522177548397,15.2073495837891
-0.475561218485932,9.57127428970416,11,7.73207171190315,-0.569232049657264,8.78069854274174
-0.297970648091301,11.3128367812149,12,9.71626288087078,-0.20289940080633,12.3439616094585
0.632054661330138,22.4075575444317,22,22.5896226859827,0.962852870755007,25.3092543596959
-0.794239472448914,7.05161390147637,7,4.95937464648051,-0.329990857132018,11.0119909044168
-1.41997129785867,4.24661069967776,4,2.0558845336343,-1.50262278796534,4.01788520685011
-0.883334609660404,6.50042864919763,6,4.37036120665967,-1.23179663694398,4.89224482949941
1.35893937499734,27.4939261695557,29,28.2394373419158,1.43950125840061,27.7404476385474
0.349601857729479,19.0424410391339,19,18.7257716205948,0.208328842657487,17.2091755642802
-0.630288803565637,8.24145100890046,9,6.25288367939774,-0.647263104407031,8.14506316980309
-0.368773863477393,10.5937286650046,10,8.89127770742545,-0.282856300595189,11.4952853483581
0.343135343594726,18.9603208617925,19,18.6306997361158,0.759239173329671,23.6170939629976
0.0241333491749833,14.9422453351992,15,13.9468486084617,0.141389566994534,16.3709317299068
0.0173996203926141,14.8608363406362,15,13.8515142857438,0.347032206552086,18.959984218103
1.77549815148325,28.6395325638535,29,29.515639877683,1.57872322501815,28.1588326855789
0.781836631769395,23.9013345642371,25,24.2782615639994,0.744995741807201,23.4817819503931
-0.95031820461946,6.12721972958956,6,3.97553564464761,-0.819478108363649,6.92183036178685
-0.269139317213195,11.6143528966764,11,10.0641748526726,-0.315493314259149,11.15925499105
0.920140293441088,25.0593607375711,25,25.5711940173448,1.07830020406945,26.0753770810075
0.673353087779499,22.8436449846482,22,23.0847038129381,0.617189322561487,22.1720673506716
1.07132341587823,26.0917222846874,26,26.7097579466663,1.24664453835525,26.9735175157453
-0.982761807434532,5.95827021097851,6,3.79795437535308,-1.36151552836456,4.44241349832299
0.988517258426451,25.5550424493145,26,26.1195670858985,0.902942944761483,24.8579909451735
-0.104707095959873,13.4237703904739,13,12.1693466290567,0.194419240021256,17.0341725088646
-1.58988266129018,3.76933545653732,3,1.59815564563726,-1.40903621651825,4.29280492984991
-0.99428140849022,5.90004377508264,7,3.73693032404467,-0.769084593925362,7.2539947713192
-1.59638052758626,3.75240953317458,3,1.58222853692098,-1.58778015745955,3.78725026118598
0.454528928601506,20.3536905680661,21,20.2392805064381,0.530103790524917,21.1901058129781
2.03124473503462,29.0400299516484,30,30,1.46124891412178,27.8124249704033
0.313508535723272,18.5829647393457,19,18.1934258149459,0.28112589127949,18.1286526979925
1.10521062159202,26.2924316504412,27,26.9295815211162,1.62571400345387,28.2793786862621
-0.647107326642238,8.10875025651831,8,6.10718289684696,-0.929739749940412,6.26642846481354
0.710490009391334,23.2203233117243,25,23.5110041086979,0.438448619874354,20.0948505100297
1.77257137091705,28.6339332819663,29,29.509121925156,1.71165802533481,28.476862581615
0.400784609808644,19.6879306192581,19,19.4719286395322,0.53303687451632,21.2242045253371
0.392387436465969,19.5826748948045,18,19.3503987649331,0.208210905630971,17.2076903318953
-0.45575016499709,9.75493551463331,11,7.93897878738308,-0.563588491214612,8.828568169628
-0.703254607681646,7.68331826841538,8,5.64248185465298,-0.564215971733655,8.82323340230189
1.25620127037949,27.066334080107,26,27.7737174577623,0.906635602418987,24.886909523991
-1.15615685778888,5.16930212130993,3,2.97991172667602,-1.13992605361106,5.25499939090662
-1.0328147338664,5.7117071993556,7,3.54019952470882,-1.41048039831379,4.2883705444528
-1.94628245513217,2.94707679994567,2,0.849502249667813,-2.1848552411432,2.51298565437578
-1.33377952859864,4.51930695705166,4,2.3242487871806,-1.83080009019496,3.20799195086264
-0.0943746508517954,13.542388129153,13,12.3080369935402,-0.212537817952196,12.2397903903151
2.03124473503462,29.0400299516484,30,30,1.7963847702384,28.6459947879866
1.09414131859223,26.228032318276,26,26.8590990968197,1.37115353963099,27.4963524602782
-1.41997129785867,4.24661069967776,4,2.0558845336343,-1.95775492579714,2.94162197598047
-0.572249483653992,8.71767680215088,9,6.7786584588375,-0.421647889542406,10.1109282970266
-1.084811416909,5.47241289662565,5,3.29178501108129,-1.53496278462448,3.92828607189232
0.752451508457502,23.6277311186434,24,23.9705720694609,0.762212959315599,23.6450663358062
0.617732672421805,22.2522450421409,23,22.4129240958386,0.85577395167312,24.4756101803558
0.811641971834621,24.1689371236585,25,24.5784248508554,0.448697967387061,20.2198648333648
1.32066652895345,27.3430689927051,27,28.0750183401834,1.24247333518297,26.9540748870481
0.782897461795142,23.9110305442537,24,24.2891509679258,0.66077182053534,22.6374335550846
0.6646644576562,22.7533788830457,22,22.9823584573564,0.90256265098512,24.8550043954072
-0.816786463199692,6.90596494673612,7,4.80307588585171,-0.732330740617337,7.50964975101978
1.77549815148325,28.6395325638535,29,29.515639877683,1.48531459879852,27.8890661121233
0.645557953190826,22.552091052349,24,22.7538843016476,0.834803691088584,24.2978172398918
0.485108255891347,20.7251273994149,22,20.6663332143171,0.720708362000103,23.2459954868745
-0.263938701150765,11.6692585217516,12,10.1276421796563,-0.0174502926622998,14.4432794871803
0.677966199439635,22.8912443584577,23,23.138644223288,0.560816124333133,21.5437844421415
-0.86039385182384,6.63619250896334,7,4.51481004106724,-0.805615977953382,7.01110356401885
-0.640297887396574,8.16218738423947,8,6.16581233045437,-0.805162273390206,7.01405220238351
-0.764052179485147,7.2533358966129,6,5.17659904168154,-0.876203836008193,6.57274776386676
-1.05954368941528,5.58664616571657,7,3.41014611187289,-0.96376186442847,6.08287179415176
-1.15151662522744,5.18819278907194,4,2.99924881312158,-1.47947084887502,4.08365220787247
-1.45477664901925,4.14286840808739,4,1.955029967457,-1.67282773563753,3.57255814877308
0.256197069377692,17.8502725901185,18,17.3425882958891,0.664276201257782,22.6740358234738
0.785527763053434,23.9350168928773,23,24.316085310348,1.00021430564923,25.5717220864652
1.30196055192704,27.2657778302589,27,27.9908439416962,1.28771305980358,27.1580045661779
0.165708934220912,16.6978352871224,15,15.9999423650117,0.141717949506794,16.3750156127081
-0.449727735573133,9.81132991350259,11,8.00263158966384,-0.321460056115838,11.0984945697261
-0.293068449253342,11.3637574661828,11,9.77494254485256,-0.234017322590971,12.0094637353747
0.461291542915677,20.4363439707697,21,20.3343780319494,0.784156406305521,23.8484862560259
0.147111181526984,16.463105645991,16,15.7258905149722,0.212206369169594,17.2580193278493
-0.188834333895418,12.4793530712077,13,11.0675284607694,-0.296034925595969,11.3588550395407
0.658856902207126,22.6925996603801,23,22.9134063382129,0.564649887090538,21.5873943143625
-0.261757981312619,11.6923281569214,13,10.1543190918134,-0.317501902388855,11.1387776772844
-0.883334609660404,6.50042864919763,6,4.37036120665967,-1.07822939444776,5.52332474529686
1.58321188793807,28.2078058470356,28,29.024761802839,1.12988663169924,26.3765193771249
-1.37291663421507,4.39253266751847,4,2.19892403485568,-1.25246976790313,4.81603462251935
0.654626761967363,22.6481062568077,24,22.8629100636577,0.734318485673196,23.378907102088
0.736324599939569,23.4734663153512,23,23.7967491447652,0.714070555230938,23.1804543399166
1.61094921497584,28.2788924695063,29,29.1043010941869,2.04142665584592,29.0236276077508
-0.442707844629,9.87739113726472,9,8.07726647225865,-0.262111681620568,11.712049703822
0.68100622873516,22.9224878843713,24,23.174039043579,0.891416011710995,24.7667744322075
-0.563185464863999,8.7945623753866,9,6.86396321480089,-0.53646111017971,9.06213111079475
0.459565627463685,20.4152760699414,21,20.3101418468458,0.539837774796955,21.3030127846182
-0.330645611469358,10.9771259962234,11,9.33023252565154,-0.52088334991821,9.19880475975127
0.896878678800846,24.8793787591748,24,25.3713042137326,0.816023905068125,24.1344973723887
1.77549815148325,28.6395325638535,29,29.515639877683,1.27615274610112,27.1073275767257
0.565108016482502,21.6645257260233,21,21.7426242485886,0.674452862283895,22.7796212322339
-0.75513399880531,7.31441709652524,8,5.24254462536305,-1.44754960205047,4.17668549159476
0.669878389155585,22.8076424176471,23,23.0438919202934,0.508911115746265,20.9418177048349
1.77257137091705,28.6339332819663,29,29.509121925156,1.33654225782308,27.3616787191277
-1.65906778492228,3.59341215517099,3,1.43368438004403,-1.24702501645561,4.83592679982402
-0.0734900673561229,13.783867195252,15,12.590517808762,-0.130713892366367,13.1399454635107
-1.16930787981458,5.1163523323206,6,2.92578598955591,-0.906143308461199,6.39874896421183
0.805224012673476,24.1121585436015,23,24.514803858891,0.838844990263158,24.3324559727291
1.48125562532152,27.9162364069712,28,28.7017823093359,1.51569032714279,27.9814781088786
2.03124473503462,29.0400299516484,30,30,1.68731739723353,28.423758281326
-1.13773119207517,5.24496678728052,4,3.05744754626711,-0.989609342709527,5.94892685286623
1.10329133544035,26.2813454168047,26,26.9174513565087,0.967316142618098,25.3413636755656
-1.31620281752035,4.57796041373376,5,2.38254517670096,-1.32507995467905,4.56227917438494
2.03124473503462,29.0400299516484,30,30,2.08195856732308,29.0733671926491
1.3863750740849,27.5963023545734,28,28.3511684342576,1.26774717814845,27.069869338933
-0.512328210498736,9.23813856100781,10,7.35834199226222,-0.506492858938783,9.32668295747125
-1.0328147338664,5.7117071993556,7,3.54019952470882,-0.874782327011905,6.58118226526566
-0.71284787769308,7.61335147236397,9,5.56641169712566,-1.0085040524907,5.85391413271272
1.24162346783591,26.9995820459397,28,27.701045984888,1.94302627878778,28.8892036508231
1.56346535095041,28.1551532972798,29,28.9660821388572,1.7423439458543,28.5408448733076
-0.953019140953968,6.11286954790693,6,3.96042328588127,-0.797057722544225,7.0670106665196
0.678748843761163,22.8992973473424,24,23.1477680313421,0.905778230698671,24.880208188913
0.16330119608477,16.6673917001163,15,15.9644089152908,0.433761055763246,20.0374944742974
0.264995206099443,17.9628110896497,18,17.4734225427315,0.396035670767033,19.5721978944372
1.52155270560543,28.0374602890661,29,28.8355285565745,1.11755099489303,26.3067012232246
-0.804172682557192,6.98692263330233,8,4.88989642066619,-0.950971663072186,6.15089472470191
1.35455444876086,27.4771254707426,28,28.2211150214216,1.59657289588282,28.2057420425985
-0.0170901228169514,14.4472870087196,14,13.3671977819694,-0.0607543182481678,13.937348433683
0.778503135954869,23.8707840844911,24,24.2439441998234,0.560435693345596,21.5394502486129
1.24698070359776,27.0242982306372,27,27.7279549837958,1.38236064909133,27.5383175770971
0.995502874936439,25.602947800305,25,26.1723971992956,0.992268284911346,25.5170937033195
0.485397332033553,20.7286093817905,20,20.6703327691551,0.175898093615339,16.8017445442973
-0.581369175235513,8.64099577693328,8,6.69369596149034,-0.266619906054524,11.6647352872589
-0.817990362892224,6.8983073979832,7,4.79487118359608,-0.894770897460508,6.46402715750971
1.77549815148325,28.6395325638535,29,29.515639877683,1.61450085346488,28.2514677477281
-0.0602835174323144,13.937747184829,14,12.7706046239009,-0.324584432431328,11.0667626152722
-1.84547801119587,3.16043038296456,2,1.03898772406604,-1.25192113582254,4.81803328943165
-0.288956676823876,11.406577768652,11,9.82431216564464,-0.293890335417215,11.3809885428173
0.138823256070633,16.3588304328439,17,15.604091442815,0.0331350439445259,15.0456336183813
2.03124473503462,29.0400299516484,30,30,1.83470894744993,28.715163485191
-1.70825525806499,3.47373169246294,3,1.32315824638113,-2.09936911422039,2.66777100922909
-0.900917288599424,6.39917001634095,7,4.26290436943275,-0.815628158997255,6.94646592524843
-0.311285162053837,11.1752598349151,11,9.55788599179468,-0.330034635500148,11.0115481045043
-0.0360851599564089,14.2220394165575,14,13.1034293931292,0.269231319304346,17.9782384110405
0.295332429548148,18.3508036190284,18,17.9240812159483,0.285476591032886,18.1836624087664
-0.723419388859268,7.53717158079907,7,5.48370148205773,-0.775154321891887,7.21286706186776
0.0588105346309291,15.3647925226468,14,14.4415720436065,-0.328966492069671,11.022355201345
0.787250960196983,23.9506889559406,23,24.3336801590501,0.627334555676288,22.282045569938
0.586147001655893,21.9026139737663,23,22.0144713453075,0.558077438507647,21.5125561287556
-0.927323015987271,6.25154568516433,7,4.10668361654155,-1.16228273349666,5.16288405574005
2.03124473503462,29.0400299516484,30,30,2.39322231216861,29.3709390781673
0.618433365576104,22.259891224288,23,22.421627575738,0.37378282983852,19.2950963111596
-0.700706612139391,7.70203537919398,7,5.66284880192686,-0.266625163415674,11.664680177414
0.924472952392406,25.0922376846021,24,25.6076632994334,1.01506323621211,25.6721039034825
0.218820874465587,17.3727445295653,18,16.7868555419238,0.39913613821748,19.6106648011262
1.35837645083872,27.491776202837,28,28.2370924657631,1.05424280809124,25.9265039402315
-1.41997129785867,4.24661069967776,4,2.0558845336343,-1.4198487207223,4.25975943042362
-0.561423821269372,8.80958291718362,9,6.88064201758935,-0.853106272122119,6.7117735973932
-1.05831020898686,5.59232043570584,5,3.41603638359734,-1.15158000276315,5.20665780337047
-1.43661394285219,4.19657964067795,4,2.00715659767567,-1.44064007247189,4.19719790468994
0.115059038701852,16.0610873706443,16,15.2561369724493,0.436460014406217,20.07053185927
-1.43582737915199,4.19892642705756,4,2.00943856045745,-1.75502029398927,3.37782604707696
0.054175509124409,15.3080011345763,16,14.3750931074741,0.0515053113940674,15.2672462993332
-0.565836410271501,8.77200664053091,8,6.83892559746746,-0.569608404873059,8.77751515232063
1.61094921497584,28.2788924695063,29,29.1043010941869,1.86516982062406,28.7671757130527
1.02740362290789,25.8154653926768,25,26.4064077996719,1.12060624871341,26.3241199276045
2.03124473503462,29.0400299516484,30,30,2.58162306582936,29.4974753234197
0.549056469379918,21.4802188596163,21,21.5319125191518,0.492654505309743,20.7491880104047
-0.360535291147361,10.6757925551048,10,8.98505215152602,-0.449138610996474,9.8513145509886
0.594278110206651,21.993533276379,22,22.1181744121263,0.616003644737611,22.159150394659
-0.455802949181043,9.75444239032373,9,7.93842244194963,-0.197739573090398,12.399935308676
0.79792358453988,24.047009836741,24,24.4417597750428,0.929682870480459,25.0641029454936
-2.12656701752787,2.5956140520217,1,0.543240812854943,-2.27562110746213,2.35659557324714
1.01116655432601,25.7085687715543,26,26.288772148668,1.6798616399785,28.4070596295539
0.63329682903833,22.4209308129426,22,22.6048284495498,0.421733690185271,19.8898393831269
0.179396414946312,16.8711842493252,16,16.2022140433555,0.0601422823114993,15.3719409477952
1.3600568254504,27.4981880605026,28,28.2440857711868,1.74086252865909,28.5378295670716
0.391655077124754,19.5734814678426,20,19.339781227877,0.371169437454347,19.26244583588
-0.849520953984026,6.70200656981282,7,4.58498581764468,-1.12473935045216,5.31908031919083
-0.527694825324265,9.10196309252243,9,7.20617003594661,-0.583459172141022,8.66113905066335
-1.17226861514895,5.10454996907021,4,2.91373688826367,-0.693662099401003,7.79093110857944
-0.370402600791971,10.5775565424419,12,8.87280983714502,-0.245292839244456,11.8895709516259
0.642381469729071,22.5182592270906,23,22.7154498793509,0.518719621534856,21.0571425108647
-1.94628245513217,2.94707679994567,2,0.849502249667813,-2.86334441316862,1.51749074350267
-0.551875622924978,8.8914306159763,10,6.97160272942686,-0.229418699722395,12.0585624370523
1.22509354049151,26.9219421874667,27,27.6165062110998,1.1700650672192,26.594703480233
-0.82825828920162,6.83348505935096,7,4.72546863490823,-1.12534195834616,5.31651380781206
-1.03235497628738,5.71389748050687,7,3.5424814874906,-0.933681585981084,6.24472908912728
1.78033001052448,28.6487182690308,29,29.5263440032867,1.41974105766965,27.6727281923301
0.0547742873460597,15.3153324555729,15,14.3836752873004,-0.118399025966885,13.2784836492067
0.688622119164436,23.0003234843359,22,23.2621787255716,0.724936671069522,23.2875002713866
0.176767906406574,16.837858746135,18,16.1633362612863,0.283113966505991,18.1537904916693
-1.12985725681334,5.27784064535191,5,3.09120222650186,-1.15109347211737,5.20866174806619
1.8065414052624,28.6973099218378,29,29.5832124295242,1.80702074618807,28.665622608226
0.695331525825878,23.068375974685,24,23.3391953970769,1.06825205490106,26.0138635132315
-0.649491078962199,8.09013736669992,9,6.08677499275247,-0.967648832165684,6.06243032385875
-0.0985104372775253,13.4948408183592,11,12.2524377195219,-0.234607013009068,12.0031761361826
-0.845823993202815,6.72460203956732,7,4.60910128590527,-0.808565321227212,6.99197711420779
-0.00502724692661459,14.5912664794705,16,13.5358150125174,-0.231621176180265,12.0350324558352
0.407054860062437,19.7663319379216,20,19.562415238893,0.775539940645684,23.769238300294
-0.221234245596357,12.1259799975792,12,10.6567985094073,-0.599871052045315,8.52522739339542
2.03124473503462,29.0400299516484,30,30,1.76973178748281,28.5952930449531
0.340334499870792,18.9247212162207,19,18.5894755866239,0.61375622277136,22.1346303130197
1.74947347533132,28.5887930986434,29,29.4567591871451,1.55992768763721,28.1078971858897
0.986605850604342,25.541847832314,26,26.105010848821,0.626938814890898,22.2777740122449
-0.7858046336661,7.10719977124076,7,5.01914563705473,-1.56199350354957,3.85531756343451
-1.43393291643729,4.20458590381221,4,2.01494321611303,-1.58649060242165,3.79061958789008
-0.230887275454602,12.0218344635662,11,10.53595534811,0.0634443437195349,15.4120501632034
0.375856210774381,19.3746621757479,20,19.1100603494808,0.406021654317967,19.6959568879557
-1.15506083288795,5.17375423695775,4,2.98446779383428,-1.10416886621903,5.40789500687615
-0.031090954170895,14.2810857078424,15,13.1725693307512,0.112395931596271,16.0117087997008
-1.28086198815376,4.69933341474117,5,2.50377543596753,-0.89092284913244,6.48634000006418
1.04215875891199,25.9103527862562,26,26.5107070980496,0.687333644122032,22.9117391882928
0.316526114071669,18.6214689926645,18,18.2380737153211,0.0703822837859824,15.4964699012863
1.64557124871465,28.3631344534136,29,29.1990990592024,1.51695088098591,27.985212031079
1.77257137091705,28.6339332819663,29,29.509121925156,1.60905263880969,28.2377166078884
-0.997919281579476,5.88184322931059,6,3.71787447762965,-0.76875075456945,7.25626578122113
0.809096002038661,24.1464687760049,25,24.5532531542605,0.605093761993353,22.0396785190671
0.258200946865793,17.87590267647,18,17.3723897700868,-0.0757026202117853,13.764867506455
0.200405885127865,17.1381032208143,17,16.5134619484246,0.24283652567439,17.6445520938707
-1.39622939166109,4.31938878704657,4,2.12705725593227,-0.569226065399205,8.78074916944887
0.668327909806316,22.7915360005676,23,23.025630311581,0.626641679938437,22.2745658005316
0.557564596172124,21.5781907637405,22,21.6439493811491,0.262073188828519,17.8877197560662
0.0290993036994852,15.0024188695908,15,14.0173120631563,0.160614951833619,16.6105520638282
1.13466119725807,26.4584109601035,26,27.1110348617409,1.38350767212693,27.5425683963622
-0.44802361174515,9.82733449945779,10,8.02070629462604,-0.781147041976973,7.1725635853069
-0.339778537400274,10.8844593357176,10,9.22394372957904,-0.253084568578956,11.8071335480963
0.584020396606399,21.8787327680832,21,21.9872222941514,0.388025285042962,19.4726478814127
-0.299017075221062,11.3019857493254,10,9.70376259595348,0.225909175192391,17.4308039373878
-1.22121035040979,4.91549087962995,4,2.72152763435631,-0.687234219925007,7.83891195855471
0.449022247298613,20.2861855713882,21,20.16158372653,-0.0385364941400938,14.1957730967697
-0.220940237687518,12.1291602547331,10,10.6604902210489,-0.102166609155888,13.4622948941937
-1.15151857183187,5.18818484133726,6,2.99924067463566,-0.656009576289102,8.07692888277425
-1.20241143847413,4.98679324579451,4,2.79383623000707,-1.09603152447181,5.44368646382398
1.10702966215698,26.3029080793317,27,26.9410432277852,1.21828184276879,26.8386676490802
0.259764976418042,17.8959079034169,20,17.3956490301337,-0.0959182531451979,13.533411632756
-0.0652889084143281,13.8793186090155,15,12.7022190705748,-0.0134164438044006,14.4908731640628
1.29528546239694,27.2376128997016,28,27.9601774314331,1.59425136278147,28.1997200145485
0.155256228903478,16.5657860406132,17,15.8457938298042,0.178547404470241,16.8349453658938
0.411193809850558,19.8179887479404,21,19.6220174349135,0.561196632406629,21.5481183057824
-1.63629910496139,3.65028725208044,3,1.4865969538563,-1.94274709132686,2.97202078399023
1.71597965707269,28.5202269170504,29,29.3777998464097,1.53695014715576,28.0434061704399
0.28058847447572,18.1622774095312,19,17.7051860340165,-0.0128471614417176,14.4975961595779
-1.40831200214985,4.28214035351666,4,2.09058803594852,-2.64466370920433,1.79680091031786
0.76424028969536,23.7386595282187,24,24.0954145308635,0.50048525273466,20.8422037911821
0.536636366122849,21.3360944956543,22,21.3669804641125,0.282815390770722,18.1500152955752
-0.824098291782484,6.85964240729975,7,4.75346309186024,-1.15053722937564,5.21095433470833
1.52155270560543,28.0374602890661,29,28.8355285565745,1.04552976398762,25.8712223188103
0.329812827270216,18.7908355949215,17,18.4343840894844,0.416746482463168,19.8284156305898
0.438714567881447,20.1593585620032,21,20.0155405276669,0.428837402365802,19.9771324687326
-0.389237860957308,10.3917894245495,11,8.66096174169564,-0.835268863109157,6.82205328843771
-0.645338594224594,8.12259232824319,8,6.12236442603108,-0.652717238909748,8.1025011251471
-1.45818815610592,4.13288065046906,4,1.9453583999714,-1.50124711199217,4.02175433680058
0.468615419153766,20.5255388577296,20,20.4369585025706,0.642001634974412,22.4392900982511
-0.405610930837396,10.232208579004,11,8.47941342087095,-0.373394640925527,10.5787000122276
-1.06581045493594,5.55795994991274,6,3.38038356379077,-0.616054416611217,8.3933397185026
0.406717825493778,19.7621221371675,20,19.5575573160428,0.2667009358304,17.9462394438739
-0.661702866140425,7.99554841176664,7,5.98317229548707,-0.579763782615123,8.69203919752292
-0.992635335025882,5.90830859184805,5,3.74558656579677,-0.946149346545606,6.17684685123521
-0.126358154254392,13.1770586561225,14,11.8810623906065,-0.123245747022804,13.2238654216573
0.745730953479253,23.5637970904861,23,23.8985613812852,0.793830143452613,23.9364878029197
0.68082363970252,22.9206141431158,23,23.1719165843438,0.744573422315332,23.4777363284759
-0.622714197189726,8.30200095877272,10,6.31948302046408,-0.529858000287319,9.11983975748056
-0.459208719451439,9.72266716291581,10,7.90258256034519,-0.274061947223655,11.5868811570776
-0.356711652275263,10.7140269238956,12,9.02877701647282,-0.537499324484359,9.05308776718828
1.5415757514786,28.0947171341405,28,28.8989443797483,1.20743242729752,26.7854167173262
0.61309443702959,22.2015088527939,22,22.3551607215241,0.48928209656032,20.7090030701006
-1.55959159365361,3.84941210044225,3,1.67380046547275,-1.62423902078572,3.69344211077399
0.193286070624958,17.0475447566037,16,16.4078925534238,0.341643092372261,18.8922578262853
-0.175598038792223,12.6253902940669,13,11.23755412383,0.0177714147889182,14.8614398539023
0.323181985542891,18.7063490914953,19,18.3364733693619,0.266957859842924,17.9494884505987
-1.23756687139946,4.85472989461996,3,2.66009152120316,-0.946141380660444,6.17688986037604
0.681002641008019,22.9224510703114,23,23.1739973431691,0.536545906709017,21.2649118538923
1.26245323830058,27.0944770219923,28,27.8043540785401,1.54577794142034,28.0684778774086
-0.0187374490455819,14.4276809385397,14,13.3442373321428,0.233941539663619,17.5321963424998
0.994109913609219,25.5934349147666,25,26.1619087194678,1.01191494471908,25.6510051816127
-1.14950696256276,5.19640832125819,6,3.00766283745755,-0.811719799645419,6.97159971688132
-0.285962620712644,11.4378210168187,12,9.86034803160986,-0.356668383021852,10.744304997327
-0.373671432315828,10.5451512311925,11,8.83581639287392,-0.194089002013169,12.439623402648
-0.244882653538138,11.8717766136905,12,10.3620206553836,-0.600551937112094,8.51963563411074
0.211381445989447,17.2778860274135,17,16.6763556318026,0.313363454884498,18.5359722383826
-0.0919593135563408,13.5701980721175,13,12.3405599579206,-0.0727726311526475,13.7985863665801
-0.100424294920723,13.4728687289285,13,12.2267473835114,-0.0789396787313511,13.7276653937132
0.164806116904846,16.6864181906339,18,15.9866168042616,0.0958393734904104,15.8078704602845
-0.257071945791409,11.7419942294301,12,10.2117707733499,-0.198189274875729,12.3950512343557
-1.13932753617944,5.23834184564479,6,3.05065000996835,-0.885822043972214,6.51609339117561
-1.37291663421507,4.39253266751847,4,2.19892403485568,-1.86472636180016,3.13469399447418
-1.64501851378232,3.62839214465476,3,1.4661977476025,-1.68764282984175,3.53658483772063
0.532066419032871,21.2827418483551,22,21.3058904036375,0.305409422976661,18.4355543549342
0.509480429627052,21.0166113087104,21,21.0008918026845,0.492053988979394,20.7420378906763
1.1195927159894,26.3744505229602,27,27.019282603921,1.31026542822351,27.2541248415711
-0.389237860957308,10.3917894245495,11,8.66096174169564,-0.570418936822862,8.77066308444383
0.122191858017689,16.1502516908757,16,15.360363970798,0.0309847317658809,15.0197898474844
-1.8865363559052,3.07194499647454,2,0.96002838333071,-1.55035631719919,3.88652392272096
-0.119592832472377,13.2538794484146,13,11.970800111239,-0.120276854536412,13.2573077080649
-1.42694825725118,4.22553986258486,4,2.03534242236682,-1.22965677257649,4.90024027452414
-0.54334843954255,8.96514404087912,9,7.05363450307106,-0.33228708337575,10.9887810200613
-2.0779292962348,2.68690315684846,1,0.622200153590274,-1.53393875552505,3.93108409118008
-0.452605018753287,9.78435444695828,11,7.97217716610598,-0.488531337259878,9.48844029738064
-1.14908616007609,5.19813118815372,5,3.00942766214282,-1.03942803863163,5.70350654631997
0.392307234081207,19.5816682046824,20,19.3492361540119,0.551682894594857,21.4394001760781
-1.84547801119587,3.16043038296456,2,1.03898772406604,-1.67619211417035,3.56435371339273
-1.4098882914682,4.27731335840016,3,2.08586849879586,-1.32986536171299,4.54626657672312
1.64557124871465,28.3631344534136,29,29.1990990592024,1.78014898729171,28.6153718118373
-0.91952341077545,6.29460271335024,6,4.15219313071504,-0.731899850483277,7.51271451262674
2.03124473503462,29.0400299516484,30,30,2.31436596246944,29.307566270966
-0.31321073746665,11.1554514491594,12,9.53510287688694,-0.453655924480933,9.80914870291388
0.667466830712741,22.782580089606,23,23.0154750423357,0.720561833808868,23.2445537505539
1.77549815148325,28.6395325638535,29,29.515639877683,2.38948502446912,29.3680891236396
0.0998310410202571,15.8713482946708,18,15.0342763163562,0.266403705062404,17.9424807364208
-0.479683238170254,9.53342171552857,9,7.68950377944295,-0.509288516897523,9.30171925767264
-1.64265841668028,3.63430437343567,3,1.47170240325809,-1.95801948839542,2.94108858466326
0.14540154671945,16.4415783395215,16,15.7007481819773,0.0263858181922202,14.9645865920249
0.288112909873564,18.2585055492414,19,17.8169344624133,0.485491897589616,20.6637507546384
-1.84547801119587,3.16043038296456,2,1.03898772406604,-2.71220279376767,1.70658761111051
0.61340152881545,22.2048745841209,21,22.3589932378174,0.690381893261748,22.942753653155
0.0708669408845437,15.5129512490889,15,14.6149792336394,0.237220429078861,17.5736049498185
1.52155270560543,28.0374602890661,29,28.8355285565745,1.88102949399115,28.7932695396945
2.03124473503462,29.0400299516484,30,30,3.07767149366536,29.7155342617672
1.25111491033098,27.0432242857547,28,27.7485592670718,1.67351917875005,28.3926911365795
1.64557124871465,28.3631344534136,29,29.1990990592024,1.54579275602992,28.0685196405505
-1.28391856753928,4.68864799260345,5,2.49307131036386,-1.37651739474682,4.39439022780357
0.236935703950819,17.6040259704672,18,17.0561274493612,0.337856659698677,18.844635977564
2.03124473503462,29.0400299516484,30,30,1.85714648554998,28.753721135066
0.398057475240142,19.6537787921712,19,19.4325025873578,0.604313092133422,22.0310871692697
0.650971213392982,22.6095061360304,23,22.8190886688288,0.752941592963572,23.5575390319071
-1.72498195186975,3.43397719753268,3,1.28668902639737,-1.22266751294576,4.92649777328485
-0.00715782817960943,14.5657841654571,13,13.5059717745822,-0.0418677875915321,14.1568696215586
-0.19339798079536,12.4292260305124,12,11.0092037114026,-0.10238174618582,13.4598498496943
-1.48264245380778,4.06219115928972,4,1.87710318483974,-1.57860217375689,3.81130885797728
-2.08127010724696,2.68055237530516,1,0.616695497934691,-3.07288794508311,1.28321802084311
-0.457095724173065,9.74237118983421,10,7.92480499457795,-0.64204697544213,8.18599925243215
0.670961380909375,22.8188774354116,23,23.0566289563007,0.660903328346612,22.6388093570149
0.243446869038932,17.687239576166,17,17.1529580285976,0.139603796905101,16.3487289644392
0.926546288689877,25.1078991787183,26,25.6250312323823,1.06855993213882,26.0157624376934
0.399959844060399,19.6776054017367,20,19.4600094784645,0.37653370342607,19.3294415156414
-1.19731203080903,5.00641313764671,4,2.81377236274093,-0.993087380057655,5.93125593338332
-1.0281462950805,5.73401022255195,6,3.56344280368661,-0.9598402951337,6.10360384851231
0.328625815836324,18.775717233802,19,18.4168659504354,0.164894667711104,16.6640318650814
-1.22782876375841,4.89076418387223,4,2.69650557052387,-1.91356147425486,3.03194523927014
0.0372391868783545,15.1012991282501,14,14.1330943446479,0.197819793741226,17.0769239540704
-0.873119823789501,6.56036488308474,7,4.43407928259459,-1.66119177384939,3.60109580484643
-1.13560070741979,5.25382929191538,6,3.06654352799551,-0.8321963097693,6.84130878308638
-0.367632763700975,10.6050690996227,11,8.90423037112455,-0.527508528939588,9.14045316189247
-2.20774902616994,2.44867710661817,1,0.416787570475767,-3.03466217064407,1.32362569565683
0.196046060752495,17.0826378784831,18,16.4488062443084,0.224075158669281,17.4076635684483
-1.28241638351531,4.69389488533575,4,2.49832664898792,-1.26975382910937,4.75371708443041
-0.71973141727182,7.56363794792916,7,5.51242298841568,-0.89520877469522,6.46149536599036
-0.626355057750851,8.27283596336966,9,6.28739504690816,-0.779813606351981,7.18150552095357
0.272731723261484,18.0617786068029,19,17.5884357486832,0.049354859777464,15.2412284160507
2.03124473503462,29.0400299516484,30,30,2.58291215307242,29.4982367819488
-1.84547801119587,3.16043038296456,2,1.03898772406604,-1.15179852700092,5.20575813613044
1.77257137091705,28.6339332819663,29,29.509121925156,2.002812644088,28.9732974335065
-1.39547907174652,4.32171652541549,4,2.12933921871405,-1.19885460250606,5.01763550132612
1.41280826186066,27.6905988222895,28,28.4542393644476,1.48495202389497,27.8879342944618
-1.93505164761117,2.97020915953373,2,0.869901455921607,-1.74364946159285,3.40408306292438
-1.75732412121323,3.35839689218285,2,1.21768851127335,-1.78188535917757,3.31661185694494
-0.374493034298357,10.5370172208089,9,8.82653325282777,-0.31737800139775,11.1400401438267
0.126647520683526,16.2060402338342,16,15.425565904466,0.139599280203132,16.348672819846
-0.169165103655758,12.6967131494172,13,11.3206469536637,-0.194056797961222,12.4399738365218
0.740682960596472,23.5154429315801,23,23.8440713288917,0.800310532250986,23.9948646895418
0.113797149846542,16.0453319216371,15,15.2377177227581,-0.186402100887133,12.5234279222788
-1.61804402049044,3.69659859536187,3,1.52986579891007,-1.67103760974831,3.5769320971302
-1.64074494549154,3.63910546202185,3,1.4761745007956,-1.72931722336816,3.43748125187784
1.23762780801052,26.9810062135319,27,27.6808210757426,1.01595962618667,25.6780931240778
0.707058211229701,23.1861431154951,24,23.4723748935248,1.19900619398801,26.7434088183729
0.198402569579273,17.1126126690444,17,16.4837491241698,0.132642553578028,16.2622724602838
0.571384572878885,21.735975772106,23,21.8242475111588,0.579720125839783,21.7576095341302
-1.39547907174652,4.32171652541549,4,2.12933921871405,-1.30626025825548,4.62607384146504
-0.440833874578252,9.89508534422897,10,8.09727002504016,-0.250440517133115,11.8350700120168
2.03124473503462,29.0400299516484,30,30,1.53683938963138,28.0430892420342
-0.636803723749242,8.18976140849871,9,6.19608814669716,-0.591915152754049,8.590842321028
-0.498891195013017,9.35870448304521,9,7.4933620118988,-0.748266513738128,7.39740528854539
-0.658793318685996,8.01796882907388,9,6.007712845329,-0.903053350556175,6.41638763220624
1.52155270560543,28.0374602890661,29,28.8355285565745,1.4797054452837,27.8714790387388
-0.376835012255822,10.5138552539773,9,8.80010467689608,-0.468600742315535,9.67066349236932
-1.22497071455378,4.90141831948994,5,2.70728353388321,-1.1657353104473,5.14888814245337
0.129751408192412,16.2449434666942,16,15.4710282371126,0.154506482001892,16.5343046786661
0.924536337715484,25.0927171659706,25,25.6081950702446,0.728249123964351,23.3198813609538
-0.327167171504943,11.0125552645955,11,9.37090143331428,0.00601052565692744,14.7211660769515
-0.597709355903444,8.50531641057142,9,6.54364713908275,-0.58293946821646,8.66547813756835
-0.571303188812632,8.72567248873004,6,6.78752431079733,-0.519007646597557,9.21538513333397
-0.153898698005851,12.8668794781226,12,11.5190277095192,0.00244999518462145,14.678825563024
1.26952109702274,27.1259467441152,28,27.8386117483315,1.38406637209492,27.5446359613867
1.14385127113486,26.5086417532336,28,27.1658940790432,0.931193425279372,25.0755189419716
0.453298033140935,20.3386168359565,19,20.2219331710231,0.663877234189447,22.6698749892607
-0.996727392276035,5.8877965085628,6,3.72410650569579,-0.428561990376044,10.0451524796751
-0.12482155606781,13.1944852977102,14,11.9014168515682,-0.197526204322946,12.4022530235973
0.456610828101035,20.3791652440347,20,20.2685946917681,0.480380771642043,20.6025807963477
0.364748595900194,19.2343602637983,17,18.9478345825144,0.174946486091138,16.7898231278271
-1.45660905380935,4.13749982662076,4,1.94983049750892,-1.5320808329169,3.93616701160818
-1.12712288647392,5.28933373396776,6,3.10301274797926,-0.89525615566811,6.46122149926305
-1.40755089063866,4.28447372556973,4,2.09286999873029,-1.55333789251551,3.8784989231641
-0.173139501093585,12.6526216601869,12,11.2692752547997,-0.385658304869958,10.4583937372673
-1.94381233731221,2.95215135052285,2,0.853974347205329,-1.91358945936179,3.03188725942721
0.392294466380551,19.5815079437747,20,19.3490510706854,0.582346980138375,21.7870780340235
0.895335324976042,24.8672292785938,23,25.3577962428403,0.530097937883618,21.1900377069862
0.31583689623856,18.6126757347532,19,18.2278780155512,0.210836357524831,17.2407590893141
-0.309754580730869,11.1910208984536,11,9.57601762908482,0.135971267117476,16.3035952528667
0.536919563537295,21.339395093315,21,21.3707591164463,0.800350771920473,23.9952257361535
1.53981307081877,28.0897534075279,28,28.8934397240927,1.37114202663189,27.4963089440987
1.27403649542333,27.1458610731745,27,27.8602903594135,0.966220300604876,25.3334991766132
1.31164617486801,27.3060966010991,27,28.0347494543467,1.36050814757981,27.4557560008988
0.213285001326017,17.3021498531451,18,16.7046236279976,-0.0817607547764622,13.6952873585193
-0.787234966154571,7.09773147682695,8,5.00895978343756,-0.91924562455494,6.3247598996221
-0.73664300047595,7.44323919192068,6,5.38188277808849,-1.09176317330788,5.46261255901756
-0.964990754250918,6.04989256215961,6,3.89416447784818,-1.19775355944003,5.02191350354363
-0.0836246625797634,13.6663988654507,14,12.4530829145571,0.112185225106891,16.0091084943297
0.91089511970625,24.9885303560581,26,25.4925777444864,0.585092363021183,21.8178113220669
0.757417196671663,23.6746462945641,23,24.0233874281162,0.530433945786622,21.1939473390108
-1.21616463985287,4.93447228191242,5,2.7407546851134,-1.51593709470783,3.98068498550359
-0.314854479729577,11.138560033852,13,9.51567884932711,-0.0725548956496693,13.8010938406368
0.157199491320389,16.5903122789058,17,15.8744289794445,-0.0150066395573363,14.4721018054511
0.653711976174601,22.6384597900354,23,22.8519599318234,0.657854612202171,22.6068696570874
-1.2461671685047,4.82324429352819,5,2.62832419314788,-1.09720963909113,5.43848114716026
-0.963777046135438,6.05623086943048,6,3.90082839993977,-1.31855193659259,4.58425818549286
-1.05833025265058,5.59222815670676,5,3.4159405836841,-0.841508125512732,6.783187517985
0.708930234521655,23.2048041884126,23,23.4934663209342,0.734886053704667,23.3844065514797
-0.704495558528023,7.67422279973412,8,5.63258726125325,-0.635670143260074,8.23635097607429
-1.43239685108819,4.2091821727277,4,2.01941531365055,-1.12054047669882,5.3370185662264
0.424496404266456,19.9834704233707,20,19.8128581675908,0.679024045327873,22.8267036606814
0.956356894495465,25.3280189919097,25,25.868802969388,1.35035356398072,27.41635299715
-0.0745705805081578,13.7713175240343,14,12.5758332824116,-0.154059776308807,12.8794896698367
-2.20774902616994,2.44867710661817,1,0.416787570475767,-1.79601771057351,3.28486116525268
0.714886330745555,23.2639211851988,23,23.5602608396284,0.741248712392002,23.4458197662346
1.77549815148325,28.6395325638535,29,29.515639877683,0.813085498090438,24.1085924255526
0.569588431573063,21.715565269614,22,21.800934566996,0.61718316362364,22.1720002885274
0.430873236084894,20.0624869446417,19,19.9039323715048,0.446397346658335,20.1918517584096
0.595575771240639,22.0079854919134,22,22.1346530819882,0.755490497608348,23.5816954816159
-0.800894818840538,7.00817845963022,8,4.91271514629117,-0.278949073869148,11.5359258800452
-0.615524397172131,8.35992353182404,9,6.38326120254212,-0.497312899077751,9.40906054559903
-0.633279437838809,8.21767842196706,8,6.2267561497594,-1.3004740641846,4.64595647439297
-0.952411441085074,6.11609370189631,6,3.96381822217248,-1.23218321748538,4.89080256942004
1.19099308436144,26.755029010006,28,27.4346666166555,1.41471236292468,27.6551329337057
0.420709037628271,19.9364433861579,21,19.7586391807486,0.51844111746999,21.0538775957143
0.915953125191281,25.0273957670259,26,25.535723215465,0.906816680305779,24.8883238437997
-1.04418253202616,5.65797578444741,4,3.48426429299179,-0.838962978808493,6.79900379506285
-1.31301735624371,4.58870920841614,5,2.39324930230463,-1.61465436856575,3.71783643739179
-0.848563660380634,6.70784682272603,7,4.59121784571083,-0.934132191917813,6.24225585768509
-1.59638052758626,3.75240953317458,3,1.58222853692098,-1.70904235236278,3.48531873986701
-0.52320614146429,9.141551119796,8,7.25037223499786,-0.539800281090944,9.03307473172863
-0.106770550466894,13.4001496167078,12,12.1417348338884,-0.1211822720623,13.2471040203341
-0.00358205919228022,14.6085639881229,15,13.5560727803831,-0.01092430209499,14.5203157959077
-1.44012210243531,4.1861338962162,4,1.99700384309634,-1.50910823853806,3.9997092708386
0.307778352264845,18.5098138898719,19,18.1085848320671,0.476919578825465,20.5610632685096
2.03124473503462,29.0400299516484,30,30,2.62865486305395,29.5244475449538
1.10343425817281,26.2821721212037,25,26.9183559536076,1.37010645340294,27.4923913158322
1.27095558237045,27.1322893099522,28,27.8455162080823,0.822440129189546,24.1907326349189
-0.316173157671622,11.1250208836455,12,9.50011242049967,-0.283190876699296,11.4918093501688
0.352914912026589,19.0844736846009,19,18.7744211660262,0.353852601299597,19.0456028672537
1.05271589516538,25.9769454374528,27,26.5838382862885,1.30635807122159,27.2377272303555
0.439216030842077,20.1655423475896,19,20.022663291584,0.784654599377045,23.8530433811769
1.04519649282425,25.9296245955264,25,26.5318767744083,1.41963322396738,27.6723524411572
-0.737760752762264,7.43536851647086,7,5.37335964353737,-0.670931589262319,7.9621621901622
1.17650207616585,26.6812653076149,27,27.3542516260146,0.720239563914052,23.2413820305326
1.58321188793807,28.2078058470356,28,29.024761802839,2.38387524229594,29.3637836852434
-0.163934203989997,12.7548758962199,12,11.3884328825087,-0.0820869688558598,13.6915459455456
-0.119603209102961,13.2537614329751,14,11.970662231957,0.0568469563681265,15.3319589257667
-0.965806491157131,6.04563841851229,6,3.88969238031066,-0.661214321365869,8.03668713849766
-0.20065800650883,12.3497197645528,14,10.9167351326502,-0.0574609721046214,13.9754996409015
-1.27687607617121,4.7133226558512,5,2.51779805948498,-1.46208678356966,4.13396947343884
-1.16930787981458,5.1163523323206,6,2.92578598955591,-0.879341158250366,6.55418854008388
0.170616593037741,16.7599353703583,17,16.0724153755002,0.194018887717617,17.029140782446
0.888177245386007,24.8105393556765,26,25.2947432984794,0.852702816309981,24.4498732981314
1.58321188793807,28.2078058470356,28,29.024761802839,1.51660989005194,27.9842027527513
2.03124473503462,29.0400299516484,30,30,1.78207765483395,28.619052008779
-0.558170256987403,8.83739017031458,9,6.91153076883044,-0.446078971112987,9.87995412673093
0.618468432044653,22.2602737527041,22,22.4220629874053,0.450852101768747,20.2460683214673
-0.526629038237301,9.11134857674116,10,7.21664674750046,-0.351871094456835,10.7921220466313
1.11126490881356,26.3271845659921,27,26.9675982878098,1.00970813257431,25.636156929791
0.561507922203481,21.6233849939418,20,21.6956096652853,0.734460233405391,23.3802808915266
-1.11528955050682,5.33953596975969,6,3.1546581911042,-0.926544698484371,6.28410128648277
-1.06961323100958,5.54066778293037,3,3.36245531690556,-1.01492407361801,5.82217499320778
-1.08777256134794,5.45927154623907,5,3.27819635232405,-1.28936193760613,4.68450340991052
2.03124473503462,29.0400299516484,30,30,1.88268839852055,28.7959610272465
-1.35492381189901,4.45017768654787,4,2.25579246109322,-1.08252212748767,5.50395103702876
0.854635490155945,24.5373817853429,26,24.9903734308481,0.740871216474941,23.4421883227559
0.296858578806604,18.370309743802,18,17.9467206695384,0.308286091986444,18.4718797322905
0.567944753198164,21.6968618497906,22,21.7795688892658,0.616789897712885,22.1677174362382
1.77549815148325,28.6395325638535,29,29.515639877683,1.37746027278487,27.5200648210056
0.216542054900447,17.3436790580218,18,16.7530010547024,-0.0500031169442508,14.0620940207563
-0.471149223796938,9.611928441017,8,7.77781917225598,-0.197521036800865,12.4023091587715
-0.861011031294042,6.63248521762045,7,4.51085997578287,-0.962735896742848,6.08828518927274
0.174779426188985,16.8126589028768,17,16.1339353906929,0.128531246216047,16.2112830594406
0.443276777484623,20.2155662680038,19,20.0802754339007,0.120899474147505,16.1167780273862
0.848746783052495,24.4881382187846,23,24.935407319125,0.641701661382621,22.4360951287474
-1.92383619118601,2.99346469724792,2,0.890443567189083,-2.02288261336848,2.81284181269784
2.03124473503462,29.0400299516484,30,30,3.4953381159741,29.8213132428804
0.54264618650126,21.4059947913095,21,21.4469897104978,0.485353795817417,20.662100154627
0.568760238921612,21.7061442955121,22,21.7901729113644,0.60509986254451,22.0397456341005
-0.399882175627931,10.2878404213006,11,8.54265663063087,-0.200553850176596,12.3693882612184
-0.14625244928852,12.9525849136914,12,11.6190095682488,-0.184306540454568,12.5463292690619
-0.54345643012982,8.96420688958999,9,7.05259093912789,-0.664584458936773,8.01075088094481
1.10291583420395,26.2791725316588,26,26.9150737047818,1.38320640315258,27.541452696244
-0.703582184934829,7.68091601849623,8,5.63986837835301,-0.948641731290449,6.16341264372812
-1.64265841668028,3.63430437343567,3,1.47170240325809,-1.5100045873636,3.99720552338572
0.0204559160260916,14.8977596125408,14,13.8947539428611,0.0610376648963598,15.3828124277395
-1.27921507964881,4.70510595144028,4,2.50956052902235,-1.05939587364076,5.60962767474259
-0.724440320366366,7.52986573393614,7,5.47577567875085,-0.582693785352057,8.66753013124064
-0.327999526760084,11.0040706277434,12,9.36116043387104,-0.213089311203868,12.2338451532527
-1.43393291643729,4.20458590381221,4,2.01494321611303,-2.30138803868009,2.31362557718531
-0.580659511016625,8.64693836504568,8,6.70027621415879,-0.461577395280368,9.73554996869112
-1.29572215179927,4.64772319569417,5,2.45212999284259,-0.955461964849998,6.12688024419205
-0.0552850955779552,13.9962239441668,12,12.839053374632,-0.162634506144026,12.7845475902902
-0.562430268161478,8.8009984362894,9,6.87110927577413,-0.472115121959788,9.63832599339126
-0.300767973244453,11.2838442557975,11,9.68286706200588,-0.276729363017329,11.5590526982885
0.598654214303362,22.0422063449868,22,22.1736661104497,0.780698117059703,23.8167771929509
-1.63395867777565,3.65618878842572,3,1.49210160951188,-1.44124533874552,4.19539557188676
0.204596625444565,17.1914509692364,17,16.5756384976554,0.0313414630197071,15.0240758383992
0.00523643877595573,14.7143338334831,15,13.6799438266254,-0.0883715844464158,13.6195722538881
0.768662117994649,23.7798656522926,22,24.1417567135415,0.675218393576594,22.7875210370063
-1.10754462738341,5.37280772622092,5,3.18893638334794,-0.728901684661013,7.53408277249557
-0.360473278295447,10.676411908079,9,8.98576027097723,-0.459437045737042,9.75539286185349
0.153781680594293,16.547182745467,18,15.8240726159594,0.228821818510395,17.4675619197808
2.03124473503462,29.0400299516484,30,30,1.73044258283216,28.5164121747577
-0.393272603552101,10.3522987756214,9,8.61599672593097,-0.334635848419238,10.9650727995291
0.704262585406781,23.1582037954336,23,23.4407907570799,0.495567878565412,20.7838422506904
-1.22711024545394,4.89343927963628,5,2.69921126588893,-1.56717069169046,3.84153329799556
1.25242859956905,27.0492114715961,28,27.7550772195988,1.25176004894112,26.9971812560949
0.0497540922658609,15.253915264114,17,14.3117768048743,-0.22403945759585,12.1161431181201
-1.45212243224103,4.15066089405632,4,1.96258047810212,-1.75232942581493,3.38402071269698
1.08849092671586,26.1947272721226,26,26.8226298768359,0.959433853944796,25.2845176752068
-1.59638052758626,3.75240953317458,3,1.58222853692098,-1.71854210961688,3.46281712151089
-1.43582737915199,4.19892642705756,4,2.00943856045745,-0.588264357443698,8.6211220591457
-0.705015063381478,7.67041907711638,7,5.62844985011783,-0.735121813576855,7.4898358574456
0.223673066738007,17.4346562942352,18,16.858957449666,0.304990479883535,18.4302634108581
-0.737091468789032,7.44007999950456,8,5.37846154134091,-0.75846356917733,7.32670499249509
-0.240130910208239,11.9225997660224,12,10.4209058809962,0.131213965062921,16.2445486356015
-1.28743399319082,4.67640342253421,5,2.48081259438899,-1.08303767938649,5.5016316032366
-0.719088190185276,7.56826604161965,7,5.51744692253234,-1.00122620626061,5.89022602509082
-0.132869860374939,13.1033499545463,13,11.7949859829292,-0.212831247244987,12.2366269421849
1.06028099184186,26.0240063318269,26,26.6354871921477,0.618960135265514,22.1913341328912
0.0650171735404081,15.4409867831287,14,14.5307556125627,0.226208044934751,17.4345752585699
-1.5688611776066,3.82469853202508,3,1.6504031904654,-1.46630914777157,4.12167251722446
-1.49351684533986,4.03125345054831,3,1.84734063675762,-1.42032559234069,4.25831015606681
0.347532192054726,19.0161689353224,19,18.6953594336758,0.245368347034257,17.6765443238486
-0.860975325387066,6.6326996136863,7,4.5110884031698,-0.532208449562802,9.0992596876869
0.376509676702053,19.3829034901501,21,19.1195864710477,0.579845176861437,21.7590137486871
0.185280794644657,16.9458477116344,17,16.2893029406136,0.0654970199933831,15.4370062165945
0.504830475024907,20.9613331317905,21,20.9374845214453,0.548016830765183,21.3973085466368
-1.04979763014281,5.63173350749944,5,3.45697770111861,-1.20176520478767,5.00635426258544
-0.039837474527568,14.1777592635269,15,13.0515823194804,-0.184311692478166,12.5462729362771
-1.837355852233,3.17820447039111,2,1.05491483278232,-1.68629045457252,3.53985206705247
0.385605533388564,19.4974608228917,19,19.2519683042494,0.539885217278257,21.303561275191
0.667286818863075,22.7807068305614,23,23.0133508323435,0.393062281108092,19.5352733212046
-0.475117580117833,9.57535570330733,9,7.73666310894496,-0.401862895131274,10.300900327159
0.343075751166294,18.9595636110492,20,18.629822906699,0.489923156848289,20.716647595176
-1.0328147338664,5.7117071993556,7,3.54019952470882,-1.11586725675835,5.35709750519795
-0.216881031711223,12.1731179483081,12,10.7115265414457,-0.319235496255133,11.1211230537374
-0.0398977536797173,14.1770485088539,13,13.0507501251114,0.0728069382907178,15.5260189813717
0.481300144496676,20.6792045826781,20,20.6135775913997,0.221368700995943,17.3735230342719
-0.0459872094387427,14.1053430129892,14,12.9667964509583,0.0685298417165442,15.4739104037709
0.742106386971217,23.5291065339393,24,23.859471149526,1.14558410482108,26.4634231962604
0.102237027855003,15.9012688707991,16,15.0692681899226,0.681902533273091,22.8562412366435
0.360841878810061,19.1849220210295,18,18.8906482330102,0.271755141678518,18.0101547273695
0.805669657428458,24.11611604728,24,24.5192394529386,0.209839209960849,17.2281982666925
-0.450799730030272,9.80127269991216,8,7.99127582494745,-0.31250683757708,11.1897457124345
-0.203074721143064,12.3233186816943,12,10.8860409164538,-0.0706709180794625,13.8228000054546
-1.15675423611804,5.16687809743489,6,2.97743143268084,-1.21388903388559,4.95979027219113
-1.13560070741979,5.25382929191538,6,3.06654352799551,-0.84098637194489,6.78642558282763
0.920189708855247,25.0597368483829,25,25.5716113018992,0.73564449676669,23.391750066955
-0.585244140463428,8.60862068838164,10,6.65785910131355,-0.465064291276174,9.70329223474306
-0.0885320419055492,13.6097122225351,15,12.3867749454331,-0.293895629307928,11.3809338738573
0.679566422406891,22.9077027905269,24,23.1572905480986,1.06806027445067,26.0126801969108
0.0736431904155689,15.5471556319576,16,14.6550070554564,-0.131297683898702,13.1333976270048
1.55655126640821,28.1363025447663,29,28.9451174392917,1.11040592999308,26.2656383403849
-0.415035584684726,10.141168300636,10,8.3760270224763,-0.563930720370084,8.82565819358179
0.872204400698356,24.6820102163441,25,25.1516408838871,1.08659459727188,26.125441667333
-2.20774902616994,2.44867710661817,1,0.416787570475767,-2.20753265086276,2.47316408215439
-0.705900385688891,7.6639422816038,8,5.62140555173639,-0.537254305248428,9.05522125905422
0.371343093529985,19.3177046983899,19,19.0442141756738,0.658210831397968,22.6106063922661
2.03124473503462,29.0400299516484,30,30,2.14356739714702,29.1434002965722
1.29528546239694,27.2376128997016,28,27.9601774314331,2.14717923632515,29.1473102939188
-0.515658453386638,9.20847141589942,10,7.32515998557681,-0.57937321103526,8.69531143816483
0.783103102605977,23.9129086357539,24,24.2912601062725,0.674851735400945,22.7837381034635
-0.128364839133026,13.1543198401791,13,11.8545054066017,-0.0754149429169415,13.7681762267356
-1.34010355646762,4.49847029343387,5,2.30358583596563,-0.926488795476339,6.28441117807054
0.0480590432877649,15.2332032803701,15,14.2875289900395,-0.21076080537501,12.2589582866108
-0.853666017085077,6.67680393972186,6,4.55810135656869,-0.765087741810056,7.2812455726541
-1.84547801119587,3.16043038296456,2,1.03898772406604,-1.45536364235501,4.15365121667968
0.171090423995641,16.7659343816386,18,16.0794157481711,0.315152730058646,18.5585512070197
-0.00613297600549789,14.5780388838137,15,13.5203236961997,-0.0124065967214395,14.5028001144769
-1.45818815610592,4.13288065046906,4,1.9453583999714,-1.01081973595657,5.8424344291005
-0.357439034908043,10.7067463189725,11,9.02044923687361,-0.512597592492839,9.27224597397675
-1.70825525806499,3.47373169246294,3,1.32315824638113,-1.24123690136372,4.85721334033367
-0.496190387359015,9.38310377425349,10,7.52071940112421,-0.277935203909684,11.5464857510792
-0.88871633685065,6.46918020675952,5,4.33717423550175,-1.50991235367408,3.99746306434644
0.932164970454343,25.1501098828266,26,25.6718255537069,1.63370680786803,28.298957373207
-0.316752069087754,11.1190804093435,11,9.49328321647276,-0.500530117624142,9.38011987633108
0.0702672703900474,15.5055673566081,15,14.6063379195165,-0.133594535419507,13.1076533061616
-0.815090043628581,6.9167756771023,7,4.81466125561563,-0.71168639857769,7.6582480846695
-1.26443064164639,4.75740816426714,5,2.56205389790609,-1.74105228363036,3.41010998471128
-1.837355852233,3.17820447039111,2,1.05491483278232,-2.23607306436153,2.42376158207275
-1.29572215179927,4.64772319569417,5,2.45212999284259,-1.25858537306428,4.79384184792501
-1.34566136712941,4.48027226364813,4,2.28555997160525,-1.61717015562546,3.71141530329422
-1.02162640555857,5.76539226158996,7,3.59617278560507,-1.40251927629061,4.31289538319339
-1.28743399319082,4.67640342253421,5,2.48081259438899,-1.1339622650464,5.2800157980547
-1.59957270366832,3.74412616418085,3,1.57444191848363,-1.80573348839267,3.26320884395558
-1.65906778492228,3.59341215517099,3,1.43368438004403,-1.50821305779328,4.00221176798252
-0.997568350779618,5.88359507405122,7,3.71970824591395,-1.23102108630028,4.89514026490934
0.174474322638011,16.8087932076722,16,16.129425058496,0.278191830564314,18.0915515870792
-0.9153738641578,6.3176959064413,6,4.17662040999081,-1.07938493235825,5.51809890614302
-0.503629857107549,9.31602875188485,9,7.44553901968901,-0.675162273436255,7.92996300526658
0.874293100187563,24.698977197525,24,25.1705432619624,0.993147805712541,25.5231718258578
0.797619872522525,24.0442865356435,23,24.4387054139782,0.668156138101861,22.7144155560932
0.237450796894601,17.610607608884,18,17.063787108568,0.354895901089551,19.0586898270616
0.745014595379178,23.5569524800384,24,23.8908496527373,0.678617242817336,22.8225223715464
0.488992340214369,20.7718637712725,21,20.7200106247785,0.293555112379144,18.2857837452857
0.64907423493793,22.5894205951161,23,22.7962813144925,0.681896885376096,22.8561833645384
-0.296574591167919,11.327323499816,10,9.73295372936132,-0.117506948100215,13.2885498682876
-0.731429320647266,7.48009375193627,8,5.42180966830508,-0.860362327468116,6.66764313852431
-0.773154413437112,7.19169548463967,7,5.11012964330605,-0.341042014012961,10.9005784058887
-1.8865363559052,3.07194499647454,2,0.96002838333071,-1.36214392849325,4.44038672617442
-1.64074494549154,3.63910546202185,3,1.4761745007956,-1.41715691426583,4.26795302559584
0.82374709559833,24.2747694759957,26,24.6969139290207,1.21373531035401,26.8164664300526
-0.0449400822916866,14.1176598068421,15,12.9812165980501,-0.0337123059461995,14.2522075210737
0.651976545005323,22.6201356188196,23,22.8311572019909,0.728959170199796,23.3268071458466
-0.661357690189055,7.99820447026262,8,5.986078985129,-0.495661899084515,9.42394163627996
1.48313859942843,27.9220851532912,28,28.7082209843584,1.26230965090827,27.045360494208
0.684444549265015,22.9577053402431,24,23.2139254002559,0.71981164510526,23.2371688201749
-0.763733171791518,7.25550905711519,7,5.17894391783426,-0.280490409039853,11.5198834671426
0.468139744086444,20.5197560539877,21,20.4303092439571,0.47737019500737,20.5664727224177
0.605154080896628,22.1141621543395,23,22.2556697654264,0.476925265159091,20.5611315383807
0.0369989761305259,15.0983767707192,15,14.1296725946959,0.425224059911727,19.9327599898769
-0.154014048475955,12.8655889668585,13,11.5175225559544,-0.0210416941179153,14.4009718400814
-2.0779292962348,2.68690315684846,1,0.622200153590274,-1.3606817630169,4.44510470238879
1.06715438836274,26.0662918680494,26,26.6818723383963,1.09228146964349,26.1593980815048
1.55655126640821,28.1363025447663,29,28.9451174392917,1.5783132282595,28.1577386411405
-0.676591768740038,7.88195704262157,9,5.85899644503464,-0.86430733260135,6.64382589216637
2.03124473503462,29.0400299516484,30,30,2.51533680799146,29.4565329031027
1.58321188793807,28.2078058470356,28,29.024761802839,1.69002309364139,28.4297674342291
0.909069500678439,24.9744344123912,25,25.4769247739113,0.838091277375187,24.326009362056
-0.889250925871346,6.46608851025248,6,4.33389198667591,-0.740762006099968,7.44999673750104
-0.338747406267848,10.8948957302797,10,9.23590827156972,-0.450616350983461,9.83750537896856
-0.658469405166426,8.02046934162602,7,6.01045044483066,-0.560527729597574,8.85463466426521
0.978791943409309,25.4875182685445,26,26.0450511027191,1.059541635735,25.9597666987905
1.64557124871465,28.3631344534136,29,29.1990990592024,1.7697532385189,28.5953347424126
-0.115972904756956,13.2950847705956,14,12.0189446234673,-0.179170297781247,12.6025601801112
1.35520960218336,27.4796434715809,27,28.2238608620414,1.29482201465028,27.1886914177532
0.786697798328519,23.9456617216841,25,24.3280364294668,0.741194735721048,23.4453006146437
-1.47117119075328,4.09515540305965,4,1.90888917998765,-1.25795226905599,4.79613197782482
-1.05737519063105,5.59662788311712,5,3.42050848113486,-1.18134485450774,5.08635739142636
0.787435032759218,23.9523610772172,25,24.3355572737119,0.474917146030763,20.5370096773082
-1.24035418137748,4.84449111759577,5,2.64975595751974,-1.22896465781438,4.90283067358941
1.41280826186066,27.6905988222895,28,28.4542393644476,1.75064971447118,28.5576156445178
-0.215095608032179,12.1924818155904,13,10.7340140544558,-0.445682163293864,9.88367314302103
-1.29572215179927,4.64772319569417,5,2.45212999284259,-0.579801529899765,8.69172301200418
-0.349261493380292,10.7887908536903,10,9.11433938874585,-0.125393858783942,13.1996971923689
-2.17072985694649,2.51485447215799,1,0.473655996713316,-1.74050536353181,3.41138056424305
1.04821684943213,25.9486976730291,26,26.5528236284365,1.04974291657367,25.898044870288
-1.84547801119587,3.16043038296456,2,1.03898772406604,-2.34846091614014,2.23670215929604
-1.28391856753928,4.68864799260345,5,2.49307131036386,-0.809013824165901,6.98907486252707
-0.449565200616626,9.81285549652839,11,8.00435430582196,-0.300153980873262,11.3164185088219
1.35581327138187,27.4819611688627,28,28.2263883401594,1.36223042667377,27.4623730006219
1.07058658526226,26.0872396463169,26,26.7048430881615,1.31532354637755,27.275194602874
0.433383822289948,20.093538322037,19,19.9397129404205,0.426171417544956,19.9443996986486
0.497481569906149,20.873644043347,22,20.836861566721,0.351603665915686,19.0173835055349
0.366392361229237,19.2551477612396,20,18.9718764275149,0.444344876539558,20.1668363940171
1.00388929415856,25.6598053611717,26,26.2350615639794,0.808911955521904,24.071635312547
0.65506705578927,22.6527460683109,23,22.8681766404545,0.759233196963534,23.6170376503707
-1.31463726506176,4.58323848108139,4,2.38780051532502,-1.05467382255295,5.63160454364128
1.52155270560543,28.0374602890661,29,28.8355285565745,1.19393821421971,26.7178662514322
-0.335388023492503,10.9289429045085,12,9.27495146469928,-0.482795174348436,9.54059352411203
-0.29283078623164,11.3662297775394,12,9.77779238520227,-0.0153751265714967,14.4677537533179
-0.532601556915699,9.05886846544725,9,7.15808645613217,-0.200558419999839,12.3693386937026
0.137008087228476,16.3360215850969,18,15.5774451037713,0.0675563562189067,15.4620606654649
0.103429794385302,15.916110138842,16,15.0866241303559,-0.0776073238939279,13.7429711370601
-0.220008678429717,12.1392400559388,10,10.6721916748825,-0.59114061982522,8.59725736605025
-0.48259974427971,9.50671538207949,9,7.65948630067907,-0.494602605817573,9.43349993684201
-0.70932583548839,7.63894640008905,7,5.59422761572062,-0.735547850200537,7.48681720013607
-1.35492381189901,4.45017768654787,4,2.25579246109322,-1.1565820138234,5.18612642038048
-1.12529788977239,5.29702682296493,4,3.11092103621346,-0.979987310225295,5.99824623501144
1.64557124871465,28.3631344534136,29,29.1990990592024,1.20302392341284,26.7635100957811
-1.01909761148514,5.7776379746908,5,3.6089523178601,-1.14377725424205,5.23894523163433
1.0931580257953,26.2222575894122,26,26.8527766345323,0.838444551014345,24.3290317369132
-0.874165613730405,6.5541907930735,8,4.42751177813573,-0.789968068316877,7.11378390043401
0.157257928506173,16.591049990669,16,15.875290250991,0.0993149388105276,15.8505775803739
-1.07360815784402,5.52259471348701,5,3.34372778794658,-1.17184710789884,5.12425995822866
-1.58988266129018,3.76933545653732,3,1.59815564563726,-2.24052818598071,2.41612088090359
0.596564319556188,22.018984331204,22,22.1471931130409,0.402088944023677,19.6472649176042
-0.524036520455657,9.1342157273196,9,7.24217961983383,-0.455939946858029,9.78788287294324
0.192830635532867,17.0417554037025,18,16.4011425458348,0.351608439231674,19.0174434135399
0.855837627967513,24.5473870643521,24,25.0015378818658,0.747794373448457,23.5085426989429
-0.014447325750878,14.4787691463313,15,13.4040665476339,-0.286407162393073,11.4584272099379
1.04536659689079,25.9307011180728,25,26.5330591762025,1.20258705912259,26.7613307210545
-0.0682394506018823,13.8449375464678,13,12.6619824686658,-0.114514123520525,13.3223510960643
1.77257137091705,28.6339332819663,29,29.509121925156,2.57375999471795,29.4928027943
0.357146850061248,19.1381215066445,19,18.8365021613778,0.505469753174681,20.9011924794262
-0.385713617507483,10.4263714997921,11,8.70035809706293,-0.0962064321859512,13.530127263163
-1.58806574628025,3.77408385393779,3,1.60262774317478,-1.68986790365211,3.53121640233501
1.48313859942843,27.9220851532912,28,28.7082209843584,1.59309385849922,28.1967087102726
-0.47421860558463,9.58363059316431,9,7.74597289525722,-0.337903955635361,10.932140027032
0.0975874534155712,15.8434672785177,17,15.0016677702253,0.222039690504133,17.3819863346944
-0.644254510249258,8.13108956497822,9,6.13168583208448,-0.348930340037596,10.8215038358227
0.502412684319525,20.9325271141737,21,20.9044348878085,0.64837969766312,22.5070118437717
-0.062330977793403,13.9138311999605,14,12.7426121913419,0.0790131925044408,15.6017616868296
-1.12980142310883,5.27807492605486,5,3.09144292913012,-1.50160434995333,4.02074913109955
-1.05642706671446,5.60100114476389,5,3.42504950685505,-0.639103821087256,8.2091966793852
0.831699813571162,24.3434033771584,24,24.7736874219763,0.360830971055546,19.1330851815832
0.615648544689417,22.2294736812421,22,22.387001267368,0.796549797737797,23.9610432959847
0.227037556417927,17.4776034873615,18,16.9089646488939,0.21246225029528,17.2612433949854
1.18933820134251,26.7466920084379,28,27.4255797735686,1.31685877163259,27.2815547440017
-0.748821197170838,7.35806621044381,8,5.28971797095047,-0.385618800865646,10.4587797386412
0.909114456972905,24.9747819620355,25,25.4773107437069,0.725447114325594,23.292497805513
0.0805917160105808,15.6329047527809,16,14.7553454757307,0.430433383326946,19.996711493879
-0.738005955867854,7.4336433541476,7,5.37149164232524,-0.653119593614066,8.09937110864236
-1.8865363559052,3.07194499647454,2,0.96002838333071,-2.00007069773225,2.85738056037255
0.158595190785886,16.6079342391425,16,15.8950019715351,-0.144090494717162,12.9903606243161
-0.47721688142291,9.55605522679614,9,7.71495365300363,-0.53688462397027,9.05844110782805
-1.91802917428479,3.00556711796824,2,0.901147692792747,-2.71662404098101,1.70080712408259
-1.78243182546523,3.30084863407126,2,1.16544096644522,-1.8163551438731,3.23969884419066
-0.652102579362564,8.06980198487624,8,6.06448648671385,-1.31754998829524,4.58764556997717
0.997884951127146,25.6191699699528,26,26.1902803520358,1.18498091928183,26.6722080765076
-1.08768112773857,5.45967656388295,5,3.27861506934247,-1.06016856910926,5.60604452974844
0.969540039602089,25.4223767895566,25,25.9731088194622,0.909703057930113,24.9108205545562
0.359511672037113,19.1680783952681,19,18.8711621339336,0.484760465009373,20.6550072317214
1.16626642340148,26.6281171616592,27,27.2962858735492,0.93462623187096,25.1013724383593
-0.538675478393793,9.0057850607069,9,7.09890652386429,-0.151448797611429,12.9084764155108
-0.521155677614997,9.15968747342635,9,7.27063240663061,-0.335323579581382,10.9581371781733
-0.558626910396496,8.83348213378658,9,6.90718874982712,-0.374128027991417,10.5714787968597
0.552675563903697,21.5219694489757,21,21.5796648318657,0.539085709035151,21.2943156619915
-0.162159592284336,12.7746418965528,14,11.4114741629414,-0.0387920834745174,14.1927863420168
-0.618111104132997,8.33903424873449,9,6.36025240953596,-0.720340553681985,7.59551693600684
0.221118030447302,17.4020512552157,17,16.8209877472523,0.0216139836458994,14.9074082492927
-1.40904312724663,4.27990054238479,4,2.08839790119278,-1.76871024606731,3.34649004132698
-1.28519917662177,4.68418195873531,5,2.48859921282635,-1.23156105299147,4.8931240745675
1.34131145491454,27.4256345958174,27,28.1649801715034,1.50923092935075,27.9622198875864
-0.559051474817008,8.82985022346211,10,6.90315378663802,-0.734370329929603,7.49516418625093
0.726041172344699,23.3735872022722,23,23.6840808423496,0.537539892191226,21.2764254294402
-0.657375845393157,8.02891793836013,8,6.01970103591614,-0.54834587390897,8.95910379477014
0.127632313279691,16.2183798140374,16,15.4399864074351,0.017882507501492,14.8627679040055
-0.717421772758621,7.58027274183752,9,5.53048262250411,-0.209883963964953,12.2684227335921
-0.291589893492514,11.3791437202428,11,9.79267953922987,0.081034399103197,15.6264620402569
0.410991286948395,19.8154629381895,20,19.6191034495718,0.596860732593981,21.9487917017823
-1.4791280980452,4.07225396127089,4,1.88679826548987,-1.94443564928147,2.96858663935843
-0.138727301235402,13.03724233954,11,11.7178089665206,-0.0867053842031031,13.6386345671026
0.778260459148307,23.868555146964,24,24.2414400425554,0.723879314285289,23.277139263164
0.529627031463413,21.2541931370965,21,21.2731938408957,0.875681877214676,24.6399446706634
0.0475675127335928,15.2271996172649,16,14.2805003092212,0.0772454955210498,15.5801726165371
1.09250922592856,26.218442429216,27,26.8485993998393,1.86017008909143,28.7588117910332
-0.360645758757952,10.6746893212938,11,8.98379081498365,-0.157251740258772,12.8441018070881
-0.87380076237932,6.55634380386937,6,4.42980187940343,-0.684664584093775,7.8581903748829
1.16431215908066,26.6178701765121,26,27.2851074494504,1.00971558354648,25.6362071446233
1.55095048370954,28.1208716897383,29,28.9279723845204,2.02317044900476,29.0002030281961
0.0946791576592048,15.8073549232643,16,14.9594294677138,-0.012736802226543,14.4988996366983
-1.32062029304944,4.56311534806761,3,2.36777229589959,-1.24045563580141,4.86009767913557
2.03124473503462,29.0400299516484,30,30,2.87643991476605,29.6427393951135
0.798732331924158,24.0542565891668,25,24.4498870854125,0.693347899281724,22.9728384059062
0.0188980988334762,14.8789340123933,14,13.8727079861753,0.0748368303976086,15.5507753539014
-0.0969614016604674,13.5126387832061,14,12.2732487998928,-0.183936965013336,12.5503706179683
-1.37291663421507,4.39253266751847,4,2.19892403485568,-2.01656344787345,2.82511945617779
0.620818046328207,22.285877106234,22,22.4512033203289,0.411163573217279,19.7595242944627
-0.0220027439548959,14.3888582439356,14,13.2987731441547,0.0917546237757191,15.7577355220538
-0.381581160950553,10.4670257701306,11,8.74669609769994,-0.567549213004789,8.79494642855579
-0.388683200857659,10.3972266641024,10,8.66715466083057,-0.160327841698589,12.8100494382187
-0.362488509363976,10.6562973627003,10,8.96276581269481,-0.288352685667671,11.4382632255649
-1.15424522908919,5.17707121971926,4,2.98786273012549,-1.00815891034527,5.85562818337781
0.579097638699581,21.8232906083904,22,21.9239455160214,0.46166407961342,20.3771989829513
-0.46068444404826,9.70892490794953,9,7.88708797149722,-0.3238991286951,11.0737177673771
0.608483919994391,22.150866413276,23,22.2974843022841,0.52153291156061,21.0900907933664
1.5415757514786,28.0947171341405,28,28.8989443797483,1.58562157656779,28.1771281440231
-0.20194051071763,12.3357051702073,13,10.9004408918334,-0.0842582217814709,13.6666572177589
-1.02679840226923,5.74047557856463,6,3.57018348987038,-1.10118910989447,5.42095733674068
-1.22615526889291,4.89699822881841,5,2.70281143634569,-1.39774238490642,4.32770560663766
0.667906078602801,22.7871495997077,23,23.0206565791047,0.286330350821575,18.1944564017711
0.328698509705348,18.7766431747771,20,18.4179388987324,0.12092918830984,16.117145605741
2.03124473503462,29.0400299516484,30,30,2.1599223138102,29.1609400546858
0.239423652912531,17.6358181151182,18,17.0931252979985,0.204897733314614,17.1659755212598
-0.559971861281339,8.8219818288871,10,6.89441307323885,-0.523567506313571,9.17512403162485
1.57584793643616,28.1883734227878,29,29.003083191757,1.8180553196058,28.6856319294441
1.61094921497584,28.2788924695063,29,29.1043010941869,2.09901337968507,29.0934037022006
-0.075181035717368,13.7642300628663,14,12.5675403319184,-0.293473136059377,11.3852973867084
1.14479918905264,26.5137812325977,27,27.1715057794511,1.12215129387306,26.3328968168511
-0.141813965893542,13.0024805007555,13,11.6772355147933,-0.42518367292096,10.0772513804206
-0.16641365107829,12.7272880964825,13,11.3562778735576,-0.302705562082312,11.2901802668374
-1.84547801119587,3.16043038296456,2,1.03898772406604,-2.50690115322545,1.9922002248894
-1.29798751691267,4.63992970491777,5,2.44434337440523,-1.08790955445509,5.47979047636482
0.0831308276105349,15.6642885456791,17,14.7920652166408,0.223526643193337,17.4007435818759
0.694238024426795,23.0573180188875,23,23.326683706106,0.68697041408254,22.9080370556964
-0.0805336852545563,13.7021687356128,13,12.4949287639936,-0.0789692833625596,13.7273254057677
0.996713401282119,25.611198792902,26,26.1814934309588,0.878914051389673,24.6662178713527
-0.0261433598386977,14.3397052242138,14,13.2412128218142,-0.379515520717961,10.5185353218775
-0.204449476219179,12.3083148501266,14,10.8685998167138,-0.354856591180226,10.7623474385135
-0.620707791125094,8.31812111432814,8,6.33722608328461,-0.711412838871086,7.66024134776905
1.71921396591798,28.5270137225275,29,29.3855864648471,1.17539432999714,26.622608108747
0.176733052394674,16.8374169613802,16,16.1628208460886,0.0933708424818031,15.7775649716815
1.29049468442578,27.2172063920244,28,27.9379600360281,1.59498209075591,28.2016180375774
1.00619149798877,25.6752894724913,26,26.2521198726664,1.34400158232131,27.3913638565662
-0.873119823789501,6.56036488308474,7,4.43407928259459,-1.07120040270862,5.55528432743709
-0.91979677829575,6.2930859089419,7,4.15058915682169,-1.14488147800131,5.23435660639582
0.705963316503443,23.1752109855632,24,23.4600174841823,0.597203544703887,21.9525884562045
-0.511190084068591,9.24829703242791,7,7.36970781202552,-0.457017402886706,9.77786361071281
-0.186147331722499,12.5089209036385,12,11.1019406647617,-0.0864174431980576,13.6419302175075
-0.643979075438613,8.13325006954008,9,6.13405612201523,-1.03613822428098,5.71921399423427
-0.116544366306907,13.2885752121249,13,12.0113383370191,-0.0964552332345573,13.5272920262769
-0.364162037245568,10.6396131761544,11,8.94369745765049,-0.247905516233532,11.8618908609305
0.331830846250527,18.8165318883686,19,18.4641568080266,0.245072736843244,17.6728087381466
-0.718558983319539,7.57207642784472,8,5.52158354367715,-0.661531609618303,8.03424126739876
0.352126707659609,19.0744763586501,20,18.7628507929554,0.229046755114793,17.470401058243
0.119065843614625,16.1111525758924,17,15.3146624163111,0.0291164673877313,14.9973526351892
0.827731082529212,24.3092408765267,25,24.7354802295294,0.534774862596552,21.2443783703019
0.427697836244613,20.0231659807598,19,19.8586153149275,0.416880353143765,19.8300658756326
0.28666234965934,18.2399568322911,18,17.7953972014092,0.209843792496526,17.228255988164
-0.748283768304862,7.3617980119347,7,5.29375293413956,-0.597156233318856,8.54756004463448
0.475254658828564,20.6061001356596,20,20.5295704846667,0.0541344756233179,15.2990828213311
0.80674621224888,24.1256670716467,24,24.5299435785423,0.399566630703151,19.6160029011402
1.04309187395244,25.916282112848,27,26.5172208283181,0.980113965544421,25.4322920128339
0.105999309234681,15.9481001394687,17,15.124032609325,0.221373291877509,17.3735809378116
-1.0302025090498,5.72416971577165,7,3.55318561309426,-1.0091056088618,5.85092856816772
0.99663603438119,25.6106719019189,25,26.1809125909335,1.31735231308983,27.2835959515143
-0.682401837282648,7.83814867398511,9,5.81117625760579,-0.753263974977259,7.36264648798514
-0.790085141728757,7.07891594011577,8,4.98872400228467,-0.613705527052448,8.41234993804322
-0.146437207013776,12.9505102573975,14,11.6165888323959,0.000666452055625206,14.6576386100844
-1.29572215179927,4.64772319569417,5,2.45212999284259,-1.55142367450101,3.88364874015062
0.613491857062337,22.2058644068804,21,22.3601203200336,1.16156112931014,26.5496802820514
-0.495201810123419,9.39204843801904,10,7.53075125564833,-0.502926687792239,9.35861079333452
-0.314241055772754,11.1448617833251,11,9.52292501240131,-0.293590825616722,11.3840817846975
0.487484269434909,20.753729884961,20,20.6991851306095,0.500441309503984,20.8416829845793
-0.816786463199692,6.90596494673612,7,4.80307588585171,-1.10171524889086,5.41864723159371
-1.29572215179927,4.64772319569417,5,2.45212999284259,-1.30396698143825,4.63393870510455
0.799871544758841,24.0644519847361,24,24.4613203486576,0.801246791407527,24.0032605747376
-2.50631540735004,1.96249927827319,0,0,-2.12570814045301,2.6192766323925
1.39947945796582,27.6435711411662,28,28.4028138773825,1.44572054396897,27.7613006433818
-0.438708334586776,9.9151848862513,11,8.119999436225,-0.919792406771351,6.32170031672528
-0.463039541351039,9.68702640158059,10,7.8624040526295,-0.497957174526072,9.40325885500488
0.68785745820561,22.9925367422626,22,23.2533636022684,0.612971441049007,22.1260569233938
-0.989448111218621,5.92436369635769,4,3.76240743607794,-0.738392907041907,7.46669800289208
0.201399617529978,17.1507504458341,17,16.5282031812502,0.277969211530987,18.0887364956481
-0.366540874192438,10.6159283168355,10,8.91663523320159,-0.204864932661901,12.3226774225286
0.524966974008296,21.1995222505572,21,21.2105651250157,0.60012049928347,21.98485139262
-0.918164878629,6.30214898423877,6,4.16017391572946,-0.65614047125624,8.07591406400443
0.0821297499120589,15.6519119372999,16,14.7775845489472,0.181355866716083,16.8701582280684
0.00177936662308181,14.6728243089025,14,13.6313305563478,-0.0340671130702462,14.2480530232775
-0.51494295240777,9.21483817284324,11,7.33227965643076,-0.0524079642350096,14.0341406832028
0.416494104031917,19.8840248790111,20,19.6981904392234,0.485358856145346,20.6621606381202
0.834568172639237,24.3679841375683,24,24.8011700740689,0.871820601347616,24.6084087418004
0.986186909984796,25.5389508554217,25,26.1018146178345,1.29970773224827,27.2095732486911
-0.420255952955269,10.0910010576619,11,8.31911542363706,-0.20795401646463,12.2892688988353
-0.47520090086208,9.57458905301803,10,7.73580064062205,-0.410496255392399,10.2176874622736
-0.888846530007284,6.46842705377439,7,4.3363746423163,-0.591573503670883,8.5936714249844
1.79703285935517,28.6799211445481,29,29.5628132232704,1.19203824349921,26.7082364707778
-0.530073521951444,9.08104799459467,9,7.18282922675547,-0.67331685628764,7.94398976120285
-0.493844679088084,9.40433979183821,9,7.5445389949335,-0.657757512888633,8.06338905759315
-0.473413494191693,9.59104653829004,10,7.75431736737066,-0.34326153157913,10.8782911705744
1.27414107112643,27.1463205348864,27,27.8607905288602,1.52515681142655,28.0093266120076
-0.662422448683544,7.99001466266497,8,5.97711683042301,-0.518679455337401,9.2182889104361
-0.252283322810153,11.7928782471401,12,10.2706586172053,-0.0266355764277822,14.3351985018108
-1.84946821276316,3.15173162753606,2,1.03120110562868,-2.3789184431371,2.18799691600142
-0.424797451891191,10.047509971335,10,8.26981174605923,-0.371247780059911,10.5998582577587
0.941088032716115,25.2164525695649,26,25.7453263246953,1.11602193598273,26.2979523024395
1.43179576043435,27.7558061810793,28,28.5256275291907,1.15034352383157,26.4893480357229
1.41427785348181,27.6957200569427,28,28.4598423789021,1.29282614829259,27.1801123248445
-0.371997193136422,10.5617400405464,9,8.85475193247987,-0.661174636514811,8.0369931152233
-0.319575525124777,11.0901368385637,11,9.46001622121176,-0.116847732211068,13.2959911227623
-0.758626613327602,7.29041477877546,8,5.21662143092832,-0.47468361582902,9.61474749784959
-0.640001220597082,8.16452447442363,9,6.1683778222407,-0.482567794914679,9.54266574726412
-0.547537395118416,8.92885998575727,9,7.0132427859525,-0.23654381322176,11.9825384146985
1.77549815148325,28.6395325638535,29,29.515639877683,1.74182980546041,28.5397992117181
-0.803227422452401,6.99304307371261,7,4.89646588292057,-0.868652932337231,6.61773283459147
0.263784809408061,17.9473276898482,18,17.4554250843872,0.399255951180108,19.6121505525341
-1.35563824316881,4.44786842700269,4,2.25351049831145,-2.02155552140913,2.81541645546261
1.16626642340148,26.6281171616592,27,27.2962858735492,1.10933547207876,26.2594467345007
-0.045942209901736,14.1058722028682,14,12.9674160066698,-0.0390740901799535,14.1894912529724
0.104142253247339,15.9249776357619,17,15.0969938599403,-0.106950453599245,13.4079825302253
-0.110933659794602,13.3525627148247,13,12.086114093484,0.248076303963182,17.710767166052
-0.915255003499483,6.31835930627166,7,4.17732232624062,-0.616742021639527,8.3877832679181
0.21236979954816,17.2904834475583,17,16.6910322364886,0.3604840001148,19.1287384956367
0.501068632938892,20.9164952137625,21,20.8860390149294,0.133337509245995,16.2708967898381
-0.484996223188214,9.48481823036268,10,7.63488399170467,-0.732468964177231,7.50866695033151
0.514618000723985,21.0774963926307,22,21.0707085803368,0.520788113139303,21.0813736609086
-1.05286998368041,5.61745731834142,6,3.44214234133486,-1.6560515056134,3.61378349089132
-0.26601853837853,11.6472817659586,13,10.102234468868,-0.408119600161855,10.2405462505528
0.219066819668065,17.3758819079827,17,16.7905096613474,0.430748091318605,20.0005707828236
-0.462473125627719,9.69228945863682,9,7.868335770093,-0.353773948276833,10.7731384026858
-0.49388888025997,9.40393924902832,9,7.54408964479868,-0.818675737743348,6.92695465313415
-0.771906041103362,7.20010764058867,7,5.11919607250089,-0.73844345757418,7.46634114589741
-0.395547892244306,10.3300766753153,11,8.59070507273267,-0.346775007903494,10.8430718339922
0.438805916393554,20.1604851278175,22,20.0168381726288,0.635414806562493,22.3689320409608
1.41003039382673,27.6808840388732,28,28.4436122622034,1.4921971516361,27.9104203929999
1.50040450453825,27.9748628483576,28,28.7663843800104,1.80594940443318,28.6636608203309
-1.27875734115652,4.70671224977252,4,2.51117062625409,-0.996777739172158,5.91259631974929
0.293099259457437,18.3222575360042,20,17.8909466815517,0.459478059959022,20.3507396806458
0.0778315153062842,15.5988182392247,17,14.7154612321344,0.162714232662996,16.6367789189606
-0.421561054601827,10.0784883684508,9,8.30492714136812,-0.759189948058055,7.3217021019625
-0.70731653323749,7.65359619468374,7,5.6101547244369,-0.274737101788768,11.5798336233585
0.220816894880495,17.3982090079553,17,16.8165130458373,0.271377749249642,18.0053822113084
0.438812884015398,20.1605710549253,21,20.016937148257,0.20322777873504,17.1449568557031
-0.398029501437348,10.3058788079663,10,8.56317377696488,-0.0796215437300509,13.7198357924492
-0.918722698421527,6.29904876987944,8,4.15689502264352,-0.776907911984311,7.2010423833588
0.285335368436226,18.2229873702254,18,17.7756923380484,0.195949268834834,17.0534051533356
0.126019156741538,16.1981684753497,17,15.4163664437833,0.110034641980163,15.9825772966709
-0.262324249256313,11.686335016379,11,10.1473882765901,-0.55361214612718,8.91379969895353
-0.445140738444588,9.85445658033702,10,8.05134674115537,-0.318401747631243,11.1296115895985
-1.61858568081783,3.69521512347401,3,1.52857082949564,-1.4153964754194,4.27332347553575
-1.36903961122602,4.40486429052482,4,2.21107272840743,-1.38395074683962,4.37087077408295
-0.233604581751472,11.9926126451663,14,10.5020666494552,-0.357279847893547,10.7382203844062
-1.49993882518884,4.01312244584803,4,1.82992983925232,-1.86329041949936,3.13776378821774
1.09534944865392,26.2351153507477,25,26.866853443183,1.41558341693586,27.658191368459
-1.13773119207517,5.24496678728052,4,3.05744754626711,-1.07591685796992,5.53380686739789
0.899803144805089,24.9023292334755,25,25.3968158642897,1.00069584159681,25.5750121072983
-1.12242498986569,5.30917354363851,6,3.12341195423306,-1.03999492862011,5.70080683163101
-2.50631540735004,1.96249927827319,0,0,-2.87862558778497,1.4993310217423
-0.23396146640694,11.9887778261613,12,10.4976199953725,-0.352222381792129,10.7886157897868
-1.05124751478754,5.62498914020703,6,3.4499683799324,-1.28180983877504,4.71097823687678
-1.04381711164176,5.65969037593527,6,3.48604785398539,-0.791301952872805,7.104951845717
1.48505043472961,27.928004682538,28,28.7147389368854,1.57023533992135,28.1360293822637
0.169995661036212,16.752074830556,18,16.0632425618151,-0.130269899305786,13.1449265046177
1.02267084802062,25.7845771749927,25,26.3724313733267,0.874890652097039,24.6334957717885
0.397700151924669,19.6493017381903,20,19.4273336804241,0.482758757804175,20.6310612972446
0.61852065149004,22.2608433746355,22,22.4227113555157,0.694018851242634,22.9796312578603
0.920217617733987,25.0599492569436,25,25.571846962536,1.01894661672239,25.6979929980996
-0.804085185703272,6.98748884984489,6,4.89050414324275,-0.664590054238943,8.01070789905422
-1.64265841668028,3.63430437343567,3,1.47170240325809,-2.08010066240042,2.70371378054779
-0.374511287018551,10.5368365652321,11,8.8263270867577,-0.18864392122,12.4989542477882
-0.0297306041590458,14.297190943005,15,13.1914282699367,-0.266322666132575,11.667851333302
-1.62034849670996,3.69071664938607,3,1.52436114325449,-1.00869949554139,5.85294387176647
-0.650232187651932,8.08436052540683,10,6.08044246076947,-0.822089628199432,6.90518854602504
-0.951611763656932,6.12034044280901,6,3.96829031970999,-0.971318271168377,6.04323067704411
-0.791269761307948,7.07111583341661,8,4.98033734989844,-0.728907530710761,7.53404103316658
-0.0737837501737885,13.780455598057,14,12.5865258173288,0.0943486000152646,15.7895659008411
-0.436929189249309,9.93203329435843,10,8.13905771560536,-0.163215902073703,12.778124286324
-0.907502764374184,6.3618582182634,5,4.22337002299494,-1.24044597960446,4.86013334529879
-0.952693441900461,6.11459721519464,7,3.96224243380865,-0.621811517646883,8.34693672769989
-0.248247263310848,11.8358677267126,12,10.3204312631915,0.05688293263728,15.3323951778694
0.446041141886035,20.2495673881289,20,20.1194264193336,0.580529370301215,21.7666942251305
2.03124473503462,29.0400299516484,30,30,2.37833946810909,29.3595023369407
1.64557124871465,28.3631344534136,29,29.1990990592024,1.49493924490716,27.9188595860214
0.000170644169502764,14.6535279577709,15,13.6087318539979,-0.00789637694349806,14.5561280981504
1.03571463811733,25.8691736117282,26,26.4654571799521,1.01190746582203,25.650954942993
-1.28826369483945,4.67352046413918,4,2.47792744273413,-0.899913093484471,6.4343880879864
0.110868906851516,16.0087932752548,17,15.1949989321099,-0.21309450320328,12.2337891900448
0.138384524007028,16.3533164957694,17,15.5976499514115,0.0933663430447293,15.777509754219
0.764012186733587,23.736527932833,24,24.0930167640976,0.759288314585427,23.6175569843331
0.0120201484253103,14.7959545010286,14,13.7755315447943,0.102206107670144,15.8861377063776
1.01330014212015,25.722764887352,25,26.3044027910637,0.693755691560716,22.9769675373791
0.661377159213933,22.7190190805102,24,22.943382216566,0.73871771971062,23.4214426250372
0.955401149984873,25.321107626901,26,25.861158435852,0.690430707337831,22.9432495259989
-0.586198806005548,8.60066351890367,8,6.6490542572184,-0.809752170095673,6.98430065434146
0.153288298932273,16.5409595151925,16,15.8168061238564,0.219225781279549,17.3464980334171
-0.33483134773212,10.9345915465091,10,9.28143055001071,-0.353899514072559,10.7718864887845
1.32588460340193,27.3642056613806,27,28.0980434389507,1.33813233373113,27.3680375457051
1.02899529664086,25.825803748456,26,26.4177770978829,1.19336245525789,26.7149511985484
-0.56620207067639,8.7688998704092,7,6.83547775682769,-0.47728237940326,9.59093895932126
2.03124473503462,29.0400299516484,30,30,2.34394659838553,29.3321562127653
-0.762706067818051,7.26251186090684,7,5.1865007377886,-0.853057813823623,6.7120697275773
-0.0861202116035951,13.6375561616564,15,12.4193435877741,-0.104437928226345,13.4364932491563
-0.640079610973379,8.16390685554157,8,6.16769983335227,-0.681123248648395,7.88484994489621
1.27342372793387,27.1431672409958,28,27.8573578598193,1.07287170835532,26.0422625225457
-1.92383619118601,2.99346469724792,2,0.890443567189083,-1.97248812781222,2.91204778421283
0.549865605805466,21.4895629631478,22,21.5426008761629,0.566357249080619,21.6067761250603
2.03124473503462,29.0400299516484,30,30,3.41227366754981,29.8041244648719
-0.345934434016207,10.8222916341384,12,9.15270522354762,-0.428205636626755,10.0485347395996
-0.140801244568042,13.0138800322508,13,11.6905401561506,-0.197194697833089,12.4058544948459
-1.24588607134363,4.82426843246507,5,2.62935675126595,-0.963831158666171,6.08250644075161
0.210746799502405,17.269797729468,17,16.6669320566296,0.307571165470949,18.4628527475498
-0.580073430753718,8.65184920630728,7,6.70571453341694,-0.71126765178615,7.6612994945228
2.03124473503462,29.0400299516484,30,30,2.03909440907617,29.020671349233
-1.11917688883464,5.32296037573796,5,3.13759597184923,-1.46759415008456,4.1179398522422
0.0231985940152839,14.9309316175556,15,13.9335998932493,0.302408859212009,18.3976557038299
-0.429224094859512,10.0052559846767,9,8.22194119668177,-0.395638655466748,10.3611939060094
-0.0525254196715036,14.028564803857,14,12.8769119843443,0.283236455279054,18.1553392327392
-0.00531412663384453,14.5878340234655,13,13.5317951368365,-0.195989330238811,12.4189545475012
-1.23134983313088,4.87768758283287,5,2.68328415717266,-0.948191955348579,6.1658336540191
-0.744451564218749,7.38848009261607,9,5.32261109985823,-0.752121581011285,7.37057362351214
-0.320286726307417,11.0828538860543,10,9.45164714196597,-0.214625338122118,12.2172951182773
0.341860020491917,18.9441133190334,21,18.6119322470983,0.222076980339189,17.3824566946772
-1.28614967897089,4.68087126333535,5,2.48528469192651,-1.18068285591353,5.08898477823194
0.902859151709446,24.9262124141986,25,25.4233573172721,0.755865417221943,23.5852427047722
-0.0825228645998634,13.679143497407,12,12.4679919725299,-0.00339051230304592,14.6095010233566
-0.713976234391017,7.60517431123637,8,5.55752781751887,-0.78376127334647,7.15507578966071
0.135860814431543,16.3216107759619,17,15.5606089416336,0.194306033407292,17.0327496685052
-0.850394138379543,6.69668592190889,7,4.5793089185717,-1.24114799129104,4.85754145159461
-1.26318196531499,4.76186573858333,3,2.56653413392953,-1.49372153562007,4.04300598261624
-1.38800170463172,4.34500866700736,4,2.15219203786947,-1.38510572775558,4.36723250398861
1.58321188793807,28.2078058470356,28,29.024761802839,1.62573303962471,28.279425626889
1.03696157911863,25.8771733698664,27,26.4742494035714,1.02402154321147,25.7316002010641
1.1606736120356,26.5987061973873,27,27.2641991447548,1.25264082226676,27.0012356417275
0.967438772891337,25.4074584433586,25,25.956625286737,0.776263401368902,23.7759234454357
-1.31620281752035,4.57796041373376,5,2.38254517670096,-1.7318819672822,3.43147955132557
1.11567685729035,26.3523025704965,27,26.9950672203666,1.02285453030071,25.7238945704818
-0.998775878645016,5.8775705793063,6,3.71340238009213,-0.914379966138393,6.35208513260284
0.310517995846931,18.5447931197765,17,18.149157035559,0.283530390687988,18.1590557139521
0.368673737085439,19.2839846994548,20,19.0052244046472,0.516125343159435,21.026707683039
-0.940593944514619,6.17932245021045,6,4.03044991875026,-0.658616294402071,8.05674612923331
-0.0679609245357968,13.8481811218844,15,12.6657783533116,-0.19967624269397,12.3789095001154
0.637129658455405,22.4620965768741,22,22.651625976057,0.533974620723564,21.2350923922025
-0.0702955223119103,13.8210060715003,13,12.6339767444122,0.107271855632795,15.9485174948108
0.301912110783605,18.4348855604008,18,18.0216575472536,0.351221543331391,19.0125874580041
1.01957844545151,25.7642751068187,26,26.3500929295844,0.861306210285434,24.5217115608266
-0.276398959834208,11.5379721511348,12,9.9759400544707,-0.0213668849271981,14.3971440763363
0.0286379438199989,14.9968236245288,16,14.0107601310266,0.199716336585664,17.1007765736784
-0.91952341077545,6.29460271335024,6,4.15219313071504,-1.22456771587292,4.91933729901561
-0.198147133608888,12.3771838486951,12,10.9486711714874,-0.530143504441435,9.11733770050713
-1.57129513885604,3.81824024485732,3,1.64429643310661,-1.82992215337302,3.20991040043885
-0.537873514573714,9.01277718243135,10,7.10669858950413,-0.415851425615339,10.1663174641727
-0.729702358910584,7.49235303802257,9,5.43509720154674,-0.771840046867396,7.23528592140915
0.493957851014434,20.8314591449987,21,20.7884378833338,0.670528404375484,22.7390290663979
-0.629946238968994,8.24417890611844,7,6.25588253165937,-1.11053309623139,5.38016456678284
0.347766702042327,19.0191463190951,19,18.6988061717213,0.401198098675428,19.6362264862621
-0.0219863181440233,14.3890534050228,15,13.2990016896135,0.202686734790017,17.1381481166676
-0.0332071044777672,14.2560511215682,13,13.1432547771451,0.139569472059381,16.3483022930605
-1.28118105817876,4.69821627971537,4,2.50265606927163,-1.48605383564517,4.06480973842502
-0.313654107075598,11.1508936850014,12,9.52986137584069,-0.534820548330053,9.07643797634052
-0.87017126722698,6.57781910418725,7,4.45265044202697,-0.799802100415885,7.0490168953313
-1.81671948704314,3.22377745081799,2,1.09585615030359,-1.63603159234955,3.66368185251752
-1.31217529803729,4.59155678143434,4,2.39608610526814,-0.951487843465226,6.14812676880502
0.46340011126635,20.4620578977332,22,20.3639555266819,0.0240766321620636,14.9369040046966
0.699415347408892,23.1095584880112,23,23.3857821096068,0.436823211120366,20.0749748850737
1.45730828527952,27.8402196567409,29,28.6182116468872,1.0502485141619,25.9012521851984
1.13063225601578,26.4361577018405,26,27.0867233102253,0.89482597621183,24.7939079598085
0.498009547601277,20.8799571418536,21,20.8441073923615,0.79774483742702,23.9718074895905
0.107951004588928,15.9724149096921,17,15.1524641224869,0.168310100514833,16.7067453940624
1.77549815148325,28.6395325638535,29,29.515639877683,1.53788535820846,28.0460798912424
0.579490621311742,21.8277247575443,21,21.9290070751714,0.518724753364062,21.0572026661755
0.585459456337286,21.894897632284,22,22.0056672600308,0.411435514884324,19.7628830928562
0.852510234407283,24.5196541393393,24,24.9705889967648,1.1248863062842,26.3483813425276
-1.12712288647392,5.28933373396776,6,3.10301274797926,-1.73902867247415,3.41481361080401
-1.07310293746568,5.5248751006225,5,3.34609016611972,-1.23617647850334,4.87594313620712
0.404533299120133,19.7348236817707,20,19.526053895363,0.181894702659388,16.8769162526689
1.54575306398344,28.1064221418874,28,28.9119304681338,1.95360551297469,28.9046595579479
1.03445125402472,25.8610528749509,25,26.456531175324,0.7998566211111,23.990790782115
-1.46664968375772,4.10824293298392,3,1.92152986514739,-1.07650499077649,5.53113799597487
-0.927293004263461,6.25171049191576,6,4.10685772339385,-0.918749123636238,6.32754006941558
0.734605885116913,23.4568547844423,23,23.778017365499,1.11001369242475,26.263370812933
-0.942713968576948,6.16790470586591,5,4.01841015073058,-0.844877169383291,6.76233167951647
-0.110430505874641,13.358309164763,13,12.0928302105222,-0.175828220940795,12.6392245287488
1.08349067788615,26.1650087801074,26,26.7900772704979,1.34257630514485,27.385720286209
1.25760955314666,27.0726986067898,28,27.7806459958662,0.919306033773428,24.9850247912642
-0.409799784618975,10.1916706962338,10,8.43336120891451,-0.984468943556478,5.97519546878793
-0.188265229003168,12.4856121865528,12,11.0748125204027,-0.529527944352184,9.12273302129453
-0.853676538642604,6.6767401436093,7,4.55803332137029,-0.954617886194581,6.13138337961783
-1.92383619118601,2.99346469724792,2,0.890443567189083,-1.78312445272933,3.31381576738134
-0.555332883861684,8.86171003987037,9,6.93855799608368,-0.405589224762406,10.2649242251133
-0.0680092559795298,13.8476182490581,15,12.6651196339561,-0.118840251138071,13.2735063850234
-0.0691538471091541,13.8342917834647,15,12.6495241373677,-0.326446662629131,11.0478769465174
0.253126925243263,17.8110077130248,19,17.2969276679422,-0.056517275460392,13.9864417314377
0.0717545055550747,15.5238828381728,17,14.6277722072623,0.335097513475321,18.8099162756885
0.729581406133037,23.4081045865176,24,23.7230291245727,0.647217604692352,22.4947027939482
1.34699633789753,27.4478773686216,28,28.1892256234098,1.46641116951497,27.8291273083472
0.350317240179854,19.0515194943718,18,18.7362799423469,0.678301747367032,22.8192784020135
1.01458850072934,25.7313151392182,26,26.3138158123447,1.10610006364671,26.2406698076558
0.506290261548376,20.9787043289919,22,20.9574123266939,0.388421920617136,19.4775826044802
-1.33482917751716,4.51583889449143,5,2.32080791409635,-1.24655257032934,4.83765885599372
-1.03235497628738,5.71389748050687,7,3.5424814874906,-1.00505696210354,5.87106877775584
1.13122898625103,26.439462621247,26,27.0903342238298,0.86425718371785,24.5461658036044
1.35455444876086,27.4771254707426,28,28.2211150214216,2.10387751234838,29.0990249131978
-2.12656701752787,2.5956140520217,1,0.543240812854943,-3.32878009852794,1.0379841950011
-1.59638052758626,3.75240953317458,3,1.58222853692098,-1.80681970284688,3.26079692869596
-2.19437278808459,2.47243150473805,1,0.437186776729562,-2.44220319851501,2.08941500646832
-1.43428796347992,4.20352447117274,4,2.01391065799496,-1.07222825173488,5.55059241993303
1.49881777105355,27.9700760937726,28,28.761104348475,1.32664967701305,27.3217374344018
0.0528991344778436,15.2923787366583,15,14.3568049782014,0.461988876579214,20.3811279324448
0.447649115118659,20.2693251477516,21,20.1421737969612,0.441923500221959,20.1372962750286
-0.351985018206592,10.7614190272183,11,9.08300465079547,-0.19203158393766,12.4620227609789
0.402752505399287,19.7125549449683,20,19.5003521159313,0.416125680172901,19.8207618641604
-1.58988266129018,3.76933545653732,3,1.59815564563726,-1.61823168327497,3.70870980539631
1.77257137091705,28.6339332819663,29,29.509121925156,1.33603088996953,27.3596301435136
0.119949261084734,16.1221985819238,16,15.3275741187185,0.319495636068663,18.6133370788482
-0.431068100828648,9.9876943945113,9,8.20205420135226,-0.489231745729328,9.4820884737109
-1.58806574628025,3.77408385393779,3,1.60262774317478,-1.25796216274078,4.79609617638997
-0.805641660624163,6.97742604572592,7,4.87970472880293,-0.446315890935951,9.87773415063717
-0.216646528713333,12.1756602384183,12,10.7144787483418,-0.238294483348489,11.9639018343253
0.286279214761737,18.235057388805,19,17.7897081174608,0.385965883597066,19.4470170076756
1.44466573769373,27.7988401765647,28,28.5728008747782,1.4948124731535,27.9184702847868
-1.09774865281664,5.41536903957631,5,3.23284189599847,-1.5228463823966,3.96155413389974
0.970241319644453,25.4273454554531,25,25.9785981450439,0.863833160607599,24.5426578427664
-0.0668997253378429,13.8605430197406,14,12.6802454281884,-0.173073846803482,12.6694862645715
-0.166744506745272,12.7236093410218,12,11.3519904642837,-0.299775544426126,11.3203132421205
0.556118787080674,21.561586334481,21,21.6249657945989,0.729003878980729,23.3272430538067
0.500046216055858,20.9042909269677,22,20.8720341018492,0.446362261792544,20.1914243345916
0.57579243167133,21.7859408288986,21,21.8813053489015,0.737641675494365,23.411057799481
0.126066230027558,16.1987581339742,15,15.4170555641165,0.360607329892823,19.1302835492013
0.201811649734769,17.1559949118775,17,16.534315803252,0.508305351029499,20.934672723694
0.374565817388383,19.3583838410686,20,19.0912432677093,0.629893920096105,22.309634534156
-1.94628245513217,2.94707679994567,2,0.849502249667813,-1.78050868143493,3.31972119833574
1.48313859942843,27.9220851532912,28,28.7082209843584,1.23687255707764,26.9277594522758
0.511384670761749,21.0392017933399,21,21.0267989531882,0.594415674167161,21.9216809919393
1.52155270560543,28.0374602890661,29,28.8355285565745,1.48616608252925,27.8917214009341
0.68933283230528,23.0075552012945,24,23.2703650323298,0.607404008611805,22.0650700237203
1.64073403160111,28.3516541571631,29,29.1861424316528,1.30607564066747,27.2365378634567
0.384783643539864,19.4871219338307,19,19.2400234172365,0.434071315174433,20.0412941425838
0.69452329476772,23.0602040458896,23,23.3299492526885,0.476603890779419,20.5572728162718
-0.622948787925988,8.30011839751987,7,6.31741127038853,-0.413194271134821,10.1917828317336
1.77549815148325,28.6395325638535,29,29.515639877683,1.56688739864802,28.1269452799565
-1.2793749474255,4.70454513659363,5,2.50899841908014,-1.62800856470763,3.68389895107945
-0.237932100647535,11.9461610466014,12,10.4482133933543,-0.0748741337494468,13.7743974775507
-1.11261975392689,5.35096789782269,5,3.16643148225531,-1.00444921391766,5.87410150270402
0.91281272945881,25.0032977135597,25,25.5089736062907,1.01505575758164,25.6720539014404
1.07730958701024,26.1279513298891,27,26.7494715178318,0.834230055028164,24.2928859613548
0.539558357001147,21.370117718299,22,21.4059281363636,0.47431325201482,20.5297507291547
0.27728836314824,18.1200661424849,17,17.656154104732,0.307684510901147,18.4642839345705
1.77549815148325,28.6395325638535,29,29.515639877683,1.47850342448324,27.8676885610222
-0.618207556312124,8.33825642734426,8,6.35939583568658,-0.688116265555421,7.83230732631612
0.605342234550724,22.1162390098371,22,22.2580360514242,0.694025322849228,22.9796967547886
-0.714396410669777,7.60213212141664,7,5.55422305640418,-0.790366148380812,7.11114654231957
1.22142705802184,26.9044357124725,27,27.5974408390474,0.765044309354143,23.6716092906285
2.03124473503462,29.0400299516484,30,30,1.64399674552253,28.3237819429728
-0.564133738550175,8.78648738406833,9,6.85499856513986,-0.724611648617286,7.56479040427014
-0.140079551675637,13.0220070341384,13,11.7000257792639,-0.0775010049476093,13.7441928892315
-0.422815147094689,10.0664757765662,9,8.29130840787607,-0.233613719505012,12.0137682752246
-0.254754361613965,11.766604470174,11,10.2402486786616,-0.323860466192827,11.0741102365864
0.184245934923724,16.9327112655506,17,16.2739817570991,0.272315069809292,18.0172355895696
-1.3736469150751,4.39021529765966,4,2.1966420720739,-0.923827949053789,6.29918815847823
1.64073403160111,28.3516541571631,29,29.1861424316528,1.62407527611436,28.2753322119522
1.42016516088621,27.7161103220729,27,28.4821568092726,1.77167165819343,28.5990579559425
2.03124473503462,29.0400299516484,30,30,1.5347393316823,28.0370688340832
-1.42694825725118,4.22553986258486,4,2.03534242236682,-1.67750031592729,3.56116912798547
1.77549815148325,28.6395325638535,29,29.515639877683,1.7521567287284,28.560634181911
0.231360239285638,17.5328014686287,17,16.9732259250337,0.477326738830374,20.5659511047728
-0.478590032263794,9.54344840612816,9,7.70077697355828,-0.57854033505943,8.70229339352161
-0.459958731256572,9.71568092943124,9,7.89470506189718,-0.544737702445665,8.9902676416225
0.0507997836463661,15.2666990650193,15,14.3267426924725,-0.0819756447003368,13.6928226831899
-0.291758561073719,11.3773878643022,12,9.79065527415756,-0.462300832019857,9.72885034099062
-0.0290904866524347,14.3047725509878,15,13.2003062778339,0.0334558415397601,15.049490922687
-0.700643449680921,7.70250007218877,8,5.66335454739789,-0.744676231956136,7.42250665952328
-0.497881338597284,9.36782113765606,10,7.50358264950256,-0.471388385660618,9.64500586320181
0.150434746027069,16.5049804206476,17,15.7747930915112,0.402959908613269,19.6580539499214
-0.549004962005574,8.91618126321668,8,6.99913471388952,-0.474271949266702,9.61852339366254
0.697008987971692,23.0853139601239,23,23.3583579657381,0.50321265167445,20.8745023397992
0.306358403891795,18.4916807000281,19,18.087550100399,0.351257859872814,19.0130432845599
-1.62527123501293,3.67818665293512,3,1.51264372077936,-1.91083683145016,3.03759502769971
0.406344246613389,19.7574552828197,21,19.5521718667839,0.312809165713537,18.5289768201371
-0.593609802755605,8.53914889499085,10,6.58102868420874,-0.704476626736449,7.71099252644419
0.777259460926571,23.8593541837346,24,24.2311024221056,0.938235186167739,25.1284181662424
0.606180398368289,22.1254865612398,21,22.2685719442219,0.503619756413035,20.8793189609587
-1.04470734154829,5.65551477830403,5,3.48170445023974,-0.886842502417707,6.51012483922442
-1.48490871760132,4.05571886305255,4,1.87087115677359,-1.46197999133964,4.13428112454357
0.457561114146376,20.3907845358752,19,20.281964018681,0.563971186061049,21.5796829341367
-1.0348749086744,5.70190902811041,5,3.52999297712477,-1.34856671767929,4.48447815764783
0.0376072010326772,15.1057768295574,16,14.1383372085872,0.107560388513013,15.9520732761384
-0.57805116721366,8.66881566803378,10,6.7245070269776,-0.958462506355874,6.11091377117129
-1.03143936227487,5.71826346400034,5,3.54703065169671,-1.15102347144615,5.20895017132609
0.368575522326228,19.2827435885765,20,19.0037892267881,0.269443639287001,17.9809234084294
0.406714671707642,19.7620827417588,20,19.5575118550612,0.433001432593337,20.0281895495995
-0.783737651034462,7.12091308138329,5,5.03390161735306,-0.684521155314265,7.85926807204168
0.657629746646253,22.6797114843002,23,22.8987810638809,0.777730671957835,23.7894641716829
0.297437652417709,18.3777105278339,18,17.9553098269244,0.083357285359343,15.6548689252673
0.600335924220111,22.0608624397907,22,22.1949310619553,0.707745311349079,23.1175636282265
-0.768716287556638,7.22166215505103,7,5.14243388637635,-0.508956164399181,9.30468395054635
-0.565206525397423,8.77736089308266,8,6.8448680979632,-0.550767110498669,8.93824795110209
-1.43239685108819,4.2091821727277,4,2.01941531365055,-1.68643136602669,3.53951148245213
-0.558797784782566,8.83202022446003,10,6.9055645736268,-0.677848710497345,7.90959490168191
-0.86171044907126,6.62828762414903,7,4.50638787824535,-1.09236152573354,5.45995308111919
-0.64715903710676,8.10834597357428,9,6.10673955076466,-0.590896261268483,8.59928225804989
-1.3736469150751,4.39021529765966,4,2.1966420720739,-1.50901605185735,3.99996688774775
-0.981752688606144,5.96341415156231,6,3.80334991850086,-0.687240656298399,7.83886374017046
1.77549815148325,28.6395325638535,29,29.515639877683,1.8626711970654,28.7630041861309
1.11326641672785,26.3386011188455,27,26.9800842067485,1.05117834915153,25.9071442680311
1.01709078018822,25.7478743538067,27,26.3320433011206,0.988263875643301,25.4893209896178
-0.226611705724106,12.0678983126322,12,10.5893922205224,-0.00539959206937437,14.5856911754673
-0.682920971571387,7.8342485381785,7,5.8069208612663,-0.408556540651718,10.2363409537626
-0.0480988452386685,14.0805220686717,14,12.9377374877204,-0.221413573484934,12.1443087953229
-1.36714152530141,4.4109192924834,4,2.2170412783277,-1.61582814579982,3.71483895262321
0.579283128068314,21.8253837215637,22,21.9263348118359,0.454332819780946,20.2883549891244
0.969705584879399,25.4235501609762,25,25.9744051755868,0.962852870755007,25.3092543596959
-0.151785331655178,12.8905360772078,13,11.5466206902656,-0.226950508607495,12.084962830882
0.955495228245473,25.3217883693324,25,25.861911419825,0.734312610965771,23.3788501609799
-0.423890130944987,10.0561874453785,9,8.27964641435098,-0.638798919128983,8.21160396536027
-1.64265841668028,3.63430437343567,3,1.47170240325809,-1.85738031386825,3.15042850569496
-1.84547801119587,3.16043038296456,2,1.03898772406604,-2.01842452136381,2.82149878103789
0.545155760665762,21.4350943155757,20,21.4802880576177,0.910563465755477,24.9175093676033
0.207114227826625,17.2235148392545,17,16.6130037000684,0.151486436395775,16.4966457425349
-0.364951465385166,10.6317492211554,11,8.93471119595979,-0.261403003184331,11.7194977817758
-0.621080357557634,8.31512521650997,9,6.33392817797046,-0.666839870448689,7.99344654445382
0.816506596481502,24.2116652036436,23,24.6262781873042,1.33224674642003,27.3444162960455
0.636109860944332,22.4511582317675,23,22.6391925254707,0.777789420180937,23.7900058394726
-0.616281363223203,8.35380472139319,8,6.3765206503739,-0.453337992358125,9.81211174453014
1.09416650101762,26.2281800944045,27,26.8592608845963,1.55991052500467,28.1078499378904
1.79703285935517,28.6799211445481,29,29.5628132232704,1.53080826131033,28.0257420577719
-0.0487545296363793,14.0728195676215,16,12.9287200246538,-0.21893609772105,12.1709171858324
1.45297556253437,27.8261371546875,27,28.6027512492506,1.5088793936509,27.9611657968869
-0.887706341837508,6.47502740234654,8,4.34338242828818,-1.40903621651825,4.29280492984991
-0.952531535895156,6.11545632782097,6,3.96314706539041,-0.769084593925362,7.2539947713192
-1.10052042672177,5.40327159975001,5,3.22035597705976,-1.58778015745955,3.78725026118598
1.21244908336401,26.861124996208,27,27.55026749346,0.593731230707116,21.9140822235582
1.23351354189138,26.96175190764,27,27.6598563761771,1.62652812032162,28.2813848575943
-0.599410875848116,8.49131529092649,9,6.52818392463115,-0.67512559205096,7.930241536762
0.34008551493423,18.921555671301,18,18.5858096197597,0.236178073562606,17.5604400894916
0.884605366102778,24.7820410764369,24,25.2630312658748,1.14837525658893,26.4786505185621
0.800363895227218,24.0688537619141,24,24.4662562096485,0.980569607791385,25.4354982966117
-1.14160817012883,5.22890017149552,5,3.04096523324347,-1.07917803231828,5.51903401477635
1.19374138124072,26.7688253262624,27,27.4497027829163,1.24592667161971,26.9701808690541
-0.676925392420124,7.8794336134467,9,5.85624086562999,-0.563588491214612,8.828568169628
-0.448898242627964,9.81911766012741,10,8.01142608349004,-0.564215971733655,8.82323340230189
-0.470630295483461,9.61671947874537,8,7.78321241814159,-0.0264637743800177,14.3372163079845
-0.948771450656967,6.13546138713328,6,3.98421742842627,-0.98091508838088,5.99346290614526
-1.78243182546523,3.30084863407126,2,1.16544096644522,-2.1848552411432,2.51298565437578
1.77549815148325,28.6395325638535,29,29.515639877683,2.12533192570607,29.1233370223455
0.854920458794741,24.5397550060439,25,24.9930217116695,0.474195119880213,20.5283304907146
1.48505043472961,27.928004682538,28,28.7147389368854,1.37115353963099,27.4963524602782
0.244772822621855,17.7041895452658,18,17.1726782567007,-0.0313066302350382,14.2803922241482
-1.43393291643729,4.20458590381221,4,2.01494321611303,-1.24264293312452,4.8520291309538
-0.913847127426448,6.32622524045196,7,4.185645765041,-0.775587384116894,7.20994447679899
0.389030531795499,19.5405178323696,18,19.3017078534205,0.85577395167312,24.4756101803558
0.267543291006163,17.9954067190126,18,17.5113074821671,0.569950219971813,21.647482452068
0.994095928655662,25.5933393080189,26,26.1618033018627,1.24247333518297,26.9540748870481
0.58466492820465,21.8859751322773,21,21.9954864494456,0.66077182053534,22.6374335550846
0.0784930506054558,15.6069848704535,15,14.725017125909,0.18369034156497,16.8994416110902
-0.46370510741784,9.68084502840526,10,7.85543798139178,-0.732330740617337,7.50964975101978
-0.273809292423489,11.5651835015895,12,10.0073669022483,-0.183942122402407,12.5503142163065
1.06250884926767,26.0377613360332,27,26.6505781132378,0.517975921341235,21.0484228123692
0.0718697306341276,15.5253022380235,16,14.629433280342,0.252749961875112,17.7698428372344
1.09414131859223,26.228032318276,26,26.8590990968197,0.683889492075922,22.8765804699059
0.156407999443307,16.5803214294513,17,15.8627645839269,0.371904938117124,19.2716369392513
-0.0437512267727775,14.1316504789995,15,12.9975967366814,-0.114797766194854,13.3191456187076
0.286416813004296,18.2368169732839,18,17.7917513051031,0.403354594676978,19.6629421038646
1.5415757514786,28.0947171341405,28,28.8989443797483,1.19342229753225,26.7152543044923
0.124094858381292,16.1740704486829,17,15.3882028077224,-0.196578767028311,12.4125475122713
0.0621760519896544,15.406087795043,16,14.4899083586736,0.0634807946225571,15.4124931746592
-1.2348245126791,4.86483605984882,5,2.67029806878722,-1.90954799696726,3.04027088703776
0.593197948797086,21.9814911932008,22,22.1044426366073,0.910257193291687,24.9151293142639
0.0951201529944723,15.8128286529808,16,14.9658319316806,0.167613438930369,16.6980305192187
-0.284526798606371,11.4528227156878,11,9.87765509860368,-0.234017322590971,12.0094637353747
1.18970130726317,26.7485231772787,26,27.4275756802215,1.69739338676639,28.4460005592638
0.0401126734923288,15.1362778511153,15,14.1740497542938,0.212206369169594,17.2580193278493
0.710247302575423,23.2179102308932,24,23.508277293087,0.69714896857622,23.011258951426
-1.78243182546523,3.30084863407126,2,1.16544096644522,-1.07822939444776,5.52332474529686
1.19582241422484,26.7792313453852,28,27.4610431577849,1.81955495841973,28.6883238286917
1.13721548291463,26.4724457239417,27,27.1263652669918,1.06826103553775,26.0139189166783
0.337062779448099,18.8831142848063,18,18.54128753328,0.212760868192847,17.2650060662216
-0.0427127594970296,14.1438772688762,14,13.0119119625636,-0.094314222174043,13.551700516931
0.31591398935144,18.6136593473935,19,18.2290185224994,0.231330063127687,17.4992240190835
-0.234944556276312,11.978218001244,12,10.4853761101038,0.0814784939828787,15.6318913006195
0.157768614762029,16.5974973111329,17,15.8828173622277,0.163249057229836,16.6434624707947
0.344473423736266,18.9773218631757,18,18.6503846837979,0.431022954083209,20.0039410523812
-0.344331244129941,10.8384592499279,12,9.17122652014839,-0.629983286570107,8.28153820445579
1.77257137091705,28.6339332819663,29,29.509121925156,1.50072241717965,27.936531071289
-0.432287624715906,9.97609313987975,9,8.18891966851129,-0.498414961178856,9.39913834049534
-1.41997129785867,4.24661069967776,4,2.0558845336343,-0.96245560074957,6.08976543741131
-0.0612307902707504,13.9266795739154,14,12.7576504093418,-0.236134595925512,11.9868971360738
-1.22949613075632,4.8845651531806,4,2.69023690243205,-1.24702501645561,4.83592679982402
-0.5791129086257,8.65990364493431,10,6.71463513339052,-0.130713892366367,13.1399454635107
0.415797057159911,19.8753479313688,20,19.6881828374842,0.170086840211892,16.7289769757221
0.454476482337829,20.3530484869361,20,20.2385416047334,0.336984801142134,18.8336665509132
1.77549815148325,28.6395325638535,29,29.515639877683,1.68731739723353,28.423758281326
1.41003039382673,27.6808840388732,28,28.4436122622034,1.43460862351135,27.7238890175692
-1.59638052758626,3.75240953317458,3,1.58222853692098,-1.32507995467905,4.56227917438494
-0.467677814088876,9.6440159484972,9,7.81394780465922,-0.548763626983221,8.95550214942487
0.019065816761985,14.8809602652591,14,13.8750808652852,-0.0960901915355693,13.5314520037986
0.0105647429176193,14.77842461519,14,13.7550020922819,0.0778209442447888,15.5871992714884
0.58506479071846,21.8904662975043,21,22.0006110610241,0.761778334436018,23.6409841316314
-0.815062267079489,6.91695288720918,8,4.81485118492134,-1.0085040524907,5.85391413271272
1.58321188793807,28.2078058470356,28,29.024761802839,1.94302627878778,28.8892036508231
-0.822153718244104,6.87191859693169,7,4.76660666586796,-0.813136866766064,6.9624723634158
-1.94628245513217,2.94707679994567,2,0.849502249667813,-2.58072499381497,1.8855604850798
-0.757302940549023,7.29949915600776,6,5.22643139319736,-0.849292137669955,6.73513938386732
-0.460777230928753,9.70806138338486,8,7.88611444757779,0.0130226536318044,14.8047239654029
0.151064566087238,16.5129194621367,17,15.7840639153898,0.376959952304254,19.3347611757063
0.217319045548197,17.3535884379929,18,16.7645435321088,0.202974367746606,17.1417677545503
-1.28519917662177,4.68418195873531,5,2.48859921282635,-1.05081535609364,5.64966451908508
1.77549815148325,28.6395325638535,29,29.515639877683,2.3832085986145,29.3632698322223
-0.889607873768291,6.4640254069844,6,4.33170185192017,-1.31667197868004,4.59061701294544
0.332137839096,18.820440262222,18,18.4686849339782,0.0961639620910462,15.811857044908
0.387926590276346,19.5266446265185,20,19.2856825103677,0.569944243606315,21.6474148345159
-0.173579760293002,12.6477428038607,13,11.2635916256793,-0.533327085411686,9.08947988724842
2.03124473503462,29.0400299516484,30,30,1.3569052086245,27.4418518157134
-0.66033563321149,8.00607499240559,8,5.9946930266511,-0.835505562232931,6.82057308688722
2.03124473503462,29.0400299516484,30,30,1.16213788434956,26.5527532197359
-0.127388686762283,13.1653784391716,13,11.8674205952912,-0.0836824764208197,13.6732545574578
1.77549815148325,28.6395325638535,29,29.515639877683,1.83470894744993,28.715163485191
-0.952596212856349,6.11511311352363,6,3.96278566405441,-0.871230520078071,6.6023262269563
-1.71312394368116,3.46211227905958,2,1.31248647628891,-1.33832455822604,4.51816362151615
0.542709660734608,21.4067314533737,21,21.4478327363253,0.269231319304346,17.9782384110405
-0.965806491157131,6.04563841851229,6,3.88969238031066,-0.997658013416526,5.90815901956417
-0.243057159547188,11.8912862993049,12,10.3846221019387,-0.394041804935977,10.3767028213371
0.255390326975076,17.8399545714049,18,17.3305902173556,0.627334555676288,22.282045569938
-1.65906778492228,3.59341215517099,3,1.43368438004403,-2.04111111462675,2.77767978865856
0.679751160896486,22.9096010767874,23,23.1594410277461,0.701254881991122,23.0525906049272
-1.04431852074852,5.65733792340678,7,3.48360079695264,-0.822337343354883,6.90361288744472
-0.405613177840507,10.2321868017168,11,8.4793886739882,-0.266625163415674,11.664680177414
0.867740266693266,24.6455853668814,24,25.1110492785823,0.540169669767128,21.3068495072663
0.183543987724614,16.9238021597647,18,16.2635906213358,-0.0153700352582354,14.4678138250737
0.0301127512176679,15.0147131551154,14,14.0317083580206,0.0700563754698328,15.4924998973025
-1.24588607134363,4.82426843246507,5,2.62935675126595,-0.853106272122119,6.7117735973932
-1.15424522908919,5.17707121971926,4,2.98786273012549,-1.15158000276315,5.20665780337047
-0.366638733125238,10.6149547634374,12,8.9155230363542,-0.236429571561077,11.9837551509268
0.82208953162619,24.2603749786854,24,24.6808054558456,0.892262367356687,24.7735207172
1.16283685038684,26.6101132753646,27,27.2766448775038,2.04138586164319,29.02357598897
1.77257137091705,28.6339332819663,29,29.509121925156,1.87696155151506,28.7866393509253
-1.84829751579656,3.15428152562149,2,1.03348306841046,-2.03681441072739,2.78593413023798
1.60901202041724,28.2740338801507,28,29.0988523072072,1.68612764532804,28.4211073999696
1.57584793643616,28.1883734227878,29,29.003083191757,2.1198737958337,29.1172254196739
0.607721853499038,22.1424757936972,23,22.2879263731855,0.988785520466355,25.4929481154856
-0.276599176552073,11.535869973916,10,9.97351256883253,-0.197739573090398,12.399935308676
-0.72722819822368,7.50996137167869,8,5.4541879016986,-0.855667623906636,6.69614780774747
0.316667443837281,18.6232720360903,20,18.2401642840287,0.226910201354626,17.4434359157892
-0.525085731709526,9.12495490274847,9,7.23183802370636,-0.319582964636703,11.1175866333537
-1.47117119075328,4.09515540305965,4,1.90888917998765,-1.0079636133158,5.85659842209148
1.00525967935371,25.6690286922529,26,26.2452229576352,1.74086252865909,28.5378295670716
-0.793292343636234,7.05782556331158,7,4.9660506990622,-1.12473935045216,5.31908031919083
-0.700577661721966,7.70298411795106,7,5.66388136004492,-0.583459172141022,8.66113905066335
0.986796201602908,25.5431635171784,25,26.1064624065896,0.864845018129152,24.5510257354576
-1.29572215179927,4.64772319569417,5,2.45212999284259,-1.89859250086085,3.06310385992294
0.667910579234417,22.7871964093539,24,23.0207096573619,0.951537869001576,25.2269246072691
0.958061668929567,25.3403230976697,26,25.882410791642,1.33682498010283,27.3628105762153
-0.423846652084899,10.0566034130807,10,8.28011788590281,-0.780980514348999,7.17367949774415
-0.0112931094686061,14.51638890843,14,13.4481236131378,-0.225989098590752,12.0952553624183
1.58687827426948,28.2173921212288,28,29.0354659284426,1.41974105766965,27.6727281923301
-0.201674468936079,12.3386115961384,13,10.9038199529881,-0.054055999675241,14.0150009530469
-0.13953593895424,13.0281305297933,15,11.707173193272,-0.376607557937006,10.5470894440648
-1.59638052758626,3.75240953317458,3,1.58222853692098,-1.15109347211737,5.20866174806619
-0.591495556556882,8.55665173026253,7,6.60037647707665,-0.46502075338783,9.70369448253197
0.841514849023058,24.4271331160289,26,24.8672730448825,1.06825205490106,26.0138635132315
0.958698017605453,25.3449080982042,24,25.8874811101728,1.72071380108563,28.4960816039736
-0.63403045745852,8.21172049505903,9,6.22020980298679,-0.731150117252944,7.51805082488874
-0.433093177178605,9.96843566093173,10,8.18025140365292,-0.808565321227212,6.99197711420779
-1.17510124922322,5.09329847710371,5,2.90225546953994,-1.00391933528412,5.87674766870977
1.52155270560543,28.0374602890661,29,28.8355285565745,1.76973178748281,28.5952930449531
-0.638651289334156,8.17516847451692,9,6.18006344227252,-0.521492700797446,9.19342405983724
1.77257137091705,28.6339332819663,29,29.509121925156,1.55992768763721,28.1078971858897
-0.000518942168870138,14.6452603470525,15,13.5990493296941,-0.341608718149472,10.8948850207264
-0.494264344049909,9.40053745955021,10,7.54027345686533,-0.658832622228644,8.05507374088235
0.690247302566755,23.0168521792904,22,23.2808885207331,0.956099017122595,25.2602728354993
-0.0780063409993506,13.731453327887,14,12.529190370667,0.0634443437195349,15.4120501632034
0.265799607733471,17.973101100125,18,17.4853827998798,0.406021654317967,19.6959568879557
-1.25724629214209,4.78314207588713,3,2.58793221778891,-1.10416886621903,5.40789500687615
0.0268908934438039,14.975644866751,15,13.9859599488763,0.112395931596271,16.0117087997008
0.833655489563685,24.3601727780378,24,24.7924373020858,0.768253648719307,23.7015899556165
-1.26443064164639,4.75740816426714,5,2.56205389790609,-1.87911974315186,3.1040790897304
0.0670978268188764,15.4665665106094,15,14.5606938945519,0.189267988107017,16.9694546568332
-0.0796726341181316,13.7121420577424,15,12.5065968232676,-0.207367785064163,12.2956050299417
-1.37541119157059,4.384623863207,4,2.19113741641832,-1.27631821260491,4.73037309987167
0.442520268582811,20.2062538622322,20,20.0695514485968,0.34095863614575,18.8836516216753
1.4008278107678,27.6483762989071,27,28.4080663049043,1.92897799976759,28.8682795971602
1.58687827426948,28.2173921212288,28,29.0354659284426,1.73153034053805,28.5186651498914
0.277221744014932,18.1192139950745,18,17.6551641855635,0.262073188828519,17.8877197560662
0.856507612610738,24.5529563077622,25,25.0077518374412,0.997584560791249,25.5537134699891
-1.59638052758626,3.75240953317458,3,1.58222853692098,-1.84384270294196,3.17962144792103
-0.0537577165161609,14.0141185674072,15,12.8600008150397,-0.120859884028803,13.2507367140776
1.5415757514786,28.0947171341405,28,28.8989443797483,1.37041949109537,27.4935762691738
-0.755285587772156,7.31337315897195,6,5.24141689049618,-0.816075384125588,6.94359792091038
-1.47117119075328,4.09515540305965,4,1.90888917998765,-0.731200775980995,7.51769010602078
0.610872711996472,22.1771311408955,22,22.3273995229568,0.661979909167351,22.6500657154584
1.43003806557978,27.7498565518041,28,28.5191095766637,1.4684337309567,27.8356318264402
1.06584455142098,26.0582682020825,26,26.6730724230875,1.32429566895632,27.3121359746611
-0.622460664686157,8.30403604840184,9,6.32172270715162,-0.210765993814643,12.2589022960846
-0.140013601636637,13.0227498395989,13,11.7008927797292,-0.160369847002338,12.8095847871559
0.48131431555403,20.6793756571236,22,20.613774142877,0.305709995395289,18.439350256481
0.0186352924053094,14.875759233465,15,13.8689901006197,0.264060863512333,17.9128541939428
0.605244745101306,22.1151629561017,23,22.2568100429625,0.539221604191219,21.2958875247108
0.0137192652374099,14.816432641595,15,13.7995135810117,-0.139967265520193,13.0363689521446
-1.45441320473744,4.14393430873144,4,1.95606252557507,-1.85918272202093,3.14656102073561
1.00947729434061,25.6972967487214,26,26.2763592498941,0.775817177726436,23.7718007892335
0.639251081070802,22.4848169560027,22,22.6774487821509,0.590797433394928,21.8814630736746
2.03124473503462,29.0400299516484,30,30,2.14388036973073,29.1437399316041
0.458823594243426,20.4062126139047,20,20.2997146169134,0.444296815996086,20.1662503681612
-1.23562900872051,4.86186797048846,5,2.66730000003366,-1.15053722937564,5.21095433470833
0.0304477127368128,15.0187776727841,15,14.0364677755988,0.038860793454595,15.114549063263
1.58687827426948,28.2173921212288,28,29.0354659284426,2.21030955421774,29.2124077164974
-1.12712288647392,5.28933373396776,6,3.10301274797926,-0.728674771033072,7.53570310198023
-0.641600539660453,8.15193419560024,7,6.15455840833278,-0.731574920025854,7.51502665950236
0.478829483836244,20.6493578419913,19,20.5792833368738,0.59494480421789,21.9275525532608
0.228408678775353,17.4951095683725,18,16.9293464551766,0.0565956227472714,15.3289113793262
-0.543272751677399,8.96580092172487,7,7.05436598220412,-0.613059694482708,8.41758473595579
-1.65906778492228,3.59341215517099,3,1.43368438004403,-0.919237862594962,6.32480334869543
0.240180786342289,17.6454941770789,17,17.1043849336255,0.2667009358304,17.9462394438739
0.3659961237372,19.2501375985139,19,18.9660820998194,0.479420949632733,20.5910751230019
1.77257137091705,28.6339332819663,29,29.509121925156,1.86351346124698,28.7644122329968
0.813250375187369,24.1830938398104,24,24.5942819578423,0.714440776630452,23.1841222275365
0.683825004799459,22.9513689558679,24,23.2067497961532,0.879878682127835,24.6740370133445
0.573020921055383,21.7545450935271,22,21.8454549010996,0.419231432880165,19.8590349645259
-0.433608420075758,9.96354020451695,10,8.17471027510692,-0.170384094056714,12.6990770277137
1.41280826186066,27.6905988222895,28,28.4542393644476,1.26303115062158,27.0486251586481
0.103106301776903,15.9120844763976,16,15.0819164214302,0.0748002047923672,15.5503285249178
-1.34427893674058,4.48478888124421,4,2.29003206914276,-1.92850726815287,3.00112336464356
-0.791111535261713,7.07215698408497,9,4.98145671659434,-0.852281035341796,6.71681920912297
1.35520960218336,27.4796434715809,27,28.2238608620414,1.21312573185474,26.8134773190964
-1.43393291643729,4.20458590381221,4,2.01494321611303,-1.27567073891823,4.73266781884542
0.102620818974036,15.9060436907373,16,15.0748521035482,0.340614079479485,18.8793188714743
-0.934654683203481,6.21148463059742,7,4.06438191508532,-0.815114133917405,6.94976433836995
0.395465803279986,19.621294706006,20,19.3949963230886,0.598021513297791,21.9616434066167
-1.03826901453834,5.68582527830975,5,3.51324513560168,-0.905895900738355,6.40015858456736
-0.0375531378202867,14.2047076370259,15,13.0831355547215,0.341078590661219,18.8851599744872
1.64073403160111,28.3516541571631,29,29.1861424316528,1.65250675434091,28.3439935018486
-1.06682019198475,5.55335998430696,6,3.37561345144521,-0.600551937112094,8.51963563411074
0.347021288457801,19.0096819325578,21,18.6878496759244,0.313363454884498,18.5359722383826
0.22029819128822,17.3915910559045,17,16.8088056104488,0.0241158590277004,14.9373740566389
0.10087999318629,15.8843902282923,15,15.0495290176094,0.0100228047598974,14.7689493232648
0.204698903462566,17.1927533540203,18,16.5771562890312,-0.196834610451204,12.4097671391206
-0.831553198825046,6.81286848044099,7,4.7034147285844,-0.725357818628444,7.55943822606325
-1.43393291643729,4.20458590381221,4,2.01494321611303,-1.86472636180016,3.13469399447418
-0.17667856520209,12.6134326138889,13,11.2236265360608,-0.582688476251176,8.66757447925494
-0.181181605943089,12.5636686598551,12,11.165675227114,-0.527134932626418,9.14373481270262
0.554959897643425,21.5482639059697,20,21.6097331075035,0.250019283613081,17.7353251831612
-0.79110247816378,7.07221658752033,7,4.9815207984182,-0.570418936822862,8.77066308444383
-1.12659579073157,5.29155381759852,6,3.10529471076104,-1.55035631719919,3.88652392272096
-0.186006687365273,12.5104696548945,14,11.1037433412821,-0.120276854536412,13.2573077080649
0.787615762981048,23.9540024657744,25,24.3373998584943,0.684565532792524,22.8834913537307
0.693855697243799,23.0534487017312,23,23.3223054449891,0.591184585634486,21.8857720191542
-1.84547801119587,3.16043038296456,2,1.03898772406604,-2.74013315857538,1.67032591383948
-1.8865363559052,3.07194499647454,2,0.96002838333071,-2.15949298749974,2.55812809112328
0.409681227445831,19.7991197128541,19,19.6002477374873,0.391112788099849,19.5110460225934
-0.183925797550748,12.5333968006293,13,11.1304315667361,-0.464296421900606,9.71038855891801
-0.731265501443427,7.48125556008802,6,5.4230687889419,-0.573290282997778,8.74643107476619
0.883880960299694,24.7762443083263,24,25.2565795689908,0.724700918110885,23.2851911718579
1.77549815148325,28.6395325638535,29,29.515639877683,1.57547328633707,28.1501398043416
0.160392910575647,16.6306401043218,17,15.9215087507688,0.286031491354116,18.190677989007
-1.24466982747752,4.82870348974487,5,2.63382884880346,-1.60565450496867,3.74091375763078
1.77257137091705,28.6339332819663,29,29.509121925156,2.38948502446912,29.3680891236396
0.306969736015793,18.4994878939762,18,18.0966067247908,0.266403705062404,17.9424807364208
-0.0489411056291832,14.0706282126794,14,12.9261545810781,-0.158539421941268,12.8298411088151
0.0705283419786045,15.5087818096037,14,14.6100997820186,0.0263858181922202,14.9645865920249
0.742573574481859,23.5335861884823,22,23.8645196217449,0.879456307906813,24.6706145597703
-0.822390732462453,6.87042063978558,8,4.76500269197461,-1.0046524847013,5.87308688578243
-1.43393291643729,4.20458590381221,4,2.01494321611303,-1.51774974391799,3.97565464189754
-0.378514431938324,10.4972678943732,9,8.78118304958314,-0.221663761974192,12.1416236053932
-0.154437591597673,12.8608510964306,12,11.5119967510185,-0.0381413919842596,14.2003907961838
0.293954150915659,18.3331858607255,19,17.9036320289346,0.558702473865215,21.5196886854404
-0.176517262801514,12.6152172649316,13,11.2257051274943,-0.0937328688435395,13.5583322630355
0.69604291228485,23.0755628519001,23,23.3473264979465,0.919298285069265,24.9849653127023
-0.324523629868838,11.0395304791814,11,9.40187752688925,-0.516035641040372,9.24171033344891
-1.21135215116529,4.9526826421197,5,2.75921596831856,-1.42031169574988,4.25835237992836
-0.788810901439945,7.08731939191946,7,4.99776083019802,-0.604401607823314,8.48809084402574
-1.45818815610592,4.13288065046906,4,1.9453583999714,-0.941797031981857,6.20041446900838
0.065553326792109,15.4475765253363,16,14.5384682951702,-0.10238174618582,13.4598498496943
-1.83508479608775,3.183190634604,2,1.05938693031984,-1.57860217375689,3.81130885797728
-0.441800360659417,9.8859565910197,9,8.08694915999264,-0.344332133069635,10.867551434891
0.768817417059564,23.781308864194,24,24.1433794892797,0.660903328346612,22.6388093570149
0.977972862379361,25.4817869032351,25,26.0387235759455,0.942426093596145,25.1596526201547
1.54575306398344,28.1064221418874,28,28.9119304681338,1.50710481344993,27.9558351418583
0.305103771571932,18.4756567173719,19,18.0689608566171,0.433721254041288,20.0370069981551
-1.45660905380935,4.13749982662076,4,1.94983049750892,-1.13985667318738,5.25528933176101
0.786954834354471,23.9479981392348,25,24.3306593985603,0.724148910680232,23.2797821670461
-1.18926195918428,5.03763276357567,5,2.84552940332206,-1.91356147425486,3.03194523927014
-0.892870717087291,6.4452125845246,6,4.31173528941049,-1.01881544107756,5.80306933427025
-1.24588607134363,4.82426843246507,5,2.62935675126595,-0.8321963097693,6.84130878308638
-0.195905790578439,12.4017293602689,11,10.9772184849536,-0.054348379286853,14.0116067676323
-0.387464013847751,10.4091852856147,10,8.68077696846267,-0.717717187675044,7.61446601743219
-0.755440770751003,7.31230467498122,8,5.24026266258127,-0.570036432412887,8.77389605089737
-0.456954387636161,9.74369032460578,9,7.9262929766524,-0.696932094877601,7.76665593915244
-1.16930787981458,5.1163523323206,6,2.92578598955591,-0.615909282109674,8.39451302626937
-0.79391558830808,7.05373721622912,7,4.96165660926228,-0.947173185944285,6.1713228040406
-1.41997129785867,4.24661069967776,4,2.0558845336343,-1.81993957988171,3.23180258886422
0.618087328885327,22.2561157719125,23,22.4173301187674,0.579714127137943,21.7575421704716
0.944127714875657,25.2388592762624,25,25.7701378810923,0.886244817900011,24.7253866006608
0.110011468461691,15.9981000788924,16,15.1824964371635,0.063155034552552,15.4085341963978
0.272198457493264,18.0549569854831,19,17.580509458053,0.358938241904356,19.10937006535
2.03124473503462,29.0400299516484,30,30,1.48495202389497,27.8879342944618
-1.65906778492228,3.59341215517099,3,1.43368438004403,-1.66293424152699,3.5968062114564
0.970782249371066,25.4311745309451,26,25.9828282468256,1.03571599388013,25.8080766005252
0.0517661641503318,15.278517594177,16,14.3405783431488,0.120351289630628,16.1099972567551
0.8910208289377,24.8331268740227,26,25.3198708768782,0.927490886595965,25.0474940070326
-1.64265841668028,3.63430437343567,3,1.47170240325809,-1.2691028679175,4.75604161099086
-0.211595699919472,12.230491972157,13,10.778165246547,-0.508961956810029,9.30463227333352
0.535116959053462,21.3183748983736,21,21.346693161384,0.551688799327082,21.4394678828575
-0.544103142314691,8.95859660820648,10,7.04634396922833,-0.418382740254715,10.1421015748258
-0.278624749793961,11.5146156433,11,9.94897203780099,-0.530518310282549,9.11405397461665
0.00326092171243922,14.6906064394512,15,13.6521558668951,0.0330989354847049,15.045199475036
-1.2021173173229,4.98792160192311,4,2.79498231943605,-1.30626025825548,4.62607384146504
0.57999132047498,21.833372248359,22,21.9354534535944,0.927483063288119,25.0474346374862
-0.325623432337145,11.0283026744327,11,9.38898324629036,-0.591915152754049,8.590842321028
-1.3736469150751,4.39021529765966,4,2.1966420720739,-0.748266513738128,7.39740528854539
0.923690967072976,25.0863187693503,24,25.6010986610311,1.13404610429322,26.3997573183316
-1.27449191120195,4.72172023971593,5,2.52622049721086,-1.20690100239705,4.98654559711918
-1.29572215179927,4.64772319569417,5,2.45212999284259,-0.927543941370419,6.27856602155297
-1.45635248379212,4.13825097870292,4,1.95055786991948,-1.2233543095744,4.92390785928214
0.953042380189398,25.3040093729722,25,25.8422437294904,0.942241989995001,25.1582843985216
0.965399168729314,25.3929339649456,26,25.940574187294,0.878442675761686,24.6623932988623
-0.996061231084952,5.89112803733726,5,3.72759445661083,-0.975264420543195,6.02268869054237
1.42993399078612,27.749503719043,28,28.51872306944,1.38416701586546,27.545008205443
1.3847407203266,27.5903341716469,28,28.3446504817305,1.20368527742754,26.7668064488746
0.340472719795252,18.9264784566815,20,18.5915105984331,0.376841663604699,19.3332849703825
0.139037002706996,16.3615169997153,17,15.6072299109649,0.32972558107391,18.742277723408
-0.303897734032513,11.251461703926,11,9.6455788616836,-0.436422043727336,9.97076824045287
1.3847407203266,27.5903341716469,28,28.3446504817305,1.44815920625822,27.7694180797339
-0.712431592351584,7.61637105739641,8,5.56969260177556,-0.906150967233918,6.39870533532514
0.240935022073137,17.6551336805435,19,17.1156016543488,0.0419122004821295,15.1513348444492
-0.426585812446249,10.0304230413766,11,8.25044990060185,-0.575637564885565,8.72667023651236
-0.148034857473334,12.9325778574149,14,11.5956660787252,-0.0843761401639906,13.6653062251846
-0.0578305238126115,13.9664287204068,15,12.8041763861696,0.0547856673357866,15.3069726292161
1.21244908336401,26.861124996208,27,27.55026749346,1.1055102254996,26.2372364023925
-0.250724237262607,11.8094735458295,12,10.2898701618482,-0.376920326121004,10.5440157202563
0.0344822967748467,15.0677752472235,16,14.0938411435289,0.144383144388921,16.4081728915542
-0.838485280614933,6.76978487438746,8,4.65735785639531,-0.625000903525332,8.32134681446101
-0.653221053425968,8.0611104506053,7,6.05496272065017,-0.68383644882552,7.86441521568796
-0.105557959771146,13.4140276378796,14,12.1579574615981,-0.236843437341778,11.97934759608
-0.653320070786118,8.06034151444458,9,6.05412023092843,-0.296757026544545,11.3514084945537
0.000636478592721364,14.6591142662808,15,13.6152741981706,-0.133258896955495,13.1114135982252
0.476923474313823,20.626304437856,21,20.5527911380999,0.354198722761358,19.0499448517898
-0.198139362428371,12.3772689046952,11,10.9487700864452,-0.24998337406015,11.8399040377471
0.77353770811544,23.8250458578149,24,24.1925478110453,0.800350771920473,23.9952257361535
0.199722332361163,17.1294047188219,16,16.5033228888951,0.0575297357619455,15.3402393110806
0.373899401071083,19.3499747793875,20,19.0815222300968,0.205190694575228,17.1696633343421
1.77257137091705,28.6339332819663,29,29.509121925156,0.948534072541777,25.2048439051248
0.46761905883232,20.5134244067104,21,20.4230286870453,0.545452027127736,21.3677965095174
-0.544545683695454,8.95475944278065,9,7.04207168831587,-0.379212727280456,10.5215060444395
2.03124473503462,29.0400299516484,30,30,1.65461589601961,28.3489586919871
-0.0923362991454137,13.5658554677245,15,12.3354812350108,-0.346649577489353,10.8443278644608
-0.768208111135299,7.22510413653201,8,5.14614558112972,-1.51593709470783,3.98068498550359
0.99999909878748,25.6335193700816,26,26.2060961666778,1.20810663453387,26.7887532105922
-1.11329305552831,5.34808116202079,6,3.16345810641303,-1.22852395905233,4.90448120413213
-0.909568661826026,6.35022156870368,8,4.21104705267047,-0.508995201134591,9.30433568764503
-0.836943751935658,6.77933159048791,7,4.66755985102204,-0.899905479478257,6.4344318243543
0.847726147609688,24.4795639974942,26,24.9258337527989,0.734886053704667,23.3844065514797
-0.433999703763975,9.95982375647194,10,8.17050393170017,-0.635670143260074,8.23635097607429
0.246382722059967,17.7247709146407,17,17.1966218297679,0.154796786130985,16.5379260141936
-1.837355852233,3.17820447039111,2,1.05491483278232,-1.84677520902394,3.17327588085582
-0.285201615362571,11.4457706090307,11,9.86951893374705,-0.343870126944473,10.8721851941624
-0.771685225683846,7.20159698784046,8,5.12080141339827,-0.621805356917907,8.34698623885629
-0.0892232839369201,13.6017376724363,15,12.3774476702627,-0.10184430778388,13.4659583132676
0.302123448057489,18.4375855700109,20,18.0247903669005,0.81302843349529,24.108088404999
0.833426117905235,24.3582081939248,23,24.7902408679033,0.941412851853046,25.1521179848802
-0.501537367975822,9.33485237710053,9,7.46662884247987,-0.717194124224088,7.61825115979838
-0.114704197112639,13.3095429502992,15,12.0358393516865,-0.278949073869148,11.5359258800452
-0.692224612494186,7.76474705810106,9,5.7311407374253,-0.436779659473649,9.96739386555939
-1.24466982747752,4.82870348974487,5,2.63382884880346,-1.38247058266692,4.37553971453172
0.66347009122678,22.74090818262,23,22.968213415474,0.887794182197858,24.7378173681682
-0.569352220286299,8.7421801766226,10,6.8058324780485,-0.575933388053186,8.72418291643069
1.05423812949717,25.9864589335768,27,26.5942814372522,1.40949573526654,27.6367225379084
-0.0342001324235782,14.2443111693284,14,13.1295079552383,0.109385622123732,15.9745737053177
-0.437417442778992,9.92740734579597,10,8.13382452973987,-0.536455921684016,9.06217632576644
-1.59638052758626,3.75240953317458,3,1.58222853692098,-1.70904235236278,3.48531873986701
-0.808010025638817,6.9621531835061,7,4.86331806874107,-0.539800281090944,9.03307473172863
0.425348897950497,19.9940458243335,19,19.8250492729056,0.157913535816378,16.576819844285
1.77257137091705,28.6339332819663,29,29.509121925156,2.27846892684071,29.2763194140248
-0.633536810048875,8.21563611799508,7,6.22451206231454,-0.684247247614894,7.86132664465157
-1.28391856753928,4.68864799260345,5,2.49307131036386,-1.55225247910573,3.88141797164808
0.282765711383545,18.1901241461744,18,17.7375281740726,0.191070915579168,16.9920996977622
-0.544313582833919,8.95677173685166,8,7.04431213115744,-0.283190876699296,11.4918093501688
0.225391765153805,17.4565934717593,18,16.8845017351495,0.353852601299597,19.0456028672537
-1.59638052758626,3.75240953317458,3,1.58222853692098,-1.20360853867052,4.99923032645033
0.827593840112403,24.308056347896,25,24.7341552161052,0.784598611631045,23.8525313798498
-0.938803538435146,6.18899057442345,6,4.0406473241764,-0.670931589262319,7.9621621901622
0.922809422414885,25.0796384045228,26,25.5936889679304,0.720239563914052,23.2413820305326
-1.07273132753737,5.52655338238673,6,3.34782889865573,-1.2678202858629,4.7606267028024
-0.617329580984814,8.34533959508607,8,6.36719660271576,-0.734840850499202,7.49182744333798
-0.884233242494328,6.49519508466855,7,4.36480138034104,-0.75326993679137,7.36260514744777
-0.0827301645344988,13.6767451462217,15,12.4651862728473,-0.153893393501592,12.8813357567594
0.238638057393273,17.6257788280074,16,17.0814425959451,0.254929130582651,17.7973917470984
-0.50912734247838,9.26673361966053,10,7.39034056551408,-0.720613153149798,7.59355123266299
-0.0573472294286037,13.9720832932186,12,12.8107952552465,0.224373917378936,17.4114328202109
-1.33546840092219,4.51372877196829,4,2.31871467068916,-1.15103217927167,5.20891429114732
-0.592359510261389,8.5494949909415,7,6.59246462024491,-0.281504997860472,11.5093308954245
0.413389626905767,19.8453622413531,19,19.6535956566756,0.450852101768747,20.2460683214673
-0.269675608720747,11.6086999189559,11,10.0576422859154,-0.244991974684526,11.892760906215
0.110693990821432,16.0066116616472,16,15.1924482113052,0.0606756670475821,15.3784167505779
-0.978371967012958,5.98069846888915,7,3.82148489536905,-0.708251420736928,7.68332254863578
-1.24588607134363,4.82426843246507,5,2.62935675126595,-1.06017642779835,5.60600810621887
-0.413989940803357,10.1512392415886,11,8.38745694381859,-0.0421590196869738,14.1534711564985
-0.0264777497199275,14.3357394584922,15,13.2365688161276,-0.19103301255916,12.472902535911
0.679260425414578,22.9045577045032,22,23.153727557077,0.811835208074218,24.0975410889994
0.654563725230459,22.647441810854,23,22.8621558467107,0.616789897712885,22.1677174362382
2.03124473503462,29.0400299516484,30,30,1.37746027278487,27.5200648210056
1.64557124871465,28.3631344534136,29,29.1990990592024,1.83411300431011,28.7141203243147
-1.35045969493315,4.46464584920418,4,2.27009675715365,-0.962735896742848,6.08828518927274
-0.723430497519385,7.5370920381096,8,5.48361518360593,-1.17120060258919,5.12685625651839
0.206624122933166,17.2172720663156,16,16.6057290689648,0.00571918402250604,14.7176993285998
-0.121969105530607,13.2268686962003,12,11.9392446330312,-0.264693520092812,11.6849389576361
-0.816451993752587,6.90809451776917,7,4.80535784863349,-0.324465144362939,11.0679730698705
0.743963493249319,23.5468991159464,24,23.8795218101722,0.60509986254451,22.0397456341005
-0.21225886645653,12.2232845018921,13,10.7697923566136,-0.200553850176596,12.3693882612184
-0.841639594041057,6.75031066961794,7,4.63655325303202,-0.898389776825498,6.4431471671259
1.52155270560543,28.0374602890661,29,28.8355285565745,1.38320640315258,27.541452696244
-0.451602323770159,9.79374831881172,9,7.98278108705888,-0.383606304055512,10.4784573952054
0.00569895775368974,14.7198917518043,16,13.6864528797049,0.0610376648963598,15.3828124277395
-0.303707265808913,11.2534307358564,11,9.64784580381652,-0.236253431875682,11.9856312761698
1.19374138124072,26.7688253262624,27,27.4497027829163,0.946588187653407,25.1904893597067
-0.164413298305231,12.749542590381,11,11.382216258032,0.0257398642189489,14.9568404568014
-0.940483602089169,6.17991761675148,8,4.03107759955286,-0.955461964849998,6.12688024419205
1.04001765347472,25.8967155372313,26,26.4957240844315,0.677798906424692,22.8141060017085
-0.61180026912075,8.39009711606319,9,6.41651170153927,-0.276729363017329,11.5590526982885
0.566481082147091,21.6801863533052,21,21.7605177262342,0.359636592201076,19.1181212180699
1.43821974366292,27.7774023614309,28,28.5492945683814,1.18547247834154,26.6747308184626
-1.23855719461968,4.85108828127858,4,2.65641491575219,-1.42560999203727,4.24229577808422
0.791408161575292,23.9883602170362,24,24.3759623532066,0.675218393576594,22.7875210370063
2.03124473503462,29.0400299516484,30,30,1.58750482593256,28.1820861762479
1.4328226919115,27.7592741488114,28,28.5294271950437,1.65236482985074,28.3436587675749
-0.23198361332272,12.0100394544286,12,10.5222756336631,0.13351079127707,16.2730474400963
2.03124473503462,29.0400299516484,30,30,2.8586594802615,29.6354130570898
-1.64265841668028,3.63430437343567,3,1.47170240325809,-1.21903893493326,4.94021661960453
-0.188859356085076,12.4790779138428,12,11.067208252512,-0.208254101092374,12.2860262328159
-1.37291663421507,4.39253266751847,4,2.19892403485568,-0.899255763113341,6.43816556009129
-1.46196776320517,4.12185181009015,3,1.93468662987918,-1.08665204273063,5.48541471153222
-0.783565605646173,7.1220561419018,7,5.03513177020618,-1.11047926875877,5.38039814930375
1.31491671109731,27.3195656807416,28,28.0494185334785,0.975728232784988,25.4013213585226
-1.81671948704314,3.22377745081799,2,1.09585615030359,-1.91080529822952,3.03766047083126
0.308798828977859,18.5228442183309,20,18.1236992731371,0.304990479883535,18.4302634108581
0.538811910137946,21.3614329293926,21,21.3959870532496,0.408471510717211,19.7262572460104
-0.84417811331389,6.7346971997661,8,4.61987924926461,-0.670261404672661,7.96727665739234
-0.534919993186215,9.03857201539853,10,7.13545262589622,-0.781140949844761,7.17260440499964
-1.19903222335024,4.99978124428228,4,2.80703170418677,-0.780209332213896,7.17885025857852
0.295292139294301,18.3502886326523,18,17.9234834831055,0.471705471983893,20.4983789335323
0.76551575478616,23.7505678438676,24,24.1088089605553,0.591239464987386,21.8863827092007
0.256358719086181,17.8523400765407,18,17.3449923736884,0.245368347034257,17.6765443238486
-1.64074494549154,3.63910546202185,3,1.4761745007956,-1.770107098805,3.34330940958158
0.893235795153695,24.8506597228033,26,25.3393710053433,1.29331994069055,27.1822374925181
0.245232339589466,17.7100639479122,18,17.1795124855514,0.308252961817062,18.4714614279733
0.305646455346824,18.4825880140961,18,18.077001917001,0.360479227642998,19.1286787061358
-1.84547801119587,3.16043038296456,2,1.03898772406604,-1.87741963649036,3.10768058917719
-0.300665514653184,11.284905350352,12,9.68408912635598,-0.56153087646694,8.84608343749128
0.697995538034234,23.0952612579394,23,23.3696104839865,0.539885217278257,21.303561275191
-0.332540948836483,10.9578526214787,11,9.30811607368608,-0.375996565096111,10.5530957451939
0.417211148477703,19.8929483475207,21,19.7084819553788,0.489923156848289,20.716647595176
-1.01996604327252,5.7734279049133,5,3.60455822806018,-1.11586725675835,5.35709750519795
-1.61858568081783,3.69521512347401,3,1.52857082949564,-1.92689947462027,3.00442534911291
-0.525216146448278,9.12380440184472,9,7.23055336900526,-0.845390082703988,6.75916454311109
-0.929681581839433,6.23861476367611,7,4.09302509647153,-1.16227276487007,5.1629245538182
1.1282362006606,26.4228559502728,27,27.0721888830145,1.14558410482108,26.4634231962604
1.33258737803077,27.3910892206406,28,28.1273335720432,0.681902533273091,22.8562412366435
0.501804506024062,20.9252743800386,22,20.8961129014996,0.167865576290901,16.7011844858729
0.582965458412256,21.866870488965,23,21.9736856015799,0.191770502232725,17.00088839
1.64557124871465,28.3631344534136,29,29.1990990592024,2.30093454764971,29.2960597415057
-0.221335147787977,12.1248886596389,12,10.6555316816269,-0.126083952497041,13.1919381046621
0.585345941176376,21.8936232243327,22,22.0042131619286,0.842323654653546,24.3621286704404
1.25195566426764,27.0470575360148,27,27.7527323434461,0.9470656610473,25.1940152984367
-0.251471449064767,11.8015182957858,13,10.2806604100013,-0.293895629307928,11.3809338738573
1.04330053478181,25.9176068589312,26,26.518676083879,1.06806027445067,26.0126801969108
-0.115200147352683,13.3038900817954,13,12.029233735287,-0.354125478540336,10.769633825754
-0.472652185667715,9.59806339471073,10,7.76221369876921,-0.563930720370084,8.82565819358179
0.204419489120004,17.1891953996614,19,16.5730098555442,0.223707165489436,17.4030209816484
-0.596968799141419,8.51141768096071,10,6.5503867627294,-0.537254305248428,9.05522125905422
0.180743275920998,16.8882667429359,16,16.2221411139714,0.317414617247937,18.5870881642247
0.862178581507758,24.5998964119162,25,25.0601110948606,1.12214174401895,26.3328426327213
-0.573091634026316,8.71056722762884,9,6.77077620557072,-0.57937321103526,8.69531143816483
0.520674238221143,21.1490078638926,21,21.152680913588,0.786609700627721,23.8709009823129
-0.0654238671291998,13.8777450199857,14,12.7003774217606,-0.11243338122128,13.345878535941
-2.50631540735004,1.96249927827319,0,0,-1.40814573164123,4.2955423754523
-0.586349437167319,8.59940869007872,9,6.64766586586933,-0.363760051043344,10.6738786662463
0.0129490036290529,14.8071475636267,13,13.7886398087059,0.160948830225037,16.6147225135195
0.179870389169109,16.8771952694448,17,16.2092261344781,-0.0124065967214395,14.5028001144769
0.106890866495186,15.9592056505203,16,15.1370185824499,0.139352767351732,16.3456086510019
-0.0253703867193592,14.3488746103487,15,13.2519504373993,-0.0494286790771158,14.0687753937527
1.19202598199686,26.7602212872077,26,27.4403256608147,1.37011940687105,27.4924403613798
1.07862704503603,26.1358797236119,27,26.7581604113558,0.83890030614987,24.3329288515219
0.00411474285564468,14.7008591310877,16,13.664163154675,0.165767087687978,16.6749395575187
1.01728322093286,25.74914527813,26,26.3334421219039,0.970923135574257,25.3671621586449
1.79910709969327,28.6837373128242,29,29.567285320808,2.06157993523855,29.0487408619706
0.416531017495696,19.8844843191873,19,19.6987203258909,0.44223980304647,20.1411568228205
0.251406450470526,17.7890059783722,18,17.2713393617678,0.239844849103932,17.6067554751015
0.0133699463006232,14.8122214435532,16,13.7945818435853,0.0475297445955066,15.2191622629283
-0.855808357338783,6.66383254615849,8,4.54426993986478,-1.00815147296969,5.8556651277247
-1.84547801119587,3.16043038296456,2,1.03898772406604,-1.64317343019686,3.64579207076225
-1.27467163618931,4.7210864218112,5,2.52558467792234,-1.23102108630028,4.89514026490934
-0.0593196323485926,13.9490136596692,13,12.7837918514092,0.278191830564314,18.0915515870792
0.689578936701186,23.0100581147324,23,23.2731982213276,0.56119138318874,21.5480585271164
1.10350700795948,26.2825928548528,26,26.9188163262166,1.28262885208847,27.1358358685176
1.42221779579637,27.7231723665836,28,28.4898875590339,1.8490265762563,28.7399275360289
0.122810735629893,16.1579964479592,16,15.3694160433951,0.168195311314483,16.7053093568728
0.943237172104216,25.2323048747069,25,25.7628806802065,1.33006673588844,27.3356081596903
0.687556848044684,22.9894738227326,23,23.24989601856,0.63870867136162,22.4041689297037
0.0399467736896008,15.1342573419687,14,14.1716840449158,-0.117506948100215,13.2885498682876
-0.255620927572446,11.7573988582525,11,10.2295955904541,-0.818528161766972,6.92789771248166
-1.84547801119587,3.16043038296456,2,1.03898772406604,-1.36214392849325,4.44038672617442
-0.679758217092667,7.85804566368416,8,5.83289048729713,-0.752889015270445,7.36524714280641
0.692404291993593,23.0387454254103,22,23.3056669536677,0.45983940134811,20.3551152048604
-0.363897833842856,10.6422459524407,10,8.94670617943309,-0.606963321347072,8.46716634601636
-0.520241011989152,9.16778823202549,9,7.27968380097836,-0.495661899084515,9.42394163627996
-1.64265841668028,3.63430437343567,3,1.47170240325809,-1.61569502152247,3.71517877141571
-0.960054479092442,6.07573624040561,7,3.92134241386394,-1.15054707756142,5.21091373083662
1.77549815148325,28.6395325638535,29,29.515639877683,3.69761652335606,29.8569916489412
-0.154242144462915,12.8630373008775,12,11.5145465170461,-0.379207258441158,10.5215597048473
-0.3380470149404,10.9019883778415,10,9.24404033667447,-0.0210416941179153,14.4009718400814
-0.557002799547418,8.84738890462886,9,6.92264120072581,-0.508673792677617,9.30720344227495
-0.87560656650688,6.54569792725077,6,4.4184791829353,-0.933942322763224,6.24329780616471
0.281995477026051,18.1802730999744,19,17.7260872173316,0.23368888731546,17.5290060668698
0.862625355130444,24.603579301694,25,25.0642180474825,0.812281055436937,24.1014839144699
-1.01571466304966,5.79408499192319,6,3.62612316007751,-0.740762006099968,7.44999673750104
-0.469310429614502,9.6289141083558,10,7.79694171649775,-0.450616350983461,9.83750537896856
-0.989756013931445,5.92280967229188,5,3.76077898095138,-1.2405348453233,4.85980512591056
1.45443596555456,27.8308952842627,27,28.6079742323632,1.29415053173003,27.1858082535179
-0.966138864001383,6.04390641065944,6,3.88787177239019,-0.763029654080274,7.29533004582658
1.48505043472961,27.928004682538,28,28.7147389368854,0.970402385225859,25.3634458717088
-0.720023765810619,7.56153564811915,7,5.51014102563391,-0.456431932470402,9.78330689617883
-1.80814186375459,3.24289770948987,2,1.11307822843431,-0.97047297787373,6.04764511617756
0.705188259931346,23.1674643968426,23,23.4512602554335,0.741194735721048,23.4453006146437
-0.271772918296897,11.5866085265927,12,10.032116979343,-0.264810101809474,11.6837156700384
-0.309129574366668,11.1974609259625,12,9.58342720902484,-0.0171633852790334,14.4466620078412
-1.78243182546523,3.30084863407126,2,1.16544096644522,-1.36958584191514,4.41648573856872
-1.29572215179927,4.64772319569417,5,2.45212999284259,-1.37168825204674,4.40976710508101
1.17156829135686,26.6557558402374,27,27.3264326312456,0.988079210966176,25.4880363061374
0.479432187524938,20.6566425665035,20,20.5876540521889,0.599817569227325,21.9815044499395
1.41280826186066,27.6905988222895,28,28.4542393644476,1.89416421797649,28.8143868558805
0.476710510488601,20.6237271159572,20,20.5498291735353,0.621757336244249,22.2217076724596
1.60338128710426,28.2598222555291,28,29.082925198491,2.09896745817182,29.0933504378808
-0.98653510819316,5.93909800953545,6,3.77785075034995,-0.74510529460371,7.41950116017959
1.3283256517565,27.3740308884109,27,28.1087475645544,0.956091001706672,25.2602144223967
-1.27467163618931,4.7210864218112,5,2.52558467792234,-0.816535297844722,6.94065025814663
-0.439345640913236,9.90915504608152,10,8.11317990312051,-0.690331645767119,7.81574778028424
-1.45055412071558,4.15527430617377,4,1.96705257563964,-1.39775429404027,4.32766859463881
-0.647325837986893,8.10704204613416,9,6.105309656094,-0.635325297967356,8.23908347855769
1.0460935734606,25.935298717665,25,26.5381088024745,1.11708368355912,26.3040296019613
-0.995927145564541,5.89179897228164,6,3.72829693069034,-1.05467382255295,5.63160454364128
1.42004991644092,27.7157131062365,28,28.4817220165402,1.19393821421971,26.7178662514322
-1.84547801119587,3.16043038296456,2,1.03898772406604,-1.73300599993885,3.42885269796035
0.0834100898113674,15.667741870871,16,14.7961055605247,0.130890573887138,16.2405373766864
-1.28519917662177,4.68418195873531,5,2.48859921282635,-0.955122757282233,6.12868929238824
0.550871163675585,21.5011675799435,22,21.5558741273761,0.393769653754446,19.5440607168269
-0.0287498483009082,14.3088079442667,14,13.2050317148601,-0.164849685249387,12.7600837299154
-1.64265841668028,3.63430437343567,3,1.47170240325809,-1.72232238892282,3.45390600552688
0.203307310212565,17.1750347171533,18,16.5565065559357,0.48014478799302,20.5997525285335
-1.15151857183187,5.18818484133726,6,2.99924067463566,-0.4587939217362,9.76136143958781
-1.26381997824893,4.75958734407297,5,2.56424403266184,-1.48679453046438,4.06269680548236
-0.281991283903715,11.4793438235728,10,9.90825834411755,-0.18448122338193,12.5444193463168
-1.8865363559052,3.07194499647454,2,0.96002838333071,-1.94250994364495,2.97250337303473
0.113271142665309,16.038766101536,16,15.2300416160807,0.0362905208274125,15.0835952186753
-0.36455645559965,10.6356836451973,10,8.93920700606063,-0.784256485045416,7.15176951439636
-0.43421872766387,9.95774391498984,10,8.16815003291649,-0.173041922110961,12.6698372515928
1.09127286864351,26.2111615316372,26,26.84062705827,1.10483511199079,26.2333027342513
1.77549815148325,28.6395325638535,29,29.515639877683,1.70780347031969,28.4685946350356
0.0553203647232286,15.3220198940385,16,14.3915036570814,0.173111623215335,16.7668426617392
0.7629330804315,23.7264359010268,23,24.0816639022032,1.08311315421802,26.1045059142035
1.39833372341824,27.6394795380138,28,28.398341779845,1.52297166220669,28.0029376204956
0.605659322632346,22.1197382778296,22,22.2620229033224,0.883293598477833,24.7016365770994
1.06184051125007,26.0336399071739,26,26.6460566414832,1.16629937868191,26.5748419002911
-0.200215398099297,12.3545585003075,11,10.9223613168784,-0.0569157099856045,13.9818213708908
-0.552113702756944,8.88938087140862,10,6.96932317765407,-0.349540140090813,10.8154068292634
-0.546337326696775,8.9392404926609,9,7.02479586136049,-0.72419377064385,7.567789842413
-0.895529643061808,6.42994286870099,6,4.29553526379426,-1.23240943280297,4.88995890951708
1.58321188793807,28.2078058470356,28,29.024761802839,1.61808616111341,28.2604489204722
0.384687961371701,19.4859181450694,19,19.2386326025116,0.133626933612929,16.2744889671402
-0.240390107728283,11.9198241542303,11,10.4176893089979,-0.135067617472105,13.0911567464546
0.0743432007172426,15.5557851104811,15,14.6651053927278,-0.231959756365173,12.0314176276617
-0.90824707941901,6.35766194446318,6,4.2189258800688,-0.808615975086255,6.99164925126107
0.0426454847437111,15.1671407205309,14,14.2101849042485,-0.18131288742673,12.5790862314634
0.00361547945632021,14.6948635427296,15,13.6571415121437,-0.144747518763499,12.983037585801
1.26155230872104,27.0904393111848,27,27.7999586355732,1.22372461991099,26.8650306090498
-0.00754441980367093,14.5611628198382,16,13.500559564697,-0.0178453069228617,14.4386230778461
-0.447913834485385,9.82836620179373,9,8.02187159709777,-0.46474467951107,9.70624544748309
-0.404296029204412,10.2449580525426,12,8.49390277266777,-0.341000604513629,10.9009945020902
0.164110179565056,16.6776188010209,18,15.9763462272475,0.062911016122528,15.4055689162385
0.241447834929308,17.6616879449049,16,17.1232281155469,0.00245448724763925,14.6788789436662
-1.92383619118601,2.99346469724792,2,0.890443567189083,-1.10536587879981,5.40266187400295
0.819376743954545,24.236750259999,23,24.6543625708689,0.674298981184932,22.7780325502065
0.0600995639818466,15.380603246625,14,14.4600788951251,-0.141427139570044,13.0200689978475
-1.41997129785867,4.24661069967776,4,2.0558845336343,-1.77182598434645,3.33939972545851
-0.714965733573936,7.5980125049989,7,5.54974818099134,-1.10926717618242,5.38566229155683
0.435045461970669,20.1140714405337,19,19.9633704429278,0.341647847459327,18.8923176122922
-1.94628245513217,2.94707679994567,2,0.849502249667813,-1.66246486586448,3.59796115457398
0.771182752181687,23.8032567237301,24,24.168055391446,1.01486232612415,25.6707604273091
0.331130396232889,18.8076136561277,18,18.4538241446825,0.607007696533912,22.0607177394338
1.03756558747537,25.88104293555,26,26.4785020063008,0.996641362261279,25.5472373777271
0.973561565612107,25.4508006326082,25,26.0045068579076,0.938852177073857,25.1330281676518
-0.385186405656687,10.4315518645029,11,8.70626126514518,-0.410771041528614,10.2150469487624
-1.84946821276316,3.15173162753606,2,1.03120110562868,-1.07533706125466,5.536439930152
-0.143540939860622,12.9830538999695,12,11.6545639151639,-0.591579540890764,8.59362142425523
0.21206181475323,17.2865577495778,17,16.6864586725959,0.0313459338166609,15.02412955693
0.185860051518613,16.9532018047294,18,16.2978798350432,0.480015941600124,20.5982081540646
-0.791556816996489,7.06922750447558,7,4.97830722038655,-0.883235113854844,6.53126032977863
1.64073403160111,28.3516541571631,29,29.1861424316528,2.03452832187271,29.0148530323895
0.545266575889112,21.4363780390673,21,21.4817568819842,0.264734210378679,17.921368948481
-0.271142204885906,11.5932492677791,12,10.039789386648,-0.264136759260915,11.6907820841048
1.48125562532152,27.9162364069712,28,28.7017823093359,1.77305137571138,28.6017284791045
0.729276772196071,23.4051398576719,25,23.7196842785567,0.648233800131402,22.5054672118131
-1.03235497628738,5.71389748050687,7,3.5424814874906,-1.14894136182881,5.21754074260889
0.510357919967904,21.0270246046658,22,21.0128343410773,0.318440895090614,18.6000338637153
0.0236686709094841,14.936620634309,15,13.9402619201148,0.0728414732785876,15.5264400282169
-1.72498195186975,3.43397719753268,3,1.28668902639737,-1.10177376035797,5.41839042429109
1.09924809300197,26.2578813326284,27,26.8917733326341,0.853163247989522,24.4537384096997
0.0729078445339112,15.5380927576588,15,14.6444014011371,-0.0814390560017741,13.6989775145478
-0.788607422294537,7.08866258201091,7,4.99920539814611,-0.625138488605814,8.32024478557212
0.373019533357507,19.3388700345833,20,19.0686843991282,0.46896070451836,20.4653145617194
-1.59638052758626,3.75240953317458,3,1.58222853692098,-1.48034353609985,4.08114771437429
0.965333729876569,25.39246724309,26,25.9400583646934,0.886251460765708,24.7254399528182
-0.403614722208207,10.2515686821372,10,8.50141658007458,-0.236434800407381,11.9836994592779
0.677064057386179,22.8819536751362,22,23.1281174308866,0.393379054718606,19.5392086975831
0.760449788204927,23.703162029479,23,24.0554783152294,0.743816665247777,23.4704821221167
-0.667614516416733,7.95021845706583,9,5.93358700346718,-1.00506438958277,5.87103172917042
-0.346580344831086,10.8157823999202,11,9.14524943628185,-0.261744692859066,11.7159063347275
0.566159797532004,21.676523418597,21,21.756332693212,0.711743186071815,23.157363088298
-0.341319721825655,10.8688728810208,11,9.2060779026901,-0.36091491369436,10.7020959298031
-0.239113164505782,11.9335019735465,12,10.4335408544522,-0.248449958413608,11.8561275298746
-0.547251601300353,8.93133103964015,10,7.01599277824384,-0.288019089908537,11.4417191679049
0.228419211497033,17.4952440554872,18,16.9295030298546,0.266284124426606,17.9409685521795
-0.200392373824869,12.3526236148267,12,10.9201115284599,-0.139273638908455,13.0441174301644
-0.17658795955525,12.6144350578942,11,11.2247940845682,-0.0465894586727618,14.1018228336259
-1.67702782628493,3.54921942323128,3,1.39274306252276,-1.39033194492914,4.35082330535131
-0.0658106760553192,13.8732354374736,13,12.6950996650296,0.127833861993491,16.2026393352994
-0.103790551902817,13.4342695182748,13,12.1816203893175,-0.31583777516094,11.1557415629276
1.3847407203266,27.5903341716469,28,28.3446504817305,1.2580442339859,27.0259809971936
1.08670152932084,26.1841187320754,26,26.8110108131596,0.77216599431506,23.7379856588066
-0.417810915038106,10.1144743998716,10,8.34573921523849,-0.786722791006757,7.1353336969537
-0.407246218452655,10.2163688686264,10,8.46141583130263,-0.245034396988,11.8923110879327
-0.274555443573297,11.557339179677,12,9.99830649131557,-0.0795152161668847,13.7210565568136
-0.302864617673312,11.2621445152045,12,9.65787854993864,-0.102493412431008,13.4585808504343
0.313741079955076,18.5859324574411,19,18.1968672927916,0.337862042516934,18.8447036976841
1.77257137091705,28.6339332819663,29,29.509121925156,1.85717161239097,28.7537635411671
-1.41997129785867,4.24661069967776,4,2.0558845336343,-1.01178494590132,5.83766003211257
-0.0838935498260947,13.6632895829561,15,12.4494456523418,0.363455028323213,19.1659475108413
-1.447263534406,4.16497593479324,4,1.97646173182886,-2.18491046109804,2.51288807021714
-0.986260289761313,5.94049106847817,6,3.77931114936279,-1.19211396129983,5.0439162110098
1.25336722470386,27.0534814043598,27,27.7597256488698,0.714583372692182,23.1855345781456
-1.67505128409183,3.55405461756214,3,1.39721516006027,-1.03228022725202,5.73772218142086
0.132443401730037,16.2787102883834,17,15.5104846489832,-0.0603848265616416,13.941626043197
-0.466388721085494,9.65595392126164,9,7.82739398404265,-0.885985184028728,6.51513865950528
0.0625240845597232,15.4103609927149,14,14.4949099992747,0.0399854816444577,15.1281028329811
0.195943016837308,17.0813274076468,16,16.4472784982939,0.0676672582736847,15.4634104236061
-0.77309067752811,7.19212464726547,8,5.11059214859408,-0.967718177996747,6.06206660549982
1.23762780801052,26.9810062135319,27,27.6808210757426,1.23171717428629,26.9033231635706
0.00704533030461049,14.7360764939584,15,13.7054073029033,-0.0659886660994989,13.8768239053598
1.06582246529412,26.0581327700353,27,26.672923882059,0.776625392117945,23.7792662728529
-0.29210757482947,11.3737551120405,13,9.786467320241,-0.219478992224796,12.1650835642078
0.101497948073987,15.8920754114724,17,15.0585167424301,0.135396765895725,16.2964608897745
1.58687827426948,28.2173921212288,28,29.0354659284426,1.53407585719965,28.0351623779263
-0.572004985584084,8.71974198033492,10,6.7809482691115,-0.450898582825263,9.8348696978027
-1.16930787981458,5.1163523323206,6,2.92578598955591,-1.40970736714322,4.29074335336641
-0.494111621154414,9.40192103641492,9,7.54182555216636,-0.684515480163869,7.85931071762727
0.200099827098476,17.1342083928441,17,16.5089221330265,0.19431121722438,17.032814820903
1.22647669207761,26.9285192700893,27,27.6236686353547,1.62774976195789,28.284390156228
2.03124473503462,29.0400299516484,30,30,3.01086500433653,29.6932897389078
0.574954076587995,21.7764512981925,21,21.8704700950078,0.533599747816795,21.2307406783376
-0.910600542985277,6.34442141751262,6,4.20490603248943,-1.06868962710872,5.5667722074272
0.456167232295174,20.3737394670377,20,20.2623514537897,0.714804512540532,23.1877244423967
0.0855430905813155,15.6941287457958,15,14.8269770242034,0.0400218937230582,15.1285417324875
0.89219725935967,24.8424457453745,26,25.3302358508021,1.17596685330893,26.6255917567515
-0.140191704313379,13.0207438956688,12,11.6985514542564,-0.234276758924285,12.0066972482794
0.760479279722332,23.7034388349925,25,24.055789783958,1.34188121134004,27.3829631070384
-0.965806491157131,6.04563841851229,6,3.88969238031066,-1.14440279250396,5.23634500535968
-0.529771295885966,9.08370291012539,8,7.18579159451785,-0.427854254352998,10.0518706497355
1.02043162400162,25.7698858153195,25,26.356266935953,1.38491409147942,27.5477694021034
-0.958968380207046,6.08144570702087,6,3.92734900218872,-0.88811008044783,6.50272216310975
0.098952856350952,15.8604328057447,16,15.0215102064191,0.0795525315839674,15.6083511563292
-0.889275668344067,6.46594547062409,6,4.33374013643885,-1.13861247012832,5.26049320255514
-0.321295849804245,11.0725253960959,12,9.4397795541211,-0.369253809803073,10.6195355749294
-2.0779292962348,2.68690315684846,1,0.622200153590274,-1.86309672804019,3.13817808386095
0.0572415019497098,15.3455571627303,16,14.4190560411639,-0.0786476669001492,13.7310191783923
0.382930042167299,19.4637955310474,20,19.2130716352983,0.271977695781557,18.012969152002
0.235218694538291,17.5820885400129,17,17.0305955939913,0.357317260671649,19.089052318632
0.663529825003746,22.741532236272,23,22.9689212875469,0.693702575855414,22.9764298087401
-1.92383619118601,2.99346469724792,2,0.890443567189083,-1.29339545223326,4.67045580067596
0.226798881045719,17.4745563777925,17,16.9054168679076,0.187060773356022,16.9417408510865
0.515153810244816,21.0838346276626,20,21.0779752875089,1.0089749879243,25.6312132825966
0.901441279424124,24.9151441625605,24,25.4110580223202,0.724563650915818,23.2838464241913
-0.716168482506266,7.58931863565977,8,5.54030573938815,-0.545114846270875,8.98700554210378
0.147450756079004,16.4673825436483,16,15.7308854505992,0.186727283662748,16.9375544407098
-1.38954570000016,4.34018489421965,4,2.14745646218607,-1.69845785414426,3.51057445355038
-0.804825420757601,6.98270060703801,8,4.88536512121902,-0.708524184332762,7.68132780059986
-0.523925105259052,9.13519963355457,8,7.24327844719891,-0.313109332142613,11.1835902604287
0.473770410228515,20.5881149728695,21,20.5088982762133,0.448733252763683,20.2202942573076
-1.01704331296319,5.78761654048395,6,3.61936909975822,-0.714012897351262,7.64132185799535
-0.576322196667824,8.68334804839561,8,6.74060796503687,-1.07771654160217,5.5256466269017
-0.964112172386619,6.054479709197,5,3.89898717272812,-1.33066525496901,4.54359815198154
-1.87814711760382,3.08984276786232,2,0.975955492046989,-1.95338489648402,2.95044492248568
0.498222201144572,20.8824992987839,22,20.8470250713449,0.5721450982873,21.6722949859915
0.0826537929802036,15.6583903220184,17,14.7851643173266,-0.00318336817964665,14.6119569975453
-0.488103947560407,9.45648605142979,10,7.60306472465131,-0.485403385948812,9.5168502068058
0.845758710683238,24.4630030415134,25,24.907340117173,0.737587624569788,23.4105358283229
1.77549815148325,28.6395325638535,29,29.515639877683,2.14931052277962,29.149607751626
-0.781699649465278,7.13446958432781,8,5.04849281774751,-0.766189256128484,7.27372199573511
1.48125562532152,27.9162364069712,28,28.7017823093359,1.69969618990037,28.451032083167
-1.05217418357203,5.62068537767491,6,3.44549628239488,-0.591277369368176,8.59612439191953
0.279884595379953,18.1532744691223,17,17.6947290030437,0.420975694416417,19.880510974119
0.386407280794381,19.5075438942394,20,19.263617121765,0.388152147348702,19.4742262936836
-1.67702782628493,3.54921942323128,3,1.39274306252276,-2.21497705971012,2.46020181748283
-0.607001784375309,8.42914706963816,10,6.45957067565292,-0.622849820175427,8.33859678059252
0.442509493980513,20.2061212068678,20,20.0693986818274,0.385574205564695,19.4421405858906
-0.252288155723253,11.7928268260771,13,10.2705990940845,-0.0842633170251034,13.6665988400166
1.57818443488136,28.1945650341348,29,29.0099876515077,1.63451285934769,28.3009173820895
0.110768399482107,16.0075396986556,17,15.1935332643858,0.170674104192121,16.7363268780364
1.41197471990442,27.6876884923613,29,28.4510555062771,1.53185835981643,28.0287750823476
1.53948911509393,28.0888395496985,28,28.8924264272213,1.15117547751284,26.493859648162
-1.0269000221333,5.73998773847447,6,3.56967483175276,-1.33076433082549,4.5432677985923
-1.67702782628493,3.54921942323128,3,1.39274306252276,-1.47789552831308,4.08817830099862
0.823481246655132,24.2724628853351,24,24.6943328485699,0.515841321438523,21.0233726933169
0.965900703449171,25.3965095212738,26,25.9445258112526,1.20675878431947,26.7820793767015
0.472415898091796,20.5716892990591,20,20.4900169123676,0.691256186311819,22.9516313095351
0.200586945173675,17.1404074340062,19,16.5161477153441,0.0700172124309114,15.4920228675717
0.322508556078702,18.6977643145055,20,18.3265227131886,0.360254982317607,19.1258692930036
-0.186793876818414,12.501802665421,13,11.0936555851332,-0.109629032190789,13.3776234114456
0.222993821888415,17.4259875601041,18,16.8488628089909,0.209803856091097,17.2277529516144
-0.793893511559279,7.05388197884727,7,4.96181219166179,-0.755774067774243,7.3452674056586
0.711418655748079,23.2295502887323,22,23.5214302170587,1.25867738102179,27.0288662186522
-0.634593595316964,8.20725620206967,8,6.21530507296513,-0.407813367461009,10.2434943073226
0.490634267683224,20.7915891722764,21,20.742661635216,0.401898047428491,19.6448997905297
-1.58988266129018,3.76933545653732,3,1.59815564563726,-1.86331586615686,3.1377093630207
1.28095134031508,27.1760723602881,28,27.8931787457391,1.2311157336571,26.9004589572988
-0.61435811975491,8.36936038467059,9,6.3936584142577,-0.7561498345694,7.34267027948394
-1.11168023493025,5.35500019635869,6,3.17058529982048,-1.20183640993447,5.00607877894627
0.507660884587578,20.9950000280641,21,20.976104655809,0.75620848615786,23.5884872394688
0.374970424898992,19.3634885808137,19,19.0971442759774,0.250946764577541,17.7470487269202
-1.24020232361153,4.84504809017178,4,2.65031806746195,-0.702045107019876,7.72887975954905
0.561340736453684,21.6214716626052,22,21.6934228737932,0.714114406745472,23.1808888652836
-1.2452652166011,4.82653161169386,5,2.63163871404772,-1.03081514930578,5.74477565916328
1.77257137091705,28.6339332819663,29,29.509121925156,1.59655689852473,28.20570062565
-0.360494807222698,10.676196885272,13,8.98551443017223,-0.269524591440859,11.6343109444276
-0.653584866179825,8.05828561352195,9,6.05186772898252,-1.05110071307558,5.64832570907348
0.801620608646135,24.080076836904,23,24.4788400505942,0.992615563321097,25.5194945853403
0.512475985647606,21.0521359266837,19,21.0416306061543,0.619347780551305,22.1955478290179
-0.939407570526436,6.18572620090311,6,4.03720397906955,-0.768589459501709,7.25736335845769
-1.31620281752035,4.57796041373376,5,2.38254517670096,-1.38341080420225,4.37257311290311
-1.1068889759104,5.37563961351433,5,3.19185574290542,-1.21380678399531,4.96010387262218
-0.428935154300249,10.0080098848498,9,8.22506023019068,-0.580442632624137,8.68635462523564
-1.8413200721616,3.16951803110536,2,1.04712821434496,-1.8184621901439,3.23505489129808
1.09588375237597,26.2382436084754,26,26.8702780109213,1.05517189289966,25.9323556014121
1.36162711614825,27.5041636648082,28,28.2506037237139,0.967323312714866,25.3414150920651
2.03124473503462,29.0400299516484,30,30,2.84199467538691,29.6283996991778
0.521482130243076,21.1585257606773,21,21.1635886716247,0.516119530054181,21.0266394313044
-0.341227935255921,10.8698007311188,12,9.20714134560627,-0.445724827456881,9.88327322821349
0.794513796911514,24.0163756511994,24,24.4073968183819,0.71369389534442,23.176721169305
0.085861389200836,15.6980679229739,16,14.8315855592895,0.360601905925733,19.1302155995641
0.927429165456271,25.1145542272081,25,25.6324104537991,0.588693292659356,21.8580208408938
-1.07265206451729,5.5269114595899,5,3.3481998854841,-0.825716572624231,6.88216846491739
-0.64840010119401,8.09864994158578,9,6.09610764575769,-0.849344296962938,6.73481906438055
-0.641701384012844,8.15114105231252,9,6.15368794084609,-0.428923307653483,10.0417239814869
-1.49993882518884,4.01312244584803,4,1.82992983925232,-1.86469744096023,3.13475579420284
-1.32261710474917,4.55642808580428,3,2.36112155081502,-1.17012995109795,5.131160483297
1.08584048486843,26.1790034390452,26,26.8054077987052,0.805507970771266,24.0413508655019
0.947419859177431,25.263016615959,26,25.7968807427648,1.76838154614696,28.5926654475756
-0.556865482538731,8.848565683194,8,6.923948945759,-0.167692910902791,12.7287220536984
-1.04298378979214,5.66360352773374,7,3.49011874947969,-0.707840213733925,7.68633093531705
0.745385198335184,23.5604942073126,23,23.8948401271463,0.73167734437901,23.3532701540619
0.933937656397187,25.1633572673129,25,25.6865067707964,0.582352279040278,21.787137416777
0.414694303980937,19.8616159943032,19,19.6723442324617,0.558697225156833,21.5196288035826
2.03124473503462,29.0400299516484,30,30,1.4536042420139,27.787423032233
0.911267900538525,24.991404227653,25,25.4957687544223,1.09558079193988,26.1789615434943
0.0304427250996747,15.0187171475685,15,14.0363969026531,-0.156665763261053,12.8505942342876
0.0807249664667254,15.6345510931,16,14.7572717808154,0.221701890955957,17.3777255402952
0.0926909881005791,15.7826867821009,15,14.9305750049705,0.300117577291662,18.3687100970353
-1.43393291643729,4.20458590381221,4,2.01494321611303,-1.33125578830684,4.54162963336806
0.458933054912696,20.4075498163698,21,20.3012530567289,0.363797565611383,19.170235870012
-0.432586601331377,9.97325057757057,11,8.18570177108898,-0.477007394599212,9.59345594848986
0.959634615525657,25.3516487316901,26,25.8949347415608,1.23571932884927,26.9223110310336
-1.03066081191609,5.72198007885877,7,3.55090365031249,-1.07939294978416,5.51806267556884
-0.0800184807146227,13.7081357426323,13,12.5019096940006,-0.0957974980520675,13.5347880022894
-0.601125515359015,8.47723062184154,9,6.51263236001201,-0.458799562781471,9.7613090747292
1.14792396972617,26.5306685502459,26,27.1899430008986,1.23748919378495,26.9306685444764
1.77257137091705,28.6339332819663,29,29.509121925156,1.48530106047795,27.8890238631603
1.10279097307343,26.2784497236576,27,26.9142827699059,1.22250174430562,26.8591277154926
-0.255083427789619,11.7631082605549,11,10.2362026247768,-0.542312898856439,9.01126709994494
0.0669946499127125,15.4652976091554,16,14.5592088104967,0.51305231469131,20.9905930408717
1.3048023251926,27.277674445596,28,28.0037981117343,1.69831942226709,28.4480262079724
0.38964125809325,19.5481907972059,20,19.3105707031071,0.537584166703556,21.2769380925512
0.573622110182767,21.7613613089334,21,21.8532388571335,0.210390377447537,17.2351409937633
-1.24588607134363,4.82426843246507,5,2.62935675126595,-1.83453286511903,3.1998475393224
0.359429762192777,19.1670410516606,20,18.8699620044801,0.159960858263986,16.6023826903535
0.742652885092454,23.5343464212909,23,23.8653763674453,0.661617241708468,22.6462750960576
-0.074035490955505,13.7775315838781,13,12.5831043816275,-0.210211738840326,12.2648843097693
1.77549815148325,28.6395325638535,29,29.515639877683,1.82950579441228,28.7060218303697
-0.343122329021126,10.8506613818092,11,9.18520751860009,-0.337028604964158,10.9409546411855
1.77257137091705,28.6339332819663,29,29.509121925156,2.16284144411044,29.1640264599755
0.534326578663305,21.3091498455156,21,21.3361305150346,0.661128704109861,22.6411667764067
1.10938237678638,26.3164138099207,26,26.9558173791164,1.50073621872692,27.9365730390899
1.77257137091705,28.6339332819663,29,29.509121925156,1.25715784178934,27.0219367115276
-1.49132567308231,4.03746330293591,3,1.85330918667788,-2.57490582868196,1.89380323040839
-0.252605406260236,11.7894516479163,12,10.2666921731559,-0.151453343087222,12.9084259209775
-0.17912127720453,12.5864239048306,12,11.1921720825558,0.329346142941925,18.7374982322014
0.251328822316285,17.7880132907276,18,17.2701848062697,0.518309119278814,21.0523299763906
0.38512739701786,19.4914464562619,21,19.245019757032,0.561617017262618,21.5529049467891
-0.0115877304687189,14.5128729312347,14,13.444005979144,0.366292944695156,19.2014665467801
-0.43034964862679,9.994533837436,10,8.20979865757904,-0.264805476377225,11.6837642030674
-1.59638052758626,3.75240953317458,3,1.58222853692098,-1.37661853685523,4.39406899590178
1.12613389750899,26.4111433626088,26,27.0593894186159,1.09681952832636,26.1862808293034
0.0421028654311343,15.1605263341866,14,14.2024406809087,0.223531838847385,17.4008091276735
1.58321188793807,28.2078058470356,28,29.024761802839,1.75198785206106,28.5602962937295
0.248331750409352,17.7496900657764,19,17.2256095117745,0.359516329223203,19.1166142732947
-1.12839600057293,5.28397761854312,6,3.09750809232368,-1.65221911695296,3.62327562911843
-0.499434198479926,9.35380561916896,11,7.48787055717303,-0.554275762961873,8.90810608126156
0.158232031356353,16.6033484972253,17,15.8896483827962,-0.117546586151817,13.2881025042861
-1.19903222335024,4.99978124428228,4,2.80703170418677,-0.90262887722955,6.41881637656525
-0.50582442967748,9.29632264982025,9,7.42346756494623,-0.401547060031082,10.303953736726
1.35520960218336,27.4796434715809,27,28.2238608620414,1.03515163094676,25.8044167309593
0.246617457853912,17.7277719827457,19,17.2001130135261,0.426208149833028,19.9448509246136
0.566475323269337,21.6801207050095,22,21.760442721548,1.04047666693723,25.8388256659471
-0.493044909039229,9.41158970129191,11,7.5526728401161,-0.721078601687144,7.59019635418002
-1.64265841668028,3.63430437343567,3,1.47170240325809,-1.4096936882228,4.29078535715031
0.750406937946177,23.6083341111654,23,23.9487290628618,1.20168431150193,26.7568223249764
-0.0756423776256218,13.758875119549,12,12.5612746642597,-0.023499682551736,14.3720519524297
-0.161493499562755,12.7820654148202,12,11.4201284142425,-0.160694012612092,12.8059992710727
0.6619927166157,22.7254617235014,22,22.950691235567,0.664949518454238,22.6810542030521
-0.123500537640462,13.2094771730532,14,11.9189286072986,-0.198066540500483,12.396384106818
0.599372786649864,22.0501811638144,22,22.1827564417205,0.625096536937432,22.2578690056691
1.77549815148325,28.6395325638535,29,29.515639877683,1.77149553402614,28.5987166247432
2.03124473503462,29.0400299516484,30,30,2.15987616034377,29.1608911499991
0.488547265328535,20.7665135886851,21,20.7138665196774,0.388466947529145,19.4781427693589
0.557083158056823,21.5726637001238,21,21.6376305843311,0.772172849454293,23.7380492837897
-0.669120470757307,7.93871899536141,8,5.92101467534053,-0.459385832513659,9.75586804544914
1.10240121736518,26.2761925586728,27,26.9118128232518,1.526214137187,28.0124096331648
0.00474572937286077,14.7084382927946,15,13.6730393668747,0.0474903405739283,15.2186860152256
-1.12315461155454,5.30608446098164,6,3.12023482610998,-1.3719721136192,4.4088611010199
-0.964527749588927,6.05230926652109,5,3.89670520994635,-1.31744590096817,4.58799768218366
0.0211750166753665,14.9064535257437,14,13.9049349862783,0.184231840384654,16.906235821026
0.624480524270649,22.3256768893767,22,22.4964910463363,0.84185295217148,24.3581213888814
0.416180859632123,19.8801258494298,18,19.6936935224092,0.462706787518849,20.3898100670233
2.03124473503462,29.0400299516484,30,30,2.9814895216229,29.6829325887254
-0.337414842696386,10.908392809604,11,9.25138393788482,0.045049472257599,15.1891980755883
-0.756374024306857,7.30588328508177,7,5.23332647367915,-0.502793006255528,9.35980946459283
0.791160047710979,23.9861173417007,24,24.3734453842626,0.784212373341189,23.8489983394503
-0.450799730030272,9.80127269991216,8,7.99127582494745,-0.480103365504539,9.56514916486986
0.265362969540871,17.9675155587087,18,17.4788906835125,0.310181420340826,18.4958082947215
-0.906306715089136,6.36861011221495,8,4.2305216327471,-0.861193305271581,6.66261599037863
-0.165209072821553,12.7406867531626,13,11.3718940911762,-0.413074098592495,10.1929356313131
0.783614356506567,23.9175757921715,23,24.2965012618098,0.542736387505117,21.3364915425212
0.61645895530358,22.2383333985353,23,22.3970876134152,0.50863179654404,20.9385234641507
-0.0855226557934713,13.644459522376,14,12.4274187079921,-0.281049660706078,11.5140660554921
0.841787386557163,24.4294426985033,24,24.8698533280169,0.841097569271302,24.3516854260051
0.575513353025622,21.782782586206,22,21.8776993026259,0.594119050622708,21.918388363181
-0.399416519266544,10.2923720802122,11,8.54781051534616,-0.826478733066861,6.87734471493807
1.06856548945113,26.0749177108303,26,26.6913318302107,1.2237138980008,26.864978904749
-0.565875748151007,8.77167236095908,9,6.8385546106391,-0.721084410175272,7.59015449909355
0.737678582978632,23.4865295491511,24,23.811477811821,0.607265389100547,22.0635478750261
0.240234352396061,17.6461787621261,19,17.1051815428955,0.269448281923424,17.9809821192086
-0.235293337370901,11.9744728983592,12,10.4810340039536,-0.390450812614944,10.4116391805088
-0.0112110412000202,14.5173683792941,16,13.4492706925115,-0.112760547621606,13.3421777037475
-0.0219737895234012,14.3892022630706,13,13.299176011424,0.00289037411591572,14.6840591778019
-0.261208667877399,11.6981436290862,11,10.1610448146828,-0.00760444339397575,14.5595831991014
-0.0832072976796683,13.6712258252184,12,12.458729583998,-0.290440813910447,11.4166454386568
0.981950627232729,25.509555886907,25,26.0693770701237,0.616396740310543,22.1634343071341
0.896584235996599,24.877062875261,26,25.3687295218888,0.958353860296841,25.2766786198831
-0.178346854476636,12.5949830330107,13,11.2021395245529,-0.248161900329445,11.8591766364451
1.45730828527952,27.8402196567409,29,28.6182116468872,1.30065560236954,27.2136049883545
0.832565728647694,24.3508336516151,25,24.7819956202549,0.780652004697339,23.8163535027093
1.54021889621275,28.0908975148666,28,28.894708390003,1.66134789685923,28.3646907216774
1.31109586675496,27.3038230837872,28,28.0322734787073,1.56702840896523,28.1273289186021
-0.279308917658635,11.5074421028874,12,9.94069055730017,-0.596813407275043,8.55038443199243
-1.19956196773741,4.99774167913524,4,2.80495907262915,-1.25668759246281,4.800711749283
0.229928411146544,17.5145155845555,18,16.9519388951315,0.376528261047267,19.3293735900584
-0.788138318289628,7.09176052774046,6,5.00253731011479,-0.931132322438192,6.25874938782127
-0.444110332681387,9.86416495567586,9,8.06231764424661,-0.993267800514759,5.93034151905928
-1.12263048615507,5.30830321960518,6,3.12251678889175,-0.874941240977168,6.58023856466574
0.11122196242208,16.013197048606,15,15.200147742564,-0.118726414132699,13.2747904327168
-1.84829751579656,3.15428152562149,2,1.03348306841046,-2.16324918109223,2.551401599858
-0.279333036187267,11.5071892687639,11,9.94039868435225,-0.173036778207561,12.6698938052948
0.772864473487114,23.8188231403764,24,24.1855535796868,0.910749265882246,24.9189527364813
0.714033261603453,23.2554779937878,24,23.5507231573283,0.758516348753603,23.6102802879887
0.746372450342934,23.56992156118,24,23.9054613377438,0.744238735309128,23.4745288129773
0.83516434603429,24.3730815588451,25,24.8068683942725,1.16021509267877,26.5424976200692
-1.92383619118601,2.99346469724792,2,0.890443567189083,-2.37900478156894,2.1878600258982
2.03124473503462,29.0400299516484,30,30,1.53266253564788,28.0310941869409
-0.337993121876819,10.9025342626746,10,9.2446662495542,-0.488871071359082,9.48535889255919
-0.127876115985949,13.1598558285239,13,11.8609707402038,0.174951047370177,16.7898802648803
-0.816451993752587,6.90809451776917,7,4.80535784863349,-0.910631082763329,6.37326030262388
-1.64265841668028,3.63430437343567,3,1.47170240325809,-1.22242950283552,4.92739580806611
0.363441040400292,19.2178186645421,19,18.928701849215,0.398867332484492,19.6073312482136
0.526979732874498,21.2231568793166,21,21.2376423406948,0.430624253313198,19.9990522050417
0.138739350313893,16.357775866898,18,15.6028594848411,0.21852270167391,17.3376326412844
0.502801707001577,20.9371649165603,21,20.9097562609113,0.43916455042478,20.1036006992285
1.13231397252257,26.4454636908346,26,27.0968906409625,0.902073179783122,24.8511581553622
-0.984692640989617,5.94844740243649,5,3.7876531050674,-1.11768810272387,5.34925969664376
-1.837355852233,3.17820447039111,2,1.05491483278232,-1.84498910423593,3.17713933801487
1.21244908336401,26.861124996208,27,27.55026749346,1.20302392341284,26.7635100957811
0.834922564075398,24.3710147463056,24,24.8045579762828,0.838444551014345,24.3290317369132
1.05837795097673,26.0122193662659,26,26.6225536303076,1.06271375031334,25.9795509141132
-1.32573832630937,4.54600380865893,5,2.35075918155305,-2.24052818598071,2.41612088090359
-0.511450813015191,9.24596898830493,9,7.36710290528598,-0.455939946858029,9.78788287294324
-1.19742286609983,5.00598541706225,5,2.81333757000859,-1.29274032943543,4.67273306864952
0.919563338104565,25.0549674670144,26,25.5663196721776,1.00809311836756,25.6252596432177
-0.0913653652105341,13.57704145603,14,12.3485634929844,-0.114514123520525,13.3223510960643
0.374286719837489,19.3548622779187,19,19.0871723149887,0.0424450906124481,15.1577631929258
0.771970716051203,23.8105542616044,24,24.1762588628879,0.441338869743466,20.1301593578671
1.1497447264054,26.5404698185893,27,27.2006426232101,0.925932887324088,25.0356578267843
0.736316962706693,23.4733925734645,22,23.7966659967117,0.913774739005167,24.9424037701361
-0.907772005276371,6.36033981375524,7,4.22176187911967,-0.860411313669951,6.66734663555041
-0.309835533354089,11.1901869398765,11,9.57505815651825,-0.077208180827372,13.7475581408987
-0.529883446442166,9.0827176360193,8,7.18469220515175,-0.962727825339884,6.08832780669052
0.298223389787255,18.3877520880018,19,17.9669634151698,0.360830971055546,19.1330851815832
2.03124473503462,29.0400299516484,30,30,1.83254570150179,28.7113720790535
-0.113119726812203,13.327611639092,12,12.0569542720054,0.0263903086616787,14.9646404472996
-0.57009429437131,8.73589762604363,9,6.79886406665132,-0.16262997225905,12.7845976880192
0.43140514417211,20.0690684421242,20,19.9115166782665,0.430433383326946,19.996711493879
-2.20774902616994,2.44867710661817,1,0.416787570475767,-3.77630505301074,0.704029359382543
-0.688984030482377,7.78887048371431,9,5.75743222332207,-0.558650955584739,8.87065417682581
-0.661804837020351,7.99476396253723,6,5.98231385140535,-0.393333700207335,10.3835853282102
-1.43239685108819,4.2091821727277,4,2.01941531365055,-1.31754998829524,4.58764556997717
-0.146996271611535,12.9442336123765,13,11.6092653077755,-0.0682867800787756,13.8502944244436
0.447760601636069,20.2706944743224,20,20.1437502414176,0.219230994550481,17.3465637720209
1.11658707786375,26.3574629437889,27,27.0007097546342,1.10980388337794,26.2621573346262
0.869147521022534,24.6570915717489,24,25.1238734562347,1.07925316678561,26.0811617673368
0.584912018999623,21.8887505758472,22,21.998653366517,0.793386636270447,23.9324757133939
0.518227800916827,21.1201548635617,22,21.1196111134182,0.5158355253511,21.0233046294127
-0.518389070375488,9.18420987704461,10,7.29803636113085,-0.720340553681985,7.59551693600684
0.813719210633327,24.1872149266623,24,24.5988976115391,0.608047455808783,22.0721332344246
-1.07911358256526,5.49784281151521,6,3.31809689857937,-1.23156105299147,4.8931240745675
1.39833372341824,27.6394795380138,28,28.398341779845,1.50923092935075,27.9622198875864
1.19456706627333,26.7729582776886,26,27.4542069145414,1.45926007720426,27.8059513602031
-0.327641744325439,11.0077171714762,12,9.36534681886882,-0.54834587390897,8.95910379477014
0.0601686662469668,15.3814510317144,15,14.4610712377552,0.173116168647614,16.7668995803634
1.10121087434471,26.269290469004,26,26.9042597297601,0.742098874981536,23.4539925377567
0.328768575511594,18.7775356313573,20,18.418973042742,0.596860732593981,21.9487917017823
0.0672607310663767,15.468570049755,16,14.5630387707046,-0.0867053842031031,13.6386345671026
-0.321687681502704,11.0685166304118,11,9.43517380874786,-0.318358928605992,11.1300476483169
1.44999308432905,27.816383706539,27,28.5920471236469,1.41964714794508,27.6724009636801
1.77257137091705,28.6339332819663,29,29.509121925156,1.86017008909143,28.7588117910332
1.04878518587221,25.9522767875823,27,26.5567538626281,0.959957157945053,25.2883116727076
-0.286156395221116,11.435797360585,12,9.85801359801905,-0.363886252069601,10.6726282038768
-0.259916984616621,11.7118252910486,13,10.176869407595,-0.237133846854732,11.9762553806014
1.77549815148325,28.6395325638535,29,29.515639877683,2.87643991476605,29.6427393951135
0.500977625100224,20.9154091899139,21,20.8847927954271,0.693347899281724,22.9728384059062
-1.83904174934772,3.17450766112196,2,1.05160031188248,-2.8464598755371,1.53775763334501
-0.640001220597082,8.16452447442363,9,6.1683778222407,-0.664989957734024,8.00763660636801
-0.344296671149028,10.8388080837987,11,9.17162617856956,-0.35916556045558,10.7194704116089
-0.358153509818894,10.6995981848747,11,9.01227374522486,-0.160327841698589,12.8100494382187
-0.836037141267542,6.78495532956728,8,4.67357054737908,-0.540259831262767,9.02908256139267
-1.75732412121323,3.35839689218285,2,1.21768851127335,-0.902013724808365,6.42233858712743
1.20984440278797,26.8484411033509,27,27.5364506514222,1.28845833446796,27.1612385873373
-1.0873832945717,5.46099619103566,5,3.27997937008219,-0.955982331851013,6.12410664767486
-2.19437278808459,2.47243150473805,1,0.437186776729562,-2.10459461569353,2.65809186782379
1.3847407203266,27.5903341716469,28,28.3446504817305,1.55954570835105,28.1068452912012
-1.48567320204342,4.05353850377554,3,1.86877240112948,-1.54389160374393,3.9039947248217
0.964801448621636,25.38866925846,26,25.9358607145744,1.02662232321802,25.7487244257994
0.0499823352486257,15.2567051682574,15,14.3150429411831,-0.359900389056941,10.712169828113
0.171552864454953,16.7717897317441,17,16.0862483620585,0.110245762414774,15.9851811152104
0.623431562226761,22.3142916081813,22,22.4835371355212,0.551020911895201,21.4318077342154
-0.198904524950595,12.3688957671783,12,10.939032912686,-0.365642587800761,10.6552358363641
-1.59030263881211,3.76823884565449,3,1.5971230875192,-1.28705365566674,4.69257134786925
2.03124473503462,29.0400299516484,30,30,1.44767614216908,27.7678127729841
0.69489106122058,23.0639233679914,22,23.3341575624714,0.945762905336579,25.1843893557025
0.321288082209116,18.6822039780327,18,18.3084857964024,0.31801803532442,18.5946999908822
-0.814395199435826,6.9212106049384,6,4.81941470507877,-0.747406525253452,7.40340798083935
-0.095991792023362,13.523785784071,13,12.2862834928523,-0.354856591180226,10.7623474385135
1.12109959517092,26.3829370046146,26,27.0285599145733,1.17539432999714,26.622608108747
1.58321188793807,28.2078058470356,28,29.024761802839,1.57731722791971,28.1550777585315
-0.56009320365755,8.8209449817994,8,6.89326136730972,-0.343606397068136,10.8748308935203
1.3148247943979,27.319188134928,27,28.0490073373482,1.68882784334483,28.4271161884355
-1.56371708317916,3.83839004708177,3,1.66335981801497,-1.93826736243458,2.98114877186919
0.118319104741018,16.1018177100617,16,15.3037506126541,-0.0864174431980576,13.6419302175075
-0.035799055742139,14.2254186001055,15,13.1073861301313,0.118473266594423,16.0867747417639
0.243492614265999,17.6878243266072,17,17.1536383684517,0.401466991866937,19.6395586636407
0.969727798986779,25.4237075911075,25,25.9745791051081,0.838084905711341,24.3259548377488
1.03449257449855,25.8613187200721,27,26.4568233952188,0.747035777259939,23.5012973245618
0.0200586404405312,14.8929576053891,15,13.8891305120843,0.0291164673877313,14.9973526351892
0.562934039888255,21.6396959440968,21,21.714250807703,0.307270437765372,18.4590554610774
-0.169315224377689,12.6950461557578,13,11.3187044769232,-0.41608055296383,10.1641237633518
-0.521398117769224,9.15754138582419,8,7.26823468083695,-0.343992570929559,10.8709569976835
0.100330347898246,15.8775558005244,15,15.0415361213088,0.0541344756233179,15.2990828213311
-0.82477139832949,6.8554003383212,7,4.74892206614005,-0.86389802274343,6.64629128532376
0.0146597000672823,14.8277729049202,15,13.8127941336964,0.126046453006702,16.1804925381855
-1.0375737572231,5.6891139925798,6,3.51666900469286,-1.03130327533948,5.74242409183481
0.0530161249277981,15.2938103610017,15,14.3584809027684,0.21565981764465,17.3015406222027
-1.84829751579656,3.15428152562149,2,1.03348306841046,-1.7221396974283,3.454336098032
-0.521653152002516,9.15528430808144,9,7.26571304499205,-0.896227308824983,6.4556119419351
0.487517494182715,20.7541295682206,21,20.6996441598384,0.386316164992883,19.4513775856367
0.602842725695257,22.0886212786338,22,22.2265668465511,0.302063859431769,18.393297641431
0.874640116698659,24.7017914248539,24,25.1736781643105,0.500441309503984,20.8416829845793
0.530054631214319,21.259200915795,21,21.2789295830356,0.635760388843296,22.3726339554352
0.497290607912129,20.8713601900362,20,20.8342402265699,0.379599590520107,19.3676912732168
0.96001333569405,25.3543717487966,26,25.8979456227552,1.1358958096251,26.4100422432941
-0.237075195638506,11.9553506282772,12,10.4588655911952,-0.186110213416452,12.5266164053715
0.601898367686663,22.0781711172841,22,22.2146578406477,0.436330589441134,20.0689484285795
-0.738480713221284,7.43030460224931,8,5.36787662701315,-0.705310209719032,7.70487184714818
-0.594671661765139,8.53037226282863,9,6.5713291971966,-0.368511183726995,10.6268704704435
-1.41635805588659,4.25757857253881,4,2.06658865923796,-1.14357424310641,5.23978954814298
1.1569238086976,26.5788391909301,28,27.2425205336728,0.8961180380932,24.8041562536159
0.407446838457629,19.7712273900602,18,19.5680642578699,0.391427943149895,19.5149635521556
1.37449618361856,27.5525508724637,28,28.3034001533893,1.21338132954773,26.814731020131
-1.01571466304966,5.79408499192319,6,3.62612316007751,-0.845441886726363,6.75884478141275
-0.95380607480601,6.10869841195733,6,3.95603160373512,-0.591573503670883,8.5936714249844
-0.567082920499612,8.76142034169428,10,6.82717787601988,-0.459155142452494,9.7580087381491
-0.820520268575408,6.8822548397823,7,4.77767579051964,-0.657757512888633,8.06338905759315
1.77257137091705,28.6339332819663,29,29.509121925156,1.52515681142655,28.0093266120076
1.77549815148325,28.6395325638535,29,29.515639877683,2.12845321718925,29.1268097819157
0.14519493058798,16.4389772838036,18,15.6977102407298,-0.083399711923927,13.6764953117843
-0.382777071391191,10.4552491302742,11,8.73327033734641,-0.512968386044937,9.26894846409226
1.02492440528431,25.7993124819611,26,26.3886414213607,1.15034352383157,26.4893480357229
2.03124473503462,29.0400299516484,30,30,2.23559454146279,29.236849493622
-0.541595300600466,8.98037088926571,8,7.07059271449574,-0.47487852259053,9.61296019142602
-0.469531640324572,9.62686938814968,9,7.79463948544881,-0.567218215010904,8.79775147769888
-0.828737979400298,6.83047803015401,6,4.72225137960937,-1.25787234749748,4.79642119826607
0.883333077609482,24.7718562655454,26,25.2516954822796,0.825613516191325,24.2183785966467
-0.914884266299023,6.32042919622492,7,4.17951246099636,-0.868652932337231,6.61773283459147
0.51045859115388,21.0282189108237,21,21.0142039937542,0.399255951180108,19.6121505525341
-1.36714152530141,4.4109192924834,4,2.2170412783277,-1.1940977624085,5.03615914394993
1.07848558211212,26.1350291834719,25,26.7572283217066,1.10933547207876,26.2594467345007
0.61220579730588,22.1917641283451,22,22.3440640333173,0.64722386643252,22.4947691550271
-0.378001306680564,10.5023340016475,11,8.78696163546088,-0.492612837912295,9.45147629284124
0.734701145359161,23.4577763426321,24,23.7790566202486,0.81596566061044,24.1339848127539
2.03124473503462,29.0400299516484,30,30,2.64726510268423,29.5346756815883
-0.804744675292449,6.98322268949932,6,4.88592542650309,-0.732468964177231,7.50866695033151
-1.32125316869366,4.56099431624732,3,2.36566257653521,-1.6560515056134,3.61378349089132
-0.152743423030999,12.8798083865553,14,11.5341075403105,-0.00285318346811943,14.6158722030487
-1.26857701502104,4.74265151928101,3,2.54722931955797,-1.06748772837587,5.57228487558466
-0.850698660208714,6.69483180468796,5,4.57733080615237,-0.818675737743348,6.92695465313415
1.26431506797992,27.1028023157008,27,27.8134169469843,0.89979562621779,24.8332273317816
0.107022734355579,15.9608484887568,15,15.1389395712524,-0.0706296566424385,13.8232755978552
1.41197471990442,27.6876884923613,29,28.4510555062771,1.4921971516361,27.9104203929999
-1.00634270309328,5.84004109744436,5,3.6741430442018,-0.710582173094627,7.66629777842328
0.753358173404122,23.636317761797,23,23.9802402786865,0.918868410729995,24.9816646208348
-1.59638052758626,3.75240953317458,3,1.58222853692098,-1.48069428416356,4.08014168580454
-0.829592467965031,6.82512620202241,7,4.71652589063882,-0.728207645564252,7.53904008935769
-0.13339419701108,13.0974247020294,12,11.7880676732644,-0.181524230597192,12.5767721118739
-0.082083084449298,13.6842322703029,13,12.4739451033877,0.0753755437945016,15.5573482279594
-0.0166552213101473,14.4524653548997,14,13.3732621176538,-0.130602311959515,13.1411971578379
0.557633660572254,21.578983479194,23,21.6448556332682,0.752072622585115,23.5492874943019
1.04897146954178,25.9534492368192,27,26.5580412976486,1.21192911784829,26.807601037647
2.03124473503462,29.0400299516484,30,30,2.73701698340175,29.5807297987521
-0.258282693009546,11.7291496997525,13,10.1969102023416,-0.175573547163567,12.6420208792658
0.482175476778774,20.6897691323465,22,20.6257151296565,0.388770824773039,19.4819230164625
0.883051276301274,24.7695980078974,25,25.2491818486853,0.607398619905665,22.0650108549165
-0.505808667688421,9.29646405309434,10,7.4236259152084,-0.357279847893547,10.7382203844062
1.1284133470452,26.423841109932,26,27.0732653982449,1.07229382393463,26.0387210341165
0.0253867518704589,14.9574222062043,14,13.9646210510859,0.0172366713243718,14.8550480893115
-0.385720503688432,10.4263038485179,10,8.70028100937516,-0.248497177132457,11.8556277618634
-0.199072857879836,12.367054144074,12,10.9368913527147,-0.307311627333067,11.2429115253915
-0.216565119291571,12.1765428850278,12,10.7155037254916,0.0284659699947766,14.9895440485388
-0.725760348930973,7.52043287689985,8,5.4655440107523,-0.822498996796815,6.90258491796931
0.44575168826778,20.2460091966753,20,20.115329596309,0.755724965468589,23.5839140291494
0.302958667225627,18.448255743677,19,18.0371706474952,0.202939517610062,17.1413291848515
0.871813502694884,24.678829509126,25,25.1480969679926,0.694018851242634,22.9796312578603
1.77549815148325,28.6395325638535,29,29.515639877683,1.43891771746541,27.7384798449689
-1.35517668622854,4.44936012454558,4,2.2549845270954,-1.63477402387277,3.66684234530129
1.4008278107678,27.6483762989071,27,28.4080663049043,1.0085614711606,25.6284225360176
-0.778731832542205,7.1542741447153,9,5.06981600658738,-0.375869970557424,10.5543405138635
-0.819185606126987,6.8907168166864,8,4.78673950017403,-0.822089628199432,6.90518854602504
0.42060667779493,19.9351714208128,19,19.7571725284315,0.48251760913211,20.6281747633434
-0.269175688780258,11.6139694559435,11,10.063731738195,-0.123784493626487,13.2178017709537
-0.921738891562762,6.2823260653895,7,4.13921257190383,-0.834753955250922,6.82527484109801
1.00414128319331,25.6615027836867,25,26.2369317053061,1.02284596058464,25.7238379359952
-0.438920467454385,9.91317748488304,8,8.11772906732662,-0.71453575594738,7.63752414257917
-0.35425018224432,10.7386894655423,12,9.05699260453247,-0.477288060232518,9.59088696728708
1.10056338063099,26.265530631493,27,26.9001450440905,1.04645475762655,25.8771258812664
1.06837691417221,26.0737660672965,27,26.6900689368302,1.01190746582203,25.650954942993
2.03124473503462,29.0400299516484,30,30,2.49299892847838,29.4419073780296
1.17594513412153,26.6783958268657,26,27.3511226031563,1.19834685000916,26.7400975438022
0.160285241845701,16.6292799556462,15,15.9199209633417,0.0339982807984941,15.056014308582
0.149382889951092,16.4917241335766,16,15.7593126074455,-0.154064311628337,12.8794393506137
0.984281189561206,25.5257501029134,26,26.0872488751559,1.3040589366329,27.2280289631292
-1.43393291643729,4.20458590381221,4,2.01494321611303,-0.89839650669646,6.44310843121168
0.0282903726428319,14.9926090316762,15,14.0058249006344,0.178872590598609,16.8390216740441
0.17487007156815,16.8138074338568,16,16.1352754389501,0.116926337607911,16.0676553460176
0.978354100149528,25.4844554028908,26,26.041669698584,1.11700603796215,26.3035855119344
1.64557124871465,28.3631344534136,29,29.1990990592024,1.19336245525789,26.7149511985484
1.07681937768186,26.1249971377456,26,26.7462337683499,1.16587104846016,26.5725751508354
0.058212248623829,15.3574566422883,16,14.4329850768351,0.278311801355071,18.0930686533262
0.0630184296578365,15.4164315368667,15,14.5020153243274,-0.0911411375267935,13.5879183059369
-1.78243182546523,3.30084863407126,2,1.16544096644522,-1.94011835054935,2.97737412059582
-1.74728592966682,3.38167718034918,2,1.23889565152497,-2.35369736140915,2.22826934251299
0.561696939648478,21.6255478777669,21,21.6980816457644,0.312419530014599,18.5240591900726
-0.225671479045359,12.0780419043845,11,10.601162063387,-0.433995882105363,9.99368382887093
-0.769492281339195,7.21641044593855,6,5.13677113758212,-1.31540127235184,4.59492254668861
1.49101945896668,27.9463646588591,29,28.7349638460308,1.34356801141545,27.3896484941947
-1.29572215179927,4.64772319569417,5,2.45212999284259,-1.53276844719672,3.93428486719546
0.208945991863709,17.2468507610002,18,16.6401954868444,0.370821175201703,19.2580932441625
0.18005580887506,16.87954693671,17,16.2119694125144,0.0360085650187959,15.0802013904492
1.4632439029334,27.8593467056207,27,28.6392204692344,2.03909440907617,29.020671349233
-0.717694130088625,7.5783087397688,7,5.52835009713196,-0.716975117993106,7.61983668240322
0.480494874570139,20.669481054769,20,20.6024057176517,0.492048261952408,20.741969689603
-1.92383619118601,2.99346469724792,2,0.890443567189083,-1.48068085152488,4.0801802077755
-1.64265841668028,3.63430437343567,3,1.47170240325809,-1.11693715128173,5.35248993002932
-0.01145805936586,14.514420360149,15,13.4458182048432,-0.09935441547887,13.4942775334144
-0.785867041387067,7.10678629279333,7,5.0187007828808,-0.82249187713545,6.90263018806965
1.77257137091705,28.6339332819663,29,29.509121925156,1.99856746287594,28.9675798874715
-0.420190323004805,10.0916305954496,10,8.31982933339832,-0.78376127334647,7.15507578966071
2.03124473503462,29.0400299516484,30,30,1.78473755882457,28.6241086047771
1.74947347533132,28.5887930986434,29,29.4567591871451,1.96050347600992,28.9146005343647
1.20878104864988,26.8432475103782,27,27.5307929133833,1.18505882890977,26.6726080513727
1.77549815148325,28.6395325638535,29,29.515639877683,1.62573303962471,28.279425626889
-1.13774139058789,5.24492442032448,6,3.05740407028764,-1.27632965099294,4.73033257622391
0.87097021940423,24.6719620258816,25,25.1404448589164,0.776263401368902,23.7759234454357
0.821201075255801,24.2526468189568,25,24.6721561138219,1.16044545200408,26.5437279474855
-0.748341671195058,7.36139582618492,9,5.29331806184123,-0.268812667594534,11.641763388755
-0.900329522352854,6.40251632423723,7,4.26645163328665,-0.621668241685068,8.34808825618162
1.42283978182694,27.7253075092623,27,28.4922251155877,2.5087133378346,29.4522414879726
0.485314452769969,20.7276111425206,21,20.6691861558999,0.533974620723564,21.2350923922025
-1.84547801119587,3.16043038296456,2,1.03898772406604,-1.02759900012518,5.76030793856817
0.616078806615574,22.2341782758372,21,22.392357289349,0.714434210093959,23.1840571837042
-0.15007135889925,12.9097397646344,12,11.5690222033801,0.0403472596563529,15.1324638465843
-0.0992122011255651,13.4867819450228,15,12.2430148781077,0.229160169839213,17.471832594708
-1.1255639557039,5.29590413555833,6,3.10976680829855,-0.93450448368375,6.24021359612321
1.18932140138539,26.7466072591003,27,27.4254873993618,1.7101068593821,28.4735416791987
2.03124473503462,29.0400299516484,30,30,2.3101366037795,29.3039664580543
0.361415033807718,19.192177954387,19,18.8990420759359,0.401198098675428,19.6362264862621
1.60180871508577,28.2558292775905,28,29.0784531009535,1.86821346118288,28.7722347178484
-2.12656701752787,2.5956140520217,1,0.543240812854943,-1.57846742213201,3.81166345545003
-1.43507313558532,4.20117842256026,4,2.01162869521319,-1.30932535329984,4.61559326189075
-1.70825525806499,3.47373169246294,3,1.32315824638113,-2.07513456111044,2.71304221338593
0.469449524118294,20.535675620158,20,20.4486136234709,0.518724753364062,21.0572026661755
-0.691468277826385,7.77036921952379,7,5.737267116942,-0.694482932256227,7.78482908788926
-0.879805943661536,6.52104056733675,7,4.39226428550286,-0.656003265816209,8.07697781100509
0.057318005591829,15.3464948001066,16,14.420153608387,-0.157834654761489,12.8376451128218
-1.05670301603895,5.59972775121446,5,3.42372720212146,-0.783319356866497,7.15802796707844
0.110197355429051,16.0004180638978,16,15.1852066522209,0.210171573753175,17.2323847968877
1.77549815148325,28.6395325638535,29,29.515639877683,2.27125886005099,29.2698495866245
0.409025670500289,19.7909385961769,17,19.5908083960272,0.64240119134997,22.4435443338825
0.953682770386432,25.308657217732,26,25.8473857157487,1.11001369242475,26.263370812933
-1.17418847043836,5.09691984014486,4,2.90595026982632,-1.10051484034235,5.4239201438898
-0.320381935463921,11.081879144508,11,9.45052708838977,-0.294195164640707,11.3778408954907
-0.749612443465716,7.35257646836133,8,5.28378278760126,-0.938738101339378,6.21706114330877
1.25760955314666,27.0726986067898,28,27.7806459958662,1.19202913380017,26.7081902282447
-0.817426156092793,6.90189460389965,8,4.79871454583307,-0.223493709545998,12.1219937975166
-2.20774902616994,2.44867710661817,1,0.416787570475767,-1.78312445272933,3.31381576738134
0.369370206186335,19.2927848903879,20,19.0154004270307,0.237063086933961,17.5716176678127
0.249384759231778,17.7631541946543,18,17.2412708678056,-0.0786431546020529,13.7310710059763
-0.0625244407394892,13.9115725213022,14,12.7399685843265,-0.056517275460392,13.9864417314377
1.77257137091705,28.6339332819663,29,29.509121925156,1.47884868164388,27.868778086661
0.100230653090578,15.8763162939268,16,15.0400865003682,-0.136050050778632,13.0801611119936
0.922782726361538,25.0794359709704,25,25.59346442486,0.678301747367032,22.8192784020135
0.310711856028946,18.5472679316732,17,18.1520273478879,-0.0307281472333871,14.2871738989833
-1.29572215179927,4.64772319569417,5,2.45212999284259,-1.24655257032934,4.83765885599372
-0.646791613706756,8.11121906041975,9,6.10989031628027,-1.16205596547245,5.16380543812464
-1.07033490825777,5.5373958891142,5,3.35906415527216,-1.04091718078557,5.69641911544596
1.71826459068821,28.5250253167347,29,29.3833045020653,1.63697363831383,28.3068847906678
-0.00848856973513493,14.5498794731058,15,13.4873452837587,0.107530849713462,15.9517092363375
-1.81671948704314,3.22377745081799,2,1.09585615030359,-2.44220319851501,2.08941500646832
0.662938788629768,22.7353558778087,23,22.9619152178732,1.00863364572848,25.6289097518975
0.273236710238015,18.0682384527381,19,17.5959414975189,0.151204062499254,16.4931259496105
-0.796486091087624,7.0369098894409,8,4.94357465497491,-0.575299047889478,8.729517383284
-0.85867963215441,6.64650555983588,7,4.52580009113181,-0.35693818605942,10.7416199358712
-0.157720228776864,12.8241637083107,12,11.4692125841616,-0.0521191583842148,14.0374961698665
0.133923175865258,16.2972819398613,17,15.5321841512812,0.0472425638483712,15.2156914716684
-0.546971271582524,8.93375548262953,11,7.01869101264682,-0.268808025756353,11.6418119890847
1.47249840885284,27.8887914576974,28,28.6715864149948,1.16693255608943,26.5781898723672
-1.45818815610592,4.13288065046906,4,1.9453583999714,-1.71802588986067,3.46403588026163
0.314092941680675,18.5904227570367,18,18.2020743381804,0.560945436268504,21.5452573987717
0.57127647450548,21.7347482161902,21,21.8228454755797,0.385965883597066,19.4470170076756
0.0693395978112503,15.4941476874706,16,14.5929733713964,0.300457675926279,18.3730068270212
0.708179300971434,23.1973231950789,24,23.4850114210679,0.863833160607599,24.5426578427664
0.275471924995218,18.0968311186614,19,17.6291614272604,0.362755724127201,19.1571916353882
-0.427305466192078,10.0235533433304,10,8.24266698373683,-0.299775544426126,11.3203132421205
0.596697822601195,22.0204690063859,22,22.1488857566704,0.359942633946756,19.1219558739057
0.51358575152334,21.0652794248546,23,21.0567012692623,0.446362261792544,20.1914243345916
0.652856749365969,22.6294334893823,23,22.8417130701777,0.737641675494365,23.411057799481
-0.866992456611248,6.59671368264926,6,4.47276202221762,-0.662023622075605,8.03045016945112
0.530350287052565,21.262662586833,21,21.2828943703941,0.629893920096105,22.309634534156
-0.256287430247544,11.7503214764854,10,10.2214059829324,-0.438720751370964,9.94909336816293
0.482297629716883,20.691243006222,20,20.6274084009986,0.594415674167161,21.9216809919393
0.654073993032591,22.6422783209087,24,22.856294608945,0.607404008611805,22.0650700237203
-0.530179239618665,9.08011948314804,9,7.18179322086703,-0.521956871765417,9.18932720356841
0.178871802416194,16.8645316435185,18,16.1944533709148,0.434071315174433,20.0412941425838
-0.0552949041874815,13.9961090663596,14,12.8389189005545,-0.0306171579630625,14.288475235581
-0.627130742784646,8.2666368641652,8,6.28057685797962,-0.600846393078619,8.51721857970187
-1.17510124922322,5.09329847710371,5,2.90225546953994,-1.62800856470763,3.68389895107945
-0.0720592138447362,13.8004953032216,14,12.6099751682445,-0.281044367265861,11.5141211102055
-0.727813760550387,7.50578921407671,9,5.44966392632805,-0.660862984272656,8.03939646294143
-1.24466982747752,4.82870348974487,5,2.63382884880346,-1.08355350368669,5.49931251099715
0.499568563667415,20.8985867189729,21,20.8654879810555,0.47431325201482,20.5297507291547
-1.94628245513217,2.94707679994567,2,0.849502249667813,-1.68762168490645,3.53663589681231
0.645401569539574,22.5504278864354,22,22.751995093303,0.435704586590586,20.0612884995668
0.207605462880158,17.2297724180417,17,16.6202954378879,0.309888350080858,18.4921085387123
-1.36783751163063,4.40869769524128,4,2.21485114357195,-0.87621130132361,6.57270351036481
-0.448141762287094,9.82622419970065,10,8.01945223762474,-0.724611648617286,7.56479040427014
-0.492357966449093,9.41782067428218,9,7.55966429261984,-0.233613719505012,12.0137682752246
-0.0903934613206198,13.5882436067799,14,12.3616650549099,0.0724860760086403,15.5221072929568
-0.575458458670207,8.69061713032176,8,6.74866319334233,-0.952325142472543,6.14364093696069
2.03124473503462,29.0400299516484,30,30,2.34912785467562,29.3363598004867
1.25038898530406,27.0399103262808,28,27.7449514975386,1.5347393316823,28.0370688340832
-0.264111075957684,11.6674361580592,11,10.1255351109384,0.197229591284791,17.0695024062713
0.0873419988614685,15.7163969029283,15,14.8530286238325,0.228786313538321,17.4671137830213
0.663387761334662,22.7400480000997,23,22.9672376939209,0.613794545359062,22.1350488222475
-0.157411627774172,12.8276101946662,13,11.4732314688561,-0.0628665546591262,13.9129081869246
1.27671828214485,27.1576187691885,28,27.8730898238121,1.28920431258275,27.1644716783261
0.160427516148332,16.6310772735642,17,15.9220190847455,0.0334558415397601,15.049490922687
0.582536641247032,21.8620456927924,23,21.9681794729909,0.755337386595089,23.5802464141768
-1.72498195186975,3.43397719753268,3,1.28668902639737,-2.14319747552291,2.5874757268254
0.161173086350469,16.6404968010177,19,15.9330149145712,0.37959476194334,19.3676310563165
0.363568223409421,19.2194278562735,18,18.9305631684762,0.351257859872814,19.0130432845599
-1.64265841668028,3.63430437343567,3,1.47170240325809,-1.60684565310671,3.73784980087865
-0.696736195352964,7.73131323157557,8,5.69472182552738,-0.704476626736449,7.71099252644419
0.898219487539524,24.8899126701588,25,25.3830144811506,0.938235186167739,25.1284181662424
1.26768369318951,27.1178007998636,27,27.829744156676,1.54590647957143,28.0688401984329
0.129665691799441,16.2438686864035,17,15.4697723063208,0.271715069386006,18.0096479720604
-0.230740367212457,12.0234155002665,12,10.5377891163943,-0.545914189397897,8.98009526147787
-0.0774474612310603,13.7379336470201,15,12.536772353981,-0.0773196086990786,13.746277516077
-1.09482806577772,5.42816305852552,6,3.24605224920064,-0.980046122276177,5.99794284159951
-0.707124454991564,7.65499846278316,9,5.6116794882423,-0.578491319568369,8.70270445963947
-0.435985899947275,9.94097520967969,11,8.14917446184204,-0.684521155314265,7.85926807204168
-0.087161481272686,13.6255312192055,15,12.405277902184,0.131004271274617,16.2419476110052
0.326075850982506,18.7432308082757,17,18.3792193141833,0.707745311349079,23.1175636282265
-0.158190491318705,12.8189127674811,12,11.4630896970247,-0.0238248812892159,14.3682279584775
-0.76039824693494,7.27827953764296,7,5.20351964037491,-1.03228887651862,5.73768058126016
0.118437488821976,16.1032974792996,15,15.3054803748009,-0.179380817603993,12.6002526636602
-0.323963494874699,11.0452517049473,11,9.40844857775495,-0.627384958446653,8.30227302914554
-0.288615628862972,11.4101339626236,12,9.82841327635379,-0.110329429927857,13.3696911879254
-0.507491435000596,9.28137840476893,8,7.40673438215461,-0.144060820124838,12.9906914240324
-0.738719736700383,7.42862439430332,7,5.36605747908578,-0.72335546363454,7.57381147871378
0.797214080136671,24.0406462889772,24,24.4346225105664,0.624700340466689,22.2535840285585
0.0565264063512614,15.3367941084327,13,14.4087982353759,0.160078212849613,16.6038483193601
-1.05377199522107,5.61327699728214,5,3.43779948744825,-0.891299646125161,6.48415010208382
-0.464553663057718,9.67296882527442,9,7.84656291977596,-0.569232049657264,8.78069854274174
-0.372629955208363,10.5554683319309,10,8.84759250219175,-0.31014708953744,11.21387486666
-0.0686196062213913,13.8405110963444,14,12.6568023307887,-0.329990857132018,11.0119909044168
-0.363683389446804,10.6443832108912,11,8.94914870291873,-0.368245361405502,10.629496827021
-1.59863614486889,3.7465542815774,3,1.5767238812654,-1.44560201918401,4.18245349298836
-0.558985282724441,8.83041636397108,9,6.9037827379705,-0.282856300595189,11.4952853483581
-0.136674066912107,13.0603942561452,13,11.7448350197718,-0.261403003184331,11.7194977817758
1.22293628342615,26.91165451284,26,27.6053026080916,1.57872322501815,28.1588326855789
-1.45660905380935,4.13749982662076,4,1.94983049750892,-0.819478108363649,6.92183036178685
1.06745722701728,26.0681446583854,26,26.6839042674996,1.07830020406945,26.0753770810075
0.325154174390994,18.7314858135928,19,18.3656075293153,-0.0175583947090278,14.4420051108605
1.38117382292614,27.577252202962,29,28.3303655224687,0.996649711622425,25.5472947447174
1.2112189608372,26.8551414053535,27,27.5437495409329,1.34187017582786,27.3829193075078
-1.61804402049044,3.69659859536187,3,1.52986579891007,-1.40903621651825,4.29280492984991
2.03124473503462,29.0400299516484,30,30,2.38328522693758,29.3633289217885
0.890854763222949,24.8318101953536,26,25.3184063057777,1.30608757430036,27.2365881294347
-0.219105583965653,12.1490165121228,12,10.683541851474,-0.586163043910714,8.63859881950732
-1.64265841668028,3.63430437343567,3,1.47170240325809,-1.8041019387889,3.26683497375127
-0.668892630922012,7.94045752613932,8,5.92291523337496,-0.777454853971797,7.19735954664586
0.22222896964573,17.4162269935565,18,16.8374963934587,-0.0574558881439679,13.9755585771162
1.10620542764864,26.2981647577414,26,26.9358539583071,1.24592667161971,26.9701808690541
-0.315423260423355,11.1327189462521,12,9.50896285240178,-0.563588491214612,8.828568169628
0.562115700750166,21.6303385429684,21,21.7035568274928,0.906635602418987,24.886909523991
0.527984963980064,21.2349485839314,22,21.2511502668916,0.50583689705637,20.9055305768624
-1.62759203195701,3.67229580668472,3,1.50713906512377,-1.83080009019496,3.20799195086264
2.03124473503462,29.0400299516484,30,30,1.7963847702384,28.6459947879866
-0.977585342965185,5.98473151804774,6,3.82571759270319,-0.687389466166591,7.83774902156198
0.34938817780095,19.0397291115392,20,18.7226324857198,0.693295557333746,22.9723082877306
-0.37617556387029,10.5203735390536,11,8.80754141917778,-0.775587384116894,7.20994447679899
0.77726758722873,23.8594289243219,22,24.2311863995415,0.85577395167312,24.4756101803558
-0.0103577517506545,14.5275542169778,15,13.4611995627252,0.0882882519643688,15.7152399456878
0.848358337723542,24.4848763107661,25,24.9317653309116,0.66077182053534,22.6374335550846
-0.544164360659638,8.95806570639843,9,7.04575284888541,-0.707792721413793,7.68667848070333
0.136602221964927,16.3309230555687,15,15.571488557039,0.264437123248028,17.9176121463666
0.521825696500458,21.1625718118784,20,21.1682253774972,0.554658554180241,21.4734845925885
-1.59638052758626,3.75240953317458,3,1.58222853692098,-1.55856699612772,3.86447396374223
-0.373193717134362,10.5498827105347,10,8.84121677861252,-0.533321914632352,9.08952507145517
-0.192805262577508,12.4357299293362,11,11.016770164263,-0.226656184292088,12.088113229327
-1.24404997637875,4.83096619211894,5,2.63611081158524,-1.14830388591758,5.22017542613956
0.214519844500125,17.3178928919685,16,16.7229634881856,0.0730562242771309,15.5290583570859
0.948502805703323,25.2709381013285,24,25.8056484201873,1.01928678098842,25.7002536141426
0.29374262808586,18.3304819540973,17,17.9004934450899,0.48324822659303,20.636919064606
-0.766620578638358,7.23587102082729,7,5.15775777696192,-0.60730976354589,8.46434063937632
-0.193368157586182,12.4295532342058,14,11.0095843631728,-0.173365043714305,12.6662850329879
0.157997707323588,16.600389801852,18,15.8861942407432,0.288874105153582,18.2266148567214
0.738281913123969,23.4923439115473,24,23.8180329029244,0.564649887090538,21.5873943143625
1.07668958467248,26.1242145785224,27,26.7453760782534,1.30064514727076,27.2135605523601
-0.215402355110464,12.1891537097767,12,10.7301488474965,-0.285699217028416,11.4657699564601
1.58321188793807,28.2078058470356,28,29.024761802839,1.50072241717965,27.936531071289
1.14745758391553,26.5281533832799,27,27.1871971602788,0.674452862283895,22.7796212322339
-0.854128582041305,6.67400007990538,7,4.55511127433571,-0.96245560074957,6.08976543741131
0.826631082029273,24.2997409215566,25,24.7248531272852,0.480509654281517,20.6041253082958
0.237212250722209,17.6075595372911,18,17.0602398082099,0.445279416661959,20.1782292756243
1.77549815148325,28.6395325638535,29,29.515639877683,1.74088294651212,28.5378711757972
0.700638221638399,23.1218550224167,23,23.3996892359574,0.752599555348733,23.5542921025817
-0.228022812723239,12.0526840088255,13,10.5717405040175,-0.161023373183158,12.8023568648294
-0.0600704821130524,13.9402368568905,14,12.7735187234047,-0.0494331690954855,14.0687231633225
-0.288773501546187,11.4084876984475,12,9.82651473560982,-0.07309861797904,13.7948327023613
0.790248106198877,23.9778677122517,24,24.3641871257162,0.829080290167265,24.2484539549214
-0.559334736171353,8.82742789045694,8,6.90046277671412,-1.0085040524907,5.85391413271272
-0.747890970480796,7.36452709421622,8,5.29670390471518,-0.813136866766064,6.9624723634158
1.3847407203266,27.5903341716469,28,28.3446504817305,1.79478037969352,28.6430045218811
0.304663422166989,18.4700322211854,18,18.0624356703827,0.271382397381384,18.0054409917346
-0.965806491157131,6.04563841851229,6,3.88969238031066,-1.54564817101012,3.89923798491251
-0.0977342192352132,13.5037577460715,12,12.2628641059082,-0.0607543182481678,13.937348433683
-0.946649987866116,6.14679344324211,7,3.99615748287865,-1.06379312853315,5.58928546230822
-1.45818815610592,4.13288065046906,4,1.9453583999714,-1.50061509344542,4.02353352453665
0.778104387045066,23.8671213064078,24,24.2398291294096,0.569944243606315,21.6474148345159
-0.116446832638265,13.2896861013396,14,12.0126363757014,-0.208248910542258,12.2860823169098
0.886533620331824,24.7974430685309,25,25.2801713876562,0.822791454365735,24.1937987656828
-0.376467266687032,10.5174898681623,10,8.80425134432207,-0.321802419192692,11.0950146164308
-1.46392363931104,4.11615959888548,3,1.9291819742236,-1.39601743757281,4.33307123519217
-0.595959629721416,8.51973933141539,8,6.55958026585807,-0.815628158997255,6.94646592524843
0.534509225124458,21.3112820880542,22,21.3385719730584,0.503494849873433,20.8778412635216
-1.81671948704314,3.22377745081799,2,1.09585615030359,-2.29983002027309,2.3162062860472
-0.733105874010051,7.4682169230271,9,5.40893965376431,-0.394041804935977,10.3767028213371
0.333970595302075,18.8437694519629,19,18.4957119715416,0.366605166058105,19.2053728763784
1.3949895804174,27.6274921505706,28,28.3852414908553,2.39322231216861,29.3709390781673
-0.228944376836529,12.0427539363866,11,10.5602207458658,-0.32146539659557,11.0984402810232
-1.43239639857412,4.20918352774304,3,2.01941663226567,-1.08673522311608,5.48504240064713
1.31161908354487,27.3059847257399,28,28.034627615777,1.17134641629539,26.6014345327932
-1.10754462738341,5.37280772622092,5,3.18893638334794,-0.853106272122119,6.7117735973932
1.15710909572378,26.5798236676183,26,27.2435948614788,1.53195375249859,28.0290503422477
2.03124473503462,29.0400299516484,30,30,3.54751525949346,29.8313097662919
-1.05793749747606,5.59403680710095,5,3.41781829231485,-1.51764080211813,3.97595674069821
-0.710057485375774,7.63362062203187,8,5.58843858093208,-0.548723758393136,8.95584581698722
-0.0686012056289715,13.8407253315351,13,12.6570530425784,-0.0243625286797817,14.3619069154353
-0.88096736752278,6.51424557548242,7,4.38504255269221,-1.00169985665064,5.88785200672761
1.14369832660689,26.5078117828122,27,27.164987826924,0.988785520466355,25.4929481154856
0.412391445884691,19.8329214804456,21,19.6392444059561,0.141830014199782,16.3764093638148
-0.506461757928285,9.29060666835512,9,7.41706684414319,-0.277330803011418,11.5527836191173
0.649858992369496,22.5977342710091,23,22.8057219933944,0.588698620792649,21.8580802516005
0.0606377660956751,15.3872067580848,14,14.46780835416,0.226326773727619,17.4360734807009
-0.120676901440107,13.2415532391638,13,11.9563995395985,-0.0418728797368601,14.1568101963631
-0.189721352361144,12.4696010547148,12,11.0561801165935,-0.391028681467121,10.4060115660602
0.363154483076242,19.2141927999581,20,18.9245078397279,0.0133477759642439,14.8086036979257
-1.84547801119587,3.16043038296456,2,1.03898772406604,-2.86334441316862,1.51749074350267
0.88098755583018,24.7530334522327,24,25.2307421655327,1.33682498010283,27.3628105762153
1.48313859942843,27.9220851532912,28,28.7082209843584,1.33734928432898,27.3649081788951
1.30916548153075,27.2958315845638,27,28.0235705402451,1.41974105766965,27.6727281923301
0.543522434597143,21.416161262695,21,21.4586237606795,0.626498330906555,22.2730177360312
-0.366502582873423,10.616309276258,10,8.91707044884664,-0.506487085361749,9.32673457223927
-0.263483790363091,11.674068710093,11,10.1332040312745,-0.572614223175442,8.75213064655156
-1.15675423611804,5.16687809743489,6,2.97743143268084,-1.42562238807366,4.24225830982713
1.31161908354487,27.3059847257399,28,28.034627615777,1.42540714072181,27.6923765301803
0.787137108030309,23.9496545283149,24,24.3325189007934,0.775539940645684,23.769238300294
0.148503186644334,16.4806399822112,17,15.7463682872127,0.255268155992369,17.8016778810112
1.0389025750852,25.8895956701424,25,26.4879006887837,1.53371563695022,28.034126415099
-0.601701290829245,8.4725064937128,10,6.50741710350335,-0.578497321542064,8.70265412334239
-1.29572215179927,4.64772319569417,5,2.45212999284259,-1.56199350354957,3.85531756343451
-0.535128120381174,9.03675206402064,8,7.13342347031808,0.0867840431756659,15.696813589812
1.77257137091705,28.6339332819663,29,29.509121925156,1.44849464170913,27.7705320241639
0.149453688582659,16.4926162881101,16,15.7603544687957,0.112395931596271,16.0117087997008
1.43179576043435,27.7558061810793,28,28.5256275291907,1.67119636566462,28.3873910122284
-0.576665502600698,8.68046053684307,9,6.73740845880155,-0.471623066156253,9.64284836400617
-0.168587777128171,12.7031251370693,12,11.3281187407889,-0.168270238149065,12.7223591971832
-0.650625877701396,8.08129367709129,9,6.07708087785645,-0.664635595994127,8.0103580669734
-0.0390355544722122,14.1872165067768,15,13.0626554891091,-0.110283199153147,13.3702146877525
-0.795495039084728,7.04339103539407,6,4.95053830650824,-1.15714212067765,5.18383543195672
-0.756664866838304,7.30388362648476,6,5.23116668085288,-1.05416599341495,5.63397622014375
0.375248199723225,19.3669928116361,21,19.1011950440197,0.250059290034936,17.7358308622112
0.0673956201646277,15.4702291196527,15,14.5649804860825,-0.128447413496374,13.1653832738254
0.896648368596528,24.877567378665,25,25.3692904109658,1.37041949109537,27.4935762691738
0.394331080583792,19.6070634212253,21,19.3785631344186,0.225909175192391,17.4308039373878
-0.434029573341983,9.95954009649015,11,8.17018288992886,-0.0385364941400938,14.1957730967697
0.244851703493264,17.7051979371577,19,17.1738514209645,0.0772505868979446,15.5802347802465
-0.285316460545463,11.4445706978502,13,9.86813462976814,-0.210765993814643,12.2589022960846
-0.369709312845668,10.5844382733999,8,8.88066799152476,-0.391338354380608,10.4029966776629
1.31491671109731,27.3195656807416,28,28.0494185334785,1.73922047464763,28.5344787232205
1.31161908354487,27.3059847257399,28,28.034627615777,0.894668459922882,24.7926573496612
0.219374306264867,17.3798044527062,19,16.7950782144334,0.539221604191219,21.2958875247108
0.0248526725836054,14.9509543878423,15,13.95704711734,-0.139967265520193,13.0363689521446
0.122798733452173,16.1578462376815,16,15.3692404791844,0.240727809082356,17.6179099705854
-0.607081926406045,8.42849329059392,8,6.45884952712871,-0.277289889887036,11.5532100097391
1.79910709969327,28.6837373128242,29,29.567285320808,2.14388036973073,29.1437399316041
0.42634773856716,20.0064320323297,21,19.839327082927,0.282815390770722,18.1500152955752
-1.05737519063105,5.59662788311712,5,3.42050848113486,-1.35536767550528,4.46231308935245
0.453524224936145,20.3413874894606,18,20.2251218233449,0.416746482463168,19.8284156305898
-1.03809546747706,5.68664590740635,5,3.51409945909761,-0.835268863109157,6.82205328843771
0.364198729270501,19.2274046531706,19,18.9397895819455,0.21316487831547,17.2700969257479
-0.363574986666456,10.6454637184175,11,8.95038356567824,-0.373394640925527,10.5787000122276
0.682336356692071,22.9361269557906,23,23.1894876065166,0.636117003250763,22.376452828036
1.12258957837026,26.3913085111002,27,27.037710807534,1.55883106290152,28.1048754887719
-0.118262056669083,13.2690194001714,13,11.9884888579163,-0.170743772493747,12.6951178683945
0.894759596369204,24.8626904050537,26,25.3527493848927,0.879878682127835,24.6740370133445
-0.481027193739195,9.52110732563917,9,7.67566099032178,-0.529858000287319,9.11983975748056
-0.353760872933195,10.7435966430505,10,9.06260780986817,-0.439484586829024,9.94189900786628
-0.959063667230929,6.08094446039638,7,3.92682163660845,-0.835106132067875,6.82307119289366
-1.16527580392644,5.13249493655778,5,2.9422752082144,-1.56161734624488,3.85632143898454
1.77257137091705,28.6339332819663,29,29.509121925156,1.21312573185474,26.8134773190964
1.00824486880623,25.6890550314577,26,26.2672823365118,1.11632822228759,26.2997064823613
2.03124473503462,29.0400299516484,30,30,2.24095674034564,29.2419194141523
1.23415583792868,26.9647663039759,26,27.663138625003,1.23755712929354,26.9309888631585
0.542027441804007,21.398812064861,21,21.4387697094734,0.610025616102467,22.0938236869827
-0.453871221364804,9.77250216037979,11,7.95880037744096,-0.291453631655882,11.406169066321
2.03124473503462,29.0400299516484,30,30,2.1202632472195,29.1176631445053
-0.61180026912075,8.39009711606319,9,6.41651170153927,-0.816529056454384,6.94069024862745
0.00755065060720559,14.7421532067486,15,13.7125239023181,0.468925097181156,20.464885325968
-0.546835633874703,8.9349287759557,9,7.0199968462718,-0.435791084460137,9.97672393639964
-0.673900553526967,7.90234767862133,7,5.88126774143574,-0.885822043972214,6.51609339117561
0.523504672658894,21.182331102561,21,21.1908676912842,0.37178414804943,19.2701276120555
-0.327642066565256,11.0077138868314,11,9.36534304787704,-0.582688476251176,8.66757447925494
0.526215245041556,21.2141837609876,21,21.2273626325265,0.492053988979394,20.7420378906763
1.77549815148325,28.6395325638535,29,29.515639877683,2.01906134521299,28.9948398237082
-0.998468524374835,5.87910307488004,5,3.71500635398548,-1.19218830532314,5.04362517021338
0.699897793432444,23.114411639085,23,23.3912710900371,0.501217281625555,20.85087770209
-1.41460052543878,4.26292734671512,4,2.07181164235058,-1.22965677257649,4.90024027452414
-0.0489195028567538,14.0708819303947,13,12.9264516108397,-0.000739898679057315,14.6409428997992
-1.8865363559052,3.07194499647454,2,0.96002838333071,-2.15949298749974,2.55812809112328
0.408759880497471,19.7876210784945,20,19.5869805578679,0.391112788099849,19.5110460225934
-0.356617464035097,10.7149699297828,10,9.02985571293347,-0.728159429497355,7.53938463369509
0.606224727663041,22.1259754613611,22,22.2691289383966,0.724700918110885,23.2851911718579
-1.45660905380935,4.13749982662076,4,1.94983049750892,-2.10164070861662,2.66355979795098
0.095438464496929,15.8167800757406,16,14.9704537542373,0.286031491354116,18.190677989007
-1.26318423171723,4.76185764215575,5,2.56652599544361,-1.60565450496867,3.74091375763078
1.64557124871465,28.3631344534136,29,29.1990990592024,1.0271083154458,25.7519169307607
0.507301123848775,20.9907240980764,21,20.9712000178485,0.488782589306043,20.7030446679767
-1.17593082387823,5.09001074101813,5,2.89890152847992,-1.95801948839542,2.94108858466326
-1.53170082190675,3.924924218423,2,1.74557214230932,-1.39556884027363,4.33446818310808
-0.69239152167668,7.76350701612625,8,5.72978957073559,-1.0046524847013,5.87308688578243
-1.2452652166011,4.82653161169386,5,2.63163871404772,-1.51774974391799,3.97565464189754
-0.0824938271114897,13.6794794639091,14,12.4683850026471,-0.221663761974192,12.1416236053932
0.237134946613689,17.6065717796575,18,17.0590902626273,0.305414122789015,18.4356137091294
0.0440632038183098,15.1844286274147,15,14.2304255987161,-0.0937328688435395,13.5583322630355
-0.318273964452916,11.103473260411,10,9.47534337640683,-0.411208596054672,10.2108433635356
0.300361501632028,18.4150738793145,19,17.998669078171,0.604313092133422,22.0310871692697
-1.18362882576214,5.05966130607504,4,2.86796207186889,-1.22266751294576,4.92649777328485
-0.678982810519827,7.86389313604415,9,5.83927356078805,-0.485721108575466,9.51396123544039
0.553447366478637,21.5308585428688,23,21.5898302268336,0.52360709312482,21.1143453324433
0.931299614960925,25.1436308429921,25,25.6646444379536,0.660903328346612,22.6388093570149
1.1777328230065,26.6875972670755,27,27.3611560857653,1.06855993213882,26.0157624376934
-0.637170270821409,8.18686393750099,9,6.19290605223731,-0.73205054033122,7.51164253335694
0.261990233493427,17.924371904465,19,17.4287400976372,0.19621177015667,17.0567052788296
0.369133436833664,19.2897933803452,18,19.0119412633773,0.164894667711104,16.6640318650814
1.05142709224996,25.9688734349038,27,26.5749766228806,0.781093308702465,23.8204073423757
0.258988988478452,17.8859822873512,19,17.3841091291646,0.240398369185121,17.6137480573178
0.358152282395973,19.1508599770393,19,18.8512410348872,-0.054348379286853,14.0116067676323
-1.8865363559052,3.07194499647454,2,0.96002838333071,-3.03466217064407,1.32362569565683
0.43708314157493,20.1392311526203,21,19.9923554274262,0.253125130165605,17.7745855281033
0.920487108242176,25.0619998606851,25,25.5741220136469,1.17192516292535,26.6044702222603
1.79703285935517,28.6799211445481,29,29.5628132232704,1.25237712475517,27.0000223999205
-0.667486244420166,7.95119884367624,9,5.93465898174543,-0.74167491513951,7.4435737106521
0.152852969008274,16.5354691039393,17,15.8103951982981,0.168314632118034,16.7068020860552
0.0263737177161278,14.9693780946284,14,13.9786215319576,0.139564358890958,16.3482387346665
2.03124473503462,29.0400299516484,30,30,2.002812644088,28.9732974335065
-1.47117119075328,4.09515540305965,4,1.90888917998765,-1.12207248821443,5.33046236110972
-0.540069900597307,8.9936395631033,8,7.08537373378303,-0.809020045906528,6.98903461345194
0.19302791872916,17.0442631558723,17,16.4040664360398,0.379291321085214,19.3638467095862
-0.110018843198509,13.3630117105444,13,12.0983263711676,-0.194056797961222,12.4399738365218
0.0905544348487469,15.7561949146508,16,14.8995857913084,0.175499135834287,16.7967462763498
-1.8865363559052,3.07194499647454,2,0.96002838333071,-1.67103760974831,3.5769320971302
0.822665804676603,24.2653829031897,24,24.6864099510147,1.01595962618667,25.6780931240778
-0.261032866406326,11.7000051725979,12,10.1631978087688,-0.0465849794605461,14.1018750015075
-0.0875078522760082,13.6215324734798,13,12.4006006294596,0.0330989354847049,15.045199475036
0.894808245825386,24.8630740830408,25,25.3531760135082,0.927483063288119,25.0474346374862
-1.12190140936141,5.31139205938763,6,3.12569391701483,-1.01452142449152,5.82415758847567
-0.730145364869355,7.48920579066564,6,5.43168568064291,-0.748266513738128,7.39740528854539
-0.00769754433039879,14.5593325610176,13,13.4984160894923,-0.341725849544411,10.8937085044021
2.03124473503462,29.0400299516484,30,30,1.82166342882823,28.6920975932048
-0.109267531519265,13.371596498207,13,12.1083601783289,-0.305031640507989,11.2662939224185
0.906570766547704,24.9550826456995,25,25.4554313527637,0.878442675761686,24.6623932988623
-0.342606462407217,10.8558710404423,12,9.19117730640323,-0.519007646597557,9.21538513333397
0.0152812824983426,14.8352705917761,15,13.8215746227669,-0.127908047796579,13.1714407896813
0.388989251238626,19.5399991449852,21,19.3011087199333,0.497271131698502,20.804075805736
0.52203599014836,21.1650479031544,21,21.1710628846363,0.663877234189447,22.6698749892607
-0.322109626675468,11.0642008270266,10,9.43021554361553,-0.487567642416611,9.49718560446993
1.77549815148325,28.6395325638535,29,29.515639877683,1.44815920625822,27.7694180797339
0.345819769676865,18.9944235760156,20,18.6701848709067,0.582607116170976,21.7899929867042
1.27403649542333,27.1458610731745,27,27.8602903594135,0.826070722004547,24.2223525642694
0.825655773293013,24.2913064975157,25,24.7154171081606,1.05124493753884,25.9075658990209
1.31011282971509,27.2997566519532,27,28.027844994596,1.21337199320631,26.8146852347276
0.135438563210597,16.3163079818121,15,15.554413527844,0.167650646209999,16.6984959321206
-0.956445721652362,6.09473943602583,6,3.9413378234356,-0.625000903525332,8.32134681446101
0.658891625803656,22.6929641146782,23,22.9138198940193,0.840926567663549,24.3502276003739
-2.50631540735004,1.96249927827319,0,0,-2.01622983819878,2.82576890660137
-0.992573187543476,5.90862098962143,6,3.74591379591099,-0.948015251211996,6.16678520056972
0.418855294375919,19.9134001012621,19,19.732067568758,0.354198722761358,19.0499448517898
-0.286763910728096,11.429454295563,11,9.85069673203875,-0.172782664568405,12.6726877865619
-1.58806574628025,3.77408385393779,3,1.60262774317478,-1.07534506501332,5.53640356858477
1.29599178964762,27.2406078985768,27,27.9634383129631,0.966220300604876,25.3334991766132
-0.189541705270589,12.471575771145,13,11.0584780205315,-0.293852500111172,11.3813792652337
1.19760843179317,26.788134302924,27,27.4707449684824,1.65461589601961,28.3489586919871
-0.76301607214801,7.26039729773617,7,5.18421877500683,-1.22449103323704,4.91962594452659
1.57818443488136,28.1945650341348,29,29.0099876515077,1.6969269477896,28.4449790766194
0.628873222698503,22.3732347756884,23,22.5505902229018,0.4895623364013,20.7123452106299
-0.941228613971869,6.17590088935648,8,4.02684160980758,-1.09720963909113,5.43848114716026
-0.74843691853066,7.36073431360141,7,5.29260279400603,-0.899905479478257,6.4344318243543
0.635573622822095,22.4454022940889,22,22.6326494496776,0.734886053704667,23.3844065514797
1.12048099571823,26.3794556010943,27,27.0247541799844,0.934633177477009,25.101424621371
-1.78622010948265,3.29224849090386,2,1.15765434800786,-1.84677520902394,3.17327588085582
0.708462389687066,23.2001441233657,23,23.4881996511723,0.387720852134808,19.4688599149212
0.613086536169061,22.2014222469982,22,22.3550621034324,0.741248712392002,23.4458197662346
0.337959398076838,18.8945190394247,20,18.5544970230621,0.356584876735129,19.079870214572
1.28589648734752,27.1974678818667,26,27.9164709351743,0.941412851853046,25.1521179848802
-0.896751848370909,6.42294231616409,6,4.2881100466929,-0.717194124224088,7.61825115979838
-0.722079717417179,7.54677201016656,8,5.49411826395585,-0.725505237509917,7.55838136656602
-1.2793749474255,4.70454513659363,5,2.50899841908014,-1.17047949228955,5.129754628454
0.684070446963119,22.9538797067187,24,23.2095931252923,1.03118641298734,25.7786145671088
0.637685138100303,22.4680501894449,22,22.6583929492817,0.51844111746999,21.0538775957143
-0.448229821769915,9.8253967402473,9,8.01851765603775,-0.526761395957515,9.14701699544184
0.809347395271169,24.1486905793433,24,24.5557425334626,0.772656753104412,23.7425392665784
0.212031519566306,17.286171603022,18,16.6860087963375,0.331941732715488,18.7701878479002
-0.228834873238554,12.0439336125965,11,10.5615892257761,-0.269482229669848,11.6347543087801
0.743233734727029,23.5399120248782,24,23.8716483576019,0.6841546468578,22.8792916013974
0.560049523067361,21.6066862775533,22,21.6765234573146,0.580483492947827,21.7661793528898
2.03124473503462,29.0400299516484,30,30,2.62865486305395,29.5244475449538
0.00561636281922552,14.7188991633602,15,13.6852904285913,0.191070915579168,16.9920996977622
-0.5704470196097,8.73291295524178,9,6.79555383235585,-0.70443267704931,7.71131539493864
-0.348537186164654,10.7960781138948,11,9.12268353908635,-0.312380462811442,11.1910371048404
0.605204956392206,22.1147237560746,23,22.2563096351808,0.784598611631045,23.8525313798498
-0.856197445909725,6.66148066902866,7,4.54176253734164,-0.670931589262319,7.9621621901622
-0.305345056928908,11.2365066074056,11,9.62836270353289,-0.411400866421229,10.2089966210476
-0.519218706949517,9.17684998675471,11,7.28981043800364,-0.579806817609452,8.69167872105529
1.58321188793807,28.2078058470356,28,29.024761802839,1.56886587534228,28.1323197226934
-0.184386892326852,12.5283144210692,12,11.12451511687,-0.0574609721046214,13.9754996409015
0.0791203257480448,15.614730228381,15,14.7340799594093,0.254929130582651,17.7973917470984
0.564660359316281,21.6594163012568,22,21.7367859663287,0.769416979738755,23.7124296523226
1.52155270560543,28.0374602890661,29,28.8355285565745,1.51660989005194,27.9842027527513
0.458219406394756,20.3988303724506,22,20.2912212308996,0.577775638777353,21.7357570593747
-0.776718482917385,7.16775205587896,8,5.08433219341452,-0.446443069488156,9.87654262678581
-0.591971119993904,8.5527115365524,9,6.5960204227444,-0.674759721729529,7.93302030566033
-0.62719645608206,8.26611193258049,9,6.27999953808594,-0.244991974684526,11.892760906215
-0.0775170222906386,13.7371269838628,14,12.5358285507752,0.0606756670475821,15.3784167505779
-1.27467163618931,4.7210864218112,5,2.52558467792234,-1.5752012188878,3.82027063977641
-0.74788624504615,7.36455993368499,8,5.29673941515084,-1.08790145599943,5.47982666722519
-0.201204366163218,12.3437482887858,13,10.9097921283976,-0.19103301255916,12.472902535911
0.227134989158565,17.4788474065909,17,16.9104129464054,0.308286091986444,18.4718797322905
0.789907989992235,23.9747885488837,24,24.3607313028027,0.941919355146197,25.1558857794244
2.03124473503462,29.0400299516484,30,30,1.83411300431011,28.7141203243147
-0.431693951958572,9.98173941626554,9,8.19531189631034,-0.435664015418067,9.97792368243621
-0.312191008143119,11.1659386074771,10,9.54716430829532,-0.368946731347816,10.6225681616823
-0.0298678324177371,14.2955658686369,14,13.1895253263828,-0.0781531851017763,13.7366993374128
2.03124473503462,29.0400299516484,30,30,3.4953381159741,29.8213132428804
0.262160429976766,17.9265489908542,18,17.4312709492465,0.102210613927745,15.8861931552773
0.412289022304961,19.8316446699697,19,19.6377714739519,0.482114223883574,20.6233454391694
1.3847407203266,27.5903341716469,28,28.3446504817305,1.16523983746736,26.5692319150489
0.80558547038302,24.1153686037271,24,24.5184017270721,1.23164046995301,26.9029580351081
0.00533956875287508,14.7155730183828,15,13.6813950755942,-0.383606304055512,10.4784573952054
0.16389399212854,16.6748856049345,18,15.9731560105276,0.0889798016051544,15.7237142524115
-0.886866392213731,6.47989620676068,8,4.3485524374004,-0.582693785352057,8.66753013124064
-0.319161611716262,11.0943768775338,12,9.46488891536697,-0.633389618840097,8.25443974691139
1.58321188793807,28.2078058470356,28,29.024761802839,1.58676543383143,28.1801414423165
0.332327328541378,18.8228525888459,20,18.4714797487809,0.45097473950079,20.2475593602539
-1.35563824316881,4.44786842700269,4,2.25351049831145,-1.14551758613132,5.2317161596662
0.174185273685198,16.8051311378088,17,16.1251522606787,0.359636592201076,19.1181212180699
-1.47117119075328,4.09515540305965,4,1.90888917998765,-2.14755236676997,2.57960618849382
-0.0857092598025709,13.6423035472665,14,12.4248967677234,0.149066826458391,16.4664926540007
-0.104237033354098,13.4291544588447,14,12.1756406970798,0.32671503928863,18.704349510218
0.243338727560207,17.6858572353301,19,17.1513497104106,0.262376948253167,17.8915607802719
1.30196055192704,27.2657778302589,27,27.9908439416962,1.73044258283216,28.5164121747577
0.361850746855764,19.1976932759373,20,18.9054221664465,0.398556744458685,19.6034791891204
0.7682687175794,23.7762085258667,24,24.1376444709614,0.564643916734865,21.5873264962816
-0.0675520128402037,13.8529438353008,12,12.6713520950291,-0.22403945759585,12.1161431181201
-1.031432160256,5.71829782702792,3,3.54706645872851,-0.959492313040235,6.1054488050601
0.189175964795592,16.9953139148685,17,16.3469904345287,0.268848768000347,17.973400675142
-0.549342370373794,8.91326873088361,10,6.99589427273027,-0.719763833721938,7.59967770902792
0.446270325974849,20.2523843605981,21,20.1226697697159,0.547633192401178,21.3928975544464
0.116880632456583,16.0838411690429,15,15.2827366371675,0.172456175105401,16.7586355582975
0.0539829310724242,15.3056435831638,15,14.3723332974698,0.250730218031196,17.744311492304
-0.129485705607451,13.1416281299242,13,11.8396836482084,0.314855987921508,18.5548068814719
-1.59863614486889,3.7465542815774,3,1.5767238812654,-1.33833554020007,4.51812730413003
-1.67702782628493,3.54921942323128,3,1.39274306252276,-1.21896716945216,4.94048855202972
-0.112039851640131,13.3399338034831,14,12.071354622137,-0.0391106383672144,14.1890642366758
-0.658802237730967,8.0178999895368,8,6.00763748054111,-0.688064300204761,7.83269625379136
0.251628492808864,17.791845412279,18,17.2746417720965,0.29107812448463,18.2544756871735
0.71988805547523,23.3132641901256,23,23.6159865793447,0.989199250242254,25.4958229112346
-0.373507858550245,10.5467711637558,9,8.83766530243915,-0.756306627065248,7.34158695362198
-1.41997129785867,4.24661069967776,4,2.0558845336343,-1.35591723196313,4.4605290000774
-0.0802168389129718,13.7058382284183,14,12.4992217710225,-0.165513984165996,12.7527524603141
-1.56985949145134,3.82204805677143,3,1.64789660356338,-2.07978289744601,2.70430987697907
0.534175582878814,21.3073868915843,23,21.3341118770456,0.215366222391137,17.2978399672994
-1.30095118061961,4.62976311423014,5,2.4341906198259,-0.613359266702053,8.41515612924233
-0.962457454264697,6.06313396553985,6,3.90808732443844,-0.845390082703988,6.75916454311109
1.60716032710728,28.2693750397816,28,29.0936293240946,1.83408568706922,28.7140724832239
0.63532336446664,22.4427150391771,23,22.6295946145706,0.809807127278881,24.0795782815075
-0.940459265616346,6.1800488951483,5,4.03121605096164,-0.809916094737503,6.98324131276336
2.03124473503462,29.0400299516484,30,30,2.30093454764971,29.2960597415057
1.52155270560543,28.0374602890661,29,28.8355285565745,1.80704367726252,28.6656645612852
1.35520960218336,27.4796434715809,27,28.2238608620414,1.56690474164034,28.1269924689298
-1.05032255558477,5.6292902367664,6,3.4544382828194,-1.18424587348053,5.07486894250209
1.56556296812468,28.1608293173332,28,28.9723990648281,1.19261307516919,26.7111530508867
1.77257137091705,28.6339332819663,29,29.509121925156,1.84522112747178,28.7334010181134
1.77549815148325,28.6395325638535,29,29.515639877683,1.87934940691219,28.7905364324834
0.829367477206302,24.3233482062682,24,24.7512594407619,0.71178714832058,23.1577997975191
-0.26998572587606,11.6054317784178,12,10.0538657947281,0.03122837376807,15.0227170524645
-0.236794913427725,11.9583573230524,12,10.4623510113365,-0.31885309283156,11.1250158573255
1.29738934228723,27.2465235744649,27,27.9698792421307,1.14970386698318,26.4858751739094
-0.276680212874062,11.5350191989904,12,9.97253015240339,-0.459431403357845,9.75544521395764
1.01280169119805,25.71945244911,25,26.300755858574,1.01095808956188,25.6445730817297
-0.155646074269508,12.8473380393611,14,11.49623712945,-0.356663593636195,10.7443526650189
-0.218743427797835,12.1529383231276,13,10.6880951980516,-0.0450056585311069,14.1202750127003
-0.152764539916197,12.8795719982645,13,11.5338318163893,0.139352767351732,16.3456086510019
-1.59123142155394,3.7658149817477,3,1.59484112473742,-1.46726240732401,4.11890306428208
-0.420858976921096,10.0852180969427,10,8.31255773033246,-0.277935203909684,11.5464857510792
-0.0836726633994563,13.6658437792244,14,12.4524335684322,0.000457059469605881,14.6551521851633
1.100202780069,26.2634350590126,26,26.8978516266511,0.970923135574257,25.3671621586449
0.151295985110499,16.5158368521452,17,15.7874706507183,0.0362956144798579,15.0836565328617
-1.04908915706638,5.63503380041734,5,3.46040816098314,-1.17995739161204,5.09186652479959
-1.43239685108819,4.2091821727277,4,2.01941531365055,-1.25858537306428,4.79384184792501
-0.442239269975078,9.8818131381566,9,8.08226509696865,-0.498420705237386,9.39908664826844
-0.950711007544557,6.12512948558157,5,3.97333405289757,-1.1339622650464,5.2800157980547
0.5725045703142,21.7486881497503,22,21.838766147919,0.687284362962037,22.9112369825772
0.94822016419985,25.2688718430191,25,25.8033615169493,1.19225370165315,26.709329978683
-0.687808065210409,7.79764700027679,9,5.76700047557295,-1.07938493235825,5.51809890614302
1.26154146445087,27.0903906738659,27,27.7999056890335,1.16043552198502,26.5436749215128
-1.15310671468263,5.18170710203128,4,2.9926082841132,-0.937465512281601,6.22400673799325
0.466349719624951,20.4979817502767,20,20.4052707120858,0.354895901089551,19.0586898270616
0.0978799669402702,15.8471012386922,16,15.0059180118676,0.335276324403604,18.8121667869008
-1.67505128409183,3.55405461756214,3,1.39721516006027,-2.11952199001362,2.63060088910321
-0.0520169111856973,14.0345283375672,16,12.8838931682947,0.0568418566581501,15.3318970865769
-1.48653848237316,4.05107246285541,4,1.86639905923607,-1.10170703957599,5.41868326390393
0.620838957229425,22.2861047225125,23,22.451462357705,0.808514135268803,24.0681025759724
0.810582475718149,24.1595958527419,24,24.5679603452358,1.21373531035401,26.8164664300526
-0.113083021866197,13.3280303670994,14,12.057443610082,-0.269824017513868,11.6311773977262
-0.464043716877593,9.67770146409281,9,7.85189561770786,-0.495661899084515,9.42394163627996
-0.375387853382651,10.528163329177,11,8.81642968926521,-0.675485919196796,7.92750596680516
-0.849871817428267,6.69986788231496,7,4.58270385486291,-0.445719868697807,9.88331970876365
-2.20774902616994,2.44867710661817,1,0.416787570475767,-2.21363403640427,2.46253630247187
-1.59638052758626,3.75240953317458,3,1.58222853692098,-1.72105955853418,3.45688012182764
1.42818149862778,27.7435532016126,28,28.512205116913,1.14907450164066,26.482454741017
0.0388453131874348,15.1208457310477,15,14.1559809694674,-0.131292559407353,13.1334550958243
-0.437020458473931,9.93116843864966,9,8.13807930425513,-0.487760729469786,9.49543284576876
0.874820144541555,24.7032508872647,25,25.1753038911854,0.610371190229882,22.0976091566163
0.976260795627818,25.4697846952737,25,26.0254715574731,0.838091277375187,24.326009362056
-1.12160446146147,5.31265094637874,6,3.12698888642927,-1.10993098206752,5.38277834738057
0.928799146970904,25.1248644958525,26,25.6438415261647,0.959383555949175,25.2841528604426
1.02017445559405,25.7681953739377,26,26.3544068214695,1.06277852700236,25.9799539222539
-0.775736660104769,7.17433715242163,8,5.09142598121347,-0.763029654080274,7.29533004582658
0.960389546696457,25.3570752391643,25,25.9009348184081,1.29482201465028,27.1886914177532
-0.1252999133016,13.1890588634488,13,11.8950785804847,-0.441382498628828,9.92404032071406
-0.815423859889828,6.91464648293806,7,4.81237929283386,-0.97047297787373,6.04764511617756
1.44875119118,27.8123080069513,27,28.5875750261094,2.30035405124499,29.2955575138216
0.514585819726712,21.0771156446983,21,21.0702720495736,0.202388731970567,17.1343981356905
-1.47117119075328,4.09515540305965,4,1.90888917998765,-1.63466232137972,3.66712322450182
1.2112189608372,26.8551414053535,27,27.5437495409329,1.31657846305917,27.2803946885455
-1.27789493937366,4.7097408339403,3,2.51420673341217,-1.50060124760225,4.02357251320997
-0.033881599780788,14.248076438406,13,13.1339168573115,-0.34893510362172,10.8214561989423
-0.0685091984792607,13.8417965827121,14,12.6583066911444,-0.0397337574828563,14.1817849407855
1.16706795031198,26.632310617026,27,27.3008602610583,1.04974291657367,25.898044870288
0.0639490018247029,15.4278617944204,16,14.5153938094335,-0.322487263096778,11.0880555998092
1.07953799075499,26.1413522778606,26,26.764157470364,0.956091001706672,25.2602144223967
1.60338128710426,28.2598222555291,28,29.082925198491,1.03215563389595,25.784935633512
0.812288440505258,24.1746306539322,24,24.5848025138224,0.696832004515334,23.0080609159935
-1.349552112012,4.46759553007813,4,2.27301453922394,-1.10118088461449,5.42099346380209
-0.0944141929892665,13.5419331018011,14,12.3075048727285,0.0403523553021003,15.1325252755804
-1.48653848237316,4.05107246285541,4,1.86639905923607,-1.05467382255295,5.63160454364128
0.422754738781097,19.9618533115062,21,19.7879365570491,0.410544202549724,19.7518731640559
-0.0403561478829742,14.1716441644897,14,13.0444224141034,-0.0153751265714967,14.4677537533179
-1.23421275572774,4.86709492988663,5,2.67258003156899,-1.21723174894836,4.94707152372671
-0.342271295428949,10.8592567318771,11,9.19505720375835,-0.0776073238939279,13.7429711370601
-0.24969873012787,11.8203968994436,13,10.3025171419436,-0.141755523814993,13.0164040250978
-0.497332289428395,9.3727810145806,9,7.50914379196502,-0.0889424501174252,13.613044473801
2.03124473503462,29.0400299516484,30,30,3.31768220461549,29.7824561800699
0.771301039851464,23.8043526613509,24,24.169287417227,0.892208414832749,24.7730908937348
-0.749488377805695,7.35343689201384,8,5.28471298481359,-1.48679453046438,4.06269680548236
0.149343329265107,16.4912256241692,18,15.7587304452388,0.263758584604646,17.9090317780296
-0.60733589494013,8.42642183290551,9,6.45656466967136,-0.365902902518523,10.6526596656418
-0.559456039285239,8.82639075483832,9,6.89931064043299,-0.626849066365665,8.30655639559131
-1.1022239501285,5.39585804346713,4,3.2127068586518,-1.09295210256343,5.4573301977624
1.21200450355865,26.8589638390441,27,27.5479133563903,1.25183514565534,26.9975271703135
0.0134379298708475,14.8130409706064,16,13.7955415929753,0.078113776185757,15.5907754712142
-0.0527233191900382,14.0262442970939,14,12.8741955098676,0.173111623215335,16.7668426617392
0.1390591326917,16.3617951582903,17,15.6075548567252,0.0424864341909329,15.1582619795813
-0.460514021249614,9.71051111635508,10,7.88887627237255,-0.539933801730004,9.0319146541707
0.75646172658487,23.6656405817726,24,24.013250884087,0.772218645499022,23.7384743199656
-0.217755456267671,12.1636408700868,12,10.7005218898176,-0.165145619253784,12.7568174832007
0.0467530829878483,15.2172543733727,16,14.2688569897272,-0.349540140090813,10.8154068292634
-0.89020750924575,6.46056183882907,7,4.3280252464692,-0.934569102187029,6.2398592257249
-0.54168336579441,8.97960541879556,8,7.06974010000653,-0.445323136631205,9.88703899408642
-0.397553645171778,10.310515640329,10,8.56844863413744,-0.375991758320712,10.5531430070264
0.111799939819567,16.0204073267399,16,15.2085777586331,0.274436047593616,18.0440573713459
2.03124473503462,29.0400299516484,30,30,2.09637821710026,29.0903412416632
-0.0990244014725147,13.4889383313708,13,12.2455362114999,-0.388067978271603,10.4348671806022
0.754675724031797,23.6487793384981,24,23.9942701632152,0.636069733023046,22.375946697111
1.71826459068821,28.5250253167347,29,29.3833045020653,2.15697556203068,29.1578109726149
-0.000857399447318566,14.6412033525448,15,13.5942980231004,-0.0178453069228617,14.4386230778461
0.710290933582117,23.2183440741255,23,23.5087675461493,0.899853752917053,24.8336856489162
1.07533437565824,26.1160342239172,26,26.7364099251128,1.28919399822895,27.164427002761
-0.336247155341534,10.9202289809224,10,9.26495732645325,0.062911016122528,15.4055689162385
0.458662344488127,20.4042426084101,20,20.2974481243486,0.373434225779191,19.2907422308804
1.15965750203635,26.5933344568333,28,27.2583379069891,0.744719011294026,23.4791312204696
0.86351346211472,24.6108936601601,24,25.0723741261279,0.984986470700215,25.4664689258035
0.691543080958283,23.0300102498791,25,23.295781140623,0.624694876001178,22.2535249183162
0.56498476212967,21.6631191156098,21,21.7410170038458,0.557691656315222,21.5081521808146
0.24501631846486,17.7073023448094,18,17.1762996779525,-0.0676299691503417,13.8578739509221
-1.23215846076118,4.87469210737985,5,2.68025662758323,-1.11593978995276,5.35678493515979
0.141841632509569,16.3967816025345,16,15.6484242818255,0.321844114652223,18.6429521897964
-0.232336230389291,12.0062472505791,12,10.5178777608144,-0.210470499673451,12.2620913245299
0.746931533713914,23.5752554710692,24,23.9114703233548,0.474634275444004,20.5336097858409
-2.20774902616994,2.44867710661817,1,0.416787570475767,-2.34463920665074,2.24287225681878
0.612324337766167,22.1930644778358,21,22.3455448329728,0.497595780489772,20.8079301963931
0.616429539693479,22.2380119293229,23,22.3967216474021,0.661265827294414,22.6426008274301
-0.484929305962236,9.48542908719657,10,7.63557019423882,-0.487890732115379,9.49425289133483
-1.22497071455378,4.90141831948994,5,2.70728353388321,-1.2309584449343,4.895374246374
-1.20175607123007,4.98930802001076,4,2.79639060264738,-0.883235113854844,6.53126032977863
1.77549815148325,28.6395325638535,29,29.515639877683,2.03452832187271,29.0148530323895
0.517141229409974,21.1073250133313,23,21.1049045199171,0.895639118581179,24.8003596922716
1.48505043472961,27.928004682538,28,28.7147389368854,1.77305137571138,28.6017284791045
0.120810589105341,16.1329710304163,14,15.3401657400042,0.410539331517586,19.7518129853791
0.0246387595191512,14.9483642281722,16,13.9540139842281,0.0384626984571586,15.1097528959668
0.435991286059577,20.1257525338738,21,19.9768279513324,0.76177154350703,23.6409203316438
-1.03779135877682,5.68808436366781,6,3.51559702641461,-0.76244660841158,7.29932657095274
-0.584637648969508,8.61367972056996,7,6.66345771959786,-0.675618711196014,7.92649809736667
0.373689303245782,19.3473233858213,18,19.0784570959876,0.656094710917792,22.5883896161374
-0.91333760812586,6.32907566654953,6,4.18866235069879,-0.966153333699005,6.07028246463845
0.266217334743192,17.9784447442237,17,17.4915936348146,0.334366134426102,18.800710521893
-1.43393291643729,4.20458590381221,4,2.01494321611303,-1.60880215570862,3.73282354468295
1.58321188793807,28.2078058470356,28,29.024761802839,1.47766332613051,27.8650348246595
-0.927864575394978,6.24857291036825,6,4.10354320249401,-0.966337431345183,6.06931500380182
-1.09482806577772,5.42816305852552,6,3.24605224920064,-1.58763605093841,3.78762660215727
-0.243856815395266,11.8827377608344,12,10.3747183779343,-0.502798776861576,9.3597577190552
-0.0308541380150409,14.2838887111778,14,13.175851579577,-0.304771899794457,11.2689596180728
0.0168080983493441,14.8536952457469,13,13.8431514909125,0.0108900830639823,14.7792877651069
0.810163498542085,24.1558983711057,24,24.5638179913183,0.477048727657096,20.5626137740826
-0.558137667765949,8.83766913291711,10,6.91184072122429,-0.545909004336561,8.98014007019011
-0.0840060989866613,13.6619882316414,14,12.4479233300382,-0.139273638908455,13.0441174301644
-0.462129044473163,9.69548774944487,10,7.87194063886585,-0.575160046906402,8.73068673451234
-0.269939985853154,11.605913770184,11,10.054422751493,-0.192066193924057,12.4616457695483
0.215488821348763,17.3302480162304,17,16.7373559352002,0.17299901287791,16.7654325531157
-0.840761030167829,6.75572661616159,6,4.64233834608685,-0.456295731982019,9.78457353334841
0.90479759788559,24.9413090011,25,25.4401305158724,1.06703802304115,26.0063668664585
-0.489704949005885,9.4419183954673,10,7.58670984412227,-0.433680703450401,9.99666368341282
-0.029784117199469,14.2965572235157,14,13.1906861913561,-0.102493412431008,13.4585808504343
-1.8865363559052,3.07194499647454,2,0.96002838333071,-2.6595080443422,1.77666360412877
-1.45660905380935,4.13749982662076,4,1.94983049750892,-1.8959162815119,3.06870542027883
-1.64265841668028,3.63430437343567,3,1.47170240325809,-1.45443904200654,4.15636779852425
-1.67505128409183,3.55405461756214,3,1.39721516006027,-1.46664041272689,4.12070982969918
-0.498686551176543,9.36055131681959,10,7.49543236362814,-0.690111233881388,7.81739346460828
0.70098894013056,23.125378643293,23,23.4036741207241,0.46162344137466,20.3767073541417
0.807770263331955,24.1347401981746,24,24.5401111648609,0.582215905441011,21.7856090517311
0.0668720813433189,15.4637902820444,16,14.5574446765758,0.0958757695588491,15.8083174558025
-1.29904724971393,4.63629058530476,5,2.44070857235295,-1.13417698759739,5.27911179449393
-0.0688319268072254,13.8380392089514,14,12.6539095769461,-0.302326974979319,11.2940709349294
-0.605821076183273,8.4387852303143,9,6.47020299965374,-0.286112978160174,11.4614781137236
-0.0883652683478554,13.6116365918928,12,12.3890257755605,-0.494874550805601,9.43104531945333
-1.61858568081783,3.69521512347401,3,1.52857082949564,-1.73955384878577,3.41359225568172
0.62335602977602,22.3134713654179,23,22.4826038427322,0.776625392117945,23.7792662728529
1.77549815148325,28.6395325638535,29,29.515639877683,1.22251245481342,26.8591794667269
0.425307791734697,19.9935359752074,19,19.8244615429333,0.266998195447725,17.9499985268196
-1.0953745667833,5.42576535226083,6,3.24357609063554,-1.20893447105756,4.97873662434074
-1.29572215179927,4.64772319569417,5,2.45212999284259,-1.40970736714322,4.29074335336641
0.890763853600167,24.8310892758978,23,25.3176044018512,0.938413515995453,25.1297510147307
0.837555105288332,24.393483155669,24,24.829671959643,0.584963905516206,21.8163747846684
2.03124473503462,29.0400299516484,30,30,3.01086500433653,29.6932897389078
-0.478042167875967,9.54847664723707,8,7.70643100751287,-0.39859960077349,10.3324802247871
0.6097953009494,22.1652919242843,24,22.3139154455389,0.714804512540532,23.1877244423967
0.231343058902375,17.5325820446818,18,16.9729704962376,0.0400218937230582,15.1285417324875
-2.20774902616994,2.44867710661817,1,0.416787570475767,-2.49474900915459,2.01018923510285
-0.804630537206257,6.9839607745071,6,4.88671755843862,-0.658469951411365,8.0578777000821
0.71972646202307,23.3116743491403,24,23.6141914488545,1.03234766467783,25.7861869267142
-0.211325143299253,12.2334331596897,13,10.7815821406349,0.0624625840770844,15.4001202720384
-1.4481952906741,4.16222582120753,3,1.9737938791368,-1.44031311097311,4.19817195407979
1.32066652895345,27.3430689927051,27,28.0750183401834,1.50889340279814,27.9612078156699
0.261113742742733,17.9131602791042,19,17.4157063289566,0.157172257978249,16.5675670506118
0.673114563082263,22.8411776509774,24,23.0819072468727,0.72582699299775,23.2962152255473
-0.0108405324104789,14.5217907534159,16,13.4544498334636,0.00535582371577358,14.7133761656923
-0.767003017640463,7.23327529358815,9,5.15495803385357,-1.25643933430278,4.80161155784145
-0.384376161192345,10.4395168584958,10,8.71533841987384,-0.191369294165311,12.4692380346251
0.480425497452044,20.6686431306669,21,20.6014429565112,0.357317260671649,19.089052318632
0.862194502687694,24.6000276930595,25,25.0602574950544,1.29905227237884,27.2067815676486
0.616328181290268,22.2369041660686,22,22.3954605447503,0.453701793108986,20.2806937228318
-1.37317511797671,4.3917122355202,4,2.19811610085786,-0.934125244540708,6.24229397825371
0.182357435665793,16.9087449959352,18,16.246028063315,0.14648009314768,16.434275523069
1.22639319879252,26.9281226676595,27,27.6232367413292,1.19781935097403,26.7374458645494
-1.42694825725118,4.22553986258486,4,2.03534242236682,-1.73190206005271,3.43143257617612
-0.0323483835292871,14.2662072728098,15,13.1551471713442,-0.195874102990302,12.420207258631
1.58912074247464,28.2232264934693,28,29.0419838809697,1.91331630261993,28.8444010743367
-0.129983740197654,13.1359909913416,12,11.8331006777509,0.204784603720462,17.1645514786843
-0.181871895891502,12.5560499958016,13,11.1568046636098,-0.086710492029104,13.6385761089139
1.03392191589923,25.8576457746215,26,26.4527859746733,1.14474064507,26.4588083586617
-0.859672104974611,6.64053179277415,7,4.51943388221214,-1.09235338028456,5.45998927100048
1.04548414991389,25.9314449019796,26,26.5338761051403,1.0148708277347,25.6708172853188
-1.84829751579656,3.15428152562149,2,1.03348306841046,-1.51671983953282,3.97851176780632
-0.126167336791352,13.1792220373581,13,11.883589160859,0.0893113174306908,15.7277773243863
1.27403649542333,27.1458610731745,27,27.8602903594135,1.67266857245082,28.3907526184131
-0.881975728788789,6.50835467979449,7,4.37878256466927,-0.777836923949868,7.19478836033661
0.85394196696269,24.5316023442882,24,24.9839238620484,0.674092778602551,22.7759033161378
1.08906841633394,26.1981446434028,26,26.8263724982707,1.13403758541953,26.3997098812437
0.0346272134997404,15.0695365702978,14,14.0959035097429,0.051470673821422,15.2668270697073
-0.262221283811848,11.6874246212188,9,10.1486483296931,-0.317798264011991,11.135758322439
-0.141890044055632,13.0016243634153,12,11.67623632633,-0.0237886306967761,14.3686542018397
-0.332281811589751,10.9604864370465,11,9.31113810837403,-0.326792504166646,11.0443718951054
0.0523384852469491,15.2855188538044,16,14.3487744466322,-0.128775233494105,13.1617023298914
1.64557124871465,28.3631344534136,29,29.1990990592024,1.63451285934769,28.3009173820895
-0.291166685217374,11.3835501270135,12,9.79775969743062,-0.106914300401911,13.4083925453921
-0.16360987889597,12.7584870136317,12,11.3926421871997,-0.165687490548097,12.7508380122565
-0.512576384812189,9.23592477742092,8,7.35586535498917,-0.613054265533327,8.41762875474431
0.175184735543132,16.817794570626,17,16.139927394757,-0.127913169737312,13.1713832589813
1.0138347587425,25.7263149061218,25,26.3083111400935,1.57648193745184,28.1528427962976
-2.50631540735004,1.96249927827319,0,0,-3.00366884386795,1.35713854940299
0.21416453104544,17.3133627551889,18,16.7176861998585,0.693289100423975,22.9722428902976
-0.13546012546989,13.0740931557166,14,11.760827530087,-0.226834848005901,12.0862007860139
-0.0114724382792723,14.5142487654174,15,13.4456172467011,0.0387497719136554,15.1132114284366
-0.764432473940444,7.25074637253955,7,5.17380503265742,-0.913827137611033,6.35520105549821
0.973055053926169,25.447229869171,26,26.0005630316829,0.675075853926728,22.7860505721631
-1.57337226399724,3.81273885644864,3,1.63909696315853,-1.24052385352033,4.85984572150888
-1.28391856753928,4.68864799260345,5,2.49307131036386,-1.19826631076264,5.01992053941664
0.702523386502563,23.1407792454807,23,23.4210894077314,0.783426248823859,23.8418023621849
0.239212765232457,17.6331230857861,19,17.0899891363571,0.0816918796622895,15.6345003122827
-1.48653848237316,4.05107246285541,4,1.86639905923607,-0.713795372462394,7.64290250214398
0.591538975865693,21.9629747744965,22,22.0833259868719,0.445285036033677,20.1782977668183
0.57180166596867,21.7407112559954,22,21.8296559773674,0.479785698001956,20.5954481549336
-1.57557611063659,3.80691193232513,3,1.63359230750295,-1.81696552700699,3.23835288273144
0.700266242732047,23.1181163361626,23,23.3954610068558,0.608053550649825,22.0722001199865
-0.539654213636523,8.9972586094099,9,7.08940586131775,-1.05080756780386,5.64970106652521
-0.374019523659997,10.5417045287187,10,8.83188263429718,-0.354851821522048,10.762394963053
-0.192612393371746,12.4378467031115,13,11.01923282961,0.00999121450117255,14.7685728153892
-0.997919281579476,5.88184322931059,6,3.71787447762965,-0.974931666820964,6.02441665911088
-1.8865363559052,3.07194499647454,2,0.96002838333071,-2.39387489317664,2.1643817790389
-1.41423287151322,4.26404739607846,3,2.07290558520884,-1.06333927921331,5.59137955793232
-0.129695077391398,13.1392581364101,13,11.8369159847183,-0.56387966689302,8.826092243201
-2.50631540735004,1.96249927827319,0,0,-2.88076542603806,1.49680189486314
-0.822803211982996,6.86781483057305,7,4.76221257606804,-1.08731409924417,5.48245250382522
-0.865020378978802,6.60847599068645,7,4.48528607279995,-0.448774071627521,9.85472341414429
1.23762780801052,26.9810062135319,27,27.6808210757426,1.07171631681307,26.0351787143363
1.40358474895974,27.6581676117363,27,28.418770430508,0.809861147909571,24.0800573312261
2.03124473503462,29.0400299516484,30,30,3.83526472017433,29.877029411114
0.585247804430102,21.8925213694425,22,22.0029559371768,0.597884057121295,21.9601221857412
-0.513178541298369,9.23055534570582,9,7.34985876666439,-0.444253117783755,9.89707559993696
1.35933473387154,27.4954349522827,27,28.2410829401721,1.20191731643919,26.7579866008803
-0.0928923982183514,13.5594509754697,12,12.3279912235629,-0.248119290297409,11.8596277045764
-0.229454966671501,12.0372542746024,13,10.5538410518428,-0.202648752121207,12.3466773159466
1.77549815148325,28.6395325638535,29,29.515639877683,2.02126862885778,28.997724970056
-0.716745792718705,7.58515008741436,7,5.53577881920811,-0.396341908419715,10.3543689987092
0.134368827995643,16.3028764284503,17,15.5387206704791,-0.160909012952981,12.8036215121645
-0.398582728594106,10.3004899607166,10,8.55704386496712,-0.583079077150269,8.66431230968558
2.03124473503462,29.0400299516484,30,30,3.07709432018812,29.7153495470426
-1.26318423171723,4.76185764215575,5,2.56652599544361,-0.879816864312407,6.55138116356433
-0.546803256361404,8.93520886962599,9,7.02030858446496,-0.471746717362208,9.64171175280146
-1.04333118126736,5.66197170363241,6,3.48842108771552,-0.768589459501709,7.25736335845769
-1.13836824628675,5.24232136570935,5,3.0547330065181,-1.38341080420225,4.37257311290311
0.0549491832817126,15.3174741444167,15,14.3861823728758,-0.0264688533168133,14.3371566540787
-1.02664843407485,5.7411956425667,5,3.57093429464604,-1.44746593001168,4.17693307452494
-2.50631540735004,1.96249927827319,0,0,-1.9602349829239,2.93662523113419
-0.81026367421966,6.94766363966003,7,4.84777653453936,-1.04688237293227,5.66816863236376
-0.953019140953968,6.11286954790693,6,3.96042328588127,-1.59437545226592,3.77007403572303
-0.10399078786313,13.4319754087056,14,12.1789384789683,-0.223787829452428,12.1188404892147
-1.74836187431482,3.3791743102694,2,1.23661368874319,-1.4087364849203,4.29372606423629
-0.0788439165124787,13.7217445437102,14,12.5178312883351,-0.200339599022956,12.3717123065093
1.24698070359776,27.0242982306372,27,27.7279549837958,1.14948530192635,26.4846877186458
0.613657843322959,22.2076830859095,22,22.3621911769379,0.71369389534442,23.176721169305
1.15353123244441,26.560761981254,27,27.2227919496899,0.743867202031765,23.4709667564177
0.530399940381699,21.2632438809483,20,21.2835601416974,0.753322523268651,23.5611536692889
0.0599577502877064,15.3788634621806,16,14.4580424529413,0.118765987693169,16.0903935699496
0.0763908448191206,15.5810394732,16,14.6946575864467,0.165061493554133,16.6661175041107
-0.720839436813605,7.55567400329237,7,5.50377892701048,-0.849344296962938,6.73481906438055
0.0225745527924506,14.9233808814651,16,13.924757696763,-0.0366560037537512,14.2177579162946
0.520192990468264,21.1433357790041,21,21.146180282879,0.468688209216495,20.4620295193217
-0.110604969838378,13.3563164834855,12,12.0905012653678,0.203272380945381,17.1455181727447
-1.12720196878688,5.28900077424962,4,3.10267052351142,-1.14040612974716,5.25299385278305
0.772142741802127,23.8121465093543,25,24.1780487012723,1.07931884226813,26.0815601185006
-1.07293851368969,5.52561757785038,5,3.34685937563597,-0.952510796679507,6.1426469780309
0.570152011327758,21.7219726543581,23,21.8082534188457,0.73167734437901,23.3532701540619
-0.0288153067975164,14.3080324407189,15,13.2041236007311,0.0468394026168771,15.2108195702509
0.404686259704277,19.7367358028647,20,19.5282606783424,0.396778225308469,19.581413985359
0.365182042807125,19.2398425570141,20,18.9541753491661,0.370815729684897,19.2580251830344
-0.96255342324849,6.06263151291952,6,3.90755893016917,-1.59279866058643,3.77417203378782
1.00600233458643,25.674019212112,26,26.2507205863665,0.886726402753136,24.7292532089284
0.32917125658422,18.7826645650487,20,18.4249161807919,0.300117577291662,18.3687100970353
0.179762829258294,16.8758311303777,17,16.20763482369,0.419356953868388,19.8605808871134
-1.59638052758626,3.75240953317458,3,1.58222853692098,-1.39698088528487,4.33007317356132
1.48313859942843,27.9220851532912,28,28.7082209843584,1.32456700048801,27.3132445897668
1.00930750061264,25.6961621753586,25,26.2751097530467,1.02250431945848,25.7215795484547
-0.817918320231064,6.89876529530252,7,4.79536176291503,-0.800754842100998,7.04278474330654
-1.27531701829081,4.7188114739478,5,2.52330271514057,-1.73059816469286,3.43448237111186
-0.967087024106859,6.03896979401042,7,3.88268305912444,-0.617094144944756,8.38493929998493
2.03124473503462,29.0400299516484,30,30,1.48530106047795,27.8890238631603
-1.92383619118601,2.99346469724792,2,0.890443567189083,-1.69723632084412,3.51350184010974
0.665189069745349,22.7588517423024,23,22.9885656919916,0.816483806332598,24.1385432594512
0.556785318566118,21.5692433950779,23,21.6337202274572,0.349582216425448,18.9920081997266
0.0479534043496863,15.2319128917792,14,14.2860182947643,-0.175282241383776,12.6452198780364
-0.0435056384872421,14.1345415084822,15,13.000981559172,0.0466631179487064,15.2086895223184
1.77549815148325,28.6395325638535,29,29.515639877683,1.66279550238315,28.3680507058162
0.569724084781799,21.7171077833872,21,21.802696533719,0.727731615004443,23.3148301743629
-0.896678285844341,6.42336334159736,6,4.28855657935472,-1.03980007236009,5.70173457088641
1.34135837443003,27.4258190357813,28,28.1651811980596,1.63492352643858,28.3019149552038
0.644608916595973,22.5419940142356,22,22.7424146144057,0.790963818729245,23.9105200911301
0.0932094331490327,15.7891178756536,16,14.9380976242659,0.0288294738651425,14.9939073243446
0.0519778480705302,15.281106975019,15,14.3436096390938,0.208324273426144,17.2091180215362
1.07486804911176,26.1132153939561,26,26.7333201383346,1.25715784178934,27.0219367115276
1.31161908354487,27.3059847257399,28,28.034627615777,1.10491145467519,26.2337477662318
-1.28086198815376,4.69933341474117,5,2.50377543596753,-1.46759415008456,4.1179398522422
-0.265445757292235,11.6533315989545,12,10.1092282547674,-0.395638655466748,10.3611939060094
-1.22430760441264,4.90389536907904,5,2.70979012078523,-1.37123727791098,4.41120703493504
0.373301369290024,19.3424273464908,20,19.0727969564884,0.0103112534042925,14.7723874062552
-0.571152566450059,8.72694584127025,9,6.78893635700715,-1.256697449221,4.8006760289547
0.459809334478796,20.4182520598887,20,20.3135655314857,0.317756923569462,18.5914062537251
-1.04219776327217,5.66729856365275,5,3.49396316621461,-0.82249187713545,6.90263018806965
0.753328808458755,23.6360398028094,24,23.9799273200298,0.755865417221943,23.5852427047722
-0.43200739766555,9.97875800442858,12,8.19193653055625,-0.57223123749386,8.75536103942167
-0.00286605426832831,14.6171376695633,15,13.5661137521453,0.194306033407292,17.0327496685052
-1.23337457755318,4.87019246874319,4,2.67570962544053,-1.30616295561258,4.62640713632212
-0.0129088193261154,14.4971124729316,15,13.4255486284069,-0.0634025741384405,13.9067095779952
0.251086055805315,17.784908879048,18,17.2665741625646,0.204780035410857,17.1644939745855
-0.117717524267031,13.2752171627044,14,11.9957302942473,-0.165101323963822,12.7573063441957
-0.0353332236524226,14.2309214429882,15,13.1138295190112,0.148738085638284,16.4623971925794
-0.915266734196563,6.31829382870615,6,4.17725304662829,-0.997721065921112,5.90784138473765
0.836406029624636,24.383685474231,24,24.8187213605322,1.02285453030071,25.7238945704818
1.52155270560543,28.0374602890661,29,28.8355285565745,1.6562063151777,28.3526912436273
0.795025625511857,24.0209823601148,24,24.412564911534,0.586076213322632,21.828808850847
1.34862490677339,27.454210676028,28,28.1961300831606,0.894661783935263,24.7926043393337
-2.12656701752787,2.5956140520217,1,0.543240812854943,-1.34946936280604,4.4815271030674
-0.103742929696075,13.434815158746,14,12.1822582688038,0.0219391673640234,14.9113014815083
1.47935511349687,27.9103144310906,28,28.6952643568088,0.861306210285434,24.5217115608266
0.317987525082209,18.640111804267,19,18.2596887233986,0.0403472596563529,15.1324638465843
1.77549815148325,28.6395325638535,29,29.515639877683,2.21171860762176,29.213793405142
-0.627492743153125,8.26374558381939,10,6.27739709572244,-0.826523616114807,6.87706079568246
0.0168939371489306,14.8547314235817,16,13.8443649399263,-0.094270175994827,13.5522029099079
-0.704012432121733,7.67776226028972,8,5.63643749511136,-0.771840046867396,7.23528592140915
-1.64265841668028,3.63430437343567,3,1.47170240325809,-1.86699257011585,3.12985499876613
0.517959503871094,21.1169877598185,21,21.1159808240605,0.401198098675428,19.6362264862621
0.634592677068287,22.4348653299202,21,22.6206708370537,0.343953422042159,18.9213000886475
-1.16954222048265,5.11541660960861,4,2.92483049810644,-1.1164829868768,5.35444504470268
-0.579021811951514,8.66066792751063,9,6.7154816719274,-0.764939905275264,7.28225610278168
0.00534164652478256,14.7155979849171,16,13.6814243146959,0.151532909787109,16.4972250553978
0.295522807266416,18.353236992145,19,17.9269055604303,0.360132306525353,19.124332316618
0.72028157415752,23.3171346278483,24,23.620356688955,0.436823211120366,20.0749748850737
-1.17517492250004,5.09300636258247,5,2.9019574547319,-1.17612395779327,5.10713706941305
-0.729104209920827,7.49660515585719,8,5.43970669577552,-0.894723535195221,6.46430109299307
0.948633950058278,25.271896549252,25,25.8067091971272,0.48955662466669,20.7122770976309
0.340501504512378,18.9268444019067,18,18.5919343877092,0.247819928023642,17.7075269113723
-0.824716383244971,6.85574691524126,6,4.74929305296841,-0.694482932256227,7.78482908788926
0.0954552588051255,15.8169885661709,17,14.9706976162294,0.068242300615328,15.4704099108864
-0.906448048664559,6.36781169230408,6,4.22967588881676,-1.23617647850334,4.87594313620712
-0.455128050455108,9.76074898832157,9,7.94553790360492,-0.334752224985778,10.9638989668451
0.2873005900465,18.2481183333098,20,17.8048738560567,0.334669501628473,18.8045290799168
2.03124473503462,29.0400299516484,30,30,2.07446151483507,29.0643954516808
1.49101945896668,27.9463646588591,29,28.7349638460308,1.36195710891823,27.4613241832037
0.291901466816338,18.3069449107043,19,17.8731712612293,0.0390419340901196,15.1167316389295
0.441887089470241,20.1984571518607,20,20.0605725433023,0.28075233618135,18.1239292268594
-1.25078476692118,4.8064681964608,5,2.61141737824925,-1.13397078525815,5.27997992238673
-0.933037481473914,6.22028701683171,6,4.07367319905331,-0.879824327603936,6.55133713308153
-0.728905646835872,7.49801738269593,7,5.44123769875856,-0.561145048907564,8.84937145439021
-0.17469276114309,12.6354135132071,13,11.2492293280847,-0.118840251138071,13.2735063850234
0.43722017004037,20.1409222714927,21,19.9943035402705,0.147142491275445,16.4425236777626
1.52155270560543,28.0374602890661,29,28.8355285565745,1.47884868164388,27.868778086661
-0.0657099158939818,13.8744100672193,14,12.6964743800216,-0.175864876730259,12.6388220719956
-0.162248256200142,12.7736539311232,13,11.4103224304001,-0.193681372852248,12.4440595007165
0.248338157751986,17.7497719902507,19,17.2257048078328,0.388421920617136,19.4775826044802
-0.8387935943184,6.76787781384373,6,4.6553201398917,-1.16205596547245,5.16380543812464
0.000267348313333571,14.6546875515071,15,13.610089899657,0.269226051994649,17.9781718006973
1.07974457430586,26.1425922634109,26,26.7655162510334,1.00116924904105,25.5782443124398
0.33756765393956,18.8895363696687,19,18.5487259497038,0.0843322159944245,15.666797762643
1.71597965707269,28.5202269170504,29,29.3777998464097,1.00863364572848,25.6289097518975
0.418529290026765,19.9093459229836,19,19.7273923360649,0.461988876579214,20.3811279324448
-1.27531701829081,4.7188114739478,5,2.52330271514057,-0.793329963660589,7.09155210997138
-1.43393291643729,4.20458590381221,4,2.01494321611303,-1.21844553758495,4.94246581476368
-0.672141898171965,7.91570627754312,7,5.89586301971059,-0.74827324193289,7.39735835053445
-0.256266808706431,11.7505404118042,11,10.2216593164302,-0.139971787422589,13.0363184464139
1.18527727480022,26.7261392470844,27,27.4031764485336,1.41896785135409,27.6700324166682
-0.499192812056548,9.35598308110552,10,7.49031136061084,-0.446315890935951,9.87773415063717
-0.0113310636096412,14.5159359434596,15,13.447593136228,-0.151816901451575,12.9043875965759
1.26970284707969,27.1267511783392,28,27.8394874476246,1.4948124731535,27.9184702847868
0.914682910079842,25.0176615132822,24,25.5249187662863,0.551483111092475,21.4371091856573
0.571937572880879,21.7422539410897,22,21.8314178666751,0.622064321340279,22.2250365565735
0.0567084548288275,15.339024787421,16,14.4114094218855,0.0813656940554671,15.6305121972049
0.271819859193132,18.0501138788963,18,17.5748819562518,0.359942633946756,19.1219558739057
-0.762581687201732,7.26336050173028,7,5.1874165879028,-0.558408309644979,8.87272733026431
1.3863750740849,27.5963023545734,28,28.3511684342576,1.1305023893837,26.3799690865886
0.424831221001363,19.987624345868,21,19.8176467951352,0.360607329892823,19.1302835492013
0.542088276529915,21.3995184097722,21,21.4395780744994,0.629893920096105,22.309634534156
-0.400082610079745,10.2858902869477,10,8.54043883286223,-0.36820419636134,10.6299035820825
0.823844165330736,24.2756114865121,25,24.6978561256033,0.594415674167161,21.9216809919393
-0.886199280299516,6.48376707305418,5,4.35266316811618,-0.76951590906066,7.25106204620391
0.394400258938184,19.6079311804554,20,19.3795651851299,0.236768054549269,17.5678913749653
-0.152710747425921,12.8801741711503,14,11.5345341930645,-0.056632874604803,13.9851011290956
0.450541240282642,20.3048242711861,21,20.1830389969525,0.558071500460053,21.5124883515229
-0.312929915018267,11.1583388716599,12,9.53842359940776,-0.600846393078619,8.51721857970187
1.11050739997198,26.3228543715362,27,26.9628621286178,0.997786206423352,25.555096821393
1.48313859942843,27.9220851532912,28,28.7082209843584,1.02771568289443,25.7559034844657
-0.338816385956474,10.8941973591978,12,9.23510759356612,-0.242793579068935,11.9160849202332
-0.466386866141312,9.65597110817239,11,7.82741334414008,-0.34398719391204,10.8710109309159
0.944127714875657,25.2388592762624,25,25.7701378810923,1.47850342448324,27.8676885610222
1.11048497604537,26.3227261096644,26,26.9627218388671,0.694025322849228,22.9796967547886
1.15412492657465,26.5639325295674,28,27.2262523390113,1.29490200891651,27.1890346779958
0.689137481348072,23.0055679910456,22,23.2681155565433,0.641350072182805,22.4323492845042
-0.317454900138886,11.1118710753898,10,9.48499595198471,-0.0775010049476093,13.7441928892315
-0.227110538437803,12.0625187034351,11,10.5831505231229,-0.234316763361054,12.0062706958695
0.86406370987571,24.6154210559054,23,25.0774222012822,0.88233354679711,24.6938901709495
1.77257137091705,28.6339332819663,29,29.509121925156,1.77167165819343,28.5990579559425
1.24588094886367,27.0192420437587,27,27.7224503281402,1.38490085274668,27.5477205017014
1.17828029249613,26.6904098701903,26,27.364222892146,1.7521567287284,28.560634181911
1.77257137091705,28.6339332819663,29,29.509121925156,1.43858566149296,27.7373592374777
-0.523566362536422,9.1383683432959,10,7.24681738999898,-0.909147947197131,6.381666982356
2.03124473503462,29.0400299516484,30,30,1.28920431258275,27.1644716783261
-0.560741710641269,8.81540563179964,9,6.88710873894688,-0.744676231956136,7.42250665952328
-0.0966344226708976,13.5163973013629,14,12.277643757995,0.123171898139298,16.1448975349493
0.327491912726794,18.7612728304503,19,18.4001277664575,0.37959476194334,19.3676310563165
-0.681751460142534,7.84303808982746,8,5.81651148596289,-0.65232054988263,8.10558838757306
-1.04206063200302,5.66794360052008,5,3.49463432299668,-1.60684565310671,3.73784980087865
0.560282130696119,21.6093508970107,20,21.6795691784082,0.558367982893669,21.5158720629611
-0.287151463418235,11.4254089986303,12,9.84603064424687,-0.100373737292463,13.4826802465317
-0.366876356673113,10.6125910124425,10,8.91282272399399,-0.111897603570117,13.351940327686
-0.285541096023441,11.4422239140901,11,9.86542726059351,-0.545914189397897,8.98009526147787
-1.31301735624371,4.58870920841614,5,2.39324930230463,-0.696523392557544,7.7696850533607
-0.996701238635033,5.88792724872125,6,3.72424337854978,-1.15102347144615,5.20895017132609
0.940226248699462,25.2100821840828,25,25.7382710480572,1.24663348549028,26.9734661716947
0.20583469492912,17.2072174946013,17,16.5940122866441,0.096699450875518,15.8184347565076
0.613865610949474,22.2099591733939,22,22.3647828305636,0.36349117892047,19.1664001098119
0.235928215055137,17.5911534156468,17,17.0411459720877,0.280862610931743,18.1253236158653
1.26952109702274,27.1259467441152,28,27.8386117483315,1.42539313054224,27.6923281770553
1.3847407203266,27.5903341716469,28,28.3446504817305,1.38501487628815,27.548141639194
-1.61140546429303,3.71360141887406,3,1.54579290762635,-1.86306787508072,3.13823980321442
-1.08530842991799,5.47020364350948,6,3.28950015362393,-1.09236152573354,5.45995308111919
0.311874911019433,18.5621144241755,19,18.1692458861028,0.196796677545625,17.0640591152164
-0.514008972859004,9.22315496625463,9,7.34158112036935,-0.766196049646179,7.27367562616149
1.35401050582178,27.4750328056619,28,28.2188330586398,1.05117834915153,25.9071442680311
1.78033001052448,28.6487182690308,29,29.5263440032867,2.56699611283433,29.4887448448619
0.513215567837473,21.0608962051958,21,21.051675480181,0.435750513577573,20.0618505406836
-0.929681581839433,6.23861476367611,7,4.09302509647153,-0.518393104415673,9.22082315146705
-1.56676159957145,3.83027983535765,3,1.65568322200073,-2.75109352204243,1.65626136347542
-0.239629288123863,11.9279724624352,11,10.4271323518585,-0.226950508607495,12.084962830882
-0.18911935376677,12.4762190451511,13,11.0638813414071,-0.638798919128983,8.21160396536027
-1.94628245513217,2.94707679994567,2,0.849502249667813,-2.01842452136381,2.82149878103789
-0.0275194929768953,14.3233882966572,13,13.2221053938511,-0.285734452418265,11.4654044301717
0.295501003171245,18.3529582976755,19,17.9265820892875,0.318935067336377,18.6062669437301
-0.940483602089169,6.17991761675148,8,4.03107759955286,-0.819832558071571,6.91956836955606
0.590718206718919,21.9538042524712,23,22.07286672842,0.521121814048661,21.0852798096447
0.74440880165475,23.5511598142871,24,23.8843227671362,0.638756585729353,22.4046807230441
-0.475399289044971,9.57276385082795,9,7.73374736261431,-0.21893609772105,12.1709171858324
0.679988103968425,22.9120352577326,23,23.1621985506445,0.808673346244941,24.0695166154538
2.03124473503462,29.0400299516484,30,30,2.38328522693758,29.3633289217885
1.54230787162445,28.0967744885436,28,28.9012263425301,1.46124891412178,27.8124249704033
-1.26506743036434,4.75513736491923,5,2.55977193512432,-1.8041019387889,3.26683497375127
-2.20774902616994,2.44867710661817,1,0.416787570475767,-2.0967320038863,2.67266671974651
-0.850880709170787,6.69372373632105,5,4.57614867200956,-0.769136305369301,7.25364307732357
-0.878876593223486,6.52648543666818,7,4.3980518793382,-0.563588491214612,8.828568169628
-0.323572593128186,11.0492455179968,10,9.41303589044118,-0.210096035596571,12.2661332928466
0.897231575182724,24.882153151698,24,25.3743885660479,0.879286861033432,24.6692410050062
-0.384859629403246,10.4347636734331,10,8.70992142221681,-0.212537817952196,12.2397903903151
-0.793717072066299,7.05503908326269,8,4.96305579604404,-0.687389466166591,7.83774902156198
0.717856121696995,23.2932520055763,25,23.5933885370656,0.871184014897485,24.6031940058355
0.398465999953984,19.6588967197883,19,19.438411279112,0.4567488222863,20.3176669973713
0.904528033047646,24.939212080208,25,25.4378008839927,1.24247333518297,26.9540748870481
1.77549815148325,28.6395325638535,29,29.515639877683,1.57833087176282,28.1577857369352
-1.13506722788858,5.25605222952645,6,3.06882549077728,-1.18126272838465,5.08668322250322
-1.43661394285219,4.19657964067795,4,2.00715659767567,-2.58395867879826,1.88099198177435
0.417940571743591,19.9020233458134,19,19.7189478035506,0.454014793462438,20.2844941227672
-1.11141351609753,5.35614580752532,4,3.17176554113053,-1.80906321700591,3.25582081760654
-1.64265841668028,3.63430437343567,3,1.47170240325809,-0.952332188793029,6.14360320770844
0.0648642030955337,15.4391068828234,14,14.5285553498633,0.0730562242771309,15.5290583570859
0.223276364880538,17.4295933895676,18,16.8530617911217,0.0634807946225571,15.4124931746592
-0.614160451026004,8.37096094185104,8,6.39542203145798,-0.264508387352545,11.6868817058977
0.680949628507614,22.9219070871661,23,23.1733811554443,0.768315771887638,23.7021691812507
-0.476393111987608,9.56362489166217,9,7.72346731557711,-0.624789769150489,8.32303826095299
0.892191913256893,24.8424034314971,25,25.3301887893591,0.564649887090538,21.5873943143625
-1.37031673872317,4.40079676781417,4,2.2070645251346,-1.07822939444776,5.52332474529686
-1.41997129785867,4.24661069967776,4,2.0558845336343,-0.945640813999679,6.17959342718422
0.370966233187662,19.3129455008414,20,19.0387115456336,0.464703578131658,20.4139426786111
0.119012709892159,16.1104882943818,15,15.3138859255682,0.231330063127687,17.4992240190835
-0.380763721810523,10.475080827224,10,8.75588038000347,-0.408863511003777,10.2333872924781
1.0799069791847,26.1435667942111,27,26.766584132852,0.926983353445903,25.0436410906566
1.58321188793807,28.2078058470356,28,29.024761802839,1.50072241717965,27.936531071289
-1.24588607134363,4.82426843246507,5,2.62935675126595,-1.44754960205047,4.17668549159476
-1.0930904050182,5.43579814140929,4,3.25393845989752,-1.24702501645561,4.83592679982402
-1.43239685108819,4.2091821727277,4,2.01941531365055,-0.906143308461199,6.39874896421183
2.03124473503462,29.0400299516484,30,30,1.66539202874655,28.3740572050021
-1.83508479608775,3.183190634604,2,1.05938693031984,-1.58776433245223,3.78729158675089
-0.230379050311219,12.0273045370365,12,10.5422999233797,-0.457063091013168,9.77743893564578
-0.180049658585415,12.5761675309932,12,11.1802288129607,-0.07309861797904,13.7948327023613
-0.79102410856145,7.07273235533353,7,4.98207532236157,-0.874782327011905,6.58118226526566
1.20997871253807,26.8490964568965,26,27.5371645629386,1.94302627878778,28.8892036508231
-1.11035196216549,5.36070928940374,6,3.17646743305901,-0.82209674766218,6.90514325377269
-1.43393291643729,4.20458590381221,4,2.01494321611303,-1.74218509131544,3.40747986582159
0.277597875591895,18.1240252042307,18,17.6607532109706,0.376959952304254,19.3347611757063
-0.35329249237326,10.7482953497964,11,9.06798479664883,-0.0607543182481678,13.937348433683
-1.28546895890739,4.68324192394765,4,2.48765803381991,-1.06379312853315,5.58928546230822
-0.0288096454242675,14.3080995116019,14,13.2042021406689,0.0961639620910462,15.811857044908
2.03124473503462,29.0400299516484,30,30,1.39043520630134,27.5680687609778
-1.05379066415012,5.61319052991746,6,3.43770966395753,-1.33803614316571,4.51911756392698
-1.03235497628738,5.71389748050687,7,3.5424814874906,-1.25192113582254,4.81803328943165
-0.0891945902050705,13.6020686490338,12,12.37783478658,-0.321802419192692,11.0950146164308
1.77257137091705,28.6339332819663,29,29.509121925156,1.69876799758792,28.4490063265084
-0.57067482878344,8.73098583116762,7,6.79341659303059,-0.393726875225894,10.3797634188624
2.03124473503462,29.0400299516484,30,30,1.92717015506277,28.8655532429766
-0.421122080373225,10.0826957353964,10,8.3096976289647,-0.394041804935977,10.3767028213371
-0.353928223847907,10.7419181463261,11,9.06068709291644,-0.321761900741169,11.0954264304093
1.77257137091705,28.6339332819663,29,29.509121925156,2.39322231216861,29.3709390781673
0.63351001857471,22.4232244545718,22,22.6074362369302,0.585304319597823,21.8201813083146
-0.00238699135260474,14.6228755292177,14,13.5728335847942,-0.0153700352582354,14.4678138250737
0.224312764648927,17.4428208570797,17,16.8684647219523,0.317721027860521,18.5909534478449
-1.08810709280403,5.45779010450111,5,3.27666484918235,-1.15158000276315,5.20665780337047
2.03124473503462,29.0400299516484,30,30,3.54751525949346,29.8313097662919
-0.591971119993904,8.5527115365524,9,6.5960204227444,-0.569608404873059,8.77751515232063
0.110871803835105,16.0088294083863,17,15.1950411785028,-0.0243625286797817,14.3619069154353
2.03124473503462,29.0400299516484,30,30,2.1198737958337,29.1172254196739
0.148744165254071,16.4836760519073,17,15.749913915554,-0.0424033601988696,14.1506202045466
-0.311173267536138,11.1764115823569,9,9.55921086069281,-0.319582964636703,11.1175866333537
-0.556122930906106,8.85493182843675,10,6.93102406051422,-1.07216254829923,5.55089215199638
-0.651673129044784,8.07314204150737,7,6.06814676703933,-0.693662099401003,7.79093110857944
1.23684253846876,26.9773412178861,28,27.6768306013336,0.951537869001576,25.2269246072691
0.350411444450762,19.0527148817191,19,18.7376635753835,0.186185080974382,16.9307484880076
0.0434769264571209,15.1772783605304,16,14.2220541047024,0.207996619940973,17.2049917968721
-1.37291663421507,4.39253266751847,4,2.19892403485568,-1.23740918903835,4.87137025676209
1.33298541855093,27.3926762954849,27,28.1290628970258,0.783432362066209,23.841858347349
-0.857434521541785,6.65401116011571,6,4.53379991413484,-1.00391933528412,5.87674766870977
-0.521737171201908,9.15454084072769,8,7.26488245498816,-0.578497321542064,8.70265412334239
0.773350527110483,23.8233162520827,24,24.1906038039912,0.956099017122595,25.2602728354993
-0.625902948606114,8.27645146818343,9,6.29137197963403,-0.515746522773813,9.24427479051749
1.33050504287642,27.3827693743408,28,28.1182683480961,1.15011498600521,26.4881076502412
-1.1827493712664,5.06311411547686,4,2.87148007444459,-1.27631821260491,4.73037309987167
-0.470686175939815,9.61620346418119,9,7.78263152336348,-0.569226065399205,8.78074916944887
0.89002491195376,24.825226060283,24,25.3110823027197,0.997584560791249,25.5537134699891
1.3863750740849,27.5963023545734,28,28.3511684342576,1.37041949109537,27.4935762691738
0.115456495731494,16.0660510508383,17,15.2619397350966,-0.0385364941400938,14.1957730967697
0.548253216430989,21.4709371703754,23,21.5212949739885,0.505831809354665,20.9054704680685
0.0617065870563335,15.4003244612207,15,14.4831625140775,0.305709995395289,18.439350256481
0.606023635699004,22.1237574999214,21,22.2666020445293,0.539221604191219,21.2958875247108
1.0747443877519,26.1124675495858,27,26.7325003925818,0.775817177726436,23.7718007892335
-0.185708880348153,12.5137494142751,12,11.1075608915308,-0.0549944674916799,14.0041079504577
-0.16312376392039,12.7639006160413,12,11.3989527164165,0.038860793454595,15.114549063263
-0.45451654883241,9.76646599748951,9,7.9519887661481,-0.731574920025854,7.51502665950236
-0.564599879571996,8.78252064834292,8,6.85059526184996,-0.373394640925527,10.5787000122276
-0.0623021400766596,13.9141678967512,14,12.7430062695506,0.0210839940191671,14.901064025498
0.389345410835945,19.5444740495261,19,19.3062776177905,0.714440776630452,23.1841222275365
0.219113090858454,17.3764721718299,18,16.7911971402023,0.419231432880165,19.8590349645259
0.431233691010421,20.0669471496687,20,19.9090721942396,0.428518592751093,19.973219934707
0.0456675080571659,15.2040027215206,16,14.2533425198863,0.0748002047923672,15.5503285249178
0.154123156599667,16.5514903393035,16,15.8291022622799,0.147178947987581,16.4429776724325
-0.178162110531665,12.5970253598492,12,11.2045179708098,-0.255858840973371,11.7778631714876
-1.1842439204572,5.05724859699713,3,2.86550410431767,-1.91282688886588,3.033467522647
-0.0134740159605877,14.4903723741882,15,13.4176552063911,0.233941539663619,17.5321963424998
0.388908175196062,19.5389804109046,19,19.2999319808038,0.262409664745454,17.8919744801768
-0.173027498555584,12.6538630174742,13,11.2707214011602,-0.291453631655882,11.406169066321
-0.881240292560102,6.51265034621404,6,4.3833472950451,-0.597983477936346,8.54074865831732
0.0211995963008839,14.9067507360798,15,13.905283034838,-0.0727726311526475,13.7985863665801
-0.0945244393239315,13.5406644963778,14,12.3060213362132,-0.318898753301265,11.1245509958214
-0.531322295699108,9.0700856962664,9,7.17059886471978,-0.474557448638649,9.61590460266545
-0.428610436345862,10.0111054726654,9,8.22856640932546,-0.283160170959944,11.4921283334019
0.279914980972204,18.1536631183575,17,17.6951804312997,0.305409422976661,18.4355543549342
1.27414107112643,27.1463205348864,27,27.8607905288602,1.31026542822351,27.2541248415711
-0.837016070624595,6.77888328482628,7,4.66708072867407,-1.19218830532314,5.04362517021338
-0.190319714065619,12.4630250308512,13,11.0485280552445,-0.120276854536412,13.2573077080649
-0.685288287294515,7.81649293997504,7,5.787551849537,-0.33228708337575,10.9887810200613
0.46710282033485,20.5071451317952,23,20.4158081246295,0.16798490446103,16.7026772084399
-0.206406655288773,12.2869727071128,12,10.8437939910267,-0.172667954876325,12.6739491331315
-1.2944292546929,4.65217984516263,4,2.45658416279832,-1.32986536171299,4.54626657672312
-2.20774902616994,2.44867710661817,1,0.416787570475767,-2.10164070861662,2.66355979795098
-0.649412911599016,8.09074694468339,7,6.08744324711842,-0.453655924480933,9.80914870291388
2.03124473503462,29.0400299516484,30,30,2.38948502446912,29.3680891236396
1.08351540534651,26.16515631499,26,26.7902389001973,1.99770354818649,28.9664117489047
-0.614623861331946,8.36720914815227,9,6.39128809669733,-0.64410008826779,8.1698595037085
-1.52606009359416,3.94041237611493,4,1.76034502311069,-2.71220279376767,1.70658761111051
1.26970284707969,27.1267511783392,28,27.8394874476246,1.62530886416342,28.2783793138683
-1.64074494549154,3.63910546202185,3,1.4761745007956,-1.22974509130326,4.89990987498238
-1.40904312724663,4.27990054238479,4,2.08839790119278,-1.37651739474682,4.39439022780357
0.462932852863328,20.4563620744134,19,20.3574042183178,0.860884113576335,24.5182059370253
0.854050553865633,24.532507601246,25,24.9849341101155,0.752941592963572,23.5575390319071
0.159713990418522,16.6220640350032,16,15.911497262668,-0.153888248735712,12.881392842421
-0.484352064181292,9.49069984972666,10,7.64149135929518,-0.416831620247936,10.1569353663815
0.458104524173413,20.3974264382993,21,20.289605947626,0.473997263061029,20.5259515736705
-0.848078156075933,6.71081162369764,6,4.59438182450386,-0.887259326245282,6.5076892062536
0.307834741204722,18.510533945357,19,18.1094200753371,0.433721254041288,20.0370069981551
1.57818443488136,28.1945650341348,29,29.0099876515077,1.86287392345915,28.763343265233
-1.24588607134363,4.82426843246507,5,2.62935675126595,-0.724984673104944,7.5621141612071
-0.549670402920653,8.91043800405003,10,6.99274500430066,-0.71052899818595,7.66668567818592
0.115467059335342,16.0661829831597,17,15.2620939689528,0.101883798983219,15.8821719330428
0.0453653592610144,15.2003153224607,17,14.249025430342,0.253125130165605,17.7745855281033
1.37700340466273,27.5618576508696,28,28.3135588493675,1.17192516292535,26.6044702222603
-0.0470382960833886,14.092985295512,15,12.9523286155633,0.078687070225674,15.5977777890167
-0.189550723966054,12.4714766316042,13,11.0583626548396,-0.0999310049344812,13.4877167573677
-0.844195624610512,6.73458967662791,7,4.61976444159423,-1.15179852700092,5.20575813613044
-0.887374368634507,6.4769510416513,6,4.34542500559227,-1.19885460250606,5.01763550132612
-0.553470857343479,8.87770515232222,9,6.95633998658788,-0.809020045906528,6.98903461345194
0.225751830449094,17.4611897501917,19,16.889853537673,0.379291321085214,19.3638467095862
0.453196063106589,20.3373676922931,21,20.2204955594032,0.600602217264761,21.9901719578428
-0.595097484857531,8.5268553180397,9,6.56744287684243,-0.285998035628417,11.4626702859512
-0.453279548614925,9.77803908140279,10,7.96504917698203,-0.542358172927871,9.01087459978436
0.448007702980832,20.2737292271799,20,20.1472439797545,0.704381940443965,23.0839497826501
-0.271866795478459,11.58562029788,9,10.0309752679638,-0.199973080579449,12.3756886148344
0.0578222435583036,15.3526754384935,16,14.4273884249012,0.0336679056268436,15.0520410544833
-0.011564338695434,14.5131520705967,14,13.4443328849131,0.188937004980114,16.9652981836646
1.55095048370954,28.1208716897383,29,28.9279723845204,1.13404610429322,26.3997573183316
-1.84547801119587,3.16043038296456,2,1.03898772406604,-1.09675221467739,5.44050125800096
0.100656989396466,15.8816172039418,17,15.0462859657331,0.214956961886418,17.2926816066352
0.370646199858809,19.308903582049,19,19.0340381532902,0.629233339830091,22.3025197727326
-0.636147342432059,8.19495281084205,10,6.20178993184411,-0.641647503191576,8.18914361175226
-0.49521545063928,9.39192496820409,9,7.53061276844506,-0.408125131688494,10.2404930050188
0.294658087728227,18.3421840731445,19,17.9140765541769,0.376841663604699,19.3332849703825
0.0258330821519461,14.9628283891955,16,13.9709517662139,-0.259573771030696,11.7387357096085
0.524500155059709,21.1940360642628,22,21.2042793166301,0.480380771642043,20.6025807963477
-0.689329295144529,7.78629595788582,7,5.75462574700798,-0.654895354951143,8.08557314360803
1.19448145798332,26.7725300230507,28,27.4537402034618,1.21767956029652,26.8357360445835
1.01502185032935,25.7341873625722,26,26.3169776506606,0.77309502037474,23.7466035936236
-1.72498195186975,3.43397719753268,3,1.28668902639737,-2.01875966343354,2.82084719237984
-0.875646828275352,6.54546086307857,7,4.41822707703276,-0.947622525370987,6.16890082736537
1.22765446402283,26.9341080753147,27,27.6297546938563,1.29356460261762,27.1832898182369
-1.3736469150751,4.39021529765966,4,2.1966420720739,-1.55333789251551,3.8784989231641
-0.316173506249288,11.1250173061187,12,9.50010830761334,-0.503577864664529,9.35277382181898
-1.84547801119587,3.16043038296456,2,1.03898772406604,-1.86036309862051,3.14403068639772
0.493128203858912,20.8215139566703,21,20.7770203237189,0.495611377418462,20.7843592329456
0.567529139168786,21.6921287384458,23,21.7741616750323,0.520793248852548,21.0814337834399
-1.94628245513217,2.94707679994567,2,0.849502249667813,-2.15334518246821,2.56916828168879
0.679097019945738,22.9028777862943,23,23.1518243829321,0.480515340181073,20.604193444921
-0.892870717087291,6.4452125845246,6,4.31173528941049,-1.19775355944003,5.02191350354363
-1.28391856753928,4.68864799260345,5,2.49307131036386,-1.16621708019125,5.14693996651569
-1.83508479608775,3.183190634604,2,1.05938693031984,-2.03426906837223,2.79083375733757
-1.2793749474255,4.70454513659363,5,2.50899841908014,-1.22852395905233,4.90448120413213
-1.23409625175672,4.86752529581809,4,2.67301482430133,-1.31855193659259,4.58425818549286
1.64557124871465,28.3631344534136,29,29.1990990592024,2.74936888949084,29.5866682752515
1.01407593456759,25.7279154540203,26,26.3100731909099,0.934633177477009,25.101424621371
0.287267178729366,18.2476910914951,17,17.8043777751629,0.40776483454758,19.7175194773701
-1.8865363559052,3.07194499647454,2,0.96002838333071,-2.18174509263602,2.51848677680581
-0.229860385954354,12.0328884743353,11,10.5487768574858,-0.212244413444681,12.2429540394856
-1.84547801119587,3.16043038296456,2,1.03898772406604,-1.53672602757023,3.92347410973991
-0.0210707349318202,14.3999339208337,14,13.3117434714298,-0.186397538989824,12.5234777514357
-0.963245759446599,6.05900867126719,5,3.90374923675594,-1.3004740641846,4.64595647439297
1.28477381079446,27.1926258335905,28,27.9111995781489,1.41471236292468,27.6551329337057
0.672331259479752,22.8330707871041,23,23.0727182566553,1.00029055576221,25.5722432095406
-0.303194463976402,11.258733085345,11,9.65395063204533,-0.283195551875352,11.4917607830839
0.0632316289949588,15.4190499440693,16,14.5050800445934,0.368293172288058,19.2264873335414
0.236771200170806,17.6019240624555,19,17.0536812289123,0.157913535816378,16.576819844285
0.492157495485401,20.8098716322164,22,20.763653614162,0.533236926971146,21.2265278384104
-0.435808457314017,9.94265797540171,10,8.15107847139683,-0.301986697235309,11.2975686167545
0.0325288820354713,15.0440428184922,15,14.0660521030508,0.149025049849462,16.4659721826877
0.702998805451689,23.1455456158081,23,23.4264788619431,0.75928154493657,23.6174932005525
-0.230770148065166,12.0230949867991,13,10.5374173663553,-0.181643382982678,12.575467548274
1.00438031581892,25.6631123395058,26,26.2387050051081,0.720239563914052,23.2413820305326
0.342408218738657,18.9510806012157,20,18.6200001473508,0.00764881282200932,14.7406678265356
-0.626132363606875,8.27461662619077,7,6.28935368288956,-0.783768174508279,7.1550297000797
0.767870460798892,23.7725044842333,23,24.1334793316074,0.464384029452938,20.410082277093
-0.516262198755823,9.20310217188393,10,7.31915638489759,-0.720613153149798,7.59355123266299
-0.408403542988292,10.2051697200438,12,8.44869348691023,-0.353894747589039,10.771934009727
-1.42260930817898,4.2386271714569,4,2.04809791519694,-1.63340985359823,3.67027428109315
1.30538031214224,27.2800872580394,27,28.0064254854739,1.77027102749881,28.5963408006045
-0.207553806922117,12.2744734679426,12,10.829267971278,-0.244991974684526,11.892760906215
-0.792484383148481,7.06313048286877,8,4.97175287703475,-0.606968712932237,8.46712236284731
0.637989826974204,22.4713144976399,22,22.6621030931192,0.747940501598564,23.5099376564975
1.01901641804229,25.7605751319302,25,26.3460212701511,1.42639737651792,27.6957912367104
-1.94381233731221,2.95215135052285,2,0.853974347205329,-1.2584941639547,4.79417167514136
1.09264518128138,26.2192422121791,27,26.8494750991323,1.37746027278487,27.5200648210056
-0.118753219640638,13.2634304398667,13,11.9819588857897,-0.358977602421832,10.7213383263635
-0.930861789168827,6.2321597322275,7,4.08620840546418,-1.17120060258919,5.12685625651839
-0.0714356317079318,13.807745366855,13,12.6184590328871,-0.0781531851017763,13.7366993374128
0.242255659172998,17.6720131747813,18,17.1352420754286,0.264170639591258,17.9142423528876
-0.394840337606481,10.3369834724975,12,8.59856506079955,-0.331676133032102,10.9949533231083
1.12546470730652,26.4074069177651,27,27.0553059565636,1.16523983746736,26.5692319150489
-0.40139798775404,10.2730989514485,9,8.52589336885832,-0.186806723605511,12.5190087120046
1.2054340696305,26.8268417570611,27,27.5129200368903,0.773101063489482,23.746659620525
-0.800229271548177,7.01250532165298,7,4.91736135068099,-0.582693785352057,8.66753013124064
-0.796486091087624,7.0369098894409,8,4.94357465497491,-0.633389618840097,8.25443974691139
-0.815796979477031,6.91226769595621,7,4.809829946171,-0.955461964849998,6.12688024419205
0.71023908180945,23.2178284856857,23,23.5081849188802,0.756202535540417,23.588430973108
0.781235559176478,23.8958351483694,24,24.272084806778,0.780698117059703,23.8167771929509
-0.178721619805917,12.5908406140926,12,11.1973154500542,-0.617141423295401,8.38455752768027
0.976260795627818,25.4697846952737,25,26.0254715574731,0.997121192529153,25.5505330628766
0.507984265115598,20.9988427336224,20,20.9805122740823,0.666894937285333,22.7013066090293
-0.636467779040113,8.19241797930327,8,6.19900582542283,-0.60774522529918,8.46079024075963
-0.175455971626638,12.6269629617769,13,11.2393859463123,0.0940655554608708,15.786091461428
-0.102994196842603,13.4433954924432,13,12.1922892292146,-0.208254101092374,12.2860262328159
-1.41997129785867,4.24661069967776,4,2.0558845336343,-1.75232942581493,3.38402071269698
-1.37291663421507,4.39253266751847,4,2.19892403485568,-1.11047926875877,5.38039814930375
-0.406066896026682,10.2277901975121,11,8.4743926991253,-0.719763833721938,7.59967770902792
0.415184892227174,19.867725709537,19,19.679391383836,0.547633192401178,21.3928975544464
0.865998145806369,24.6313108038926,25,25.0951374130284,0.942940078160056,25.1634705637651
-0.803636461238954,6.99039367949249,6,4.89362201818935,-0.781140949844761,7.17260440499964
-1.09482806577772,5.42816305852552,6,3.24605224920064,-1.33833554020007,4.51812730413003
0.897458613779862,24.8839373598759,26,25.3763720582431,1.28264041848548,27.13588651286
-0.684876519899091,7.81957784604379,8,5.79091661165779,-0.874948701466091,6.58019426589183
0.882625780480279,24.7661865779252,25,25.2453845167641,1.29331994069055,27.1822374925181
0.388438644964007,19.5330801870489,18,19.2931165333127,0.360479227642998,19.1286787061358
-0.379979727345126,10.4828104236389,11,8.76469452854223,-0.184311692478166,12.5462729362771
-0.373880528668236,10.5430807238008,11,8.83345327861549,-0.357238515415614,10.738631606259
-1.40980557595812,4.2775664699295,4,2.086115938411,-2.07978289744601,2.70430987697907
0.189615000798082,17.0008914516611,18,16.3534944117495,0.215366222391137,17.2978399672994
-1.15533638186082,5.172634368436,4,2.9833217044053,-0.830445351087052,6.85231622084213
-1.64265841668028,3.63430437343567,3,1.47170240325809,-1.16227276487007,5.1629245538182
0.475227749090818,20.6057741896724,21,20.5291958579231,0.243091893641267,17.6477787214393
0.184865689950619,16.9405781103973,16,16.2831570191438,0.191770502232725,17.00088839
0.0324963216611681,15.0436473851497,15,14.0655890732649,-0.0706709180794625,13.8228000054546
-1.28391856753928,4.68864799260345,5,2.49307131036386,-0.84098637194489,6.78642558282763
-0.533773574118679,9.04860290285813,9,7.1466377058013,-0.465064291276174,9.70329223474306
2.03124473503462,29.0400299516484,30,30,1.24640326877548,26.9723965312007
-0.794853172074716,7.04759304430259,8,4.95505362805036,-0.354125478540336,10.769633825754
1.64557124871465,28.3631344534136,29,29.1990990592024,1.84522112747178,28.7334010181134
1.77257137091705,28.6339332819663,29,29.509121925156,1.87934940691219,28.7905364324834
-0.753155693889279,7.32805903448707,7,5.25728371415581,-0.567414342134346,8.79608929033204
2.03124473503462,29.0400299516484,30,30,2.14717923632515,29.1473102939188
0.922230386025416,25.0752459094931,24,25.5888166136596,0.674851735400945,22.7837381034635
-0.0965826965653809,13.5169919281745,14,12.2783390789861,-0.11243338122128,13.345878535941
-0.781225542428378,7.13762833135624,7,5.05189321914104,-0.765087741810056,7.2812455726541
1.0078638394867,25.686503854342,26,26.2644724532614,0.9971128560385,25.5504758240712
-1.37291663421507,4.39253266751847,4,2.19892403485568,-1.32577039087052,4.5599637267535
1.55095048370954,28.1208716897383,29,28.9279723845204,1.31941178924718,27.2920955881294
-0.287433594660102,11.4224646544577,13,9.84263458481998,-0.359589569193889,10.7152574420301
1.77257137091705,28.6339332819663,29,29.509121925156,1.63370680786803,28.298957373207
0.914015295190833,25.0125382799567,24,25.519231797518,0.780704178529216,23.8168328852952
0.922747494729148,25.0791688012349,25,25.5931680744115,0.907249507474558,24.8917030400278
1.39833372341824,27.6394795380138,28,28.398341779845,1.12528201029936,26.3506161459892
-1.40904312724663,4.27990054238479,4,2.08839790119278,-1.40251927629061,4.31289538319339
1.19071250399924,26.7536170637324,27,27.4331277106393,1.19225370165315,26.709329978683
-1.41819542351853,4.25199652999489,3,2.06113987225836,-1.43437640215068,4.21591180375059
0.44583031076565,20.2469757334082,20,20.1164424522484,0.359210342477545,19.1127799599479
0.111730708966067,16.0195436063087,17,15.2075679326676,-0.0337123059461995,14.2522075210737
0.867494608851721,24.6435745349433,24,25.1088079520945,0.629635147864455,22.3068479363203
1.4559631115346,27.8358584263946,28,28.6134230193428,1.82163992654945,28.6920555992973
-1.58806574628025,3.77408385393779,3,1.60262774317478,-1.06434959309076,5.5867196037528
-0.26358153988343,11.6730350138557,13,10.1320087832596,-0.487760729469786,9.49543284576876
0.452730934490154,20.3316690376741,20,20.2139369942757,0.315458920037677,18.5624146274508
-0.268110418794207,11.625203059284,10,10.0767142763589,-0.560527729597574,8.85463466426521
0.18508886283291,16.9434111602107,16,16.2864612095694,-0.179170297781247,12.6025601801112
-0.652732373402793,8.0649066089106,9,6.0591221806617,-0.492009303838591,9.45693455888149
-0.252528395252144,11.7902709027264,12,10.2676404865903,-0.461901515159075,9.7325478944062
-1.2821375290617,4.6948698483424,5,2.49930333843001,-1.36958584191514,4.41648573856872
-0.406739761655179,10.221272576391,11,8.4669871417492,-0.267214421888339,11.6585043136015
-1.66804138263579,3.57125902909557,3,1.41314226877655,-1.74050536353181,3.41138056424305
-1.78243182546523,3.30084863407126,2,1.16544096644522,-1.42662692389703,4.23922351727734
0.275513188854347,18.0973589542696,20,17.6297746519159,0.413114298958816,19.7836110214873
0.200526258358027,17.1396351123494,18,16.5152475074361,0.340739399159867,18.8808947767938
-0.784523241051429,7.11569685160723,7,5.02828830584007,-0.985059037123476,5.9721707253626
0.590998455130045,21.9569362054849,22,22.0764388853181,0.744290076940696,23.4750209307765
0.366035622147229,19.2506370518025,20,18.9666597304398,0.261362347702145,17.8787312932239
2.03124473503462,29.0400299516484,30,30,3.31768220461549,29.7824561800699
-1.84946821276316,3.15173162753606,2,1.03120110562868,-1.48679453046438,4.06269680548236
-0.490884144066712,9.43120108060907,11,7.57468017716999,-0.365902902518523,10.6526596656418
-1.45212243224103,4.15066089405632,4,1.96258047810212,-1.09295210256343,5.4573301977624
1.49906031403226,27.9708086064806,28,28.7619122824729,1.25183514565534,26.9975271703135
1.07192230838175,26.0953619905347,25,26.7137484210753,1.70780347031969,28.4685946350356
-0.415846422895856,10.1333639877503,11,8.36717075242121,-0.632694824061191,8.25995928904082
1.32640418409109,27.3663003104373,27,28.1003254017325,1.52297166220669,28.0029376204956
-0.25149027211702,11.8013179360011,13,10.2804284630161,-0.245884108351318,11.8833034108307
-0.0111064854743245,14.518616282391,12,13.4507321390632,-0.271801192483486,11.6104986489813
1.11323152532629,26.338402406838,26,26.9798668936384,1.21716312092148,26.8332199961983
-0.795488045115723,7.04343680299344,7,4.9505874846106,-0.32964758243728,11.0154633820334
-0.967087024106859,6.03896979401042,7,3.88268305912444,-1.23240943280297,4.88995890951708
-0.334351590205424,10.9394612315835,12,9.28701651658586,-0.375991758320712,10.5531430070264
-0.0195416116332537,14.4181149100809,15,13.3330347376053,0.274436047593616,18.0440573713459
0.692446655448393,23.0391749063674,23,23.3061529899385,0.319277166614851,18.6105817004867
-1.56371708317916,3.83839004708177,3,1.66335981801497,-1.99824509842223,2.86097102574964
0.868547176767176,24.6521856272446,25,25.1184057589957,0.899315102018708,24.8294371023456
-1.48490871760132,4.05571886305255,4,1.87087115677359,-1.47948602297487,4.08360864295572
0.486417885920412,20.7408975656331,20,20.6844469320283,0.341692108606372,18.8928741081811
1.04829303511878,25.9491776352249,26,26.553350685217,1.28919399822895,27.164427002761
1.42823456730727,27.7437336507288,28,28.5124027600996,1.43893031829005,27.7385223573521
1.01256631502157,25.7178874022345,26,26.2990327226299,1.30407083855805,27.2280792632733
0.258898676739182,17.8848271265615,20,17.3827660685025,0.27481864315725,18.0488956179569
-1.45818815610592,4.13288065046906,4,1.9453583999714,-1.22457720523436,4.9193015814066
0.629575174442673,22.3808165272044,23,22.5592131356277,0.557691656315222,21.5081521808146
-0.0598383967943582,13.9429494274606,15,12.776693734077,-0.0676299691503417,13.8578739509221
1.77549815148325,28.6395325638535,29,29.515639877683,1.54269047630201,28.0597514445134
0.0404306744843522,15.1401511648699,15,14.1785848035883,0.00507343124435404,14.7100167610975
0.971317295324684,25.4349589715746,24,25.9870088532082,0.996641362261279,25.5472373777271
-1.70825525806499,3.47373169246294,3,1.32315824638113,-2.34463920665074,2.24287225681878
-0.775439702614083,7.17633046549337,8,5.09357345732455,-0.688110595662476,7.83234976073954
0.344764647261819,18.9810214458619,20,18.6546681392294,0.661265827294414,22.6426008274301
0.557415761474887,21.5764823098335,21,21.6419962193138,-0.0306222444738753,14.2884155955057
-0.0977621056372214,13.5034373412947,15,12.2624894581843,-0.36319161015968,10.6795122867905
0.217010271603712,17.3496503726691,17,16.7599565060505,0.0421196994532776,15.1538377943627
0.214061609951066,17.3120505789245,18,16.7161575929144,0.264734210378679,17.921368948481
0.913654523754449,25.0097677385448,25,25.5161562611816,0.741565637703916,23.4488673418781
0.172207886211619,16.7800844423254,16,16.0959272690397,0.410539331517586,19.7518129853791
0.961277040237857,25.3634469933239,26,25.9079795679094,0.989139178088869,25.4954056088142
0.0881593422034093,15.7265188461398,16,14.8648699702892,-0.0543432908594147,14.0116658346817
-0.270299637852218,11.602124216341,12,10.0500438724304,-0.506160996441305,9.32965015024272
-0.377996571474856,10.5023807605219,12,8.7870149721871,-0.063081309321908,13.9104245589246
0.373244938951445,19.3417151082155,20,19.0719735529834,0.343904521713768,18.9206855002276
-0.858718686703202,6.64627033816435,6,4.5255494014328,-0.673178446268314,7.94504294885911
0.0680033856165805,15.4777052983305,16,14.5737302750212,0.0571291913258344,15.3353814834355
-1.41997129785867,4.24661069967776,4,2.0558845336343,-1.44756409705261,4.17664260336134
0.195032517966143,17.0697489655641,17,16.4337800869016,0.128735601254149,16.2138162352934
1.47935511349687,27.9103144310906,28,28.6952643568088,2.49946692224899,29.4461870762357
-0.0699111607460211,13.8254781406761,15,12.6392100658753,-0.105133102177541,13.4286015505153
-0.0581883044829165,13.9622434435793,13,12.7992774168952,-0.0936216006117432,13.5596017447567
0.268475730384518,18.0073347763172,19,17.5251699966158,0.15410408018658,16.5292853920479
0.519780432334564,21.1384718406099,21,21.1406056856412,0.497395992021877,20.8055582937673
1.53948911509393,28.0888395496985,28,28.8924264272213,2.46025106946532,29.4196612050576
-0.681544381732139,7.84459563356666,8,5.81821114773236,-0.575160046906402,8.73068673451234
-0.0742906152269823,13.7745686079895,14,12.5796373781314,-0.192066193924057,12.4616457695483
1.26189077329541,27.091956913664,28,27.8016106954317,1.2580442339859,27.0259809971936
0.876840179930361,24.7196025338509,25,25.1935165662323,1.05889086425827,25.9556960259045
0.536391149830856,21.3332360247961,21,21.3637079179956,0.343344816692736,18.9136506547273
-0.151416926036062,12.8946624199987,13,11.5514339777972,-0.102493412431008,13.4585808504343
1.54021889621275,28.0908975148666,28,28.894708390003,1.85717161239097,28.7537635411671
0.129615882053749,16.243244143517,16,15.4690424973725,0.184273862786677,16.9067631046734
-0.273247665986909,11.5710900499456,12,10.014189594469,-0.343302807178449,10.8778769855373
-1.56676159957145,3.83027983535765,3,1.65568322200073,-1.19211396129983,5.0439162110098
1.00739544088605,25.6833657005382,26,26.2610159559364,0.46162344137466,20.3767073541417
0.870264967245655,24.6662125959531,24,25.1340381022411,0.775481310252956,23.768696274607
-0.0130769995512835,14.4951067199122,14,13.4231996618211,0.0282919172945181,14.9874550370775
-0.144393928712591,12.9734646481886,15,11.6433736399632,-0.0916807293697868,13.5817557337591
2.03124473503462,29.0400299516484,30,30,2.01592993191859,28.9907299510525
0.377215447954201,19.3918028110121,19,19.1298728054443,0.472027699190049,20.5022575985771
1.71921396591798,28.5270137225275,29,29.3855864648471,1.36194578627139,27.4612807238543
0.723884250076448,23.3524891235978,25,23.6602687558793,0.898341260295922,24.8217481017599
1.26413097700735,27.101980274186,27,27.8125220785452,1.43859995668161,27.7374074931126
0.896805715394577,24.8788049675816,24,25.3706663052017,1.53407585719965,28.0351623779263
0.995953068369261,25.606018072108,26,26.1757820946703,0.791194784145589,23.9126158844388
1.13466119725807,26.4584109601035,26,27.1110348617409,1.26422543549318,27.0540206014842
0.893538491618587,24.8530515861767,26,25.3420309526284,1.1011214233359,26.2115900598276
-0.0447773714797286,14.1195741906548,15,12.9834579230565,0.0684956092765621,15.4734936442142
-0.349493200649285,10.7864603422035,11,9.11167103973424,-0.39859960077349,10.3324802247871
0.475053700881969,20.6036659040992,20,20.5267726803166,0.714804512540532,23.1877244423967
0.12697399775495,16.2101306693453,15,15.4303461906781,0.0400218937230582,15.1285417324875
-1.12659579073157,5.29155381759852,6,3.10529471076104,-1.22387992250632,4.92192720826532
0.216834479608005,17.3474084047024,16,16.7573450537089,0.33767310180504,18.8423266394173
0.567620778126005,21.6931724776095,23,21.7753540798998,0.505789958665886,20.9049760150509
0.624816127529269,22.3293171538763,22,22.5006326396745,0.771728060630905,23.7339199753375
0.0423077967440644,15.1630242361562,13,14.2053652683195,0.0772822887205507,15.5806218493516
-1.64265841668028,3.63430437343567,3,1.47170240325809,-1.80389244795489,3.26730085681817
1.42245667894104,27.7239926634115,28,28.4907856077909,1.63494287722788,28.3019619443841
1.77549815148325,28.6395325638535,29,29.515639877683,1.9404059148321,28.8853356786248
-0.429258467131598,10.0049284202572,10,8.22157020985341,-0.578874179710891,8.69949412905354
-0.244076330033634,11.880391727683,12,10.3720005606228,-0.244997226853606,11.8927052151169
-0.504514825455835,9.30807778303926,10,7.4366328110375,-0.569361616234037,8.77960248126337
0.662861726518528,22.734550303896,23,22.9610014017824,0.84237211940579,24.3625411325436
0.410214846728177,19.8057776521901,20,19.6079293865798,0.37177869472105,19.2700594691742
0.439980072137844,20.1749614631189,19,20.0335122546268,0.14648009314768,16.434275523069
0.956392400483439,25.3282755650105,25,25.8690867483274,0.79699636553895,23.9650675448347
-1.24588607134363,4.82426843246507,5,2.62935675126595,-1.73190206005271,3.43143257617612
0.771956462002107,23.8104223130875,23,24.1761105389638,0.769575180764045,23.713902596843
-0.448213207024157,9.8255528580868,10,8.01869398382883,-0.313109332142613,11.1835902604287
-0.927031226619144,6.2531483050973,6,4.10837670136753,-1.53173135248246,3.93712404736539
1.15772591892454,26.583098905449,27,27.2471689629438,1.14474064507,26.4588083586617
-1.62855565809936,3.66985291074708,3,1.504857102342,-1.33066525496901,4.54359815198154
1.77257137091705,28.6339332819663,29,29.509121925156,2.514526450349,29.4560098881988
0.0265687809578302,14.9717415871748,14,13.9813891954478,-0.104479303332749,13.4360234842397
1.08187448577963,26.1553535590669,26,26.7794990858415,1.17945295763279,26.6437002268477
-0.534103109885312,9.04571848486481,9,7.14342119837868,-0.398910207132505,10.3294714167658
0.531419621107375,21.2751769223413,22,21.2972268814726,0.674092778602551,22.7759033161378
-2.0779292962348,2.68690315684846,1,0.622200153590274,-2.23998892202893,2.41704472658783
-0.333271329902672,10.9504314171515,11,9.29960151670362,-0.317798264011991,11.135758322439
1.27095558237045,27.1322893099522,28,27.8455162080823,1.2691908032587,27.076339551795
-0.154041619154104,12.8652805239466,13,11.5171628132075,-0.183902237335682,12.550750406624
-0.404519572701836,10.2427897210764,11,8.49143834838635,-0.290900666752051,11.4118880860391
-1.0873832945717,5.46099619103566,5,3.27997937008219,-1.17126840442264,5.12658387325355
1.77549815148325,28.6395325638535,29,29.515639877683,1.67720175699147,28.4010522003016
-0.736325985953095,7.44547341661999,7,5.38430244984672,-0.687700882235089,7.83541684112199
1.52155270560543,28.0374602890661,29,28.8355285565745,2.01596867079502,28.9907809152414
1.01083733505032,25.7063742124855,25,26.2863555986645,0.826878024048175,24.2293639071127
0.269982097100173,18.0266047147504,18,17.5475638112193,0.375954058321252,19.3222065151673
0.858643471702183,24.5706773128155,25,25.0275218084406,0.713744277260141,23.1772206044571
-0.141992421933842,13.0004723144911,14,11.6748917889236,0.143726138287801,16.399997211521
1.02959490543647,25.8296919092876,26,26.4220526385918,1.41817099464054,27.6672505213104
0.28940880775655,18.2750755311746,18,17.8361729151477,0.319500340500685,18.613396411296
0.0106722194956705,14.7797187882427,15,13.7565177171361,-0.250435285241583,11.8351253296799
0.0296388857475355,15.0089640272728,16,14.0249762921757,0.0936954943958843,15.7815493280592
-0.217636600873253,12.164928781796,11,10.702017348359,-0.142453773941689,13.008613000466
-0.368803199331487,10.5934372310685,9,8.89094486712772,-0.385263784659025,10.4622491181062
0.343913468408463,18.9702078556773,20,18.6421477539195,0.411441040219902,19.7629513339537
-1.65442172604871,3.60493957651441,3,1.44438850564769,-1.44674666377991,4.17906218174281
-1.59638052758626,3.75240953317458,3,1.58222853692098,-1.81696552700699,3.23835288273144
0.610438229971638,22.1723581664253,22,22.3219635528251,0.608053550649825,22.0722001199865
-0.235073719259956,11.9768310088764,12,10.4837680028035,-0.62201629595757,8.34529118873655
-0.432586601331377,9.97325057757057,11,8.18570177108898,-0.58505068259475,8.64786470133074
-1.28743399319082,4.67640342253421,5,2.48081259438899,-1.92666855518492,3.00489986620623
0.146907090989749,16.4605353200744,18,15.7228886359929,0.0700172124309114,15.4920228675717
0.539262668120688,21.3666779793154,21,21.401990882947,0.360254982317607,19.1258692930036
-0.578441211318756,8.66554064909321,9,6.72087909037092,-0.56387966689302,8.826092243201
-0.0236906226455002,14.3688111440569,16,13.2752969109007,-0.304731136036114,11.2693780085987
-1.61671630660002,3.69999219494947,3,1.53304292703315,-1.75179174357272,3.38525991817132
-0.00855435347200274,14.549093468502,14,13.4864247701358,-0.407813367461009,10.2434943073226
-0.833852520113047,6.79853428287869,7,4.68808673420622,-0.979994532693171,5.99820897521261
-1.13560070741979,5.25382929191538,6,3.06654352799551,-1.3167652763722,4.59030112975441
0.802006379510452,24.0835183990553,24,24.4826986126074,0.931246086520484,25.0759164921972
1.55687951064613,28.1372024190555,28,28.9461177253357,2.01816220720648,28.9936617559664
0.64767921728623,22.574626109013,23,22.7794798647205,0.485031116053529,20.6582429883211
-0.567278442683005,8.75976096613758,9,6.82533664880823,-0.222001563498571,12.1379986369664
0.601208238710634,22.0705287944,22,22.2059481278214,0.714114406745472,23.1808888652836
-1.41997129785867,4.24661069967776,4,2.0558845336343,-1.03081514930578,5.74477565916328
-0.104212169009184,13.4294392862578,13,12.1759736682173,-0.160909012952981,12.8036215121645
1.140387141093,26.4897936885715,26,27.1453121137169,1.21706705414459,26.8327517343108
-0.0538413299249051,14.0131386495819,15,12.8588537088803,0.0442222229333166,15.1792099867332
-0.263522588496679,11.6736584151722,11,10.1327296117873,-0.264132107838956,11.6908309074763
-0.421775812998694,10.0764304907284,10,8.30259394267304,-0.471746717362208,9.64171175280146
-1.43393291643729,4.20458590381221,4,2.01494321611303,-1.49197318317927,4.04796409496595
0.387427741548281,19.5203740762019,20,19.2784388989371,0.187023753048076,16.9412761108741
-0.0708438537252525,13.8146275377135,14,12.6265125148859,-0.165682947990724,12.7508881322379
0.111229907940955,16.0132961608152,15,15.2002636221536,0.205781848711299,17.1771052605033
-0.0175890079485163,14.4413479732994,16,13.3602426230799,-0.0568096864688594,13.983050772447
-0.731112699595477,7.48233944174342,8,5.42424348132392,-0.861775474208024,6.6590973237614
2.03124473503462,29.0400299516484,30,30,2.84199467538691,29.6283996991778
-0.437488411972009,9.92673508893425,9,8.13306405807021,-0.359864614888885,10.7125251701498
1.48313859942843,27.9220851532912,28,28.7082209843584,1.27550540376441,27.104461169378
1.64073403160111,28.3516541571631,29,29.1861424316528,1.85897332273738,28.7567998132589
1.28536607131967,27.1951813406868,27,27.913981657528,1.19262220012307,26.7111993272783
-0.0177872533878725,14.4389882819346,14,13.3574792115244,0.0660668914495997,15.4439376864627
-0.379451566270239,10.4880199581967,10,8.77063554684178,-0.144635424920786,12.9842867973794
1.21672332348977,26.8818231997662,26,27.5728127575249,0.938406539744664,25.1296988800954
0.591608650495371,21.9637529623111,22,22.0842135052034,0.40190289113618,19.6449598037878
0.565289418702375,21.6665956889356,22,21.7449894392384,0.402965416888754,19.6581221737581
-1.72498195186975,3.43397719753268,3,1.28668902639737,-2.05647389143756,2.7483353604672
0.566869285689283,21.6846109944502,22,21.7655729110803,0.574874315842979,21.7030903523703
0.40061623027328,19.6858229149365,21,19.4694956050372,0.207992037306524,17.2049340878206
1.61094921497584,28.2788924695063,29,29.1043010941869,2.56396372671184,29.4869138866854
0.384775076130699,19.487014147622,21,19.2398988851788,0.352183112701184,19.024655511294
0.0407267868300019,15.1437582841187,15,14.1828081650774,0.000336863087627233,14.6537250104023
0.807655949935316,24.1337279622896,23,24.538976872126,1.09558079193988,26.1789615434943
0.261059036674014,17.9124605125846,16,17.4148928171709,0.600161015078749,21.9852989704708
0.779895241550342,23.8835575025419,24,24.2582938008999,0.945690585760664,25.1838544708576
-0.530704576412897,9.07550678451642,8,7.17664675062112,-0.610114608991826,8.44149924665979
0.310811970788445,18.5485459740442,20,18.1535096238431,0.363797565611383,19.170235870012
-0.589081386060054,8.57668278951042,9,6.62252642342982,-0.477007394599212,9.59345594848986
1.24035087286558,26.9936789039129,27,27.6946188928512,1.1843148396219,26.6687864898079
-0.0556558346491858,13.9918822172797,15,12.8339710369312,-0.0889475617097076,13.6129860308784
-1.12609027741837,5.29368439737793,6,3.10748484551678,-1.33234219041211,4.5380114490557
0.504801872979447,20.9609926143688,22,20.9370938697716,0.383648936066654,19.4181631272154
-1.84829751579656,3.15428152562149,2,1.03348306841046,-2.50031308247108,2.00193722891505
-0.801736734577203,7.0027103188313,7,4.90684401019184,-0.674808403080753,7.93265050811764
0.433855765573594,20.099371686437,20,19.9464341593761,0.293929176342547,18.2905114183726
0.77786223691408,23.8648961216837,24,24.2373291013344,0.903366625613044,24.8613163931025
0.45831589297125,20.4000094381508,21,20.2925777853108,0.589034459087001,21.8618244645874
-0.359797533071034,10.6831624987155,11,8.99347873602113,-0.156551642341917,12.851858866725
-0.522970326634842,9.14363523729271,8,7.25270009125258,-0.430347416798489,10.0282193319602
-0.968626202611518,6.03096951259065,5,3.87427559578098,-1.25642816012018,4.80165206464134
1.77257137091705,28.6339332819663,29,29.509121925156,1.92643053989307,28.8644356161456
-0.0524043642726044,14.0299843603758,14,12.8785737763355,0.276695972878746,18.0726357934032
-1.26318423171723,4.76185764215575,5,2.56652599544361,-1.29499288167674,4.66491001942886
-0.882554691136712,6.50497595924844,6,4.37519251610429,-0.566454690086316,8.804225273608
1.32440295173728,27.3582225728324,27,28.0915254864237,1.50073621872692,27.9365730390899
0.307977160887931,18.5123525487689,18,18.1115295917157,0.519047823978528,21.0609893109171
0.606398787324293,22.1278949507536,22,22.2713157568944,0.724930841917595,23.2874431845092
-1.05590410707329,5.60341566528271,6,3.42755690937819,-0.776513183129602,7.2037018463256
1.17657090686125,26.6816197593123,27,27.3546381332382,1.14433177861711,26.4565690973347
0.693066799538342,23.0454597056372,23,23.3132651979959,0.36345024075263,19.165887571047
-0.0592878470905161,13.9493852670353,14,12.7842268161021,0.169762164696069,16.7249138647025
0.877348895996371,24.7237133601646,24,25.1980947432902,1.15173212892928,26.4968749905924
-0.262490915785021,11.6845714414336,10,10.1453488508303,-0.26244817438123,11.7085142163397
0.237834213648185,17.6155069013209,18,17.0694887545237,-0.0728808640621609,13.7973400296523
0.467495753870743,20.5119247387312,20,20.4213042335792,0.765366955171007,23.6746284342053
-0.159301389393263,12.8065132898589,14,11.4486318898371,-0.0747629042634331,13.7756772003398
-0.790490141644876,7.07624789155237,7,4.98585517718202,-0.30544840165992,11.262017562611
-0.191868083052887,12.4460175713082,13,11.0287391819827,-0.160694012612092,12.8059992710727
0.874448668306103,24.7002389850235,25,25.1719488393279,0.625096536937432,22.2578690056691
-0.345418766765831,10.8274902032314,10,9.15866019064425,-0.464610953375498,9.70748129031719
-0.921305041445072,6.28472726087887,7,4.14175115501378,-0.971913398428515,6.0401257088772
-0.70336138216202,7.68253514816693,8,5.64162986271474,-0.716816604698006,7.62098451177763
0.791417985014643,23.9884490037466,25,24.3760619890872,0.88863782517159,24.7445751020048
-0.645999681696707,8.117415539127,9,6.11668624101186,-0.710953289308116,7.66359122892367
0.173370225606892,16.7948061018645,17,16.1131050587791,0.045049472257599,15.1891980755883
-0.888497263522317,6.47044781969114,7,4.33852004084871,-0.868962018320386,6.61588261909994
-1.03215354205163,5.71485753500746,6,3.54348177353467,-1.38969200383257,4.35282787145164
0.440111851164849,20.1765857127738,21,20.0353830209368,0.50863179654404,20.9385234641507
-1.32073154545058,4.56274239022654,4,2.36740130907123,-1.23563502495041,4.8779538310989
-0.682653744104918,7.83625586575768,7,5.80911099602204,-0.675625098644385,7.92644962141731
-0.370897600317448,10.5726449646973,10,8.86720181584847,-0.238180206126273,11.9651178442935
-1.16930787981458,5.1163523323206,6,2.92578598955591,-1.75350571471079,3.38131133096307
-0.455680628666916,9.75558517266341,10,7.93971174155804,-0.0607492331703866,13.9374072990452
-0.394337500319236,10.3418939452846,11,8.6041536827153,-0.143765834439133,12.9939800504679
1.5415757514786,28.0947171341405,28,28.8989443797483,1.10590023451427,26.2395069707598
-0.252534649887502,11.7902043636946,13,10.2675634652878,-0.647928739923101,8.13985553651141
-0.187629510567615,12.4926060444679,13,11.0829519853583,-0.221787102769049,12.1402999555902
1.77549815148325,28.6395325638535,29,29.515639877683,1.30065560236954,27.2136049883545
0.657679637005664,22.6802357643461,23,22.8993760350783,0.844517514814931,24.3807738288465
1.24743719254516,27.0263942947171,27,27.7302369465776,1.31076635371943,27.256219356271
0.0220691257214092,14.9172666887417,14,13.9175977183105,0.00605199182654032,14.721659525596
0.0906496257305266,15.7573748353805,15,14.9009660525511,0.0472031580194244,15.2152152508623
0.150508977144879,16.5059160616421,17,15.7758856975511,0.125757320746091,16.1769110423044
-0.642445897624592,8.14528811950009,7,6.14726479291981,-0.566785531700242,8.80141956153769
0.466233378949152,20.4965658508255,19,20.403642458481,0.702132938684981,23.0614064489512
-0.626774842072225,8.26948050927663,9,6.28370439568042,-0.482841423354298,9.54017207917321
-0.470788750568098,9.6152563231129,9,7.78156530762697,-0.157505475587914,12.8412910686628
-0.855843331122129,6.66362109445982,7,4.54404450012341,-0.74434821135981,7.42480542632557
-1.1255639557039,5.29590413555833,6,3.10976680829855,-1.37653045233161,4.39434875443263
-1.28086198815376,4.69933341474117,5,2.50377543596753,-1.1766284786626,5.1051231518551
-0.342941650346761,10.8524858390951,12,9.18729813412696,-0.341386606656244,10.897116228949
-1.64074494549154,3.63910546202185,3,1.4761745007956,-1.05959845480592,5.60868791087936
-0.926915593167755,6.25378358399106,6,4.10904785814959,-1.01541281851769,5.81976990830936
-1.15151857183187,5.18818484133726,6,2.99924067463566,-1.22242950283552,4.92739580806611
0.635849822263177,22.4483673626202,22,22.6360200318196,0.793779677630585,23.9360313839829
1.58687827426948,28.2173921212288,28,29.0354659284426,1.40796032403292,27.6312730442865
-0.743804832160036,7.39299548582351,8,5.32749622562595,-0.638406495071524,8.21470339552445
0.296382947701843,18.3642307815407,17,17.9396654040465,0.296116475275657,18.318154087674
0.994982166782986,25.5993940592873,26,26.1684791403472,0.891240743978262,24.7653764083867
-0.442738711315206,9.87709989877599,10,8.07693726855114,-0.527550337117268,9.14008598673255
-0.181871895891502,12.5560499958016,13,11.1568046636098,-0.0241500876590028,14.3644043866994
0.281834550703697,18.17821487515,17,17.7236967524163,0.271760420103631,18.0102214784757
0.105214732891013,15.9383296739571,16,15.1126074869078,-0.0307326275634014,14.2871213688839
0.578887042756308,21.8209138022857,22,21.9212323456949,0.421607557992534,19.8882872975774
0.93964452101063,25.2057775417406,25,25.7335033117288,0.747794373448457,23.5085426989429
0.014745824262389,14.8288116471606,15,13.8140105990989,0.156998985960299,16.5654044466738
0.192083964970332,17.0322648743722,16,16.3900769463827,0.0424450906124481,15.1577631929258
-1.83508479608775,3.183190634604,2,1.05938693031984,-1.68986790365211,3.53121640233501
-0.95380607480601,6.10869841195733,6,3.95603160373512,-0.899249072858199,6.43820402391259
-0.306731745923819,11.2221898372991,11,9.61188405764693,-0.35885961350576,10.7225110040729
-0.820485764318434,6.88247341637997,5,4.77790989039336,-0.962727825339884,6.08832780669052
-1.94628245513217,2.94707679994567,2,0.849502249667813,-1.45445194734153,4.15632986469709
0.201745464085033,17.1551524606041,18,16.5333339015235,0.275111277056496,18.0525962122414
-0.25126327763626,11.8037342877836,12,10.2832257863333,-0.16262997225905,12.7845976880192
0.208788712508285,17.2448468662831,17,16.6378605627413,0.343559628020826,18.9163506649991
-0.567101388479607,8.76126359266433,10,6.82700394649855,-0.144090494717162,12.9903606243161
-0.245370011252059,11.8665712695562,12,10.3559910534487,-0.393333700207335,10.3835853282102
-1.8865363559052,3.07194499647454,2,0.96002838333071,-1.75030918070133,3.38867923394791
0.88474520369719,24.7831594069959,24,25.264275899664,0.909703057930113,24.9108205545562
0.907994387612149,24.9661163634109,26,25.4676867460196,0.93462623187096,25.1013724383593
0.973049065207451,25.447187634522,26,26.0005163834986,1.08718149947404,26.1289599285186
0.381760247325823,19.4490679213614,18,19.1960536727762,0.5158355253511,21.0233046294127
1.18932140138539,26.7466072591003,27,27.4254873993618,1.50249383984502,27.9419096683795
1.2541306111082,27.0569493133551,28,27.763500941095,1.21372470127723,26.8164144329667
-1.44012210243531,4.1861338962162,4,1.99700384309634,-0.946650161238449,6.17414379383542
0.300148457057039,18.4123516879832,18,17.9955102499698,0.445997516038412,20.1869804052891
0.0982362572208456,15.8515279577439,17,15.0110954140408,0.017882507501492,14.8627679040055
-1.84547801119587,3.16043038296456,2,1.03898772406604,-1.79316910677332,3.29123649027262
-0.436117731693722,9.93972513479463,10,8.14776006331839,-0.27823050392295,11.5434094760868
0.90013353825164,24.90491621514,25,25.3996911296559,0.875681877214676,24.6399446706634
0.152705590166778,16.5336104769655,17,15.8082249349744,0.0306954094020814,15.0163141655619
1.36816224572692,27.5288652467067,27,28.2775521601559,2.00065243391578,28.9703926692135
-1.0348749086744,5.70190902811041,5,3.52999297712477,-0.822901384087322,6.90002702693503
1.77549815148325,28.6395325638535,29,29.515639877683,2.87643991476605,29.6427393951135
-2.20774902616994,2.44867710661817,1,0.416787570475767,-2.8464598755371,1.53775763334501
-2.19437278808459,2.47243150473805,1,0.437186776729562,-2.07416221958191,2.71487181423889
0.559152477390097,21.5964057867651,22,21.6647721630017,0.326710317727043,18.7042900138785
1.18797101148388,26.7397875433041,26,27.418053956412,1.34266000717058,27.3860520857698
-0.524001127244305,9.13452827385003,10,7.24252867008687,-0.902013724808365,6.42233858712743
0.868903191820768,24.6550954227607,23,25.1216487744364,0.482474389403894,20.6276573868018
0.500276591299443,20.9070415139371,20,20.8751905909913,0.450657193443719,20.2436984421709
1.77549815148325,28.6395325638535,29,29.515639877683,1.42641139548027,27.6958395386357
-1.48653848237316,4.05107246285541,4,1.86639905923607,-1.54389160374393,3.9039947248217
-0.425230522327761,10.043370159964,9,8.2651203149038,-0.359900389056941,10.712169828113
0.344521276879354,18.9779297835347,21,18.6510885513247,0.110245762414774,15.9851811152104
-0.252975134595284,11.7855188957773,12,10.2621399856425,-0.365642587800761,10.6552358363641
1.37176517522778,27.5423690024882,28,28.2922877437196,1.54495961752101,28.0661693660414
-0.13994938267501,13.0234731702602,13,11.7017370520643,0.162299485535244,16.6315964563164
0.457553632015249,20.3906930720331,20,20.2818587820118,0.48568159125206,20.6660177828724
0.986843635726771,25.5434913188495,26,26.1068240573998,0.878914051389673,24.6662178713527
-0.657121881230433,8.03088147673804,8,6.02185117302304,-0.711412838871086,7.66024134776905
0.133754766123073,16.2951679794961,18,15.5297142068853,0.0933708424818031,15.7775649716815
1.06021088929659,26.0235727459323,27,26.6350114582706,1.34400158232131,27.3913638565662
1.17657090686125,26.6816197593123,27,27.3546381332382,1.68882784334483,28.4271161884355
0.0229792275708453,14.9282771320322,14,13.9304913951438,-0.0263486076757293,14.3385690151982
0.0901031743663003,15.7506018888985,17,14.893043075373,0.118473266594423,16.0867747417639
-0.117586704241584,13.2767063673988,14,11.9974702986242,-0.247905516233532,11.8618908609305
0.96109369957516,25.36213137507,26,25.9065250347215,0.930744604736092,25.072129513254
-0.0274213928481721,14.3245511626586,15,13.2234671245506,-0.144095018050824,12.9903102005255
-1.22995687908784,4.88285429669432,5,2.68850714028527,-0.83179081469632,6.84385571923871
1.13379428791426,26.4536347061703,27,27.1058172431394,1.42571276818405,27.6934310547234
0.310756619715313,18.547839376364,19,18.1526901114245,0.376220332186791,19.3255302185715
-1.14896290156546,5.19863601029596,6,3.00994480023932,-1.0091056088618,5.85092856816772
-0.776088695953671,7.17197510074975,6,5.08888135762063,-0.625791569356446,8.31501586183296
1.27112774798717,27.1330495339574,27,27.8463437818218,1.34355545254679,27.3895987883268
-0.0210879817289295,14.3997289263158,14,13.3115034090141,0.091312388815847,15.7523114476727
0.34728223696725,19.0129953071128,19,18.6916854691536,0.354203494201843,19.0500047059238
0.910932723530361,24.9888203226814,25,25.4928997143163,0.801246791407527,24.0032605747376
0.935873233814984,25.1777836679764,25,25.70249206397,0.926991154738603,25.0437003345468
-0.279428018819024,11.5061936006243,10,9.93924928743535,-0.186110213416452,12.5266164053715
0.553687920758094,21.5336280309044,21,21.5929972499587,0.436330589441134,20.0689484285795
0.697186172458948,23.0871012753646,23,23.3603798679982,0.955193256028225,25.2536677737549
-1.3110839491941,4.5952512422228,5,2.39976725483168,-1.14357424310641,5.23978954814298
0.162571624189923,16.6581700320471,16,15.9536448723125,0.105059425942531,15.9212621727317
-0.0515879538533427,14.0395599703363,15,12.8897834732451,0.374170493616832,19.2999378063723
-0.0208185009545977,14.4029321305267,15,13.3152545802925,-0.20795401646463,12.2892688988353
-0.776718482917385,7.16775205587896,8,5.08433219341452,-0.663920249926595,8.01585505150658
-0.222748991975454,12.1096028255278,13,10.6377889801831,-0.0651671727360491,13.8863136918814
-0.413762262546057,10.1534330744511,10,8.38994703813931,-0.34326153157913,10.8782911705744
-0.414163330912748,10.149568748506,11,8.38556091628917,-0.619652684948231,8.3643053973444
-1.41997129785867,4.24661069967776,4,2.0558845336343,-2.3789184431371,2.18799691600142
0.659963273779366,22.7042057735145,23,22.9265755434648,0.724296034699089,23.281224123223
-0.208865874022599,12.2601863277789,13,10.8126657435242,-0.436021502175626,9.97454868416883
-1.04651449900083,5.64705353179081,5,3.47290480983489,-0.54797395514605,8.96231141659082
-0.436407268761311,9.93698007055174,9,8.14465425208503,-0.591533181319794,8.5940053853708
-0.0833182242470525,13.6699428342793,13,12.4572287102184,0.0550729623655815,15.3104540528175
0.469056395886499,20.5308985416673,21,20.4431210727191,0.351837234858959,19.020314872711
0.0741762857195023,15.5537272556653,17,14.6626972748594,-0.0390740901799535,14.1894912529724
0.13379004045745,16.2956107522704,16,15.530231542231,0.248076303963182,17.710767166052
2.03124473503462,29.0400299516484,30,30,2.64726510268423,29.5346756815883
0.861618870958647,24.5952794236918,23,25.0549622571813,0.520788113139303,21.0813736609086
-0.596758752966851,8.51314903191287,9,6.55229939289174,-0.349360277192828,10.8172049288186
-1.3664169837931,4.41323371598804,4,2.21932324110947,-0.867651652152828,6.62373176352978
1.07566413738287,26.1180263238938,26,26.7385934570724,0.89979562621779,24.8332273317816
-1.84547801119587,3.16043038296456,2,1.03898772406604,-1.82125414298874,3.22891141361259
-1.40755089063866,4.28447372556973,4,2.09286999873029,-1.24797898853659,4.83243232582027
0.511997577954556,21.0464670119942,21,21.0351301540446,0.681535451128933,22.8524791838008
0.357164369240018,19.1383434927695,20,18.8367590140534,0.162714232662996,16.6367789189606
0.225619941272479,17.459506149932,18,16.8878932012116,0.181025378165557,16.8660135957219
-0.648518026374368,8.09772931564861,9,6.09509825861074,-0.826021338181331,6.88023902060315
0.0435886334474544,15.1786406246666,15,14.2236490410286,-0.130602311959515,13.1411971578379
0.562240707346678,21.6317683296549,22,21.7051908792099,0.752072622585115,23.5492874943019
0.222072622438383,17.4142318825052,18,16.8351729930374,0.195949268834834,17.0534051533356
-1.4791280980452,4.07225396127089,4,1.88679826548987,-2.07509081617307,2.71312450371983
0.47735864640163,20.6315700238056,21,20.5588424461728,0.305371146190052,18.4350709544178
-1.28391856753928,4.68864799260345,5,2.49307131036386,-1.28247259725026,4.70864575972132
0.211051354678916,17.2736790743052,18,16.671454193981,0.160285612437538,16.6064386007468
-1.94628245513217,2.94707679994567,2,0.849502249667813,-1.86329041949936,3.13776378821774
0.378550786717563,19.4086358371976,18,19.1493282932372,0.471427627565159,20.4950339999598
-2.50631540735004,1.96249927827319,0,0,-3.78273496942877,0.700012420838341
0.427231097420148,20.0173819811846,20,19.8519486098693,-0.000744979005903032,14.640882604758
-1.2348245126791,4.86483605984882,5,2.67029806878722,-1.07178660703563,5.55260765437953
-0.417161122222632,10.120719564345,9,8.35282412367055,-0.362844351150679,10.6829548375924
0.513286187783648,21.0617324729755,21,21.0526343520735,0.755724965468589,23.5839140291494
-1.23421275572774,4.86709492988663,5,2.67258003156899,-1.14544316533316,5.23202496602085
1.64557124871465,28.3631344534136,29,29.1990990592024,0.919680772620341,24.9879004982898
0.72813761204631,23.3940443182995,24,23.707165382841,0.848464932756071,24.4141891862674
-0.163321457351975,12.7616988543961,12,11.3963861440201,0.0795842270323882,15.6087384367697
2.03124473503462,29.0400299516484,30,30,1.57025071016875,28.1360709694722
0.381949427147039,19.4514500149582,19,19.1988062888753,0.48251760913211,20.6281747633434
-0.281469269525199,11.4848087093598,12,9.91456541901857,-0.349665211973115,10.8141565951372
1.52155270560543,28.0374602890661,29,28.8355285565745,1.91129274144052,28.8412726255915
0.879059654651794,24.7375167110104,25,25.2134658523316,0.779920219655894,23.8096265855973
-1.17303104192025,5.10151767845192,5,2.91064212192617,-1.26854681469005,4.75802860928823
0.445294586885973,20.2403891768908,19,20.1088586876603,0.204902924968471,17.1660408728204
-0.0461387922901082,14.1035604907494,14,12.9647095436383,-0.149684605097806,12.9280826066787
-1.29798751691267,4.63992970491777,5,2.44434337440523,-1.84880943993756,3.16888118134831
0.601155687510999,22.0699466672642,21,22.205284678011,0.399260810159282,19.6122108055619
0.254840774251943,17.8329260881783,18,17.3224170508351,0.484713515347029,20.6544458790702
-0.0215972294335618,14.3936767057442,14,13.3044158620857,0.178872590598609,16.8390216740441
0.539996414964634,21.3752122958661,21,21.4117594362956,0.508258168995651,20.9341161035939
1.78033001052448,28.6487182690308,29,29.5263440032867,1.19336245525789,26.7149511985484
0.29846348809944,18.3908203853125,19,17.9705241949509,0.278311801355071,18.0930686533262
0.513569292274668,21.0650845587402,22,21.0564778387983,0.524265215127127,21.1220344086092
1.77549815148325,28.6395325638535,29,29.515639877683,1.47958824280822,27.8711097870125
0.851470403292851,24.5109621535319,25,24.9608871860673,1.00022269129358,25.5717794001062
-0.19791253466899,12.3797516947295,11,10.9516574456589,-0.428205636626755,10.0485347395996
-1.21007075024611,4.95754907010885,5,2.76415196012076,-0.963831158666171,6.08250644075161
-0.0387280585216193,14.1908437520062,15,13.0669025383363,0.0360085650187959,15.0802013904492
-1.62527123501293,3.67818665293512,3,1.51264372077936,-1.79335151359627,3.29082788504092
0.269015031735045,18.0142336971768,18,17.533187490816,0.283236455279054,18.1553392327392
-0.744132507485798,7.39070725242472,6,5.32502057218642,-0.882747510887911,6.53412493514808
0.663654334581044,22.742832897975,23,22.9703966340901,0.762538605348984,23.648123608724
1.64073403160111,28.3516541571631,29,29.1861424316528,1.15166496527681,26.4965113112524
-0.962872011113685,6.06096399124632,6,3.90580536165667,-0.948464963220942,6.16436395910284
-0.670623347038629,7.92726250274677,8,5.90849200099369,-0.762153220745693,7.30133869617194
-1.84547801119587,3.16043038296456,2,1.03898772406604,-1.49372153562007,4.04300598261624
-0.502092651920414,9.32985390318167,9,7.46102795230344,-0.758903882705205,7.32367183017616
-0.369389991661435,10.5876089695518,10,8.88428880905139,-0.0885797005304472,13.6171922787948
-1.59638052758626,3.75240953317458,3,1.58222853692098,-1.7318819672822,3.43147955132557
-0.280691906198583,11.4929497693648,12,9.92396174210373,-0.268812667594534,11.641763388755
0.695447789348688,23.0695509181554,24,23.3405247388762,0.516125343159435,21.026707683039
1.35837645083872,27.491776202837,28,28.2370924657631,1.30473058525155,27.2308659474104
0.226074555045461,17.4653095046648,18,16.8946504164953,0.107271855632795,15.9485174948108
0.932588879703514,25.1532808328869,25,25.6753399160768,0.613750081592172,22.134563245804
-0.177072787759028,12.6090715338806,13,11.2185472589366,-0.285992745405962,11.462725157423
