"Est.Theta","Est.ExpScore","SimSum.Score","Scaled.Weighted.Score","True.Theta","True.ExpScore"
-0.116824646795621,4.94891057913888,4,3.79389939143079,-0.656614917879824,4.17866609277033
1.84101549539276,8.14055721968878,9,9.65516424267382,2.40902649870043,8.67277667852021
-0.0203602915329468,5.07584807993587,5,4.04834070133431,-0.443049885580337,4.50504878656895
-0.494329293131512,4.40519924716697,2,2.80076249168762,0.46336304134754,5.74602094318721
0.911241395187138,6.50843999980299,7,6.74148551239544,1.0210139289213,6.70474916750643
0.811653414200826,6.32828301394779,6,6.42178675986318,0.584841631160858,5.93939666960155
-0.503069889481527,4.39133597806515,7,2.7777909534804,-0.516831823572823,4.39532763836978
0.10382575819037,5.23840803351423,6,4.37829243211564,0.248961123230414,5.43370539021895
-0.332074738063604,4.65134956072353,3,3.22767275658925,-0.364129441467542,4.61852483713652
-0.963316287122454,3.6221879197677,4,1.60298412967773,0.282124827263691,5.47981960803894
-0.319428939414908,4.66965155737354,3,3.26094524863719,0.517340317581688,5.83044588264967
0.0889227522794882,5.21880353827856,6,4.33848917873662,0.190006989275735,5.35333835371191
0.918976573108969,6.52256490908545,7,6.76662251718936,1.33308697025974,7.26220860030719
-0.444450296826764,4.48314668424099,2,2.93194337437351,0.460137370360268,5.74105282770471
-1.34561463624568,3.07556228144223,2,0.755912139165313,-1.3026782124804,3.20110934701317
0.666289246913386,6.0738991011386,5,5.96992394276081,0.817346110256463,6.33867232443545
0.762090664519214,6.24017131934482,6,6.26565332497656,0.757682512974755,6.23337224976694
-1.38702651832564,3.02573089939699,2,0.673837631589862,-1.4644077092319,3.00592684873687
-1.16983887839725,3.30726124773633,3,1.12570044869223,-1.38711611045101,3.0962467573035
-1.57241303116345,2.82155414070416,1,0.329001874263681,-1.26635358296021,3.24829258175843
-1.54945100705645,2.84534365094567,1,0.369788309526916,-1.48306251960978,2.98489551785035
0.119257217426414,5.25876368440073,6,4.41958050442785,-1.22641306970852,3.30162994052391
-0.197142102438579,4.84092798451436,4,3.58257703957131,-0.514820671577341,4.39836435532007
-0.0350623744012784,5.05661266805648,5,4.00948730447294,-1.17709283530936,3.36958421376252
0.303670465021623,5.50960487477678,7,4.92054969664066,0.297981609788728,5.50212368704651
1.0163918409692,6.70148251935395,8,7.08632126972162,1.39815923537041,7.37570170292941
0.93090838106485,6.5443819509838,7,6.80547591405073,1.90147244739849,8.16038501030929
0.0232039138777692,5.13276688305707,5,4.1636877009577,1.09417952520906,6.83671119301885
-0.0164827287313314,5.08091778811134,5,4.05859367958338,0.77854123363477,6.27001669881788
1.84716677221628,8.14922058475243,9,9.67099812573632,2.68203534738185,8.85414655999104
-1.11812830806939,3.38194419785297,3,1.24104744831562,-1.1957247101157,3.34364394169696
1.15459237626046,6.9569414174911,9,7.54650402667119,0.552464551305695,5.88667972178742
0.137938315043845,5.28349532742526,6,4.46967006142251,1.24870612313603,7.1132363025797
-0.0665171975301853,5.01535660955054,5,3.92646294037985,-0.256845859829473,4.76676424139162
1.04367192348942,6.75182418456146,8,7.17671571714427,0.0689512319556285,5.19319488296802
1.39192032979117,7.39390174088755,6,8.33207561214933,1.00650637723952,6.67855208717545
-0.820930785403543,3.8596453614654,5,1.95468833328449,-1.05649843526668,3.54495725866681
1.05118671110184,6.76570308333262,8,7.20166826934501,-0.00406155895942868,5.09843991414035
0.890502394255938,6.47064871285722,7,6.67429503136485,1.32747638266946,7.2523610075287
-0.165937585405844,4.88322046966511,4,3.66465154714676,0.508177855704241,5.81594384323259
-0.332074738063604,4.65134956072353,3,3.22767275658925,-0.700407603490936,4.10895003135114
0.0889227522794882,5.21880353827856,6,4.33848917873662,-0.314535601914005,4.68785438714405
-0.0661570687581105,5.01582996740873,5,3.92741279689749,-0.19059975810003,4.85541509201046
-1.54945100705645,2.84534365094567,1,0.369788309526916,-0.709872077631085,4.09380427344261
1.84716677221628,8.14922058475243,9,9.67099812573632,1.96599227877807,8.24202660092388
-0.307462130396574,4.68686053875548,3,3.292428562169,-1.33932565680991,3.15477875237408
0.762090664519214,6.24017131934482,6,6.26565332497656,1.96206135463289,8.23720102455663
1.80047719236584,8.0821299924318,9,9.54912036478185,2.60503719947661,8.80751163677515
0.137938315043845,5.28349532742526,6,4.46967006142251,-0.229793127099123,4.80319499836693
-1.09951017114829,3.40955393253984,3,1.28328537714548,-0.562327401201891,4.32597574507078
1.0163918409692,6.70148251935395,8,7.08632126972162,1.54090476489935,7.61848695657445
0.137938315043845,5.28349532742526,6,4.46967006142251,0.512064976884494,5.82208774164638
0.421169872196327,5.68057591192404,8,5.24955157090434,0.222802314363009,5.39780714926227
-0.0479067208086847,5.03978579252313,5,3.97556931549029,0.33550651862025,5.55560900095103
-0.147633527920481,4.90781661738834,4,3.71280806573956,-0.335555968267423,4.6586469799779
-1.02552222986186,3.52286797159965,4,1.45470232295591,-0.549197235408738,4.34611743250324
-0.778130484054348,3.93256547237859,5,2.0631668866273,-1.93203142157104,2.54907809051091
-0.181443487695384,4.86226493088362,4,3.62386511188353,-0.893522746840312,3.79854536338425
-1.20746395672795,3.25479944769167,3,1.04362594111678,-0.82523371333364,3.90811839385536
1.81556182154249,8.10413959596673,9,9.58892361816087,1.99599365055451,8.27822139303304
-1.50465670129923,2.89288906346903,1,0.450879635218146,-2.39862840942693,2.18381518925625
-0.147272542804836,4.90830024866915,4,3.7137579222572,0.323681436471714,5.53864468492959
1.71864110670597,7.95742192491366,8,9.32616236841014,1.6576883596379,7.80772793596965
-0.973888426294667,3.60507360710306,4,1.57752994042802,-1.18785285768215,3.35456401494401
1.09820941016737,6.85262640058841,8,7.35821178690697,1.17277994093851,6.9778539014658
-0.0168419146062528,5.08044822255474,5,4.05764382306574,-0.134152556898476,4.92966815771261
-0.462755368655517,4.45477396654613,2,2.88378685578071,-0.656222452240613,4.17928777062241
0.614128263485935,5.98606198819318,5,5.81233901430757,0.437598026558347,5.70658036884456
-1.14766395989726,3.33892349946926,3,1.17480682380267,-0.0188514445860002,5.07930748391077
1.15459237626046,6.9569414174911,9,7.54650402667119,0.676602740753288,6.09307574554551
0.255956429610622,5.44298814708581,7,4.78936881395477,0.547211224379183,5.87820513089443
-1.15898453196145,3.3226908687335,3,1.14966981900874,-1.09312921251563,3.49038220030924
1.15459237626046,6.9569414174911,9,7.54650402667119,0.993895807437448,6.65577913649365
0.255956429610622,5.44298814708581,7,4.78936881395477,0.900622536380251,6.48760178276697
-1.33321192148464,3.09082204573215,2,0.780864691366048,-0.171259465768011,4.88096925380789
-1.76898101472229,2.63159110799562,0,0,-2.02674773768962,2.46977632673962
-1.15478743816113,3.3286924261145,3,1.15897294074017,-0.587827364815678,4.28658014425362
-0.322591181800616,4.66508624117367,3,3.25262530878999,-0.16935346198525,4.88348077104885
0.0889227522794882,5.21880353827856,6,4.33848917873662,-0.757392930317908,4.0174620045644
0.128569003093101,5.27107828645458,6,4.44453305662859,-0.164586505888982,4.88975701189368
0.0889227522794882,5.21880353827856,6,4.33848917873662,-0.473526335413753,4.46015153649294
-1.30904963612495,3.12100758641752,2,0.829971066476486,-1.28560399870037,3.22313051265875
-0.3380923129826,4.64259767237276,3,3.21183887352675,0.0646790903574812,5.18762688919308
1.03122317256548,6.72884303748405,8,7.13542764483206,2.0305107471841,8.31848211706897
1.84101549539276,8.14055721968878,9,9.65516424267382,1.87254264475424,8.12210243411048
0.103470412844902,5.23794000281057,6,4.37734257559799,-0.409472905524633,4.5538154120734
-0.163135956163699,4.88699475122967,4,3.67202163047632,0.0711535430182282,5.19606678532372
-1.15478743816113,3.3286924261145,3,1.15897294074017,-0.683699749984989,4.13562412460788
1.55617517313006,7.68718693542974,7,8.85033018099126,2.42908951817728,8.6877915443531
-0.0164827287313314,5.08091778811134,5,4.05859367958338,0.668814440785451,6.07980459439181
1.81556182154249,8.10413959596673,9,9.58892361816087,2.11510702646301,8.41103064807844
0.134472110083513,5.27889839510862,6,4.46036693969109,0.249069179244509,5.43385451933352
0.27352517311656,5.46734946699665,7,4.83752533254756,0.650128937646562,6.04812824196879
-0.00778048093471968,5.09229154033563,5,4.08161319338225,0.291988246568884,5.49367334799094
0.128569003093101,5.27107828645458,6,4.44453305662859,-0.654254014628054,4.18240491552044
-0.0168419146062528,5.08044822255474,5,4.05764382306574,-0.965813372176441,3.68423324071517
0.785682305143735,6.28195807720649,6,6.33971225228773,0.686388741988596,6.109805933218
-1.12225115577867,3.37588126758323,3,1.23174432658419,-1.42404749435511,3.05243724341019
-1.56346389222211,2.83078050745233,1,0.344835757326182,-2.22539164294134,2.31267304418983
0.790706669987855,6.29089464882958,6,6.35554613535023,0.185132701943693,5.34677616495224
0.421169872196327,5.68057591192404,8,5.24955157090434,0.113037131899939,5.25092323396769
-0.0665171975301853,5.01535660955054,5,3.92646294037985,-0.249395731420892,4.77683101095874
-0.0514311865274963,5.03516414713587,5,3.96626619375886,-0.954462558594284,3.70202149528002
0.0889227522794882,5.21880353827856,6,4.33848917873662,0.270467068629642,5.46352907899372
1.15459237626046,6.9569414174911,9,7.54650402667119,1.41359227939668,7.40240144327072
0.918976573108969,6.52256490908545,7,6.76662251718936,1.82557169996149,8.05778170150557
1.03122317256548,6.72884303748405,8,7.13542764483206,2.00742730534398,8.29172077627743
-0.0661570687581105,5.01582996740873,5,3.92741279689749,-0.0771394081181889,5.00386173482617
-0.94263103065763,3.65592567640603,4,1.65307368667239,-0.726598761812391,4.06698255367858
-0.976607692974438,3.60068634080839,4,1.57099917909694,-1.35193729401646,3.1391270956138
0.790706669987855,6.29089464882958,6,6.35554613535023,0.530645835797188,5.85162905152431
-0.997146048323407,3.56775191362708,4,1.5218928039865,-0.325683003720828,4.67239714442749
-1.29348289031707,3.1407806262569,2,0.861956017057277,-1.08070352075367,3.50877453411989
-0.952916254645007,3.63910986025825,4,1.62812113447166,-0.395540896636921,4.57383643534293
0.860110864710451,6.41550471439533,6,6.57639723902328,-0.142842627880052,4.9182982058315
0.939000788181985,6.5591973961215,7,6.83187995981809,0.211777659010956,5.38279454836682
-1.1177078167645,3.38256360444425,3,1.24199730483326,-1.76667925083543,2.69630315385819
-0.462755368655517,4.45477396654613,2,2.88378685578071,-0.991301937418494,3.64455122431832
-0.303925820661419,4.69192576678693,3,3.30173168390043,-0.862323847142876,3.84847771984221
0.255956429610622,5.44298814708581,7,4.78936881395477,0.394997998070616,5.64257229083964
0.808718530236127,6.32303209915856,6,6.41248363813176,1.2897966491159,7.18600293560722
1.15459237626046,6.9569414174911,9,7.54650402667119,1.43786390985982,7.44419978240367
0.89079623576715,6.47118330274123,7,6.67524488788249,1.17416299284647,6.98032936072735
0.137938315043845,5.28349532742526,6,4.46967006142251,0.140285675609914,5.28690689571324
1.29131173092236,7.2095073848249,5,8.00209055600143,2.43624772345006,8.69307437009066
-0.222691584251679,4.80591963377193,4,3.51538655854072,-0.169314264591092,4.88353240857412
0.790405455205497,6.29035853995856,6,6.35459627883259,1.00744231089973,6.68024224299515
0.106950110251461,5.24252447556636,6,4.38664569732942,0.296910767104842,5.50061204027403
0.421169872196327,5.68057591192404,8,5.24955157090434,0.520107604174845,5.83483953069341
1.80047719236584,8.0821299924318,9,9.54912036478185,1.36502194838722,7.31808033911877
-0.0322725858414225,5.06026451657636,5,4.0168573878025,-0.338178565849858,4.65498483454038
-0.163135956163699,4.88699475122967,4,3.67202163047632,-1.00299692076824,3.62647457783146
-1.33321192148464,3.09082204573215,2,0.780864691366048,-2.69540937153995,1.97698101104865
-0.0203602915329468,5.07584807993587,5,4.04834070133431,-0.0165765164565194,5.08224997992566
-0.132508652277125,4.92803538608757,4,3.75261131911857,-1.55735981334994,2.90390220697467
-0.0322725858414225,5.06026451657636,5,4.0168573878025,-0.706381986275397,4.09939216797591
0.106950110251461,5.24252447556636,6,4.38664569732942,-0.055592479714722,5.03177532890914
-1.34561463624568,3.07556228144223,2,0.755912139165313,-2.4082630593162,2.17683924386415
-0.222691584251679,4.80591963377193,4,3.51538655854072,-0.467118716050178,4.46964111560526
0.107305309730826,5.24299261422231,6,4.38759555384706,-0.0047135552543861,5.09759631284276
0.421169872196327,5.68057591192404,8,5.24955157090434,1.17277664515379,6.97784800212
0.132037896693377,5.27567237977276,6,4.45383617836001,-0.417991845965222,4.54151177159937
-1.28852080822845,3.14713790915978,2,0.872208995306344,-0.995205138245813,3.63850861207019
-0.197142102438579,4.84092798451436,4,3.58257703957131,-0.465632125713727,4.47183893443595
-1.02552222986186,3.52286797159965,4,1.45470232295591,-1.01326243884667,3.61067976457638
0.641394934502303,6.03171995535364,5,5.89441352188302,1.41327648092216,7.40185602339369
0.14650810611852,5.29487765929371,6,4.49268957522138,0.446475411621799,5.72010724985904
-0.191482696271463,4.84863460831824,4,3.59746106611617,-0.781896944080107,3.97797548696533
-0.322230163869121,4.66560782127761,3,3.25357516530763,-0.013604647820074,5.08609408378263
0.132037896693377,5.27567237977276,6,4.45383617836001,-0.180877346642388,4.86827745204272
0.132037896693377,5.27567237977276,6,4.45383617836001,0.0597914181116171,5.1812613965607
-1.34561463624568,3.07556228144223,2,0.755912139165313,-1.0850607784698,3.50231062600583
0.679027991477966,6.09565764632379,5,6.00877733962219,1.41358203277511,7.4023837468077
0.259355099784937,5.44768627795245,7,4.79867193568619,0.227257717586257,5.40389336748349
-0.0665171975301853,5.01535660955054,5,3.92646294037985,0.559830100901213,5.89859918332304
-0.303925820661419,4.69192576678693,3,3.30173168390043,0.316717561159042,5.52870207244613
-0.0661570687581105,5.01582996740873,5,3.92741279689749,-0.457494852156598,4.48384393164254
-0.0479067208086847,5.03978579252313,5,3.97556931549029,-0.472749749714659,4.46130306063041
0.893379519610786,6.47588420740187,7,6.68359815309627,0.544133243245669,5.87325016369317
-0.0263502915342612,5.06801383960571,5,4.03250681827181,-0.219970918804505,4.81634086252617
1.98151931641317,8.3248154192224,10,10,2.95016185199358,8.99631789170525
0.103470412844902,5.23794000281057,6,4.37734257559799,0.516928129771281,5.8297919902714
0.13721822512353,5.28254001614433,6,4.46773702302065,0.189843136261741,5.35311757128263
1.03093656088121,6.72831409710644,8,7.13447778831442,2.19821152964839,8.4938717207426
1.80047719236584,8.0821299924318,9,9.54912036478185,2.17731440143253,8.47376076245301
0.259355099784937,5.44768627795245,7,4.79867193568619,0.361462781369925,5.59321348619403
-0.313410605400509,4.67831954382874,3,3.27677913169969,-0.282036556015051,4.73252300226692
-0.478815463942892,4.42965731562109,2,2.84154892695086,0.0135674612452822,5.1212596841447
0.128569003093101,5.27107828645458,6,4.44453305662859,0.174005040706813,5.33183782321332
0.93090838106485,6.5443819509838,7,6.80547591405073,0.452808527911702,5.7297973916273
-0.0200010272518775,5.07631785171613,5,4.04929055785196,0.369303101318277,5.60467391693451
1.0163918409692,6.70148251935395,8,7.08632126972162,0.853970195370686,6.4039487263766
-0.160653465095692,4.89033613666264,4,3.6785523918074,0.0412626981143819,5.15717157770776
-0.331713743196674,4.65187370465317,3,3.22862261310689,-0.228324395241147,4.80516337414347
-0.156756240176061,4.89557620359904,4,3.68880537005647,-0.00718351458654488,5.09440067238328
0.00854492291006747,5.11361906846741,5,4.12483430409633,-0.299194815910324,4.70901153729243
-0.191482696271463,4.84863460831824,4,3.59746106611617,0.161460371933483,5.3150654016425
-1.1694076195839,3.30787177214122,3,1.12665030520987,-2.41627373107153,2.17105346461876
-0.0410573980296922,5.04876175295445,5,3.99365342141044,-0.282589762321776,4.73176740111503
1.67789108735383,7.8922098792285,8,9.21081536878675,1.30116360902035,7.20606079279825
-0.00686037097777124,5.09349384629728,5,4.0840478688331,-2.17209570605854,2.35374383938555
1.84716677221628,8.14922058475243,9,9.67099812573632,2.48703769549085,8.72948467531667
-0.206991412732041,4.82747517162313,4,3.55667463085293,0.104171493949709,5.23926976236047
1.79697352331979,8.07697295211587,9,9.53981724305043,2.40898321784431,8.67274395096363
0.122730237947102,5.26335374069205,6,4.42888362615928,0.77068325405706,6.25618877296959
-1.02511877768484,3.52350087501179,4,1.45565217947355,-0.74687989460744,4.03438480558728
1.98151931641317,8.3248154192224,10,10,2.69231516358146,8.86014677428552
0.288884590555379,5.48880497911553,7,4.87976326137742,-0.615283534897457,4.24377574775349
-0.132508652277125,4.92803538608757,4,3.75261131911857,0.921044352664431,6.52434892523506
0.106950110251461,5.24252447556636,6,4.38664569732942,-0.220676779042204,4.81539752826935
-0.679151271137241,4.10115546298477,6,2.31760819653083,-0.0897912986304859,4.98744644913413
1.79697352331979,8.07697295211587,9,9.53981724305043,1.80326800698404,8.02632418849822
-0.836369398801994,3.83343929280116,5,1.91583493642312,-0.824265764333861,3.90967752125421
-0.0017975786255297,5.10010866521255,5,4.09744707644475,0.119871167898965,5.2599236027595
-0.0200010272518775,5.07631785171613,5,4.04929055785196,0.395591044298607,5.64345321711487
1.09820941016737,6.85262640058841,8,7.35821178690697,0.555728073137595,5.89195560634418
1.84716677221628,8.14922058475243,9,9.67099812573632,1.88406093479114,8.13746765901515
-0.35378257761493,4.61964602158373,3,3.17055080121454,-0.434952633268029,4.51687601560993
-0.35378257761493,4.61964602158373,3,3.17055080121454,-0.458356237888106,4.48257515455814
1.0559521301971,6.77450639162037,8,7.21750215240751,1.1693131301273,6.97164744188073
-0.191856529523124,4.8481260603893,4,3.59647788423195,-0.345626873205259,4.64456185513807
-0.191121535048228,4.8491258491682,4,3.59841092263381,-0.460045736813747,4.48008521012169
-0.157117278095925,4.89509104570358,4,3.68785551353882,-0.137773796896899,4.92493255781045
-0.997146048323407,3.56775191362708,4,1.5218928039865,-1.52853355352607,2.93481560365021
-0.303925820661419,4.69192576678693,3,3.30173168390043,-0.576640686919638,4.30390699649656
-1.36632713100217,3.0504261098309,2,0.714624066853098,-2.39853799485281,2.1838807433288
-0.973888426294667,3.60507360710306,4,1.57752994042802,-1.48242970393173,2.98560423036136
-0.0228306347250525,5.07261756296142,5,4.04180994000324,-0.508088355951432,4.4085113762722
-0.97428375197472,3.60443540944525,4,1.57658008391038,-1.17780315392753,3.36858934413526
-0.810084321078892,3.87809382402729,5,1.98207556093607,-0.214025072927363,4.82427881111973
0.128569003093101,5.27107828645458,6,4.44453305662859,0.339301338226846,5.56107501094884
0.641394934502303,6.03171995535364,5,5.89441352188302,0.541472714369439,5.86897342001532
-0.147633527920481,4.90781661738834,4,3.71280806573956,-0.142835667560652,4.91830732052761
0.128569003093101,5.27107828645458,6,4.44453305662859,0.67966585599521,6.09830594451408
-1.11812830806939,3.38194419785297,3,1.24104744831562,-1.50347107280716,2.96221415852982
0.273871099457854,5.46783104126314,7,4.83847518906521,-0.576394861858158,4.30428698406571
0.89079623576715,6.47118330274123,7,6.67524488788249,0.807684836768398,6.32152547349864
-0.0661570687581105,5.01582996740873,5,3.92741279689749,-0.244747686217767,4.78309822014744
0.288884590555379,5.48880497911553,7,4.87976326137742,0.263628394298354,5.45401381757193
-1.09951017114829,3.40955393253984,3,1.28328537714548,-1.22641886700203,3.30162208812176
0.962057066900073,6.60148293375404,7,6.90733215168882,0.928448162940726,6.53768571166376
-0.794745141963356,3.90422448034805,5,2.02092895779744,0.514118624827158,5.8253387566343
-0.197503275358137,4.8404355909476,4,3.58162718305367,-1.21561876247151,3.31630621793504
-0.322591181800616,4.66508624117367,3,3.25262530878999,-1.03759099126925,3.57353285379385
0.121821476729402,5.26215236279657,6,4.42644895070843,0.304075287342048,5.51074092795409
-0.909456938420887,3.71066768449231,4,1.73416501236362,-0.85054750141633,3.86738807536567
1.84716677221628,8.14922058475243,9,9.67099812573632,1.57226551850821,7.67029929107707
0.106950110251461,5.24252447556636,6,4.38664569732942,-0.559113573759106,4.33091498425097
-0.0263502915342612,5.06801383960571,5,4.03250681827181,-0.849839256161166,3.86852625784598
0.748566634734552,6.21635359809927,6,6.2234153961467,0.750420083631859,6.22066131972214
-1.32587068298077,3.09992897043045,2,0.795715392544327,-2.80254128869008,1.90609140729299
0.542109565980075,5.86835273129815,4,5.59868413966728,1.20589264262409,7.03703031279699
-0.0410573980296922,5.04876175295445,5,3.99365342141044,-0.164074110890798,4.89043120973609
0.297935785525741,5.50152033652638,7,4.90471581357816,0.917562274645044,6.51807895011748
0.657605025812316,6.05913305850423,5,5.94351989699346,1.28005345551644,7.16878470425454
0.811653414200826,6.32828301394779,6,6.42178675986318,0.936486828465353,6.55217334405532
-0.0322725858414225,5.06026451657636,5,4.0168573878025,-0.514045182477476,4.39953462404323
-0.0228306347250525,5.07261756296142,5,4.04180994000324,0.396991258919987,5.64553425643975
0.259355099784937,5.44768627795245,7,4.79867193568619,0.905202686936045,6.49583775647312
-0.191482696271463,4.84863460831824,4,3.59746106611617,-0.48697521167625,4.44014786790893
1.53935858124372,7.65786287334207,7,8.79878913042997,1.36744775238601,7.32231125164676
0.893379519610786,6.47588420740187,7,6.68359815309627,0.71547478667382,6.15987646036726
-0.160653465095692,4.89033613666264,4,3.6785523918074,0.0296356045487424,5.14208322147231
-0.628685051828805,4.18611590437135,6,2.44878907921672,-0.0436490397446789,5.04723178324567
-0.0164827287313314,5.08091778811134,5,4.05859367958338,-0.0136514400958839,5.08603355647791
1.98151931641317,8.3248154192224,10,10,2.28524998187299,8.57276388788084
-0.176349211560998,4.86916229570909,4,3.63726431949518,0.179969203184219,5.339837146794
-0.0350623744012784,5.05661266805648,5,4.00948730447294,-0.580657379300604,4.2976934350956
0.916115266809695,6.51733821687543,7,6.75731939545794,1.54022879747569,7.61736306369363
0.297935785525741,5.50152033652638,7,4.90471581357816,0.395272747603449,5.64298037572973
-0.0579577557088821,5.02660019130068,5,3.94904296055502,1.17787761656088,6.9869764191889
-0.478815463942892,4.42965731562109,2,2.84154892695086,-1.27067034897813,3.24261931504786
-0.147272542804836,4.90830024866915,4,3.7137579222572,-0.125038421755202,4.94157270856266
0.103470412844902,5.23794000281057,6,4.37734257559799,0.758248332657233,6.23436363112133
0.303670465021623,5.50960487477678,7,4.92054969664066,-0.377899643288416,4.59901051468284
-0.181443487695384,4.86226493088362,4,3.62386511188353,0.275903664961166,5.47111506510226
1.01920384157791,6.70666829920909,8,7.09562439145304,0.100556456383827,5.23452492196769
0.837142038326465,6.37404386431423,6,6.50287808555441,0.522268645012129,5.83827503887776
0.137938315043845,5.28349532742526,6,4.46967006142251,-0.323758206125063,4.67507121275927
0.106950110251461,5.24252447556636,6,4.38664569732942,-0.0378674830025973,5.05471137263305
0.00503255339673703,5.10903113486077,5,4.11553118236491,0.695933455734289,6.12618105411981
-0.176349211560998,4.86916229570909,4,3.63726431949518,-1.52211246399431,2.94178823297947
-0.206991412732041,4.82747517162313,4,3.55667463085293,0.0350485042241459,5.14910508691303
1.68954443054062,7.91105553028379,8,9.24408786083469,2.20439720493164,8.4997348937205
1.53723675449712,7.65414865333637,7,8.7922583690989,2.25247657673637,8.54395094252681
0.914105619301249,6.51366846852375,7,6.75078863412686,0.331346959824755,5.54962992901575
0.303670465021623,5.50960487477678,7,4.92054969664066,0.721625224104481,6.17052713856846
-0.147633527920481,4.90781661738834,4,3.71280806573956,-0.129341118209337,4.93595516490846
-0.977003426175226,3.60004837479053,4,1.5700493225793,-0.176956846889995,4.87345473581639
-0.00778048093471968,5.09229154033563,5,4.08161319338225,-0.119656919117938,4.94859275466187
0.273871099457854,5.46783104126314,7,4.83847518906521,0.559191543909736,5.89756409994828
0.255956429610622,5.44298814708581,7,4.78936881395477,0.659772135461834,6.06444650444057
1.815200041561,8.10361542751119,9,9.58797376164322,2.35997914326857,8.63472196123465
-0.0350623744012784,5.05661266805648,5,4.00948730447294,-1.04837655959425,3.55719958864387
0.259355099784937,5.44768627795245,7,4.79867193568619,0.111298498457409,5.24863591814702
0.951476368881251,6.58206479667795,7,6.87266639508133,1.7463856806235,7.94354314120593
0.878466226936512,6.44877380979488,7,6.63544163450347,0.894058469723048,6.47580461436599
-1.34561463624568,3.07556228144223,2,0.755912139165313,-2.78302619987619,1.91886434168136
-0.97428375197472,3.60443540944525,4,1.57658008391038,-0.79871533348289,3.95085846521488
0.826938762948114,6.35569237954061,6,6.47035336113131,0.779611723926005,6.27190255625132
-0.980486169618069,3.59443943664016,4,1.56169605736552,-1.28615083239948,3.22242092922308
-0.987420784756521,3.5833017672891,4,1.54509677037856,-0.976867777731574,3.66697697988618
-0.000877842681418453,5.10131023680532,5,4.0998817518956,-0.145305744400035,4.91507187705544
-1.12182983787753,3.37649999025867,3,1.23269418310184,-1.06217731404283,3.5364271376567
-0.0228306347250525,5.07261756296142,5,4.04180994000324,0.287501213972776,5.48736291602703
0.288884590555379,5.48880497911553,7,4.87976326137742,1.21145307422418,7.04694807503153
0.259355099784937,5.44768627795245,7,4.79867193568619,0.304105730616812,5.51078404367206
-0.206991412732041,4.82747517162313,4,3.55667463085293,0.0277851876473455,5.13968366052291
0.893673172968014,6.47641870446527,7,6.68454800961391,-0.216686385849994,4.82072766630704
1.79697352331979,8.07697295211587,9,9.53981724305043,1.46618737787495,7.49265079263538
0.259355099784937,5.44768627795245,7,4.79867193568619,-0.771316227021662,3.99503098388262
0.906419358446557,6.4996425249716,7,6.72583608192613,0.455870370368799,5.73449423234889
-0.34776556154122,4.62847038809439,3,3.18638468427704,-0.614939801207962,4.2443139682568
0.132037896693377,5.27567237977276,6,4.45383617836001,-0.336637778023397,4.65713685447246
-1.37433441448531,3.04082330961355,2,0.698790183790597,-0.530775678337563,4.37420455274981
-0.977003426175226,3.60004837479053,4,1.5700493225793,-1.21018917305587,3.32373026856132
-1.52650300072276,2.86950792362241,1,0.411076381839131,-1.98460955750815,2.50465969658029
1.04367192348942,6.75182418456146,8,7.17671571714427,0.943371454763561,6.56458643414174
0.152396953587283,5.30271379670452,6,4.50852345828388,-0.18542832652874,4.86226088152904
0.93090838106485,6.5443819509838,7,6.80547591405073,0.925141694348815,6.53172879598972
0.421169872196327,5.68057591192404,8,5.24955157090434,0.469724678805138,5.75584450843518
0.119257217426414,5.25876368440073,6,4.41958050442785,0.504245830833857,5.80974175031197
-1.54945100705645,2.84534365094567,1,0.369788309526916,-1.0520031695687,3.5517269520142
0.14650810611852,5.29487765929371,6,4.49268957522138,0.726547179042325,6.17906555052536
-0.34776556154122,4.62847038809439,3,3.18638468427704,-0.598442519796056,4.27007675456208
1.0559521301971,6.77450639162037,8,7.21750215240751,0.486849100960598,5.78245606028369
1.98151931641317,8.3248154192224,10,10,2.11247591747703,8.40828020132887
-0.488305853663683,4.41471803717794,2,2.81659637475012,-0.74368877653894,4.03951850571308
-0.0228306347250525,5.07261756296142,5,4.04180994000324,-1.13373053678761,3.43119098496837
-1.13292613181143,3.36026973559122,3,1.2077416309011,-0.627905297894299,4.22397355946124
0.259355099784937,5.44768627795245,7,4.79867193568619,0.169269859548408,5.3254985292651
-1.11812830806939,3.38194419785297,3,1.24104744831562,-0.921478190687132,3.75407235855704
-0.836747605902221,3.83279820475322,5,1.91488507990548,-0.977016834657002,3.66674476982279
1.68114140946165,7.89748167525086,8,9.22011849051817,1.11194833172763,6.86868929992751
-0.0350623744012784,5.05661266805648,5,4.00948730447294,-0.555895735955057,4.33585442602395
-1.14766395989726,3.33892349946926,3,1.17480682380267,-0.949509783959689,3.70980412824387
-1.4995891151169,2.89836681300814,1,0.46018275694957,-1.90172249791341,2.57516690372528
0.255956429610622,5.44298814708581,7,4.78936881395477,0.195512167032163,5.36076402704756
0.890502394255938,6.47064871285722,7,6.67429503136485,0.514706288107678,5.82626969711093
0.27352517311656,5.46734946699665,7,4.83752533254756,0.66967394478971,6.08126724284585
-0.131583643168611,4.92926904159208,4,3.75504599456941,1.43525344936635,7.43971613789355
0.288884590555379,5.48880497911553,7,4.87976326137742,0.666280682258453,6.0754956261195
0.421169872196327,5.68057591192404,8,5.24955157090434,0.0903760579507808,5.22118329426571
-0.478815463942892,4.42965731562109,2,2.84154892695086,-1.72567931000517,2.73487105501348
0.918976573108969,6.52256490908545,7,6.76662251718936,1.47016794083901,7.49942991288885
1.65234676205551,7.85037618321329,8,9.13709412642508,1.68429977125278,7.84927695621821
-0.197503275358137,4.8404355909476,4,3.58162718305367,-2.26575534486782,2.28203903665889
-0.0661570687581105,5.01582996740873,5,3.92741279689749,-1.78698107585939,2.67753550373255
1.815200041561,8.10361542751119,9,9.58797376164322,1.44914473410679,7.46354099897642
-1.1177078167645,3.38256360444425,3,1.24199730483326,0.110765390733273,5.24793476579169
-0.322591181800616,4.66508624117367,3,3.25262530878999,-0.2089373231622,4.83105962860529
1.53421760601509,7.6488583530674,7,8.78295524736747,1.5543527065108,7.6407850454789
0.137938315043845,5.28349532742526,6,4.46967006142251,-0.145343107038474,4.9150229246641
-0.319428939414908,4.66965155737354,3,3.26094524863719,-0.192271340172138,4.85320021999304
-0.316946679265914,4.67322993684959,3,3.26747600996827,0.754550643306778,6.22788762297037
-0.619876543795726,4.20082591886619,1,2.47176061742394,-1.24941830502647,3.2707219493009
-0.970414371946517,3.61068748398166,4,1.5858832056418,-1.96488574875289,2.52120227591354
-0.191482696271463,4.84863460831824,4,3.59746106611617,-0.239565954009272,4.79007320083829
-1.76898101472229,2.63159110799562,0,0,-3.1390095691,1.6953142496947
-0.0665171975301853,5.01535660955054,5,3.92646294037985,-0.480878862356329,4.44922990714792
-1.13955849715904,3.35063362557474,3,1.19289092972282,-1.72567931000517,2.73487105501348
0.297935785525741,5.50152033652638,7,4.90471581357816,0.0665846943788879,5.19011002336613
0.273871099457854,5.46783104126314,7,4.83847518906521,-0.235305929937327,4.79579831698832
-1.13626432888179,3.35541361106723,3,1.20026101305238,-0.839544859157967,3.88507978924827
-0.478815463942892,4.42965731562109,2,2.84154892695086,-0.778148565308787,3.98401831234206
-0.172812376625474,4.87394359526271,4,3.64656744122661,0.486607427593279,5.78207879062886
1.01920384157791,6.70666829920909,8,7.09562439145304,1.34525397974049,7.2835322384804
-0.478815463942892,4.42965731562109,2,2.84154892695086,-0.520231286226909,4.39018894798394
0.303670465021623,5.50960487477678,7,4.92054969664066,0.810201028755263,6.32598800304414
0.649316910160784,6.04509233795238,5,5.91838289219953,0.598345156634694,5.96162581009142
-0.855972956824854,3.80027543370518,5,1.86672856131268,-0.176759050388789,4.87371580029381
-1.57241303116345,2.82155414070416,1,0.329001874263681,-2.0100525273424,2.48352434939021
0.705783042475378,6.14172454225144,5,6.09085184719764,0.843116967334966,6.38456271909472
0.107305309730826,5.24299261422231,6,4.38759555384706,-0.11628850533414,4.95298353547151
0.259355099784937,5.44768627795245,7,4.79867193568619,0.256504238970916,5.44413292675568
-0.35378257761493,4.61964602158373,3,3.17055080121454,-1.00240261802698,3.62739108941546
1.15459237626046,6.9569414174911,9,7.54650402667119,1.17269123526041,6.97769512060871
-0.429687029010026,4.50583011023615,3,2.97079008735671,-0.159204694709907,4.89683421773862
-1.18844609856548,3.28111805170828,3,1.08491401342899,-1.39804766952788,3.08315211008211
-1.32128696780007,3.10564351401559,2,0.805018514275752,-1.60009411628924,2.85920095823789
-1.16606458129336,3.31261151211468,3,1.13402038853943,-0.538060002561525,4.36312255815678
1.54238458287635,7.6631544158798,7,8.8080922521614,1.05644028487639,6.76868982842136
0.288884590555379,5.48880497911553,7,4.87976326137742,0.23477214742705,5.41418396966452
0.27352517311656,5.46734946699665,7,4.83752533254756,0.612475787756863,5.9850357571029
-1.54945100705645,2.84534365094567,1,0.369788309526916,-1.3668184082389,3.12084916258183
-1.50465670129923,2.89288906346903,1,0.450879635218146,-1.43776081316759,3.03647691125321
1.80047719236584,8.0821299924318,9,9.54912036478185,1.75712398384784,7.95944331259745
0.259355099784937,5.44768627795245,7,4.79867193568619,0.417591684142493,5.67633497228861
-0.807502105074427,3.8824896712154,5,1.98860632226715,-1.17366583305894,3.37439062435932
-0.0228306347250525,5.07261756296142,5,4.04180994000324,-0.589784003621996,4.2835426162033
-0.288230322090324,4.71429824570997,3,3.34301975621264,-0.499455940454846,4.42148058415229
1.53754523711244,7.65468883988716,7,8.79320822561654,2.13590983744663,8.43249554821867
-1.13955849715904,3.35063362557474,3,1.19289092972282,-0.609604922761776,4.25265996457658
1.84101549539276,8.14055721968878,9,9.65516424267382,1.30665514333404,7.21573911901363
-0.0357941565844918,5.05565460095592,5,4.00755426607108,-0.0621555419766357,5.0232776632445
0.911241395187138,6.50843999980299,7,6.74148551239544,1.50487551739933,7.55819613836572
0.121821476729402,5.26215236279657,6,4.42644895070843,-1.27916403649786,3.23150866128927
0.893673172968014,6.47641870446527,7,6.68454800961391,1.54655449563372,7.62786905912698
0.790405455205497,6.29035853995856,6,6.35459627883259,0.689766946981066,6.1155952570278
-0.222691584251679,4.80591963377193,4,3.51538655854072,-0.0919466236202646,4.98464771817688
0.764285057087985,6.24404559551814,6,6.27252177125714,0.650134470328192,6.04813758623489
-0.0203602915329468,5.07584807993587,5,4.04834070133431,-0.281870453057988,4.73274984402253
1.68921064397685,7.91051788026292,8,9.24313800431704,1.61037594382602,7.73232691739233
0.00854492291006747,5.11361906846741,5,4.12483430409633,0.22284131614941,5.39786037842708
0.152750064785367,5.30318406427302,6,4.50947331480153,0.520687337691933,5.83576078159625
-1.13955849715904,3.35063362557474,3,1.19289092972282,-1.33898150369369,3.1552079482363
0.00854492291006747,5.11361906846741,5,4.12483430409633,-0.620494569529723,4.23560931446834
-0.952916254645007,3.63910986025825,4,1.62812113447166,-1.35163955754148,3.13949489080169
0.137938315043845,5.28349532742526,6,4.46967006142251,0.412284503270683,5.6683668805097
0.00854492291006747,5.11361906846741,5,4.12483430409633,0.0876636928522495,5.21763354764904
-0.166311334755503,4.88271669375033,4,3.66366836526254,0.180795871532495,5.34094721781784
0.790405455205497,6.29035853995856,6,6.35459627883259,0.650685581957716,6.04906847589219
0.297935785525741,5.50152033652638,7,4.90471581357816,0.601259399260525,5.96644146028531
-0.197503275358137,4.8404355909476,4,3.58162718305367,-0.954022849530809,3.70271193596173
-0.00439255312706619,5.09671833027127,5,4.09057863016417,-1.22680086118352,3.30110474965016
0.273871099457854,5.46783104126314,7,4.83847518906521,0.601870725032544,5.96745246477891
0.134472110083513,5.27889839510862,6,4.46036693969109,-0.36671830193059,4.61486504510687
0.259355099784937,5.44768627795245,7,4.79867193568619,0.260236643003685,5.44930562519641
0.00503255339673703,5.10903113486077,5,4.11553118236491,-0.178263817166731,4.87172937867082
1.0163918409692,6.70148251935395,8,7.08632126972162,1.49066830134272,7.53421736207613
1.0163918409692,6.70148251935395,8,7.08632126972162,0.328178141740593,5.5450835573855
-0.322591181800616,4.66508624117367,3,3.25262530878999,-0.134952136449501,4.92862280984773
0.0889227522794882,5.21880353827856,6,4.33848917873662,-0.0250070215575384,5.07134585536301
0.939000788181985,6.5591973961215,7,6.83187995981809,1.27308400551322,7.15645419694749
1.5771760952302,7.72350891062384,7,8.91413613005336,2.26533737144301,8.55538234969155
-1.2889799412848,3.14654857024731,2,0.871259138788701,-0.550287172863536,4.34444929037593
-0.0665171975301853,5.01535660955054,5,3.92646294037985,0.211078393450789,5.38184457210087
-0.191856529523124,4.8481260603893,4,3.59647788423195,-0.00147589365997848,5.1017856508883
0.132037896693377,5.27567237977276,6,4.45383617836001,-0.0743152115163367,5.00752316707753
0.652386666960602,6.05028679310202,5,5.92768601393096,0.426759861732519,5.69015434509447
-0.172812376625474,4.87394359526271,4,3.64656744122661,-0.774626797831094,3.98969520101512
0.00781518326263417,5.11266588106066,5,4.12290126569447,-0.182572625004003,4.8660370785701
0.819643291091598,6.34259758203741,6,6.44714939473925,0.735876496407522,6.19528555839463
0.893379519610786,6.47588420740187,7,6.68359815309627,1.12853053622579,6.8984979134438
0.421169872196327,5.68057591192404,8,5.24955157090434,1.62323209518732,7.75299965620497
0.00503255339673703,5.10903113486077,5,4.11553118236491,0.549289401653436,5.88155494769678
-0.163135956163699,4.88699475122967,4,3.67202163047632,-0.609072028554333,4.25349286633701
0.273871099457854,5.46783104126314,7,4.83847518906521,1.85420183446717,8.09730258272157
0.107305309730826,5.24299261422231,6,4.38759555384706,0.9779262520248,6.62694310146403
-1.00764609773755,3.55105735741056,4,1.49694025178577,-1.09441044400839,3.48849295636301
0.614128263485935,5.98606198819318,5,5.81233901430757,0.719525723253051,6.16688906926113
-0.30653666819272,4.68818700602872,3,3.29486323761984,0.289269283570121,5.48984784709428
0.663555226538516,6.06924442933548,5,5.96160400291361,1.23806321168032,7.09432727318401
-0.0661570687581105,5.01582996740873,5,3.92741279689749,0.0871816434177725,5.2170028825727
0.297935785525741,5.50152033652638,7,4.90471581357816,-0.486037821591681,4.44154589630797
-0.0322725858414225,5.06026451657636,5,4.0168573878025,0.282420168277147,5.48023348222891
1.15459237626046,6.9569414174911,9,7.54650402667119,1.28005505432222,7.16878753156796
0.00503255339673703,5.10903113486077,5,4.11553118236491,0.680546774577556,6.09981119827465
0.775102084127433,6.2631815401545,6,6.30643976023979,0.42660338015018,5.68991789687134
-0.307462130396574,4.68686053875548,3,3.292428562169,-1.26699870770206,3.24744359874519
1.42193892956935,7.4484233096084,6,8.42900082090306,1.8406769079479,8.07875462499914
-0.34776556154122,4.62847038809439,3,3.18638468427704,-0.659312900146013,4.17439076715898
0.893379519610786,6.47588420740187,7,6.68359815309627,0.628802551632949,6.01226840754205
0.02356207573836,5.13323476243203,5,4.16463755747535,0.598686395888746,5.9621893586099
0.14650810611852,5.29487765929371,6,4.49268957522138,0.491418744875764,5.78959879459959
0.288884590555379,5.48880497911553,7,4.87976326137742,0.487256033180443,5.78309142132573
0.916115266809695,6.51733821687543,7,6.75731939545794,0.627620740137497,6.01029065685023
-1.14042337218784,3.34938064641192,3,1.19095789132096,-1.29765988805005,3.20755278674319
-0.00778048093471968,5.09229154033563,5,4.08161319338225,-0.458268106092997,4.48270499030569
-1.31240986336151,3.1167731136388,2,0.823102620195905,-1.16918229541919,3.38069521778527
-0.976607692974438,3.60068634080839,4,1.57099917909694,-1.2849542690931,3.22397398766763
-0.147633527920481,4.90781661738834,4,3.71280806573956,0.124601042115527,5.26616207577514
-0.332074738063604,4.65134956072353,3,3.22767275658925,-0.209517962300583,4.83028629765905
-0.178832128639264,4.8658021467509,4,3.63073355816411,-0.0319656119598406,5.06234554030795
-0.197503275358137,4.8404355909476,4,3.58162718305367,-0.932644738872566,3.73639500871178
0.02356207573836,5.13323476243203,5,4.16463755747535,-0.789144487361253,3.96629031062582
-0.0168419146062528,5.08044822255474,5,4.05764382306574,-0.147840992008071,4.91174933272539
0.824185111315337,6.3507471170856,6,6.4615900132422,0.129922057727291,5.27318963979601
-0.151169215169049,4.90307679498142,4,3.70350494400813,-0.450150212277364,4.49464263255916
0.785380683106056,6.28142200060849,6,6.33876239577009,1.07362382281757,6.79967675334209
1.03093656088121,6.72831409710644,8,7.13447778831442,1.11996821362433,6.88311039211553
-1.16983887839725,3.30726124773633,3,1.12570044869223,-1.64106437429021,2.81753855592352
-1.37433441448531,3.04082330961355,2,0.698790183790597,-1.3078175911048,3.19453532513194
0.80300701833964,6.31282476010377,6,6.3943995322116,0.760384837206798,6.23810840242005
0.297935785525741,5.50152033652638,7,4.90471581357816,0.746779844762237,6.21429977679445
-1.02552222986186,3.52286797159965,4,1.45470232295591,-0.743685943550882,4.03952306258186
0.273871099457854,5.46783104126314,7,4.83847518906521,-0.0489759909698162,5.04033900209266
0.00503255339673703,5.10903113486077,5,4.11553118236491,0.693038357265704,6.12120826600527
-0.176349211560998,4.86916229570909,4,3.63726431949518,0.904436811014129,6.49446032713965
-1.32909539617381,3.09592179046132,2,0.789184631213251,-2.52298434371089,2.09517896921203
-0.0661570687581105,5.01582996740873,5,3.92741279689749,-0.25832363153435,4.76476426971738
0.137938315043845,5.28349532742526,6,4.46967006142251,-0.442571748536518,4.50574836036647
0.132037896693377,5.27567237977276,6,4.45383617836001,-0.052843702767466,5.03533339860994
0.676304148271212,6.0909954467246,5,6.00045739977498,0.467802831854212,5.75287324719915
-0.0665171975301853,5.01535660955054,5,3.92646294037985,-0.483588744035741,4.44519580471667
-0.794745141963356,3.90422448034805,5,2.02092895779744,-0.792222189142242,3.96132787476479
-1.00867298100357,3.54943001606508,4,1.49450557633492,-0.107953520637708,4.96383821834404
-0.0665171975301853,5.01535660955054,5,3.92646294037985,-0.142981869384846,4.9181158631901
0.0889227522794882,5.21880353827856,6,4.33848917873662,0.429073629305245,5.69365287341752
-0.197503275358137,4.8404355909476,4,3.58162718305367,-0.416930519574301,4.54304716677798
-1.2889799412848,3.14654857024731,2,0.871259138788701,-1.96379728554694,2.52211930907966
-0.165937585405844,4.88322046966511,4,3.66465154714676,-0.208671479360527,4.83141365059213
-0.322591181800616,4.66508624117367,3,3.25262530878999,-0.220727457509165,4.81532979184556
-0.35378257761493,4.61964602158373,3,3.17055080121454,-0.637194412482199,4.20935303938139
-1.34514093835373,3.0761422118132,2,0.756861995682956,-2.53879392286631,2.08412110231731
0.177330761815167,5.33603671017673,6,4.57571393931448,-0.10607352421122,4.96628465263242
0.121821476729402,5.26215236279657,6,4.42644895070843,0.349806139271483,5.57626242425257
-0.322230163869121,4.66560782127761,3,3.25357516530763,0.156065536807874,5.30787363463211
0.14650810611852,5.29487765929371,6,4.49268957522138,-0.501380345626761,4.41859346260742
-0.970019621436898,3.61132600093718,4,1.58683306215944,-0.623450369650918,4.23097141808436
-0.197503275358137,4.8404355909476,4,3.58162718305367,-0.982770585345357,3.65779108732947
0.421169872196327,5.68057591192404,8,5.24955157090434,0.478349493485124,5.76921690685884
0.14650810611852,5.29487765929371,6,4.49268957522138,-0.382275724228591,4.59278418024521
-0.0322725858414225,5.06026451657636,5,4.0168573878025,1.35709258906855,7.3042371814771
-0.0203602915329468,5.07584807993587,5,4.04834070133431,0.211780393763059,5.38279826413769
0.132037896693377,5.27567237977276,6,4.45383617836001,-0.501581400976877,4.41829169069933
0.87309375758239,6.43902451081492,6,6.61813353080415,1.68378950134667,7.8484864382661
1.03093656088121,6.72831409710644,8,7.13447778831442,0.706837594839497,6.14495570489963
0.00503255339673703,5.10903113486077,5,4.11553118236491,0.145799483849523,5.29422171896549
-1.34561463624568,3.07556228144223,2,0.755912139165313,-1.18377076113814,3.36024963454676
-1.02552222986186,3.52286797159965,4,1.45470232295591,-1.73811262883496,2.72307835100043
-0.222691584251679,4.80591963377193,4,3.51538655854072,-0.0738440886508497,5.00813386326092
0.107305309730826,5.24299261422231,6,4.38759555384706,-0.370082732198111,4.61010265371486
-0.628685051828805,4.18611590437135,6,2.44878907921672,-0.442767919876604,4.5054613553495
0.128569003093101,5.27107828645458,6,4.44453305662859,0.397215493227415,5.64586766674687
0.106950110251461,5.24252447556636,6,4.38664569732942,0.803394785993859,6.31392233070789
1.66609233120216,7.8729748025739,8,9.17689737980409,1.73780434883871,7.930748472006
-1.1177078167645,3.38256360444425,3,1.24199730483326,-0.987341553746839,3.65069191501553
0.106950110251461,5.24252447556636,6,4.38664569732942,-0.061462534436565,5.02417511709868
0.255956429610622,5.44298814708581,7,4.78936881395477,1.07973852694581,6.81069753151851
0.259355099784937,5.44768627795245,7,4.79867193568619,1.15951203633322,6.95409058214157
-1.54945100705645,2.84534365094567,1,0.369788309526916,-2.05072396111435,2.45019379359452
-0.181443487695384,4.86226493088362,4,3.62386511188353,0.0135228568402624,5.12120191617409
0.168081761831017,5.32364737813858,6,4.55076138711374,0.241007101126561,5.42274734945945
1.15459237626046,6.9569414174911,9,7.54650402667119,1.70512284296172,7.88132308269354
0.0889227522794882,5.21880353827856,6,4.33848917873662,0.194851848471395,5.35987255307109
-0.488305853663683,4.41471803717794,2,2.81659637475012,-1.41338867485899,3.06495643625087
1.0163918409692,6.70148251935395,8,7.08632126972162,1.16265700936118,6.95972588139793
0.951476368881251,6.58206479667795,7,6.87266639508133,1.12342380934046,6.88932165386629
-0.0164827287313314,5.08091778811134,5,4.05859367958338,-0.238536316111578,4.79145770130253
0.421169872196327,5.68057591192404,8,5.24955157090434,0.404527175097637,5.65676155579578
-0.191482696271463,4.84863460831824,4,3.59746106611617,0.571737939431178,5.91796103152992
1.79697352331979,8.07697295211587,9,9.53981724305043,2.1966221045852,8.49235858954115
0.137572071596852,5.28300942756322,6,4.46868687953829,-0.163747216399488,4.89086128723447
-0.0228306347250525,5.07261756296142,5,4.04180994000324,0.136359363242591,5.28170528924222
1.98151931641317,8.3248154192224,10,10,1.88811890466201,8.14284219371139
-1.16983887839725,3.30726124773633,3,1.12570044869223,-1.20441690496212,3.3316534684397
-0.322591181800616,4.66508624117367,3,3.25262530878999,-0.350593930400968,4.63759258648483
-0.675561942500133,4.10723127731343,6,2.32691131826225,-1.26543696211846,3.24949953869475
0.93090838106485,6.5443819509838,7,6.80547591405073,0.767508390321304,6.2506096580224
-0.00778048093471968,5.09229154033563,5,4.08161319338225,0.209446419732959,5.37962849992921
-0.291405918159509,4.70978591811109,3,3.33466649099886,-0.369959759417872,4.61027684685253
0.27352517311656,5.46734946699665,7,4.83752533254756,0.161912641664394,5.31566888315376
0.255956429610622,5.44298814708581,7,4.78936881395477,-0.409918426794227,4.55317311906653
-0.997146048323407,3.56775191362708,4,1.5218928039865,-0.767849290245201,4.00061796505842
-1.00867298100357,3.54943001606508,4,1.49450557633492,-1.214624039806,3.31766424339389
-1.13999834430353,3.34999629770595,3,1.1919077478386,-0.917347749133806,3.7606244627948
-0.322230163869121,4.66560782127761,3,3.25357516530763,-0.438111314029774,4.51226736773904
0.152396953587283,5.30271379670452,6,4.50852345828388,-0.555512740994101,4.33644193127161
-1.02552222986186,3.52286797159965,4,1.45470232295591,-1.18368867265801,3.36036412824834
0.00854492291006747,5.11361906846741,5,4.12483430409633,0.93630099860216,6.5518383548179
0.134472110083513,5.27889839510862,6,4.46036693969109,-0.133942205718219,4.92994313836508
-0.303925820661419,4.69192576678693,3,3.30173168390043,0.180801050294159,5.34095417301027
-0.175423591714247,4.87041418104702,4,3.63969899494603,-0.384588772193135,4.58948828111712
0.911241395187138,6.50843999980299,7,6.74148551239544,0.757489706522537,6.23303446545379
-0.953921841428879,3.63747002664043,4,1.62568645902081,-1.27157225097309,3.24143625302773
0.421169872196327,5.68057591192404,8,5.24955157090434,1.04242266208824,6.74339694188137
0.811043777700075,6.3271919677134,6,6.41985372146132,1.25997832834204,7.13323665798059
-1.1702853661459,3.30662938363112,3,1.12471726680801,-0.99490241309252,3.63897692822105
0.106950110251461,5.24252447556636,6,4.38664569732942,0.0594632285911217,5.18083415152061
1.15459237626046,6.9569414174911,9,7.54650402667119,2.25606408237313,8.5471561481622
-0.148007180352374,4.9073159581672,4,3.71182488385534,-0.901714496508549,3.78548384440357
0.785380683106056,6.28142200060849,6,6.33876239577009,1.17245449499304,6.97727135535397
0.808718530236127,6.32303209915856,6,6.41248363813176,0.89064785715707,6.46967801720647
0.893673172968014,6.47641870446527,7,6.68454800961391,0.77103417749113,6.25680572118268
0.134472110083513,5.27889839510862,6,4.46036693969109,-0.094869938828328,4.98085057251589
-0.35378257761493,4.61964602158373,3,3.17055080121454,0.0616571590871675,5.18369067626064
-1.16983887839725,3.30726124773633,3,1.12570044869223,-0.727257490977034,4.06592498677645
0.259355099784937,5.44768627795245,7,4.79867193568619,-0.128905452185888,4.93652416345755
0.103470412844902,5.23794000281057,6,4.37734257559799,0.225841288586992,5.40195726613836
-0.960470645668607,3.62680972287778,4,1.60985257595831,-1.24006847859824,3.28322263961086
0.911241395187138,6.50843999980299,7,6.74148551239544,0.761148265068539,6.23944702735298
1.64914927394527,7.84509076659743,8,9.12779100469365,0.595722676959389,5.95729780774014
0.914105619301249,6.51366846852375,7,6.75078863412686,0.589313225355378,5.94674214433396
-0.0357941565844918,5.05565460095592,5,4.00755426607108,1.19156121701335,7.01144201071485
-0.810084321078892,3.87809382402729,5,1.98207556093607,-0.804684699920333,3.94123424685754
0.93090838106485,6.5443819509838,7,6.80547591405073,0.501855679693051,5.8059779869949
1.80047719236584,8.0821299924318,9,9.54912036478185,1.88556329010746,8.13945979548252
0.137938315043845,5.28349532742526,6,4.46967006142251,0.729874852157688,6.18484573100208
0.134472110083513,5.27889839510862,6,4.46036693969109,0.522407569342247,5.83849602537025
0.288884590555379,5.48880497911553,7,4.87976326137742,0.692272471688755,6.11989358987206
0.14650810611852,5.29487765929371,6,4.49268957522138,0.270301415417816,5.46329823541914
-0.206991412732041,4.82747517162313,4,3.55667463085293,-0.628361598578181,4.22325627946936
0.297935785525741,5.50152033652638,7,4.90471581357816,1.01303489249418,6.69034141466924
-0.0168419146062528,5.08044822255474,5,4.05764382306574,0.116043542817904,5.25488073983712
0.297935785525741,5.50152033652638,7,4.90471581357816,0.222132647087247,5.39689332827098
0.106950110251461,5.24252447556636,6,4.38664569732942,-0.0637441087152017,5.02122028783222
-1.54945100705645,2.84534365094567,1,0.369788309526916,-2.20346154561539,2.32948473735127
-0.175423591714247,4.87041418104702,4,3.63969899494603,-0.827732906862832,3.90409327263419
0.00503255339673703,5.10903113486077,5,4.11553118236491,-0.12905185559789,4.93633295936731
0.785380683106056,6.28142200060849,6,6.33876239577009,1.18228403615613,6.99485839085768
1.15459237626046,6.9569414174911,9,7.54650402667119,0.818090270810692,6.33999442411406
1.0559521301971,6.77450639162037,8,7.21750215240751,1.10331896293598,6.85316365780402
-0.855972956824854,3.80027543370518,5,1.86672856131268,0.225091796753631,5.40093325357817
0.288884590555379,5.48880497911553,7,4.87976326137742,0.897552368750778,6.48208302609253
0.255956429610622,5.44298814708581,7,4.78936881395477,0.19523557761064,5.36039058614806
0.259355099784937,5.44768627795245,7,4.79867193568619,0.62782023251015,6.01062443486794
0.0137914561213049,5.12047199956846,5,4.13873514875697,-0.375612800710513,4.60225947767993
0.128569003093101,5.27107828645458,6,4.44453305662859,-0.27329599858276,4.74444027407153
-0.197503275358137,4.8404355909476,4,3.58162718305367,-0.294427898207698,4.71555936759978
-0.0203602915329468,5.07584807993587,5,4.04834070133431,-0.0670832523343099,5.01689495031187
1.07804965306503,6.81534655814979,8,7.29102130587637,1.18769621848504,7.00453487242238
-0.959462658234631,3.62844838745311,4,1.61228725140916,-1.19994118479286,3.33781863090808
0.953699621601696,6.58614324326647,7,6.87994492403724,0.977206502657708,6.62564361785015
0.00503255339673703,5.10903113486077,5,4.11553118236491,0.275531323859955,5.47059490123703
-0.178832128639264,4.8658021467509,4,3.63073355816411,0.999120942483062,6.66521497034696
-0.0661570687581105,5.01582996740873,5,3.92741279689749,-0.91142456301682,3.7700323331321
-1.56346389222211,2.83078050745233,1,0.344835757326182,-0.857929953638757,3.85552999428081
-0.0479067208086847,5.03978579252313,5,3.97556931549029,-0.392597587086752,4.57805024829611
0.134472110083513,5.27889839510862,6,4.46036693969109,0.657625417091221,6.06080837011071
0.255956429610622,5.44298814708581,7,4.78936881395477,0.0878280301721214,5.21784856421899
-0.0322725858414225,5.06026451657636,5,4.0168573878025,-0.617374451240192,4.24050054766622
0.106950110251461,5.24252447556636,6,4.38664569732942,-0.387041839429261,4.58598917511601
-0.0164827287313314,5.08091778811134,5,4.05859367958338,-0.0875429225802568,4.99036525940276
-0.307462130396574,4.68686053875548,3,3.292428562169,0.342366940393245,5.5654985345343
0.00503255339673703,5.10903113486077,5,4.11553118236491,-0.466767161408556,4.47016099354012
0.764285057087985,6.24404559551814,6,6.27252177125714,0.806941759050802,6.32020804876966
-1.14766395989726,3.33892349946926,3,1.17480682380267,-0.695161822682939,4.11733399581643
-0.0164827287313314,5.08091778811134,5,4.05859367958338,-0.803751885077239,3.94273812305669
-1.54945100705645,2.84534365094567,1,0.369788309526916,-1.44457833135403,3.02860299909367
1.04367192348942,6.75182418456146,8,7.17671571714427,1.47209200579456,7.50270392087764
-1.52597852801428,2.87006487477187,1,0.412026238356774,-1.02570966487442,3.59162277637422
-1.20746395672795,3.25479944769167,3,1.04362594111678,-0.912286337911575,3.76866271124689
-1.14766395989726,3.33892349946926,3,1.17480682380267,-0.590340875752669,4.28267774430469
1.0163918409692,6.70148251935395,8,7.08632126972162,0.0320518806797994,5.14521723778161
-0.147272542804836,4.90830024866915,4,3.7137579222572,0.0114164773497101,5.11847410769101
0.134472110083513,5.27889839510862,6,4.46036693969109,0.3979620806162,5.64697804762191
-1.13955849715904,3.35063362557474,3,1.19289092972282,-0.924641891700829,3.74905857517766
1.81556182154249,8.10413959596673,9,9.58892361816087,1.19015649424979,7.00893193477778
1.0163918409692,6.70148251935395,8,7.08632126972162,1.49603245194933,7.54328379279738
1.52165093840348,7.62677289033437,7,8.7441018505061,2.35530747997875,8.63099338828856
-0.0200010272518775,5.07631785171613,5,4.04929055785196,0.298813948705462,5.50329919935347
-0.35378257761493,4.61964602158373,3,3.17055080121454,-0.0767771807573638,5.00433139836959
0.00503255339673703,5.10903113486077,5,4.11553118236491,-0.767678148283061,4.00089373685124
0.497139607433368,5.79706945916933,4,5.46750325698139,1.25051350823309,7.11644503582242
-0.836369398801994,3.83343929280116,5,1.91583493642312,-0.499043606321286,4.42209889033776
-1.15898453196145,3.3226908687335,3,1.14966981900874,-1.13243376537485,3.43305941783647
-1.34514093835373,3.0761422118132,2,0.756861995682956,-1.13848456447794,3.42435396046457
-0.840453863849951,3.82651830355837,5,1.90558195817406,-0.901715418743383,3.78548237523111
-1.15478743816113,3.3286924261145,3,1.15897294074017,-0.757726367772472,4.01692504663697
-1.33321192148464,3.09082204573215,2,0.780864691366048,-2.06939177114319,2.43507433224505
0.27352517311656,5.46734946699665,7,4.83752533254756,-0.193301860597502,4.85183425090102
-0.0017975786255297,5.10010866521255,5,4.09744707644475,-1.4559686729164,3.0155366128668
-0.191482696271463,4.84863460831824,4,3.59746106611617,-0.590427122187934,4.28254378123963
0.128569003093101,5.27107828645458,6,4.44453305662859,0.939309781024186,6.55726261554573
-0.0665171975301853,5.01535660955054,5,3.92646294037985,0.166854805395557,5.32226924035803
-0.0665171975301853,5.01535660955054,5,3.92646294037985,0.357963224962444,5.58811346905324
0.177330761815167,5.33603671017673,6,4.57571393931448,0.962058205549257,6.59829901203353
1.15459237626046,6.9569414174911,9,7.54650402667119,1.06051940761467,6.776047683209
0.811653414200826,6.32828301394779,6,6.42178675986318,0.997962259513126,6.66312254317909
-1.20746395672795,3.25479944769167,3,1.04362594111678,-1.49722722874272,2.96911755462497
-0.332074738063604,4.65134956072353,3,3.22767275658925,-0.257801529200186,4.76547098850304
0.0889227522794882,5.21880353827856,6,4.33848917873662,-0.119654522660325,4.94859587935249
0.27352517311656,5.46734946699665,7,4.83752533254756,0.915471737307622,6.5143154363572
0.297935785525741,5.50152033652638,7,4.90471581357816,0.915478547557004,6.51432769559336
1.01920384157791,6.70666829920909,8,7.09562439145304,1.06051940761467,6.776047683209
0.259355099784937,5.44768627795245,7,4.79867193568619,0.327953509722776,5.54476155339712
0.775102084127433,6.2631815401545,6,6.30643976023979,0.774193010982883,6.26236164264244
-0.959462658234631,3.62844838745311,4,1.61228725140916,-1.0568538100308,3.54442273300909
0.684205829838695,6.10453453537164,5,6.02461122268469,0.977852251216614,6.6268094946326
0.0889227522794882,5.21880353827856,6,4.33848917873662,0.414291569983222,5.67137753875597
-1.13955849715904,3.35063362557474,3,1.19289092972282,-0.596503919151161,4.27309509426899
0.303670465021623,5.50960487477678,7,4.92054969664066,0.581906918856975,5.93458425831561
-0.182369156291537,4.86101026037781,4,3.62143043643268,0.161053885312047,5.31452308597722
1.65234676205551,7.85037618321329,8,9.13709412642508,2.80819389926934,8.92451447233352
0.27352517311656,5.46734946699665,7,4.83752533254756,0.0979544469596276,5.23111211142737
1.815200041561,8.10361542751119,9,9.58797376164322,2.53085658355356,8.75947205611998
-0.151169215169049,4.90307679498142,4,3.70350494400813,0.0159676136487206,5.12436843662061
-1.12920487444372,3.36569761080038,3,1.21609489611488,-0.920906442302598,3.75497890299053
0.679349729697701,6.0962086870954,5,6.00976052150641,1.26470429851165,7.14161355225386
-0.147272542804836,4.90830024866915,4,3.7137579222572,-0.366927179348228,4.61456958089426
-0.0661570687581105,5.01582996740873,5,3.92741279689749,-1.17824536982988,3.36797021442369
-0.197142102438579,4.84092798451436,4,3.58257703957131,0.854123474580397,6.4042227437725
-1.33274147766893,3.09140396789906,2,0.781814547883691,-1.5490643930686,2.91273389050712
0.0391203456378836,5.15356437375367,5,4.20592562978756,0.103844613920965,5.23884056096038
0.918382179706397,6.52147897387385,7,6.7646894787875,0.22059438986097,5.39479518626697
0.297935785525741,5.50152033652638,7,4.90471581357816,-0.262997780935084,4.75843139077146
-1.13584015961164,3.35602997287623,3,1.20121086957002,-0.808242015878782,3.93549949750806
-1.00475145109444,3.55564978322716,4,1.50380869806635,-1.51977344060323,2.94433614795273
-1.52650300072276,2.86950792362241,1,0.411076381839131,-2.9142689730778,1.8341397217084
1.15459237626046,6.9569414174911,9,7.54650402667119,1.91727269432649,8.18085728511388
-1.13292613181143,3.36026973559122,3,1.2077416309011,-1.10339437914592,3.47528412393399
1.0559521301971,6.77450639162037,8,7.21750215240751,1.23492115929778,7.08874030177399
-1.02552222986186,3.52286797159965,4,1.45470232295591,-1.4651195048378,3.00511905115442
-0.35378257761493,4.61964602158373,3,3.17055080121454,0.190546104834044,5.35406487429776
-0.165937585405844,4.88322046966511,4,3.66465154714676,0.0435608400168864,5.16015624076781
0.636151628022401,6.02289537681828,5,5.87857963882052,0.531309928578953,5.85269014634594
0.893673172968014,6.47641870446527,7,6.68454800961391,1.91883829310047,8.18286895269336
-0.35378257761493,4.61964602158373,3,3.17055080121454,0.679113807864913,6.09736289331379
-1.33321192148464,3.09082204573215,2,0.780864691366048,-0.905143519353873,3.78002331929769
0.93090838106485,6.5443819509838,7,6.80547591405073,0.743524983482963,6.20861731335449
-0.291767013489257,4.70927237190716,3,3.33371663448122,-0.418103198986303,4.54135063767913
-0.963316287122454,3.6221879197677,4,1.60298412967773,-1.66937155156911,2.78939587883159
-0.0661570687581105,5.01582996740873,5,3.92741279689749,0.169130041919945,5.32531150086386
-0.322230163869121,4.66560782127761,3,3.25357516530763,-0.0737753244244474,5.00822299721214
0.132037896693377,5.27567237977276,6,4.45383617836001,-0.840299870146237,3.88386512807762
-0.288230322090324,4.71429824570997,3,3.34301975621264,-0.345502652718921,4.64473595829318
0.569621932817882,5.91281208749244,4,5.6797754653585,0.208420895775503,5.37823665920406
0.782727088311378,6.27670771969521,6,6.33040913055631,0.316884802743754,5.52894043973957
1.0559521301971,6.77450639162037,8,7.21750215240751,1.19654430913995,7.02034338556827
-0.00439255312706619,5.09671833027127,5,4.09057863016417,0.25754244991312,5.44557089720465
-0.147633527920481,4.90781661738834,4,3.71280806573956,-0.496750652073089,4.4255352700774
-0.0505087562205014,5.03637393207629,5,3.96870086920971,0.46073328146573,5.74196998356153
-1.02511877768484,3.52350087501179,4,1.45565217947355,-1.88450318217732,2.59015564337619
-1.54945100705645,2.84534365094567,1,0.369788309526916,-1.96738408852249,2.51909906651056
-0.94263103065763,3.65592567640603,4,1.65307368667239,-1.11921386994879,3.45219135798359
-0.206630226696001,4.82796943315089,4,3.55762448737058,0.463544658573142,5.74630092509934
-0.191482696271463,4.84863460831824,4,3.59746106611617,0.00369904796217938,5.1084829414807
0.644146800614061,6.03635976554624,5,5.90273346173022,0.350074980083169,5.57665219988133
0.0889227522794882,5.21880353827856,6,4.33848917873662,0.964257211056579,6.60226778549424
0.259355099784937,5.44768627795245,7,4.79867193568619,0.517297033082364,5.83037720975818
-0.819965374012167,3.86128626741112,5,1.95712300873534,-0.994612832584289,3.63942496299997
-0.151169215169049,4.90307679498142,4,3.70350494400813,0.0614204968726434,5.18338249207902
0.00503255339673703,5.10903113486077,5,4.11553118236491,0.325600728386834,5.54139112737363
-0.30653666819272,4.68818700602872,3,3.29486323761984,-0.574121359479056,4.30779969997117
1.815200041561,8.10361542751119,9,9.58797376164322,2.96399927765689,9.00295834583741
1.98151931641317,8.3248154192224,10,10,2.25646590858733,8.54751435935501
-1.54945100705645,2.84534365094567,1,0.369788309526916,-2.6831989505106,1.9851817372216
1.98151931641317,8.3248154192224,10,10,1.94860218036347,8.22053252460283
-0.197142102438579,4.84092798451436,4,3.58257703957131,0.789200990436048,6.28881732331009
1.98151931641317,8.3248154192224,10,10,2.20557500941789,8.50084669390165
-1.37433441448531,3.04082330961355,2,0.698790183790597,-1.26124215823006,3.25503329873535
0.823886527606158,6.35021108642716,6,6.46064015672455,0.397736533573223,5.64664254969528
0.14650810611852,5.29487765929371,6,4.49268957522138,1.00364905541855,6.67339215846458
-0.102073802675637,4.96846768030433,5,3.83274610441399,0.901358795316204,6.48892547961064
1.01920384157791,6.70666829920909,8,7.09562439145304,1.30276125987059,7.20887731791366
-0.0228306347250525,5.07261756296142,5,4.04180994000324,0.0350457883600286,5.14910156275675
0.128569003093101,5.27107828645458,6,4.44453305662859,0.785895961700908,6.28298316437379
-1.4995891151169,2.89836681300814,1,0.46018275694957,-0.510744332468145,4.40451164528844
0.89079623576715,6.47118330274123,7,6.67524488788249,0.862669281040111,6.41950972956468
-0.644344314539249,4.15987050369176,6,2.40800264395348,-1.40679416852588,3.07275231079782
-0.0168419146062528,5.08044822255474,5,4.05764382306574,0.252146338175916,5.43810433035186
1.01920384157791,6.70666829920909,8,7.09562439145304,1.04122079676698,6.74122781896262
-1.76898101472229,2.63159110799562,0,0,-1.80198580586871,2.66379882827141
-0.131583643168611,4.92926904159208,4,3.75504599456941,-0.662621122045739,4.16914458154033
1.98151931641317,8.3248154192224,10,10,2.54420880733815,8.76836334443108
0.5304216546498,5.84965940738559,4,5.56442846573512,0.514905023530269,5.82658458647637
1.56436327690078,7.70138941380015,7,8.87528273319199,1.55752176105087,7.64602241503309
-0.287869218277457,4.71481090156254,3,3.34396961273028,-0.272960994602433,4.74489625164637
-0.0665171975301853,5.01535660955054,5,3.92646294037985,-0.129310790045447,4.93599477626306
-0.191856529523124,4.8481260603893,4,3.59647788423195,0.098071654453327,5.23126579890333
-0.0661570687581105,5.01582996740873,5,3.92741279689749,-0.00631905228806533,5.09551908563252
0.106950110251461,5.24252447556636,6,4.38664569732942,0.414462464365504,5.67163403746784
0.152396953587283,5.30271379670452,6,4.50852345828388,-0.381526024117593,4.59385171634667
-0.0410573980296922,5.04876175295445,5,3.99365342141044,0.601654334625183,5.96709456812876
-1.31240986336151,3.1167731136388,2,0.823102620195905,-0.978514247181339,3.66441271974437
-1.56346389222211,2.83078050745233,1,0.344835757326182,-1.41191911018866,3.06669037473835
-0.0350623744012784,5.05661266805648,5,4.00948730447294,0.538150165307009,5.86364059181467
-0.820930785403543,3.8596453614654,5,1.95468833328449,-0.832320729240704,3.89670615718336
0.0232039138777692,5.13276688305707,5,4.1636877009577,-1.10800230047215,3.46853557998465
-0.634761129902912,4.1759461619463,6,2.43295519615422,-0.374721368413257,4.60352506682823
0.259355099784937,5.44768627795245,7,4.79867193568619,-0.132467901447711,4.93187010761821
0.800835501088147,6.30894792528378,6,6.38753108593102,1.35717452308906,7.30438032585401
-0.0514311865274963,5.03516414713587,5,3.96626619375886,-0.753525256242163,4.02368944011399
-1.38702651832564,3.02573089939699,2,0.673837631589862,-1.7586459513313,2.70378854865788
-0.926301010112347,3.682780538882,4,1.69287694005141,0.0987971265724747,5.23221715785407
0.152396953587283,5.30271379670452,6,4.50852345828388,0.507618899094239,5.81506140119008
-0.803826469320755,3.88874916362913,5,1.99790944399857,0.0162858743015543,5.12478069878988
1.15459237626046,6.9569414174911,9,7.54650402667119,1.09810707463861,6.84378252637936
-0.980486169618069,3.59443943664016,4,1.56169605736552,-1.6586327895886,2.80001238106739
-0.160653465095692,4.89033613666264,4,3.6785523918074,-0.722637466252176,4.07334035143646
0.14650810611852,5.29487765929371,6,4.49268957522138,-0.59599458762844,4.27388778438034
1.79697352331979,8.07697295211587,9,9.53981724305043,1.42351537029881,7.41951944532464
0.787453997584079,6.28510785269102,6,6.34529315710116,1.09506429844672,6.838304320517
-1.12182983787753,3.37649999025867,3,1.23269418310184,0.345711247138464,5.57033228150624
0.14650810611852,5.29487765929371,6,4.49268957522138,0.369460397181892,5.60490433134878
-0.307462130396574,4.68686053875548,3,3.292428562169,-0.257181883387838,4.7663095703871
1.15459237626046,6.9569414174911,9,7.54650402667119,1.64878381794463,7.79368225093211
0.134472110083513,5.27889839510862,6,4.46036693969109,1.19017159664319,7.00895892284667
0.926340934345225,6.53602648743321,7,6.79059188750588,0.78272376173721,6.27738773897138
-1.00867298100357,3.54943001606508,4,1.49450557633492,-1.57495712612484,2.885335638831
-1.37433441448531,3.04082330961355,2,0.698790183790597,0.249357361570915,5.43425227725357
-1.1770416770438,3.29709521361657,3,1.10986656562973,-2.08878372844405,2.41948268517326
0.273871099457854,5.46783104126314,7,4.83847518906521,1.0564263583076,6.76866470593383
-0.0505087562205014,5.03637393207629,5,3.96870086920971,-0.397654646293723,4.57080686180306
0.931199720880223,6.5449150769435,7,6.80642577056838,0.726881232187885,6.17964553194161
-0.0164827287313314,5.08091778811134,5,4.05859367958338,-0.287583469770795,4.72493942057511
-0.820930785403543,3.8596453614654,5,1.95468833328449,-1.51281746466334,2.9519387073891
1.84716677221628,8.14922058475243,9,9.67099812573632,1.14604245590322,6.92993808478504
0.770056385477994,6.2542476006948,6,6.29060587717729,0.381301717601565,5.62230589938065
-0.803826469320755,3.88874916362913,5,1.99790944399857,-1.47071442067764,2.99878431125439
-1.32909539617381,3.09592179046132,2,0.789184631213251,-0.372229538839064,4.60706014836384
-0.977003426175226,3.60004837479053,4,1.5700493225793,-2.05098608681495,2.44998073004215
-0.0263502915342612,5.06801383960571,5,4.03250681827181,0.949961353595893,6.57647216180175
0.893673172968014,6.47641870446527,7,6.68454800961391,1.47430026134963,7.50645925313985
1.68114140946165,7.89748167525086,8,9.22011849051817,1.29136373407519,7.18877011403674
-1.09951017114829,3.40955393253984,3,1.28328537714548,-0.297286341759587,4.71163449814365
0.905668718726576,6.49827359345143,7,6.72340140647528,0.6770912563002,6.09390947310627
-1.52650300072276,2.86950792362241,1,0.411076381839131,-0.453031094179336,4.49041109860566
-1.52650300072276,2.86950792362241,1,0.411076381839131,-1.87185084450499,2.60124890516197
0.918674261908688,6.52201258650257,7,6.76563933530514,-0.0141767520402582,5.08535405253768
0.16220611320779,5.31579453908387,6,4.53492750405124,-0.88481766649719,3.81244947406987
0.297935785525741,5.50152033652638,7,4.90471581357816,0.475778977696453,5.76522492401283
-0.0665171975301853,5.01535660955054,5,3.92646294037985,-0.389422875614479,4.5825891735488
-0.191121535048228,4.8491258491682,4,3.59841092263381,0.481729990489874,5.77447519712467
0.152396953587283,5.30271379670452,6,4.50852345828388,0.936812014924549,6.55275955527078
0.132037896693377,5.27567237977276,6,4.45383617836001,0.0415497951188846,5.15754439303383
0.259355099784937,5.44768627795245,7,4.79867193568619,0.512243879178397,5.82237081270916
-0.307462130396574,4.68686053875548,3,3.292428562169,-0.434957547059417,4.51686885121747
-0.0203602915329468,5.07584807993587,5,4.04834070133431,0.0251465099760443,5.1362626427578
-0.197503275358137,4.8404355909476,4,3.58162718305367,-0.369500209657906,4.61092772412497
0.0889227522794882,5.21880353827856,6,4.33848917873662,-0.0828464496026765,4.99645979900359
0.775102084127433,6.2631815401545,6,6.30643976023979,1.15970718662013,6.95444030584946
-1.32909539617381,3.09592179046132,2,0.789184631213251,-0.631884945287565,4.2177145752938
0.421169872196327,5.68057591192404,8,5.24955157090434,0.853345099452837,6.40283130647702
-1.37433441448531,3.04082330961355,2,0.698790183790597,-1.1870409774143,3.35569357814571
-0.0168419146062528,5.08044822255474,5,4.05764382306574,-0.730675990287352,4.06043529300189
-0.463116477065757,4.45421151036577,2,2.88283699926307,0.465886016625793,5.74991284227636
0.259355099784937,5.44768627795245,7,4.79867193568619,-0.364132001420954,4.61852122025388
1.06637722807693,6.7937702761141,8,7.252167909015,2.06874974757592,8.36137856409189
-0.0665171975301853,5.01535660955054,5,3.92646294037985,0.399813119695516,5.64973299321005
0.303670465021623,5.50960487477678,7,4.92054969664066,0.589616995693733,5.94724170767625
-1.76898101472229,2.63159110799562,0,0,-2.08466567584918,2.422784138199
-0.197142102438579,4.84092798451436,4,3.58257703957131,-0.364867623022302,4.61748171465672
-0.151169215169049,4.90307679498142,4,3.70350494400813,0.0690943772107346,5.1933815171234
-0.165937585405844,4.88322046966511,4,3.66465154714676,-0.915166550930334,3.76408727676507
-0.840453863849951,3.82651830355837,5,1.90558195817406,0.24217820578235,5.42435836475234
1.81556182154249,8.10413959596673,9,9.58892361816087,1.75847128744279,7.96142949166318
0.255956429610622,5.44298814708581,7,4.78936881395477,0.501340898576689,5.8051679856847
1.0163918409692,6.70148251935395,8,7.08632126972162,0.833091951697832,6.36668623565373
-1.18801075829772,3.28172526675047,3,1.08586386994664,-2.08753006535656,2.42048720873766
1.07804965306503,6.81534655814979,8,7.29102130587637,1.3809179251891,7.34576909598144
0.152750064785367,5.30318406427302,6,4.50947331480153,-0.227884353495473,4.80575292898012
-0.035434569727321,5.05612538935562,5,4.00850412258872,0.136320255611807,5.28165350869288
0.137572071596852,5.28300942756322,6,4.46868687953829,0.35067633111237,5.5775242607375
-0.34776556154122,4.62847038809439,3,3.18638468427704,-1.12282146041435,3.44695527735553
-1.32587068298077,3.09992897043045,2,0.795715392544327,-1.24524693439327,3.27628872872586
-0.0259908979513276,5.0684839842575,5,4.03345667478946,-0.150180196173453,4.90868212127888
-1.1770416770438,3.29709521361657,3,1.10986656562973,-0.472698759082491,4.46137865609968
0.641394934502303,6.03171995535364,5,5.89441352188302,0.256339357813183,5.4439046204994
-0.794745141963356,3.90422448034805,5,2.02092895779744,-1.1598599765499,3.39386306909917
-0.0224713164820158,5.07308748519055,5,4.04275979652088,0.69542212669369,6.12530239624124
0.259355099784937,5.44768627795245,7,4.79867193568619,0.557251779685607,5.89442179996219
-0.0410573980296922,5.04876175295445,5,3.99365342141044,-0.342129008004133,4.6494608063552
0.421169872196327,5.68057591192404,8,5.24955157090434,0.457589035570293,5.73713407914101
0.27352517311656,5.46734946699665,7,4.83752533254756,0.0507390315494147,5.16948441058583
-1.13955849715904,3.35063362557474,3,1.19289092972282,-2.36126476944525,2.21104932571595
0.132037896693377,5.27567237977276,6,4.45383617836001,0.29181088604106,5.49342365354529
-0.191482696271463,4.84863460831824,4,3.59746106611617,-0.660155512357722,4.17305495055338
-0.0203602915329468,5.07584807993587,5,4.04834070133431,-0.171644427241751,4.88046185091665
-0.855972956824854,3.80027543370518,5,1.86672856131268,-0.358771166793635,4.62608654643622
-0.332074738063604,4.65134956072353,3,3.22767275658925,-0.64678069840482,4.19422511418122
-0.0103764992206798,5.08889907573723,5,4.07474474710167,0.153318816781824,5.30421676080193
1.68114140946165,7.89748167525086,8,9.22011849051817,1.36437174233384,7.31694596862567
0.748566634734552,6.21635359809927,6,6.2234153961467,0.392037307194988,5.63817863478751
0.893379519610786,6.47588420740187,7,6.68359815309627,0.976483318244535,6.62433795078364
0.128569003093101,5.27107828645458,6,4.44453305662859,1.13262988464777,6.90586151544602
0.790405455205497,6.29035853995856,6,6.35459627883259,1.47540903791328,7.50834390915006
-0.222691584251679,4.80591963377193,4,3.51538655854072,0.637590626275373,6.02700653915614
0.152750064785367,5.30318406427302,6,4.50947331480153,-0.611384619898192,4.24987732059103
-0.191482696271463,4.84863460831824,4,3.59746106611617,-0.727680262128642,4.06524619533622
-0.463116477065757,4.45421151036577,2,2.88283699926307,-0.851136147293241,3.86644216656784
0.259355099784937,5.44768627795245,7,4.79867193568619,0.159023059701769,5.31181471938182
0.878466226936512,6.44877380979488,7,6.63544163450347,0.695750029258903,6.12586583944528
1.68921064397685,7.91051788026292,8,9.24313800431704,2.68599396697586,8.85646316399359
1.84101549539276,8.14055721968878,9,9.65516424267382,2.11393402833542,8.40980544075216
0.152396953587283,5.30271379670452,6,4.50852345828388,-0.422889652449204,4.53441679449266
-0.0263502915342612,5.06801383960571,5,4.03250681827181,-0.17826439082384,4.87172862124697
1.68114140946165,7.89748167525086,8,9.22011849051817,1.76244742784338,7.96727957831031
-1.16606458129336,3.31261151211468,3,1.13402038853943,-1.19994605094964,3.33781191768321
0.255956429610622,5.44298814708581,7,4.78936881395477,0.0375025195404189,5.15228989687407
-0.991315470498682,3.57706459936748,4,1.53579364864714,-0.995742626513755,3.63767725795728
0.14650810611852,5.29487765929371,6,4.49268957522138,0.957943746753136,6.59087400450803
-0.288230322090324,4.71429824570997,3,3.34301975621264,0.290103505489693,5.49102103841648
0.652386666960602,6.05028679310202,5,5.92768601393096,0.964537112723819,6.60277297276349
0.676304148271212,6.0909954467246,5,6.00045739977498,1.51925271895807,7.58234703733847
1.57749031864692,7.72404972177591,7,8.91508598657101,0.839835722922509,6.37870834220992
-0.0479067208086847,5.03978579252313,5,3.97556931549029,0.520651342469824,5.83570357372626
0.259355099784937,5.44768627795245,7,4.79867193568619,1.26652140229301,7.14483305950684
-1.54945100705645,2.84534365094567,1,0.369788309526916,-2.25194974541726,2.29247265053258
0.636151628022401,6.02289537681828,5,5.87857963882052,0.39282646711266,5.63934905713241
-0.131583643168611,4.92926904159208,4,3.75504599456941,-0.576253588722441,4.30450534393458
-0.803826469320755,3.88874916362913,5,1.99790944399857,-0.392169229390146,4.57866305045107
0.790706669987855,6.29089464882958,6,6.35554613535023,0.146088759460774,5.29460581426639
-0.840453863849951,3.82651830355837,5,1.90558195817406,-1.17818183700485,3.36805915316709
-0.35378257761493,4.61964602158373,3,3.17055080121454,-0.292586780030849,4.71808502803629
0.137938315043845,5.28349532742526,6,4.46967006142251,-0.00376785488041303,5.09881993705938
0.693143332304857,6.11990071715563,5,6.05199845033627,0.649766778225682,6.04751662878818
1.05118671110184,6.76570308333262,8,7.20166826934501,1.35352495936609,7.29800222865134
-1.36632713100217,3.0504261098309,2,0.714624066853098,-1.26670813399728,3.24782594388827
-1.02552222986186,3.52286797159965,4,1.45470232295591,-0.353334622561705,4.63374074167438
0.288884590555379,5.48880497911553,7,4.87976326137742,0.608722227452606,5.9788026863616
-0.478815463942892,4.42965731562109,2,2.84154892695086,-0.161550594417005,4.89375040284575
-0.035434569727321,5.05612538935562,5,4.00850412258872,-0.72220543429658,4.07403354946023
1.03093656088121,6.72831409710644,8,7.13447778831442,0.195021557920594,5.36010165111009
1.39221328487201,7.3944352128355,6,8.33302546866697,2.07391057727098,8.3670324633842
-0.952916254645007,3.63910986025825,4,1.62812113447166,-1.17687740002428,3.36988604403663
0.128569003093101,5.27107828645458,6,4.44453305662859,0.344631544838818,5.56877079403089
-0.0410573980296922,5.04876175295445,5,3.99365342141044,0.298407000166535,5.50272440600447
-0.0168419146062528,5.08044822255474,5,4.05764382306574,-0.491324799794091,4.43365351260507
-0.0203602915329468,5.07584807993587,5,4.04834070133431,0.392248519080732,5.63849183929253
-1.57241303116345,2.82155414070416,1,0.329001874263681,-1.66722511171721,2.7915121160384
-1.54945100705645,2.84534365094567,1,0.369788309526916,-1.63999083854919,2.81861596432717
-0.0203602915329468,5.07584807993587,5,4.04834070133431,0.35067633111237,5.5775242607375
-0.810084321078892,3.87809382402729,5,1.98207556093607,-1.38718737119033,3.09616104575117
-0.0765765997495967,5.00212301214836,5,3.89993658544458,-0.286647409588399,4.72622031474379
-0.463116477065757,4.45421151036577,2,2.88283699926307,-0.301919905080883,4.70526278471637
1.03093656088121,6.72831409710644,8,7.13447778831442,1.33949630551473,7.27344694407688
-0.35378257761493,4.61964602158373,3,3.17055080121454,-1.03025913927161,3.58468414108932
-0.0410573980296922,5.04876175295445,5,3.99365342141044,-0.520359859288994,4.38999445412986
1.03093656088121,6.72831409710644,8,7.13447778831442,0.400273164059293,5.65041811782671
0.421169872196327,5.68057591192404,8,5.24955157090434,0.0987567088708978,5.2321641514486
-0.147272542804836,4.90830024866915,4,3.7137579222572,-0.721955382350371,4.07443474065062
0.02356207573836,5.13323476243203,5,4.16463755747535,0.965054905972547,6.60370753576871
0.790706669987855,6.29089464882958,6,6.35554613535023,0.541844736920199,5.86957109185989
0.906419358446557,6.4996425249716,7,6.72583608192613,1.58927686332527,7.69811986668516
0.808718530236127,6.32303209915856,6,6.41248363813176,0.206133736549412,5.37513453817901
0.421169872196327,5.68057591192404,8,5.24955157090434,0.285085058754958,5.48397054437777
0.641709217455124,6.03224956463544,5,5.89536337840066,0.481368093352772,5.77391181698172
0.128569003093101,5.27107828645458,6,4.44453305662859,0.115346469933189,5.25396287928608
-1.37433441448531,3.04082330961355,2,0.698790183790597,-1.18179489699012,3.36300723187619
-1.14042337218784,3.34938064641192,3,1.19095789132096,-1.85224810975285,2.61857376138469
0.797999124113575,6.30388747612347,6,6.3785656491491,1.03001570333702,6.72100164305346
-0.0103764992206798,5.08889907573723,5,4.07474474710167,1.24340055691699,7.10381302517104
-1.15478743816113,3.3286924261145,3,1.15897294074017,-1.49753673237817,2.96877461859889
0.00854492291006747,5.11361906846741,5,4.12483430409633,-0.44256682272914,4.50575556665995
-0.0203602915329468,5.07584807993587,5,4.04834070133431,-0.424765607731654,4.53169516622388
0.421169872196327,5.68057591192404,8,5.24955157090434,-0.279223198432129,4.73636317633636
-0.0168419146062528,5.08044822255474,5,4.05764382306574,0.973251892047844,6.61850404101291
-0.963316287122454,3.6221879197677,4,1.60298412967773,-0.213962919586759,4.82436171106003
-1.15075092188692,3.334482915908,3,1.16793837752209,-1.2016138478667,3.33551238132584
0.0889227522794882,5.21880353827856,6,4.33848917873662,0.698734357679013,6.13099686581141
1.15459237626046,6.9569414174911,9,7.54650402667119,0.853495007757975,6.40309927270077
0.134472110083513,5.27889839510862,6,4.46036693969109,0.0974655628350016,5.23047110859955
-0.181443487695384,4.86226493088362,4,3.62386511188353,-0.77441513053439,3.99003637458221
-0.997146048323407,3.56775191362708,4,1.5218928039865,-0.299201962890991,4.70900171091584
0.811653414200826,6.32828301394779,6,6.42178675986318,1.30192197802756,7.20739781666504
-1.2889799412848,3.14654857024731,2,0.871259138788701,-0.927950046866259,3.74382041695143
-0.788509554231711,3.91485745897383,5,2.03676284085995,-0.235142738512142,4.79601746985852
-0.191482696271463,4.84863460831824,4,3.59746106611617,-0.163747216399488,4.89086128723447
-0.0103764992206798,5.08889907573723,5,4.07474474710167,-0.94477549360229,3.71725489038045
1.0559521301971,6.77450639162037,8,7.21750215240751,1.50654203820216,7.56100159817109
-0.0479067208086847,5.03978579252313,5,3.97556931549029,0.519372699056526,5.83367209690629
0.259355099784937,5.44768627795245,7,4.79867193568619,0.00926160942779246,5.11568389857685
0.297935785525741,5.50152033652638,7,4.90471581357816,1.04199078384296,6.74261749788883
-0.0514311865274963,5.03516414713587,5,3.96626619375886,-0.650532925764539,4.18829324384972
-0.151169215169049,4.90307679498142,4,3.70350494400813,0.326286997699607,5.54237380884607
0.16220611320779,5.31579453908387,6,4.53492750405124,0.258547315172641,5.44696332344895
0.905668718726576,6.49827359345143,7,6.72340140647528,1.02210863812015,6.70672576913549
-0.197503275358137,4.8404355909476,4,3.58162718305367,-1.15446986618588,3.40151285640182
0.0391203456378836,5.15356437375367,5,4.20592562978756,0.024960254431993,5.1360211960518
-1.13955849715904,3.35063362557474,3,1.19289092972282,-0.463685671462028,4.47471446476264
-1.12920487444372,3.36569761080038,3,1.21609489611488,-1.20582768455757,3.32971408047412
-1.20746395672795,3.25479944769167,3,1.04362594111678,-1.08512070650331,3.50222183142747
-1.15184629259737,3.33290978118723,3,1.16550370207124,-0.404133890065889,4.5615025608592
0.785682305143735,6.28195807720649,6,6.33971225228773,0.903679326120627,6.49309808279199
-0.322591181800616,4.66508624117367,3,3.25262530878999,0.256766420974862,5.44449599759707
-0.836747605902221,3.83279820475322,5,1.91488507990548,0.407287981401122,5.66088623511912
0.748566634734552,6.21635359809927,6,6.2234153961467,1.49690401135622,7.5447554320988
0.918976573108969,6.52256490908545,7,6.76662251718936,1.4302521116094,7.43111784976243
0.128569003093101,5.27107828645458,6,4.44453305662859,0.241589932442653,5.42354901186301
-0.197142102438579,4.84092798451436,4,3.58257703957131,0.904436811014129,6.49446032713965
-0.494329293131512,4.40519924716697,2,2.80076249168762,-1.30133520899878,3.20283138867663
0.137938315043845,5.28349532742526,6,4.46967006142251,-0.568960600868642,4.31576274939943
-1.30904963612495,3.12100758641752,2,0.829971066476486,-0.940942748508987,3.72329479460997
-0.660589712935285,4.13252586239477,6,2.36576471512363,-0.856980746814562,3.85705403730048
-0.322591181800616,4.66508624117367,3,3.25262530878999,-0.435269970073333,4.51641330087291
-1.52650300072276,2.86950792362241,1,0.411076381839131,-1.540113954065,2.92232094288408
-0.0661570687581105,5.01582996740873,5,3.92741279689749,1.0414353767865,6.74161509777146
-0.0259908979513276,5.0684839842575,5,4.03345667478946,-1.09410317802725,3.48894591231666
-0.197142102438579,4.84092798451436,4,3.58257703957131,-0.260749824665671,4.7614784243705
-0.00439255312706619,5.09671833027127,5,4.09057863016417,0.184638470501378,5.34611143355396
-0.191482696271463,4.84863460831824,4,3.59746106611617,-0.239122033569114,4.79067017670304
-1.02511877768484,3.52350087501179,4,1.45565217947355,-1.25035925786758,3.26946853018777
-0.788509554231711,3.91485745897383,5,2.03676284085995,-0.900005560388516,3.78820679158901
0.10382575819037,5.23840803351423,6,4.37829243211564,1.16321275431795,6.96072152792948
0.273871099457854,5.46783104126314,7,4.83847518906521,-0.374723628771185,4.60352185836864
-0.0505087562205014,5.03637393207629,5,3.96870086920971,-1.28457292628796,3.22446923251244
0.255956429610622,5.44298814708581,7,4.78936881395477,-0.447275215488413,4.49886014310095
-0.165937585405844,4.88322046966511,4,3.66465154714676,0.00414549085795611,5.1090607973136
1.98151931641317,8.3248154192224,10,10,2.75794905143283,8.89731029958438
-0.147633527920481,4.90781661738834,4,3.71280806573956,-0.129020983913498,4.9363732784729
0.177330761815167,5.33603671017673,6,4.57571393931448,-0.0481209341479565,5.04144549870303
-0.0357941565844918,5.05565460095592,5,4.00755426607108,-0.316581091979471,4.68502338640294
1.15459237626046,6.9569414174911,9,7.54650402667119,1.00360677381464,6.6733158034476
-1.00475145109444,3.55564978322716,4,1.50380869806635,-2.01343059252694,2.48073502133594
1.98151931641317,8.3248154192224,10,10,2.00795095162062,8.29233514939679
0.00854492291006747,5.11361906846741,5,4.12483430409633,-1.16924614770436,3.3806053009062
1.84716677221628,8.14922058475243,9,9.67099812573632,2.1071121946216,8.40264823373324
-0.322591181800616,4.66508624117367,3,3.25262530878999,-0.166949945649631,4.88664617967647
-0.0228306347250525,5.07261756296142,5,4.04180994000324,-0.0096680629327576,5.09118641124178
-1.20746395672795,3.25479944769167,3,1.04362594111678,-1.90316356221901,2.57391809379032
-0.794745141963356,3.90422448034805,5,2.02092895779744,-0.46785364306105,4.4685540492619
-1.32587068298077,3.09992897043045,2,0.795715392544327,-2.53896928588705,2.08399870361766
1.67237311128891,7.88323317720711,8,9.19498148572425,1.95027943830972,8.22262205913423
0.798740618434832,6.30521002369312,6,6.3809087702263,0.792418614938808,6.29450146868598
-1.36632713100217,3.0504261098309,2,0.714624066853098,-1.11254230231365,3.46190417133188
-0.0410573980296922,5.04876175295445,5,3.99365342141044,-0.10128832346523,4.97250865640957
1.52165093840348,7.62677289033437,7,8.7441018505061,1.44290449010638,7.45284893323718
0.259355099784937,5.44768627795245,7,4.79867193568619,0.404666077898978,5.65696893037344
0.297935785525741,5.50152033652638,7,4.90471581357816,-0.320766742530422,4.67922292789175
1.64947547965358,7.8456304673126,8,9.1287408612113,1.79834252278604,8.01929958541215
-0.151169215169049,4.90307679498142,4,3.70350494400813,0.795029996509037,6.29911769581376
-0.0665171975301853,5.01535660955054,5,3.92646294037985,-0.248730283853114,4.77772889185292
0.121821476729402,5.26215236279657,6,4.42644895070843,-0.195440323684947,4.84899842782382
-0.178832128639264,4.8658021467509,4,3.63073355816411,-0.827723070623842,3.90410911320889
-1.13334970272361,3.35965287840607,3,1.20679177438346,-0.381964533246412,4.59322734387134
-1.1770416770438,3.29709521361657,3,1.10986656562973,-0.859598110040178,3.85285207524482
-0.206630226696001,4.82796943315089,4,3.55762448737058,-0.544420435754267,4.35342002647038
-0.3380923129826,4.64259767237276,3,3.21183887352675,-0.166783287303797,4.88686559856457
0.790706669987855,6.29089464882958,6,6.35554613535023,1.30192347942454,7.20740046351824
-0.0661570687581105,5.01582996740873,5,3.92741279689749,-0.136892063473277,4.92608593321229
0.134472110083513,5.27889839510862,6,4.46036693969109,0.0512494503919212,5.17014804891295
-1.15478743816113,3.3286924261145,3,1.15897294074017,-1.42180761342192,3.0550597607103
0.303670465021623,5.50960487477678,7,4.92054969664066,0.742446409632812,6.20673547844904
-0.316946679265914,4.67322993684959,3,3.26747600996827,-0.631882057881999,4.21771911905755
-0.000877842681418453,5.10131023680532,5,4.0998817518956,0.072139899695347,5.19735339031081
0.808718530236127,6.32303209915856,6,6.41248363813176,0.49128554091341,5.78939033878712
0.122730237947102,5.26335374069205,6,4.42888362615928,0.568234880525353,5.91225344585033
-0.303925820661419,4.69192576678693,3,3.30173168390043,-0.1619587633293,4.89321367005255
-0.322591181800616,4.66508624117367,3,3.25262530878999,0.143059986797553,5.29058590784533
-1.1770416770438,3.29709521361657,3,1.10986656562973,-1.39804766952788,3.08315211008211
-0.628685051828805,4.18611590437135,6,2.44878907921672,-0.922153297179351,3.75300210805183
-1.16983887839725,3.30726124773633,3,1.12570044869223,-1.9662506509234,2.52005295861347
0.00781518326263417,5.11266588106066,5,4.12290126569447,-0.583774827516289,4.292864879977
-0.222691584251679,4.80591963377193,4,3.51538655854072,0.0847133575845912,5.2137745845467
0.132037896693377,5.27567237977276,6,4.45383617836001,0.846293354182273,6.3902329733947
1.98151931641317,8.3248154192224,10,10,1.14243528626927,6.92346545215168
0.106950110251461,5.24252447556636,6,4.38664569732942,-0.204575093551545,4.83686521570567
-0.166672417273187,4.88222993056887,4,3.6627185087449,-0.643093200190857,4.20004892943692
-0.35378257761493,4.61964602158373,3,3.17055080121454,0.328028101219204,5.54486847420298
-1.15898453196145,3.3226908687335,3,1.14966981900874,-0.429968842877321,4.52413439275684
0.941820977879535,6.56436390686082,7,6.84109152717587,0.0852618691459372,5.21449185108256
-1.16606458129336,3.31261151211468,3,1.13402038853943,-0.712010727723138,4.09037859110323
-0.0665171975301853,5.01535660955054,5,3.92646294037985,-0.480872631973077,4.44923917665506
-1.36632713100217,3.0504261098309,2,0.714624066853098,-2.95411330679021,1.80895760527775
0.80300701833964,6.31282476010377,6,6.3943995322116,1.77725202581229,7.9889090992397
0.107305309730826,5.24299261422231,6,4.38759555384706,-0.352795917946675,4.6344982119238
0.121821476729402,5.26215236279657,6,4.42644895070843,-0.410040192096787,4.55299755189586
0.911241395187138,6.50843999980299,7,6.74148551239544,0.583854702443994,5.93777753267731
0.671174839124314,6.08223027774323,5,5.98480796930567,0.912569862278694,6.50909232986416
-0.788135766561,3.9154949991896,5,2.03771269737759,-1.3684799049321,3.11882110821994
-0.191856529523124,4.8481260603893,4,3.59647788423195,-0.0690567407748844,5.01433808976527
0.649316910160784,6.04509233795238,5,5.91838289219953,1.06185678029089,6.77845975673889
0.903550440632218,6.49441134420561,7,6.7165329601947,1.48869064684948,7.53087088673094
-0.191482696271463,4.84863460831824,4,3.59746106611617,-0.722255358776313,4.07395344740893
-0.0350623744012784,5.05661266805648,5,4.00948730447294,-0.20881742290743,4.83121930228787
-1.37433441448531,3.04082330961355,2,0.698790183790597,-1.1672554208503,3.3834104094056
0.893673172968014,6.47641870446527,7,6.68454800961391,1.37956915910169,7.34342305540308
1.0559521301971,6.77450639162037,8,7.21750215240751,1.13236315598174,6.90538246344604
-0.147272542804836,4.90830024866915,4,3.7137579222572,0.810952442620847,6.32732109906908
-0.0168419146062528,5.08044822255474,5,4.05764382306574,0.0255093165612667,5.13673296783257
-1.37433441448531,3.04082330961355,2,0.698790183790597,-0.654074778298756,4.18268867078859
0.273871099457854,5.46783104126314,7,4.83847518906521,0.260622901377951,5.44984143553446
-0.000877842681418453,5.10131023680532,5,4.0998817518956,-0.365012240942968,4.61727731603507
0.259355099784937,5.44768627795245,7,4.79867193568619,-0.328817263524162,4.66803820478964
-1.16983887839725,3.30726124773633,3,1.12570044869223,-1.98666929943244,2.50294023628206
0.00503255339673703,5.10903113486077,5,4.11553118236491,1.0689410601499,6.79123465161138
0.890502394255938,6.47064871285722,7,6.67429503136485,1.33486397424359,7.26532566584323
0.890502394255938,6.47064871285722,7,6.67429503136485,0.164654099497993,5.31932882761762
-0.0200010272518775,5.07631785171613,5,4.04929055785196,-0.372053933923142,4.60730912756371
-0.316946679265914,4.67322993684959,3,3.26747600996827,-0.0619866105861012,5.02349643547499
-0.166672417273187,4.88222993056887,4,3.6627185087449,-0.404705745150492,4.56068007581996
0.614128263485935,5.98606198819318,5,5.81233901430757,0.397794275384596,5.64672843588504
-1.31240986336151,3.1167731136388,2,0.823102620195905,-1.36427061096615,3.12396399441093
-0.156756240176061,4.89557620359904,4,3.68880537005647,-0.333291390303823,4.66180592612291
-1.30904963612495,3.12100758641752,2,0.829971066476486,-1.08916368377364,3.49623818153252
-0.0410573980296922,5.04876175295445,5,3.99365342141044,-0.727498384538742,4.06553821820818
-0.322591181800616,4.66508624117367,3,3.25262530878999,-1.34128169941102,3.15234146558508
0.177330761815167,5.33603671017673,6,4.57571393931448,-0.289868533394803,4.72181060847654
-0.97428375197472,3.60443540944525,4,1.57658008391038,-1.22559045907305,3.3027444865867
-1.52650300072276,2.86950792362241,1,0.411076381839131,-1.85545727795469,2.61572585201489
-0.175423591714247,4.87041418104702,4,3.63969899494603,-0.0324984510551399,5.06165633610611
-0.778130484054348,3.93256547237859,5,2.0631668866273,-1.29767469764482,3.20753373617938
-0.165937585405844,4.88322046966511,4,3.66465154714676,0.426294130853604,5.68945067158061
-0.0357941565844918,5.05565460095592,5,4.00755426607108,0.624598536526342,6.00523761657869
0.914105619301249,6.51366846852375,7,6.75078863412686,1.38092408121562,7.34577980231182
0.676304148271212,6.0909954467246,5,6.00045739977498,1.49066830134272,7.53421736207613
-1.13584015961164,3.35602997287623,3,1.20121086957002,-1.90519602206577,2.57215823434075
1.56130683782085,7.69609391161001,7,8.86597961146057,1.32288800774435,7.24430091854849
-1.30904963612495,3.12100758641752,2,0.829971066476486,-2.4408276027662,2.15339925574557
0.790405455205497,6.29035853995856,6,6.35459627883259,0.653699586551469,6.05416314586826
-1.1694076195839,3.30787177214122,3,1.12665030520987,-1.02151178845371,3.59803797368788
-1.52650300072276,2.86950792362241,1,0.411076381839131,-0.145337333246179,4.91503048949047
0.128569003093101,5.27107828645458,6,4.44453305662859,-0.303279316069014,4.70339119220337
0.798440048388868,6.30467388782534,6,6.37995891370866,0.33122632137385,5.54945671089479
0.288884590555379,5.48880497911553,7,4.87976326137742,0.660251702604498,6.06525966991897
-1.15478743816113,3.3286924261145,3,1.15897294074017,-1.39196611392013,3.09042373309301
-1.33274147766893,3.09140396789906,2,0.781814547883691,-1.05779220946269,3.54301173279691
0.288884590555379,5.48880497911553,7,4.87976326137742,0.0324642579547069,5.14575218690062
0.679660533765479,6.09674107007883,5,6.01071037802405,-0.323031936652861,4.67607964264188
1.15459237626046,6.9569414174911,9,7.54650402667119,1.15367650451143,6.94363016742776
-0.00686037097777124,5.09349384629728,5,4.0840478688331,-1.04187361937543,3.56703717912365
-0.175423591714247,4.87041418104702,4,3.63969899494603,0.15523984040172,5.30677400308367
-0.191482696271463,4.84863460831824,4,3.59746106611617,0.0166797350168241,5.12529090391125
0.0889227522794882,5.21880353827856,6,4.33848917873662,1.16803073390979,6.96935113629348
0.00854492291006747,5.11361906846741,5,4.12483430409633,0.801797720197684,6.31109365168847
0.152396953587283,5.30271379670452,6,4.50852345828388,-0.460337579832314,4.4796549109672
-0.222691584251679,4.80591963377193,4,3.51538655854072,-0.422613822182402,4.53481677565986
-0.00778048093471968,5.09229154033563,5,4.08161319338225,0.211206798665026,5.38201899529403
-1.31360246555355,3.11527308789102,2,0.820667944745062,-1.11517332130004,3.45806921891821
-1.20746395672795,3.25479944769167,3,1.04362594111678,-0.859031790890144,3.85376112932159
-0.322591181800616,4.66508624117367,3,3.25262530878999,-0.409333040981479,4.55401702372179
-1.12225115577867,3.37588126758323,3,1.23174432658419,-2.3288873215608,2.23488801192715
0.679349729697701,6.0962086870954,5,6.00976052150641,0.609066221092412,5.97937347632448
0.297935785525741,5.50152033652638,7,4.90471581357816,1.08974603651055,6.82872700856912
0.770056385477994,6.2542476006948,6,6.29060587717729,1.04363179055814,6.74557909729733
-0.970019621436898,3.61132600093718,4,1.58683306215944,-0.525791764591014,4.38176823999005
0.134472110083513,5.27889839510862,6,4.46036693969109,0.415350220403615,5.67296687238288
1.63585599371835,7.82300484729064,8,9.08893760783228,1.13833556001435,6.91610672435581
-0.191482696271463,4.84863460831824,4,3.59746106611617,-0.204317604679192,4.83720766626908
-0.322591181800616,4.66508624117367,3,3.25262530878999,-0.247284960258162,4.77967833232313
-0.997146048323407,3.56775191362708,4,1.5218928039865,0.373192493956658,5.61037696935387
-0.322591181800616,4.66508624117367,3,3.25262530878999,-0.294894560486207,4.71491890584909
-1.10057895787675,3.40795883219673,3,1.28085070169463,-1.28559657956046,3.22314014186318
-1.76898101472229,2.63159110799562,0,0,-1.46392271851262,3.00647749533789
-1.16983887839725,3.30726124773633,3,1.12570044869223,-1.20138710748534,3.33582485408906
-0.191482696271463,4.84863460831824,4,3.59746106611617,0.209412982789894,5.37958311048349
-0.0350623744012784,5.05661266805648,5,4.00948730447294,0.188075478278031,5.35073659549828
0.938681855671157,6.55861322748803,7,6.8308385489268,1.30168603833831,7.20698186496181
1.40987452143043,7.42654719953181,6,8.39014742404169,1.49767365242508,7.54605463844353
0.497139607433368,5.79706945916933,4,5.46750325698139,0.124973781136941,5.26665403122416
-0.987420784756521,3.5833017672891,4,1.54509677037856,-0.590037675636239,4.28314866140109
1.81556182154249,8.10413959596673,9,9.58892361816087,2.08505011740078,8.37912766115225
0.926049310199326,6.53549316981399,7,6.78964203098823,0.769913943843151,6.25483646446705
-0.0322725858414225,5.06026451657636,5,4.0168573878025,-0.870494910395954,3.83537490917632
0.107305309730826,5.24299261422231,6,4.38759555384706,-0.449747451949651,4.49523379028675
-1.13334970272361,3.35965287840607,3,1.20679177438346,-1.5977732769131,2.86159523394232
-0.0665171975301853,5.01535660955054,5,3.92646294037985,0.833433209732765,6.36729426186812
-1.36632713100217,3.0504261098309,2,0.714624066853098,-1.48306251960978,2.98489551785035
0.00503255339673703,5.10903113486077,5,4.11553118236491,-0.869237531315824,3.83739013522753
-1.14766395989726,3.33892349946926,3,1.17480682380267,-1.45843035989917,3.01272720753031
0.999104702164805,6.66962225492892,7,7.02920991264329,0.339816606529231,5.56181802666522
0.790405455205497,6.29035853995856,6,6.35459627883259,0.538813819282267,5.8647050638643
0.890502394255938,6.47064871285722,7,6.67429503136485,1.26173808577241,7.13635646028827
-0.0350623744012784,5.05661266805648,5,4.00948730447294,-0.557526087376639,4.33335255396289
0.255956429610622,5.44298814708581,7,4.78936881395477,-0.998644411625648,3.63319208168807
0.00781518326263417,5.11266588106066,5,4.12290126569447,-0.325305308413306,4.67292203520997
-0.00439255312706619,5.09671833027127,5,4.09057863016417,-0.562892694048865,4.32510635072369
-0.172812376625474,4.87394359526271,4,3.64656744122661,-0.516831823572823,4.39532763836978
-0.322591181800616,4.66508624117367,3,3.25262530878999,0.381430678081404,5.62249602462038
0.641394934502303,6.03171995535364,5,5.89441352188302,0.150639169406732,5.30065220552031
0.168081761831017,5.32364737813858,6,4.55076138711374,-0.159755457788067,4.89611035990581
-0.176349211560998,4.86916229570909,4,3.63726431949518,0.220799701316383,5.39507514944731
-0.0350623744012784,5.05661266805648,5,4.00948730447294,-0.415138512910651,4.54563796762863
1.15459237626046,6.9569414174911,9,7.54650402667119,1.02939942084402,6.71988904721002
0.914105619301249,6.51366846852375,7,6.75078863412686,0.574276146349265,5.92210262825602
-1.11812830806939,3.38194419785297,3,1.24104744831562,-0.584717675358776,4.29140348521502
-0.322230163869121,4.66560782127761,3,3.25357516530763,0.70960770839676,6.14973640330369
-1.56346389222211,2.83078050745233,1,0.344835757326182,-1.94817218784279,2.53533207240702
-1.33321192148464,3.09082204573215,2,0.780864691366048,-1.08447089517071,3.50318480440853
-1.32128696780007,3.10564351401559,2,0.805018514275752,-1.60291148740237,2.85629947174167
-0.147633527920481,4.90781661738834,4,3.71280806573956,-0.44332681892647,4.50464353074879
-0.188319256929606,4.85293514758007,4,3.60578100596337,0.736637821107189,6.1966112350841
-0.0350623744012784,5.05661266805648,5,4.00948730447294,-0.230681179460319,4.80200438285936
1.98151931641317,8.3248154192224,10,10,1.94931546535779,8.22142156704601
-0.197503275358137,4.8404355909476,4,3.58162718305367,-1.28036726828024,3.22994028857903
-0.0259908979513276,5.0684839842575,5,4.03345667478946,0.0187707431561816,5.12799984350247
1.05118671110184,6.76570308333262,8,7.20166826934501,0.979260179281522,6.62935150927342
-0.0410573980296922,5.04876175295445,5,3.99365342141044,0.380000602726578,5.62038841566392
0.890502394255938,6.47064871285722,7,6.67429503136485,1.48177916302705,7.51915959627836
-0.175423591714247,4.87041418104702,4,3.63969899494603,-0.0821609629731089,4.99734908851942
-0.191482696271463,4.84863460831824,4,3.59746106611617,-0.514824541017596,4.39835851511758
0.177330761815167,5.33603671017673,6,4.57571393931448,0.824724374744299,6.3517890894879
0.787453997584079,6.28510785269102,6,6.34529315710116,0.605597219462701,5.9736214085629
0.951476368881251,6.58206479667795,7,6.87266639508133,0.0457596806155137,5.16301273957954
0.152750064785367,5.30318406427302,6,4.50947331480153,0.703877028440017,6.13985126622053
0.641069594442265,6.03117179240403,5,5.8934303399988,0.345542896845193,5.57008875189305
0.816034581622639,6.33612875559072,6,6.43568760452382,0.789362135457127,6.28910189687989
0.121821476729402,5.26215236279657,6,4.42644895070843,-0.584243480395729,4.29213853758348
0.525005985640362,5.84103726577637,4,5.54859458267262,1.14762764455491,6.93278191705196
-1.16606458129336,3.31261151211468,3,1.13402038853943,-1.35326232467862,3.13749127962499
0.951476368881251,6.58206479667795,7,6.87266639508133,1.55002869712077,7.63362820600282
1.01920384157791,6.70666829920909,8,7.09562439145304,2.02419240483573,8.31122234101365
-0.803826469320755,3.88874916362913,5,1.99790944399857,-0.576386875274132,4.3042993288821
-1.1694076195839,3.30787177214122,3,1.12665030520987,-1.27220491109814,3.24060683148171
-1.20746395672795,3.25479944769167,3,1.04362594111678,-0.857161140432011,3.85676438332215
1.0559521301971,6.77450639162037,8,7.21750215240751,1.25457266534519,7.12364884606253
0.748566634734552,6.21635359809927,6,6.2234153961467,0.921784046287054,6.52568105545608
-0.191482696271463,4.84863460831824,4,3.59746106611617,-0.178236041570325,4.87176605183585
0.911241395187138,6.50843999980299,7,6.74148551239544,1.02467637369996,6.71136192722356
0.128569003093101,5.27107828645458,6,4.44453305662859,0.730083051449531,6.18520757197662
-0.303925820661419,4.69192576678693,3,3.30173168390043,-0.108384552074961,4.96327722305795
1.67237311128891,7.88323317720711,8,9.19498148572425,2.79727153869331,8.91868724629641
0.288884590555379,5.48880497911553,7,4.87976326137742,0.475410203472999,5.76465267514074
0.0889227522794882,5.21880353827856,6,4.33848917873662,0.42969457304699,5.69459252265043
0.652386666960602,6.05028679310202,5,5.92768601393096,1.33279033084064,7.26168817183017
-1.36632713100217,3.0504261098309,2,0.714624066853098,-0.736741250498277,4.05068968754124
-1.33321192148464,3.09082204573215,2,0.780864691366048,-0.828292119026699,3.90319271874595
1.01920384157791,6.70666829920909,8,7.09562439145304,1.1903993804775,7.00936596907128
-1.31360246555355,3.11527308789102,2,0.820667944745062,-0.355647524305695,4.63048657472781
1.80047719236584,8.0821299924318,9,9.54912036478185,2.4759379483551,8.72168384418439
0.121821476729402,5.26215236279657,6,4.42644895070843,-0.364129441467542,4.61852483713652
1.79697352331979,8.07697295211587,9,9.53981724305043,1.81012974845932,8.03606368568457
0.132037896693377,5.27567237977276,6,4.45383617836001,-0.732637717729838,4.05728396026582
0.649316910160784,6.04509233795238,5,5.91838289219953,0.223284135435034,5.39846479259
-0.0410573980296922,5.04876175295445,5,3.99365342141044,0.0504198771754308,5.16906947496748
0.782425225318823,6.27617166770543,6,6.32945927403866,1.47209200579456,7.50270392087764
0.931199720880223,6.5449150769435,7,6.80642577056838,1.19470737375218,7.0170625561397
0.93090838106485,6.5443819509838,7,6.80547591405073,1.02096344486445,6.70465801296642
1.64914927394527,7.84509076659743,8,9.12779100469365,1.62913434033483,7.7624456354017
-1.54945100705645,2.84534365094567,1,0.369788309526916,-1.42406322305839,3.05241884336765
-1.10359697443648,3.40346126299978,3,1.27398225541405,-1.04330699564746,3.56486609861162
-1.33274147766893,3.09140396789906,2,0.781814547883691,-1.25067524813084,3.26904779775671
0.134472110083513,5.27889839510862,6,4.46036693969109,0.252313001078711,5.43833467136263
0.0413463999409642,5.15647426824976,6,4.21183753567233,1.56264162356358,7.65446956786041
0.811653414200826,6.32828301394779,6,6.42178675986318,0.0274191823932104,5.13920908773713
0.297935785525741,5.50152033652638,7,4.90471581357816,-0.0562412903470268,5.03093541763325
-1.33321192148464,3.09082204573215,2,0.780864691366048,-0.547455314441144,4.3487819789749
1.03122317256548,6.72884303748405,8,7.13542764483206,0.75481940081286,6.22835809439168
1.71864110670597,7.95742192491366,8,9.32616236841014,1.96206665261412,8.23720754130454
-1.54945100705645,2.84534365094567,1,0.369788309526916,-1.1624042206636,3.3902614080324
1.81556182154249,8.10413959596673,9,9.58892361816087,1.35173632302937,7.29487482199018
-0.288230322090324,4.71429824570997,3,3.34301975621264,-0.148238716956374,4.9112279362626
0.0889227522794882,5.21880353827856,6,4.33848917873662,-0.121819951682783,4.94577190730781
-0.0263502915342612,5.06801383960571,5,4.03250681827181,-0.398004596125431,4.57030501411066
-0.997146048323407,3.56775191362708,4,1.5218928039865,-1.25981257570488,3.25692304601644
-1.00867298100357,3.54943001606508,4,1.49450557633492,-1.08483386523322,3.50264686687168
-1.02552222986186,3.52286797159965,4,1.45470232295591,-0.998378143459674,3.63360342112618
0.77448646622753,6.26209080206287,6,6.30450672183793,0.339461253491476,5.56130558711663
-1.20746395672795,3.25479944769167,3,1.04362594111678,-0.803088704316358,3.94380731605375
-0.0228306347250525,5.07261756296142,5,4.04180994000324,0.437871829807302,5.70699659719904
-0.147272542804836,4.90830024866915,4,3.7137579222572,0.510289793410047,5.81928036856674
0.798440048388868,6.30467388782534,6,6.37995891370866,1.14636669525123,6.93051980087333
0.177330761815167,5.33603671017673,6,4.57571393931448,0.0171262873121506,5.12586938385917
0.0889227522794882,5.21880353827856,6,4.33848917873662,0.0272133090915026,5.13894215387104
0.177330761815167,5.33603671017673,6,4.57571393931448,0.991182706871929,6.65087977141685
-0.331713743196674,4.65187370465317,3,3.22862261310689,-0.833741704608865,3.89441869823169
-0.990505730915172,3.57836027967811,4,1.537726687049,-1.79944118024361,2.66612053282212
0.134472110083513,5.27889839510862,6,4.46036693969109,0.0597914181116171,5.1812613965607
0.297935785525741,5.50152033652638,7,4.90471581357816,0.606430001242691,5.97500144863738
-0.197503275358137,4.8404355909476,4,3.58162718305367,-0.176101069353921,4.87458415049691
-1.56346389222211,2.83078050745233,1,0.344835757326182,-1.43763029580858,3.03662804404481
0.795824722189937,6.30001068214429,6,6.37169720286852,1.23954077792023,7.09695386468067
0.255956429610622,5.44298814708581,7,4.78936881395477,1.04115801000525,6.74111449957107
-1.33321192148464,3.09082204573215,2,0.780864691366048,-1.00623234536328,3.62148902397891
0.918976573108969,6.52256490908545,7,6.76662251718936,1.03777204198353,6.73500311659027
-1.33321192148464,3.09082204573215,2,0.780864691366048,-0.649997731789046,4.18913968309134
0.132037896693377,5.27567237977276,6,4.45383617836001,0.182164042309066,5.34278514517531
-0.322591181800616,4.66508624117367,3,3.25262530878999,-0.509878722840623,4.40581568378463
-1.54945100705645,2.84534365094567,1,0.369788309526916,-1.4908768555191,2.97617099523491
-0.0665171975301853,5.01535660955054,5,3.92646294037985,-0.0665519016648749,5.01758330377376
1.0163918409692,6.70148251935395,8,7.08632126972162,0.77030045848392,6.255515854225
-0.30653666819272,4.68818700602872,3,3.29486323761984,-1.10666903874227,3.47048636148326
-0.990505730915172,3.57836027967811,4,1.537726687049,-0.78238731305943,3.97718491363816
-0.478815463942892,4.42965731562109,2,2.84154892695086,0.268045571316845,5.46015640045476
0.10382575819037,5.23840803351423,6,4.37829243211564,0.188220183151667,5.3509314504028
1.53723675449712,7.65414865333637,7,8.7922583690989,2.13032828073701,8.42678513761967
-0.147633527920481,4.90781661738834,4,3.71280806573956,-0.276035523126089,4.74070932339003
0.16220611320779,5.31579453908387,6,4.53492750405124,0.171767770080339,5.32884137182872
0.152396953587283,5.30271379670452,6,4.50852345828388,1.06059931066702,6.77619179929113
-1.16983887839725,3.30726124773633,3,1.12570044869223,-1.52809803333253,2.93528752136763
-0.147272542804836,4.90830024866915,4,3.7137579222572,0.757484603044615,6.23302552473456
-0.197142102438579,4.84092798451436,4,3.58257703957131,-0.552984894947447,4.3403174477862
-0.997146048323407,3.56775191362708,4,1.5218928039865,-0.556864569306683,4.33436787869873
-1.57241303116345,2.82155414070416,1,0.329001874263681,-1.64862971882208,2.80996711335358
-0.0665171975301853,5.01535660955054,5,3.92646294037985,0.375654694049121,5.61399345817261
1.06637722807693,6.7937702761141,8,7.252167909015,1.42281170931114,7.4183068951769
-1.08252502890727,3.43506708468187,3,1.32213877400685,-1.18965868465919,3.35205378922578
-1.18844609856548,3.28111805170828,3,1.08491401342899,-1.74469359863388,2.71687104357991
1.815200041561,8.10361542751119,9,9.58797376164322,2.7046174382093,8.86726156623967
-0.163135956163699,4.88699475122967,4,3.67202163047632,-0.275319876100292,4.74168433228138
1.03093656088121,6.72831409710644,8,7.13447778831442,1.51406694860036,7.57364964244858
0.918976573108969,6.52256490908545,7,6.76662251718936,0.491286061258412,5.78939115306544
-1.76898101472229,2.63159110799562,0,0,-1.72455836661836,2.73593849208484
0.14650810611852,5.29487765929371,6,4.49268957522138,0.203504783132712,5.37157223861632
-0.191482696271463,4.84863460831824,4,3.59746106611617,-0.889316394878587,3.80526094504736
0.259355099784937,5.44768627795245,7,4.79867193568619,-0.159060716291241,4.89702343077941
0.106950110251461,5.24252447556636,6,4.38664569732942,-0.580994136607067,4.29717209256897
1.39710020113335,7.40333049195737,6,8.34885935172947,1.80253190177088,8.02527614328091
-0.855972956824854,3.80027543370518,5,1.86672856131268,-0.82732621761268,3.90474822635028
0.93090838106485,6.5443819509838,7,6.80547591405073,1.27230874743474,7.15508188297153
0.255956429610622,5.44298814708581,7,4.78936881395477,0.228213473691786,5.40520042431555
-1.35352954100152,3.06590602419304,2,0.740078256102812,-0.866165749710284,3.8423149888413
-0.175423591714247,4.87041418104702,4,3.63969899494603,0.590471897465935,5.94864801210963
-0.322230163869121,4.66560782127761,3,3.25357516530763,-0.634213141819998,4.21404959310288
0.177330761815167,5.33603671017673,6,4.57571393931448,0.677043414751391,6.09382781733459
-0.322591181800616,4.66508624117367,3,3.25262530878999,-0.628260896876302,4.22341458529909
-0.35378257761493,4.61964602158373,3,3.17055080121454,-1.01770883386709,3.60386011343065
1.01920384157791,6.70666829920909,8,7.09562439145304,0.571730410675225,5.91794875440756
0.798769588388665,6.30526170055686,6,6.38100032459995,0.621630191610899,6.00028108101218
-0.0168419146062528,5.08044822255474,5,4.05764382306574,-0.404578873596602,4.56086257015519
0.297935785525741,5.50152033652638,7,4.90471581357816,0.0534044930961466,5.17295052240335
-0.0228306347250525,5.07261756296142,5,4.04180994000324,-0.761048372940383,4.01157472135153
0.103470412844902,5.23794000281057,6,4.37734257559799,-0.260491787941889,4.76182802594424
0.748566634734552,6.21635359809927,6,6.2234153961467,1.37426532699902,7.33419150988099
-0.163135956163699,4.88699475122967,4,3.67202163047632,-0.912508300597529,3.76830999166632
1.53935858124372,7.65786287334207,7,8.79878913042997,1.13277323933012,6.90611898039049
1.01920384157791,6.70666829920909,8,7.09562439145304,0.381301717601565,5.62230589938065
-0.840453863849951,3.82651830355837,5,1.90558195817406,-0.631230810748511,4.21874385764825
-1.1766088509679,3.29770446144511,3,1.11081642214737,-2.22192647650515,2.3153214442058
1.03093656088121,6.72831409710644,8,7.13447778831442,0.275699021517647,5.47082916511902
-0.166672417273187,4.88222993056887,4,3.6627185087449,-0.798512653789123,3.95118525461311
1.79697352331979,8.07697295211587,9,9.53981724305043,1.99598922441642,8.27821613580719
-0.855972956824854,3.80027543370518,5,1.86672856131268,-0.0849359770000457,4.99374863535082
-0.0168419146062528,5.08044822255474,5,4.05764382306574,-0.699815489204077,4.10989676194721
1.0559521301971,6.77450639162037,8,7.21750215240751,0.453134438930161,5.7302969644286
1.0163918409692,6.70148251935395,8,7.08632126972162,0.877452912303811,6.44599699049351
-0.855972956824854,3.80027543370518,5,1.86672856131268,-1.19032284240674,3.35113133050257
0.878466226936512,6.44877380979488,7,6.63544163450347,-0.233377349565075,4.79838748264484
-0.0350623744012784,5.05661266805648,5,4.00948730447294,-0.435098192738148,4.51666378074494
-0.997146048323407,3.56775191362708,4,1.5218928039865,-0.750959399038211,4.02781976214757
0.255956429610622,5.44298814708581,7,4.78936881395477,0.217997431694125,5.3912559843366
-1.33274147766893,3.09140396789906,2,0.781814547883691,-1.04205603525431,3.56676079702562
0.259355099784937,5.44768627795245,7,4.79867193568619,0.437394666756261,5.70627126697386
1.64914927394527,7.84509076659743,8,9.12779100469365,0.982644276858322,6.63546175116312
0.303670465021623,5.50960487477678,7,4.92054969664066,1.0885736720652,6.82661538617907
-0.035434569727321,5.05612538935562,5,4.00850412258872,0.0954785302250657,5.22786650893184
-0.322591181800616,4.66508624117367,3,3.25262530878999,0.419614543685871,5.6793781267829
0.16220611320779,5.31579453908387,6,4.53492750405124,0.541233797466145,5.86858964815077
1.52914782216407,7.63996095030871,7,8.76730581689816,1.73746440644239,7.9302400232732
-1.16983887839725,3.30726124773633,3,1.12570044869223,-1.29604188886978,3.20963538590485
-1.10057895787675,3.40795883219673,3,1.28085070169463,-1.81580588218107,2.65124465965407
-0.150808209345277,4.90356098759978,4,3.70445480052578,-0.183115519441371,4.86531941100923
-0.132508652277125,4.92803538608757,4,3.75261131911857,0.379847116581718,5.6201623079916
-1.29302262767144,3.14136919057663,2,0.86290587357492,-2.20266486223032,2.33009776338025
-0.176349211560998,4.86916229570909,4,3.63726431949518,-0.045349332974066,5.04503185253107
0.146861507069522,5.29534757793083,6,4.49363943173903,-0.507165818613252,4.40989962287366
-0.970414371946517,3.61068748398166,4,1.5858832056418,-1.33428766703258,3.16107276044309
-0.165937585405844,4.88322046966511,4,3.66465154714676,-0.414546890874083,4.54649285225857
-0.0410573980296922,5.04876175295445,5,3.99365342141044,0.491101615129501,5.78910253088335
0.748566634734552,6.21635359809927,6,6.2234153961467,0.853907061354337,6.40383586344666
-0.00439255312706619,5.09671833027127,5,4.09057863016417,-0.194895364410226,4.84972126242549
1.67237311128891,7.88323317720711,8,9.19498148572425,1.42956765635007,7.42994031180901
-0.778130484054348,3.93256547237859,5,2.0631668866273,-0.0765690835528086,5.00460120971566
-1.1766088509679,3.29770446144511,3,1.11081642214737,-1.83952405649522,2.62991123824215
-0.0505087562205014,5.03637393207629,5,3.96870086920971,0.467034453944954,5.75168616510412
-0.322591181800616,4.66508624117367,3,3.25262530878999,-0.706563699056836,4.09910131107621
0.890502394255938,6.47064871285722,7,6.67429503136485,0.900364567754045,6.48713801080838
-0.3380923129826,4.64259767237276,3,3.21183887352675,-0.103414311312427,4.96974394748966
0.878466226936512,6.44877380979488,7,6.63544163450347,-0.145883848496704,4.91431440435537
-0.150808209345277,4.90356098759978,4,3.70445480052578,-0.342712515444422,4.64864408113729
0.16220611320779,5.31579453908387,6,4.53492750405124,-0.364892403287746,4.61744669189136
-0.165937585405844,4.88322046966511,4,3.66465154714676,0.394382429595993,5.64165820884524
0.10382575819037,5.23840803351423,6,4.37829243211564,-0.525747308489156,4.38183563907827
1.84716677221628,8.14922058475243,9,9.67099812573632,2.95990517453241,9.00099974456567
0.152396953587283,5.30271379670452,6,4.50852345828388,-0.25226995340609,4.77295044611233
-1.76898101472229,2.63159110799562,0,0,-2.37003045323455,2.20463390422226
-1.00867298100357,3.54943001606508,4,1.49450557633492,-1.01789823491838,3.6035699163025
-0.322964864968864,4.66454625961707,3,3.25164212690577,-0.275490212460477,4.74145228717379
0.259355099784937,5.44768627795245,7,4.79867193568619,0.205851891184686,5.37475245679525
-0.97428375197472,3.60443540944525,4,1.57658008391038,-1.10799793005716,3.46854197215322
-0.178832128639264,4.8658021467509,4,3.63073355816411,0.161749070076005,5.31545061282817
0.273871099457854,5.46783104126314,7,4.83847518906521,1.59701048007434,7.71069739485251
0.128569003093101,5.27107828645458,6,4.44453305662859,0.779608465584914,6.27189681536237
0.878466226936512,6.44877380979488,7,6.63544163450347,0.636717532653762,6.02553985006292
-0.363264403136776,4.60568236835537,3,3.1455982490138,-0.145343107038474,4.9150229246641
0.00503255339673703,5.10903113486077,5,4.11553118236491,0.427157892428741,5.69075587208683
-0.175423591714247,4.87041418104702,4,3.63969899494603,0.606375637713027,5.97491134449808
0.288884590555379,5.48880497911553,7,4.87976326137742,0.158874794734219,5.31161705836659
0.911241395187138,6.50843999980299,7,6.74148551239544,1.45205361472237,7.46851908628347
-0.0168419146062528,5.08044822255474,5,4.05764382306574,-0.595305835682722,4.27495949818028
1.05118671110184,6.76570308333262,8,7.20166826934501,1.76647927677142,7.97319401711712
-0.0665171975301853,5.01535660955054,5,3.92646294037985,0.333794568024268,5.55314663959739
0.0391203456378836,5.15356437375367,5,4.20592562978756,-0.16138190005958,4.89397221709227
-0.794745141963356,3.90422448034805,5,2.02092895779744,-1.51260877788798,2.95216738145279
0.27352517311656,5.46734946699665,7,4.83752533254756,1.48078465394103,7.51747240089884
-0.000877842681418453,5.10131023680532,5,4.0998817518956,-0.760709687218973,4.01212025237414
0.121821476729402,5.26215236279657,6,4.42644895070843,-0.0431980719942805,5.047815247354
-1.33321192148464,3.09082204573215,2,0.780864691366048,-1.30742612454044,3.19503518466547
0.14650810611852,5.29487765929371,6,4.49268957522138,0.454596463026168,5.73253911885448
-0.836747605902221,3.83279820475322,5,1.91488507990548,0.00380744259192469,5.10862324142927
0.668121964618436,6.07702233542875,5,5.97550484757425,-0.389422875614479,4.5825891735488
-0.0665171975301853,5.01535660955054,5,3.92646294037985,0.535834513278199,5.85992920578283
-0.855972956824854,3.80027543370518,5,1.86672856131268,-0.284641782286058,4.72896323115879
-0.222691584251679,4.80591963377193,4,3.51538655854072,0.116201545025641,5.25508880932179
0.255956429610622,5.44298814708581,7,4.78936881395477,0.689363320350677,6.1149031795457
-0.959462658234631,3.62844838745311,4,1.61228725140916,-2.06907006699333,2.43533396373001
0.911241395187138,6.50843999980299,7,6.74148551239544,1.83711557010831,8.07383425209969
-0.0224713164820158,5.07308748519055,5,4.04275979652088,0.0503162542745409,5.16893475776642
-1.38702651832564,3.02573089939699,2,0.673837631589862,-1.93552672376113,2.54609285692368
0.808718530236127,6.32303209915856,6,6.41248363813176,0.379998364535563,5.62038511834517
0.10382575819037,5.23840803351423,6,4.37829243211564,0.377996902638899,5.61743813808303
-0.0410573980296922,5.04876175295445,5,3.99365342141044,-0.968524690714054,3.67999448038094
-0.0319130695522268,5.06073505691853,5,4.01780724432015,-0.241375047523913,4.78763943511734
-0.34776556154122,4.62847038809439,3,3.18638468427704,-1.52201231230913,2.94189724133016
0.259355099784937,5.44768627795245,7,4.79867193568619,0.336075773484855,5.55642826379966
-0.160653465095692,4.89033613666264,4,3.6785523918074,-0.20339543089647,4.83843390966435
-0.131583643168611,4.92926904159208,4,3.75504599456941,-1.0032320565749,3.62611202281731
0.255956429610622,5.44298814708581,7,4.78936881395477,0.205962478055344,5.37490236800254
-0.970414371946517,3.61068748398166,4,1.5858832056418,-1.966298995632,2.52001226246041
0.782425225318823,6.27617166770543,6,6.32945927403866,0.0190884434726439,5.12841146904613
-1.57241303116345,2.82155414070416,1,0.329001874263681,-1.53943302597042,2.92305278885458
0.255956429610622,5.44298814708581,7,4.78936881395477,0.0638129100175478,5.18649845181405
-1.33321192148464,3.09082204573215,2,0.780864691366048,-1.36930357729174,3.11781666031727
-0.35378257761493,4.61964602158373,3,3.17055080121454,0.0716882096352799,5.19676417757812
-0.990505730915172,3.57836027967811,4,1.537726687049,-1.28400078002907,3.2252125320592
1.15459237626046,6.9569414174911,9,7.54650402667119,1.17351962424896,6.97917786492231
0.649316910160784,6.04509233795238,5,5.91838289219953,-0.322578039902139,4.67670972677355
-0.206991412732041,4.82747517162313,4,3.55667463085293,0.00725005554294066,5.11307959601463
-0.0661570687581105,5.01582996740873,5,3.92741279689749,0.773636244960682,6.26138205241867
0.641394934502303,6.03171995535364,5,5.89441352188302,0.265167942038584,5.45615331759182
1.66371275304582,7.86907705388303,8,9.17002893352351,1.29195089833429,7.18980677811401
-1.13955849715904,3.35063362557474,3,1.19289092972282,-0.369533373094035,4.61088075791927
-0.973888426294667,3.60507360710306,4,1.57752994042802,-0.53098355546878,4.37388874500873
-0.160653465095692,4.89033613666264,4,3.6785523918074,-0.28986667602506,4.72181315280156
-0.0479067208086847,5.03978579252313,5,3.97556931549029,0.220636216603733,5.39485221941069
0.27352517311656,5.46734946699665,7,4.83752533254756,0.543627862445124,5.87243733171929
-0.0505087562205014,5.03637393207629,5,3.96870086920971,-0.286649914559465,4.72621688758967
0.790405455205497,6.29035853995856,6,6.35459627883259,0.93925064750431,6.55715600040263
-0.165937585405844,4.88322046966511,4,3.66465154714676,0.115843633590757,5.25461749582673
-0.0661570687581105,5.01582996740873,5,3.92741279689749,1.06995427423277,6.79306143122778
0.636151628022401,6.02289537681828,5,5.87857963882052,0.555182031494498,5.89107226547847
-0.176349211560998,4.86916229570909,4,3.63726431949518,-1.18260187615924,3.36188053959489
0.837142038326465,6.37404386431423,6,6.50287808555441,0.726702609256459,6.17933540016301
-0.000877842681418453,5.10131023680532,5,4.0998817518956,-0.81714549864523,3.92114926381605
-0.273097744208982,4.73570406796495,3,3.38282300959166,-0.94342899695202,3.71937598885309
0.644146800614061,6.03635976554624,5,5.90273346173022,0.98634784591527,6.64214917525605
0.655342380137044,6.05529490042988,5,5.93665145071288,0.736799484288973,6.196892774308
-0.0263502915342612,5.06801383960571,5,4.03250681827181,0.732727967932897,6.18980633126613
0.27352517311656,5.46734946699665,7,4.83752533254756,-0.110694483911426,4.96027018839467
0.259355099784937,5.44768627795245,7,4.79867193568619,-0.81104568005475,3.93098014453044
-0.840453863849951,3.82651830355837,5,1.90558195817406,-1.13284216589549,3.43247082000523
-0.150808209345277,4.90356098759978,4,3.70445480052578,0.00660322021765256,5.11224222243209
-0.132508652277125,4.92803538608757,4,3.75261131911857,-0.367852545027622,4.61326029467184
1.98151931641317,8.3248154192224,10,10,3.23181266213722,9.12123500172173
0.878466226936512,6.44877380979488,7,6.63544163450347,1.28597919555114,7.17925947805057
-1.11856364069754,3.38130313284036,3,1.2400642664314,-1.32151381995202,3.17713830601748
-1.1177078167645,3.38256360444425,3,1.24199730483326,-0.174591528300928,4.87657576983533
0.926340934345225,6.53602648743321,7,6.79059188750588,1.00359439199701,6.67329344351199
-0.0164827287313314,5.08091778811134,5,4.05859367958338,-0.420814893798677,4.53742419131117
0.641394934502303,6.03171995535364,5,5.89441352188302,0.453129751020219,5.73028977793641
-1.13955849715904,3.35063362557474,3,1.19289092972282,-1.25004837300998,3.26988255818074
-0.963316287122454,3.6221879197677,4,1.60298412967773,-0.528093419789204,4.37827708823901
0.0391203456378836,5.15356437375367,5,4.20592562978756,0.322964572244454,5.53761956502304
0.303670465021623,5.50960487477678,7,4.92054969664066,0.5109534691767,5.82032963578873
0.103470412844902,5.23794000281057,6,4.37734257559799,0.119587360010835,5.25954951866774
-0.977003426175226,3.60004837479053,4,1.5700493225793,0.0586135212026241,5.17972808172884
-0.116824646795621,4.94891057913888,4,3.79389939143079,-0.755086514844857,4.02117583616557
0.679349729697701,6.0962086870954,5,6.00976052150641,0.665924940152895,6.07489098098307
0.693143332304857,6.11990071715563,5,6.05199845033627,0.969246348805819,6.61127317209146
0.00854492291006747,5.11361906846741,5,4.12483430409633,0.716425337499993,6.16152113822685
-0.151169215169049,4.90307679498142,4,3.70350494400813,-0.470434734913847,4.46473346089419
0.103470412844902,5.23794000281057,6,4.37734257559799,0.475572222025706,5.76490407494097
0.303670465021623,5.50960487477678,7,4.92054969664066,-0.924417370416518,3.74941425378293
1.05118671110184,6.76570308333262,8,7.20166826934501,2.04482068312612,8.33474329878407
-1.08252502890727,3.43506708468187,3,1.32213877400685,-1.2666385744691,3.2479174842896
-1.11812830806939,3.38194419785297,3,1.24104744831562,-0.739507404001719,4.04624285495869
-1.15478743816113,3.3286924261145,3,1.15897294074017,-0.789300517269156,3.96603873266381
-1.34561463624568,3.07556228144223,2,0.755912139165313,-2.03026916693103,2.46688843097014
0.679349729697701,6.0962086870954,5,6.00976052150641,-0.740209595521187,4.04511381305962
1.01920384157791,6.70666829920909,8,7.09562439145304,0.566094735731093,5.90877126381709
1.65234676205551,7.85037618321329,8,9.13709412642508,1.41366972971872,7.40253520277511
0.134472110083513,5.27889839510862,6,4.46036693969109,0.316832803572392,5.52886632383089
1.66693660188252,7.87435624647762,8,9.17933205525494,1.4359078957432,7.44084047032438
-0.191482696271463,4.84863460831824,4,3.59746106611617,-0.698586969305748,4.11186072272766
-0.147272542804836,4.90830024866915,4,3.7137579222572,-1.5041295753098,2.96148791988474
-0.823655564287722,3.85501536024308,5,1.94781988700391,-0.55671793124648,4.33459291044203
0.259355099784937,5.44768627795245,7,4.79867193568619,-0.348381228654317,4.64069906151854
-0.151169215169049,4.90307679498142,4,3.70350494400813,0.953245545544487,6.5823969409882
-0.197503275358137,4.8404355909476,4,3.58162718305367,0.228221887692789,5.40521193330466
1.09820941016737,6.85262640058841,8,7.35821178690697,1.55532435659327,7.64239156335297
-0.0168419146062528,5.08044822255474,5,4.05764382306574,-0.256635084784072,4.76704941162447
-1.15788528622989,3.32426081310653,3,1.15210449445959,-0.860068064314973,3.85209775900519
-1.34561463624568,3.07556228144223,2,0.755912139165313,-0.519460521540473,4.39135467765549
-1.00867298100357,3.54943001606508,4,1.49450557633492,-1.24348110385367,3.27865028058592
-0.191121535048228,4.8491258491682,4,3.59841092263381,0.119687178216209,5.25968108483562
0.27352517311656,5.46734946699665,7,4.83752533254756,0.698370643129994,6.13037123635433
-1.12225115577867,3.37588126758323,3,1.23174432658419,-1.55447808882223,2.90696440072285
0.893673172968014,6.47641870446527,7,6.68454800961391,0.873549256953592,6.43899809322301
0.134472110083513,5.27889839510862,6,4.46036693969109,0.128937832472138,5.27188899005088
0.132037896693377,5.27567237977276,6,4.45383617836001,1.79903358134424,8.02028683300078
-0.165937585405844,4.88322046966511,4,3.66465154714676,0.0530062572699584,5.17243258201327
0.137938315043845,5.28349532742526,6,4.46967006142251,-0.672166993218938,4.15398371003035
0.259355099784937,5.44768627795245,7,4.79867193568619,0.722685783661457,6.17236583134911
0.119257217426414,5.25876368440073,6,4.41958050442785,0.213883636810816,5.38565718431088
-0.936527432831122,3.66594124454269,4,1.66792438785067,-0.0990075763852646,4.97547372883156
-0.147633527920481,4.90781661738834,4,3.71280806573956,0.491470196852286,5.7896793176713
1.01920384157791,6.70666829920909,8,7.09562439145304,0.660436964196633,6.06557384513633
0.10382575819037,5.23840803351423,6,4.37829243211564,-1.43086996711915,3.04447638103662
0.103470412844902,5.23794000281057,6,4.37734257559799,-0.589357480664348,4.28420493305951
-0.222691584251679,4.80591963377193,4,3.51538655854072,0.475203197738258,5.76433150190598
1.66609233120216,7.8729748025739,8,9.17689737980409,1.44959902698587,7.46431870281646
-0.191856529523124,4.8481260603893,4,3.59647788423195,-0.912663985067171,3.76806260580715
-1.52650300072276,2.86950792362241,1,0.411076381839131,-1.35328570912052,3.13746242503652
0.303670465021623,5.50960487477678,7,4.92054969664066,0.391901861350018,5.63797780201226
-0.0665171975301853,5.01535660955054,5,3.92646294037985,0.506875728530349,5.81388853722647
1.15459237626046,6.9569414174911,9,7.54650402667119,1.38134411733514,7.34651028223061
-1.02552222986186,3.52286797159965,4,1.45470232295591,-1.43086996711915,3.04447638103662
-1.30904963612495,3.12100758641752,2,0.829971066476486,-1.15446515115323,3.40151955965864
-1.15478743816113,3.3286924261145,3,1.15897294074017,-1.30106867027188,3.20317335735847
-1.4995891151169,2.89836681300814,1,0.46018275694957,-1.17739090328335,3.36916668391726
-0.675561942500133,4.10723127731343,6,2.32691131826225,-0.528947972281905,4.37698007774581
-0.0410573980296922,5.04876175295445,5,3.99365342141044,-0.225264100865653,4.8092617241802
-1.2889799412848,3.14654857024731,2,0.871259138788701,-2.05185290753033,2.44927630849612
1.0163918409692,6.70148251935395,8,7.08632126972162,0.48607579235595,5.78124904132988
1.69478342871271,7.9194775010995,8,9.25897188737954,1.41435960754376,7.40372654211456
1.0163918409692,6.70148251935395,8,7.08632126972162,0.856803765997794,6.40901530392582
-0.303925820661419,4.69192576678693,3,3.30173168390043,0.0279059060942721,5.13984019113774
0.259355099784937,5.44768627795245,7,4.79867193568619,0.106437584302297,5.24224609281632
0.0889227522794882,5.21880353827856,6,4.33848917873662,0.0346528828856995,5.14859173223835
-0.222691584251679,4.80591963377193,4,3.51538655854072,-0.429973754995893,4.52412724670289
1.05118671110184,6.76570308333262,8,7.20166826934501,0.437396763489241,5.70627445378113
1.79697352331979,8.07697295211587,9,9.53981724305043,0.985878205001091,6.64130114079245
1.0559521301971,6.77450639162037,8,7.21750215240751,0.657228960249062,6.06013681726296
-1.33321192148464,3.09082204573215,2,0.780864691366048,-1.47504066033556,2.99390390807778
-0.0665171975301853,5.01535660955054,5,3.92646294037985,-0.68659534843085,4.13100748971964
-1.54945100705645,2.84534365094567,1,0.369788309526916,-2.26203471150558,2.28484646472887
-0.0665171975301853,5.01535660955054,5,3.92646294037985,0.617846919270167,5.99397311250226
0.89079623576715,6.47118330274123,7,6.67524488788249,0.760549492645917,6.23839709268017
-0.0665171975301853,5.01535660955054,5,3.92646294037985,-1.04298021033984,3.56536093512109
0.421169872196327,5.68057591192404,8,5.24955157090434,0.414328948730119,5.67143363920471
0.134472110083513,5.27889839510862,6,4.46036693969109,0.217254777995456,5.39024456091251
-0.178832128639264,4.8658021467509,4,3.63073355816411,0.13198374209841,5.27591529068621
-1.1766088509679,3.29770446144511,3,1.11081642214737,-1.68194914585888,2.77705240140732
1.98151931641317,8.3248154192224,10,10,2.28804009127106,8.57516900158149
-0.181443487695384,4.86226493088362,4,3.62386511188353,-0.0352686336915572,5.05807313240118
-1.33321192148464,3.09082204573215,2,0.780864691366048,-0.763467712044493,4.00767748686956
-0.3380923129826,4.64259767237276,3,3.21183887352675,0.0664200045340771,5.18989539025349
1.84101549539276,8.14055721968878,9,9.65516424267382,0.708725630494907,6.14821361886714
0.878466226936512,6.44877380979488,7,6.63544163450347,-0.00877213112318535,5.09234545141112
0.152396953587283,5.30271379670452,6,4.50852345828388,-0.680022554228451,4.14148295128753
-0.13511828512505,4.92455325478015,4,3.74574287283799,-0.0801451258081666,4.99996389455696
-0.34776556154122,4.62847038809439,3,3.18638468427704,-0.774291042758917,3.99023638282782
-0.141989898331398,4.91537159098448,4,3.72765876691784,-1.04830296650414,3.55731074419322
-1.31240986336151,3.1167731136388,2,0.823102620195905,-1.65002750879837,2.80857223684746
1.03093656088121,6.72831409710644,8,7.13447778831442,1.10362828355745,6.85372032413071
-1.54945100705645,2.84534365094567,1,0.369788309526916,-2.9063770568442,1.83915704770284
0.297935785525741,5.50152033652638,7,4.90471581357816,0.136901451060746,5.2824231014463
-0.977003426175226,3.60004837479053,4,1.5700493225793,-1.65129719364438,2.80730628444311
0.790405455205497,6.29035853995856,6,6.35459627883259,0.620447432725067,5.9983079034655
-1.15478743816113,3.3286924261145,3,1.15897294074017,0.0436907810789274,5.16032502427297
0.259355099784937,5.44768627795245,7,4.79867193568619,-0.844215827529466,3.87756658840745
-0.197503275358137,4.8404355909476,4,3.58162718305367,-0.252272123566997,4.77294751463492
-0.970414371946517,3.61068748398166,4,1.5858832056418,-0.220180418241144,4.81606090270035
-1.1702853661459,3.30662938363112,3,1.12471726680801,-1.80275420802328,2.66309836798992
0.137938315043845,5.28349532742526,6,4.46967006142251,1.56485563312466,7.65811690515885
0.259355099784937,5.44768627795245,7,4.79867193568619,-0.241754909346938,4.78712821814057
0.27352517311656,5.46734946699665,7,4.83752533254756,1.01283905145008,6.68998776888468
0.0889227522794882,5.21880353827856,6,4.33848917873662,-0.0877440734383172,4.990104158687
0.134472110083513,5.27889839510862,6,4.46036693969109,-0.642918375901914,4.20032489365791
-0.0665171975301853,5.01535660955054,5,3.92646294037985,0.106315729333012,5.24208600573152
0.146861507069522,5.29534757793083,6,4.49363943173903,-0.361986505461234,4.62155111142776
-0.804589942885394,3.88744878262134,5,1.99597640559671,-1.49591209552444,2.9705756099469
0.288884590555379,5.48880497911553,7,4.87976326137742,0.349803578584826,5.57625871193625
0.297935785525741,5.50152033652638,7,4.90471581357816,-0.169605282859484,4.88314901756987
-0.0665171975301853,5.01535660955054,5,3.92646294037985,-0.400863304329946,4.56620253470734
-0.0410573980296922,5.04876175295445,5,3.99365342141044,0.380933960724326,5.62176379129224
-0.990917548605127,3.57770125081639,4,1.53674350516478,-1.07986487772813,3.51002040812582
-0.0350623744012784,5.05661266805648,5,4.00948730447294,-0.460493281433671,4.47942531881636
1.15459237626046,6.9569414174911,9,7.54650402667119,1.41405564945563,7.4032016647865
1.56436327690078,7.70138941380015,7,8.87528273319199,2.54097042349731,8.76621712693179
1.56372783831465,7.70028906210996,7,8.87334969479013,1.9188665495485,8.18290523195241
0.14650810611852,5.29487765929371,6,4.49268957522138,0.317172731571156,5.52935086814176
-0.990505730915172,3.57836027967811,4,1.537726687049,-0.301070001956999,4.70643238635551
-0.634761129902912,4.1759461619463,6,2.43295519615422,0.103154361155071,5.23793434886742
-0.175423591714247,4.87041418104702,4,3.63969899494603,-0.0717640352874968,5.01082984466077
-1.54945100705645,2.84534365094567,1,0.369788309526916,-1.5271492663494,2.93631608763468
-0.116463896956101,4.94938971654086,4,3.79484924794843,0.279712965801579,5.4764419335822
-0.77191753778747,3.94316956750885,5,2.0790007696898,-1.73665603298752,2.72445545726654
0.02356207573836,5.13323476243203,5,4.16463755747535,0.192674901503604,5.35693508312681
-0.206630226696001,4.82796943315089,4,3.55762448737058,-0.609796088636404,4.25236114230435
1.98151931641317,8.3248154192224,10,10,1.52187166405847,7.5867334517528
-1.76898101472229,2.63159110799562,0,0,-1.11791132636913,3.45408465179296
-0.331713743196674,4.65187370465317,3,3.22862261310689,-0.00376785488041303,5.09881993705938
0.152750064785367,5.30318406427302,6,4.50947331480153,0.39774202191384,5.6466507130343
0.89079623576715,6.47118330274123,7,6.67524488788249,0.718447093037386,6.16502094492099
1.41701709745153,7.43950484347464,6,8.41316693784056,2.11166075607048,8.40742643367254
0.770056385477994,6.2542476006948,6,6.29060587717729,0.766635749094193,6.24907698649919
-0.00439255312706619,5.09671833027127,5,4.09057863016417,0.101004202590368,5.23511238950748
-0.175423591714247,4.87041418104702,4,3.63969899494603,0.330530187121264,5.54845737983783
-0.478815463942892,4.42965731562109,2,2.84154892695086,-1.34099029562662,3.15270433608764
-0.836747605902221,3.83279820475322,5,1.91488507990548,-0.0849290559617238,4.99375761640438
0.134472110083513,5.27889839510862,6,4.46036693969109,0.369999885123381,5.60569474583894
1.20144409309252,7.04360754223211,9,7.70304754423315,0.418190671662115,5.67723572872009
-0.0665171975301853,5.01535660955054,5,3.92646294037985,-0.452087168449169,4.49179816194951
-0.0479067208086847,5.03978579252313,5,3.97556931549029,-0.297169108750332,4.71179555562123
-0.147272542804836,4.90830024866915,4,3.7137579222572,-0.584117275785049,4.29233414765719
-1.12225115577867,3.37588126758323,3,1.23174432658419,-1.23299350347734,3.29273739526545
-1.54945100705645,2.84534365094567,1,0.369788309526916,-1.23264970489055,3.29320096912777
-0.0410573980296922,5.04876175295445,5,3.99365342141044,-0.137915532915171,4.92474713751034
-0.197503275358137,4.8404355909476,4,3.58162718305367,-0.31419404059718,4.68832688386852
-0.176349211560998,4.86916229570909,4,3.63726431949518,-0.164259420747485,4.89018739268115
0.790405455205497,6.29035853995856,6,6.35459627883259,1.35717452308906,7.30438032585401
-0.0661570687581105,5.01582996740873,5,3.92741279689749,-0.621582498483854,4.23390274204995
-0.0168419146062528,5.08044822255474,5,4.05764382306574,-0.213482257381025,4.82500276336746
-0.197503275358137,4.8404355909476,4,3.58162718305367,-0.397693251818851,4.57075150315235
-0.197503275358137,4.8404355909476,4,3.58162718305367,0.222471093325598,5.3973551371325
-0.660224037879592,4.13314258223761,6,2.36671457164127,-1.32181949444209,3.17675206383744
1.0163918409692,6.70148251935395,8,7.08632126972162,1.54765903925999,7.62970089880426
1.71864110670597,7.95742192491366,8,9.32616236841014,2.41766046438652,8.679276216551
-0.0203602915329468,5.07584807993587,5,4.04834070133431,0.510164164649406,5.81908179146196
-0.291767013489257,4.70927237190716,3,3.33371663448122,-0.0930572001650223,4.98320533113003
-0.0164827287313314,5.08091778811134,5,4.05859367958338,-0.876966025223819,3.82501002174354
-1.56346389222211,2.83078050745233,1,0.344835757326182,-1.71594097952258,2.74416831976895
0.14650810611852,5.29487765929371,6,4.49268957522138,0.38113071809171,5.62205381673826
-1.11812830806939,3.38194419785297,3,1.24104744831562,-0.119220587118882,4.9491616581418
0.297935785525741,5.50152033652638,7,4.90471581357816,0.0226241580931994,5.13299321094972
-0.30653666819272,4.68818700602872,3,3.29486323761984,-0.320030212499334,4.68024433497021
0.00503255339673703,5.10903113486077,5,4.11553118236491,0.266210606323376,5.45760316010384
1.81556182154249,8.10413959596673,9,9.58892361816087,1.48211722862866,7.51973301278141
0.926340934345225,6.53602648743321,7,6.79059188750588,0.352419130262306,5.58005317250917
0.89079623576715,6.47118330274123,7,6.67524488788249,0.0901107703840337,5.22083601746136
-1.38702651832564,3.02573089939699,2,0.673837631589862,-1.84987791318629,2.62068011066596
-0.0410573980296922,5.04876175295445,5,3.99365342141044,0.581087084525215,5.93324107311125
0.137938315043845,5.28349532742526,6,4.46967006142251,0.832460410319339,6.36556110133562
0.782425225318823,6.27617166770543,6,6.32945927403866,0.486280069023568,5.78156783803
-1.34561463624568,3.07556228144223,2,0.755912139165313,-1.39890444102203,3.0821303578308
-0.322591181800616,4.66508624117367,3,3.25262530878999,0.568234880525353,5.91225344585033
-0.619876543795726,4.20082591886619,1,2.47176061742394,-1.34553869939014,3.14704949612231
-0.0479067208086847,5.03978579252313,5,3.97556931549029,-0.22784735703011,4.80580249189753
0.893379519610786,6.47588420740187,7,6.68359815309627,1.85338544099765,8.09618921880036
-0.206991412732041,4.82747517162313,4,3.55667463085293,-0.390165228677012,4.58152839525001
0.177330761815167,5.33603671017673,6,4.57571393931448,0.0738812153891628,5.19962531188287
-0.0168419146062528,5.08044822255474,5,4.05764382306574,0.355475343034769,5.58449353804813
1.69478342871271,7.9194775010995,8,9.25897188737954,1.19506170898978,7.0176954581721
0.103470412844902,5.23794000281057,6,4.37734257559799,-0.768060727876748,4.00027725905263
-0.363264403136776,4.60568236835537,3,3.1455982490138,0.111178026519455,5.24847746343989
-1.13955849715904,3.35063362557474,3,1.19289092972282,-0.785755029327943,3.97175527417739
0.421169872196327,5.68057591192404,8,5.24955157090434,1.19006284005188,7.00876457325957
1.79697352331979,8.07697295211587,9,9.53981724305043,1.314673768333,7.22985687283099
-0.191482696271463,4.84863460831824,4,3.59746106611617,0.440501175227813,5.71099682496951
0.106950110251461,5.24252447556636,6,4.38664569732942,0.874324448315372,6.44038767224998
-1.56346389222211,2.83078050745233,1,0.344835757326182,-1.82579403823086,2.64222854824669
-1.2889799412848,3.14654857024731,2,0.871259138788701,-1.31329660805431,3.18755450300922
-0.970019621436898,3.61132600093718,4,1.58683306215944,-1.33399344992642,3.16144106530326
0.0232039138777692,5.13276688305707,5,4.1636877009577,-0.490869456665163,4.43433395049315
-1.00867298100357,3.54943001606508,4,1.49450557633492,-1.96825024757991,2.51837043147854
0.918382179706397,6.52147897387385,7,6.7646894787875,0.84997318458289,6.39680549184595
1.15459237626046,6.9569414174911,9,7.54650402667119,0.458175926511827,5.73803610070482
-0.0259908979513276,5.0684839842575,5,4.03345667478946,0.412321048999404,5.66842167073271
1.03093656088121,6.72831409710644,8,7.13447778831442,1.77882727136277,7.99119624964912
-0.0168419146062528,5.08044822255474,5,4.05764382306574,0.062395974432902,5.18465284388546
-0.0228306347250525,5.07261756296142,5,4.04180994000324,0.0504518033031744,5.16911098160862
-1.1770416770438,3.29709521361657,3,1.10986656562973,-0.663288495401155,4.16808575228828
0.951476368881251,6.58206479667795,7,6.87266639508133,0.424627350759798,5.68693379610685
1.0163918409692,6.70148251935395,8,7.08632126972162,0.44104211591853,5.71182051208138
-0.0357941565844918,5.05565460095592,5,4.00755426607108,-0.802815851605095,3.94424721875718
-0.165937585405844,4.88322046966511,4,3.66465154714676,-0.553029230304583,4.3402495080075
1.0559521301971,6.77450639162037,8,7.21750215240751,0.230049201461593,5.40771236098346
-0.3380923129826,4.64259767237276,3,3.21183887352675,-0.336329013009223,4.65756793787072
1.05118671110184,6.76570308333262,8,7.20166826934501,0.719704239970547,6.16719831235696
-1.02552222986186,3.52286797159965,4,1.45470232295591,-1.8554319806098,2.6157482836001
0.905668718726576,6.49827359345143,7,6.72340140647528,0.5954298245274,5.95681482526838
1.69478342871271,7.9194775010995,8,9.25897188737954,1.21447230572132,7.05233081479769
-0.990505730915172,3.57836027967811,4,1.537726687049,-1.5822951688968,2.87765990832774
1.04367192348942,6.75182418456146,8,7.17671571714427,1.1077998487642,6.86122658272163
-1.52650300072276,2.86950792362241,1,0.411076381839131,-1.03314872966904,3.58028466764257
-0.0514311865274963,5.03516414713587,5,3.96626619375886,0.438031654121474,5.70723958658086
-0.0505087562205014,5.03637393207629,5,3.96870086920971,0.187233541713205,5.34960307423555
0.255956429610622,5.44298814708581,7,4.78936881395477,-0.198416061286401,4.84504943106193
0.761312492809451,6.23879806710487,6,6.26321864952571,0.599182915293778,5.96300950675978
-0.973888426294667,3.60507360710306,4,1.57752994042802,-0.874173436526222,3.82948159390812
-0.13511828512505,4.92455325478015,4,3.74574287283799,-0.158810947623223,4.89735165599737
0.177330761815167,5.33603671017673,6,4.57571393931448,1.03309224824835,6.72655561626523
0.52566759078431,5.84208924455413,4,5.55052762107448,0.758065416535845,6.23404312431151
-0.980882488704069,3.59380181118218,4,1.56074620084787,-0.399770212937613,4.56777182711766
-0.634761129902912,4.1759461619463,6,2.43295519615422,-0.45579137207024,4.4863516518337
-1.34561463624568,3.07556228144223,2,0.755912139165313,-1.19131611944327,3.3497525233262
-0.303925820661419,4.69192576678693,3,3.30173168390043,-1.16465889915312,3.38707460605204
0.10382575819037,5.23840803351423,6,4.37829243211564,0.348189981472796,5.5739204158973
-0.197503275358137,4.8404355909476,4,3.58162718305367,-1.04206782458591,3.56674293560257
-1.08211143852443,3.43569215067515,3,1.32308863052449,-0.972043048881755,3.67450009452634
-0.788509554231711,3.91485745897383,5,2.03676284085995,0.808134654466524,6.32232306714675
-1.00867298100357,3.54943001606508,4,1.49450557633492,-0.851078984523507,3.86653401986993
0.641709217455124,6.03224956463544,5,5.89536337840066,0.598149783409834,5.96130319573639
1.84716677221628,8.14922058475243,9,9.67099812573632,1.39433665448048,7.36907460595621
1.0163918409692,6.70148251935395,8,7.08632126972162,0.665384134311862,6.07397194804012
0.654539973381724,6.05393467578965,5,5.93421677526203,0.680390636037827,6.09954436348065
-0.977003426175226,3.60004837479053,4,1.5700493225793,-1.89999003965229,2.57666936280546
-0.970414371946517,3.61068748398166,4,1.5858832056418,-1.54171061119724,2.92060627547785
0.106950110251461,5.24252447556636,6,4.38664569732942,-0.721520570358371,4.07513233375943
1.15459237626046,6.9569414174911,9,7.54650402667119,0.798797625027389,6.30578258987749
1.81556182154249,8.10413959596673,9,9.58892361816087,1.51312314193429,7.57206504467366
0.134472110083513,5.27889839510862,6,4.46036693969109,-0.235563250109734,4.79545273255842
-1.02552222986186,3.52286797159965,4,1.45470232295591,-0.93225965671798,3.73700370919991
-0.0665171975301853,5.01535660955054,5,3.92646294037985,0.432149347727487,5.69831035467865
0.16220611320779,5.31579453908387,6,4.53492750405124,-0.0409043140541068,5.05078278864588
-0.0661570687581105,5.01582996740873,5,3.92741279689749,0.511778698458643,5.82163482821699
-0.197503275358137,4.8404355909476,4,3.58162718305367,-1.26517437723242,3.24984544460947
0.421169872196327,5.68057591192404,8,5.24955157090434,0.695240903607121,6.1249910239845
-0.0263502915342612,5.06801383960571,5,4.03250681827181,-0.180755946758316,4.86843784813952
-1.54945100705645,2.84534365094567,1,0.369788309526916,-0.799444709375744,3.94968246677554
-1.56346389222211,2.83078050745233,1,0.344835757326182,-0.86610672650145,3.84240964065614
1.98151931641317,8.3248154192224,10,10,2.54432316437724,8.76843901497349
0.13721822512353,5.28254001614433,6,4.46773702302065,0.0506016268607711,5.16930576721859
1.01920384157791,6.70666829920909,8,7.09562439145304,0.846503363892691,6.39060796847263
0.916115266809695,6.51733821687543,7,6.75731939545794,-0.338181800159885,4.65498031569671
-0.0410573980296922,5.04876175295445,5,3.99365342141044,0.225509924969723,5.4015044928911
1.65234676205551,7.85037618321329,8,9.13709412642508,2.22104467184209,8.51531417845712
0.177330761815167,5.33603671017673,6,4.57571393931448,0.689177156731287,6.1145840083793
-0.0665171975301853,5.01535660955054,5,3.92646294037985,0.57055003745582,5.91602447700195
1.84716677221628,8.14922058475243,9,9.67099812573632,1.57357134037721,7.67244218692269
-0.165937585405844,4.88322046966511,4,3.66465154714676,-0.491377913572126,4.43357413389178
0.122730237947102,5.26335374069205,6,4.42888362615928,-0.544173233046137,4.35379757295889
-1.1770416770438,3.29709521361657,3,1.10986656562973,-0.653217440672322,4.18404577358613
1.67789108735383,7.8922098792285,8,9.21081536878675,1.73779640118591,7.93073658615847
0.916115266809695,6.51733821687543,7,6.75731939545794,1.08975719536345,6.82874710684794
-0.000877842681418453,5.10131023680532,5,4.0998817518956,-0.305876238867976,4.69981299361809
0.134472110083513,5.27889839510862,6,4.46036693969109,-0.0483249969702318,5.04118143246716
0.939000788181985,6.5591973961215,7,6.83187995981809,1.29587381495994,7.19673063272413
1.68921064397685,7.91051788026292,8,9.24313800431704,0.836687135959389,6.37309364716416
-1.52650300072276,2.86950792362241,1,0.411076381839131,-2.48940459424112,2.11882004560557
0.663555226538516,6.06924442933548,5,5.96160400291361,0.195233610703562,5.36038793064054
0.152396953587283,5.30271379670452,6,4.50852345828388,0.0112661148169744,5.11827939964487
-0.222691584251679,4.80591963377193,4,3.51538655854072,-0.672886290831515,4.15283996935509
-0.478815463942892,4.42965731562109,2,2.84154892695086,0.0904043931532935,5.22122038782113
0.134472110083513,5.27889839510862,6,4.46036693969109,0.0743903329265164,5.20028969883055
-1.76898101472229,2.63159110799562,0,0,-2.08982356834435,2.41864985038427
-1.11156363115973,3.39163633081439,3,1.2558981494939,-2.69087055206782,1.98002642381735
0.14650810611852,5.29487765929371,6,4.49268957522138,0.0509673065025148,5.16978120420064
-0.206991412732041,4.82747517162313,4,3.55667463085293,0.491418744875764,5.78959879459959
0.152396953587283,5.30271379670452,6,4.50852345828388,-0.0552593363866642,5.03220658432193
-1.18801075829772,3.28172526675047,3,1.08586386994664,-0.260873614759088,4.76131069551495
0.121821476729402,5.26215236279657,6,4.42644895070843,0.335810179838751,5.55604599549535
0.297935785525741,5.50152033652638,7,4.90471581357816,-0.386596423025335,4.58662480902998
0.121821476729402,5.26215236279657,6,4.42644895070843,0.0856914978538886,5.21505371400833
1.53723675449712,7.65414865333637,7,8.7922583690989,1.48210771968434,7.5197168848036
-0.0322725858414225,5.06026451657636,5,4.0168573878025,0.643223138345151,6.03648136154939
-0.307462130396574,4.68686053875548,3,3.292428562169,0.0463290484139205,5.16375253227088
-0.960470645668607,3.62680972287778,4,1.60985257595831,-1.51978015290812,2.94432883006856
0.303670465021623,5.50960487477678,7,4.92054969664066,1.19057126236635,7.00967311332131
0.671174839124314,6.08223027774323,5,5.98480796930567,-0.298928699908469,4.70937740003315
0.824185111315337,6.3507471170856,6,6.4615900132422,0.936224148211145,6.55169982024589
-1.33369900001458,3.0902197874484,2,0.779881509481827,-1.11336208144268,3.46070863023291
0.122730237947102,5.26335374069205,6,4.42888362615928,-0.046399050945301,5.04367360138935
-1.16983887839725,3.30726124773633,3,1.12570044869223,-1.27481606043018,3.23718765249128
-0.000877842681418453,5.10131023680532,5,4.0998817518956,0.366966443003803,5.60125334626766
-0.840075284070735,3.82715956207733,5,1.9065318146917,-0.377162315152034,4.6000584093402
-0.00686037097777124,5.09349384629728,5,4.0840478688331,-0.692737446683913,4.12120597572815
-0.94303557814537,3.65526278927678,4,1.65209050478817,-0.904010669396924,3.78182685033491
-0.973888426294667,3.60507360710306,4,1.57752994042802,-1.16354716118725,3.38864537430894
1.01920384157791,6.70666829920909,8,7.09562439145304,0.595254425485888,5.95652558242372
-1.16983887839725,3.30726124773633,3,1.12570044869223,-0.403867185492483,4.5618860837111
0.303670465021623,5.50960487477678,7,4.92054969664066,-0.654103150705149,4.18264375430194
-0.00439255312706619,5.09671833027127,5,4.09057863016417,0.328366437146971,5.54535350236467
-0.157117278095925,4.89509104570358,4,3.68785551353882,0.550126132566191,5.88290466253071
0.0889227522794882,5.21880353827856,6,4.33848917873662,-0.273708755613443,4.74387838722242
-0.191482696271463,4.84863460831824,4,3.59746106611617,0.389965755908552,5.63510864350584
0.259355099784937,5.44768627795245,7,4.79867193568619,-0.758007324932191,4.01647259171158
0.671486386719884,6.08276212737232,5,5.98575782582332,0.659892805746796,6.06465110134255
-0.0168419146062528,5.08044822255474,5,4.05764382306574,-0.249660549321198,4.77647363698524
-0.322230163869121,4.66560782127761,3,3.25357516530763,0.0458239692659781,5.16309626857822
1.05118671110184,6.76570308333262,8,7.20166826934501,0.568425124940249,5.9125631642839
-0.956760672520759,3.6328448456511,4,1.61881801274023,-1.39864464251641,3.08244011370035
0.916115266809695,6.51733821687543,7,6.75731939545794,0.35032742699032,5.57701825710874
0.676304148271212,6.0909954467246,5,6.00045739977498,0.262850442904395,5.45293327635184
1.0163918409692,6.70148251935395,8,7.08632126972162,1.59826057485408,7.71272625624081
0.288884590555379,5.48880497911553,7,4.87976326137742,0.576808407040871,5.92623957777048
-0.803826469320755,3.88874916362913,5,1.99790944399857,-1.71327384920536,2.74672408782844
-0.191121535048228,4.8491258491682,4,3.59841092263381,0.458219630072431,5.73810328236519
-0.0103764992206798,5.08889907573723,5,4.07474474710167,-0.528675004304398,4.37739442766726
-0.165937585405844,4.88322046966511,4,3.66465154714676,0.454792367472496,5.73283969264838
-0.147633527920481,4.90781661738834,4,3.71280806573956,0.42240904148823,5.68358764863322
-0.191121535048228,4.8491258491682,4,3.59841092263381,-0.00154028774743068,5.10170232349195
-1.15184629259737,3.33290978118723,3,1.16550370207124,-1.39999066455027,3.0808359180251
-0.322591181800616,4.66508624117367,3,3.25262530878999,-0.722525694557145,4.07351969375805
-1.56346389222211,2.83078050745233,1,0.344835757326182,-2.23469483548397,2.30557735578432
-0.322230163869121,4.66560782127761,3,3.25357516530763,0.184721587139595,5.34622321551391
0.106950110251461,5.24252447556636,6,4.38664569732942,1.02619396309002,6.7141019064554
1.68954443054062,7.91105553028379,8,9.24408786083469,1.77851259647494,7.99073958411531
0.27352517311656,5.46734946699665,7,4.83752533254756,0.4406449773619,5.71121576788963
-1.11812830806939,3.38194419785297,3,1.24104744831562,-1.57158895140916,2.88887182258783
1.01920384157791,6.70666829920909,8,7.09562439145304,1.14284057477846,6.92419278729051
0.259355099784937,5.44768627795245,7,4.79867193568619,-0.965692092513863,3.68442293826455
1.0163918409692,6.70148251935395,8,7.08632126972162,0.342593599108737,5.56582587297609
0.00503255339673703,5.10903113486077,5,4.11553118236491,-0.781615954650159,3.97842849450065
0.893379519610786,6.47588420740187,7,6.68359815309627,0.339376207670831,5.56118296017012
-1.16983887839725,3.30726124773633,3,1.12570044869223,-1.31501048078023,3.18537670562804
-1.16983887839725,3.30726124773633,3,1.12570044869223,-1.16740495903391,3.38319957045379
-0.206630226696001,4.82796943315089,4,3.55762448737058,-0.547352032319393,4.34893990927091
-0.00686037097777124,5.09349384629728,5,4.0840478688331,0.136445760040716,5.28181968517172
0.0137914561213049,5.12047199956846,5,4.13873514875697,-0.345150553460706,4.64522939814707
-1.52597852801428,2.87006487477187,1,0.412026238356774,-2.01148931446427,2.48233749439305
-1.13955849715904,3.35063362557474,3,1.19289092972282,-1.33279498325038,3.16294216267314
0.255956429610622,5.44298814708581,7,4.78936881395477,0.375312542203899,5.61349061866262
0.0391203456378836,5.15356437375367,5,4.20592562978756,-0.481082869039273,4.4489263740831
0.10382575819037,5.23840803351423,6,4.37829243211564,0.666377152410102,6.07565960818069
0.152396953587283,5.30271379670452,6,4.50852345828388,0.188154642832561,5.35084319465657
0.748566634734552,6.21635359809927,6,6.2234153961467,1.09314362599827,6.83484584326506
1.66371275304582,7.86907705388303,8,9.17002893352351,2.17250463635382,8.46906486082505
1.98151931641317,8.3248154192224,10,10,3.22366922640415,9.11789371246962
-1.10057895787675,3.40795883219673,3,1.28085070169463,-1.6021947138364,2.85703712310302
-1.14042337218784,3.34938064641192,3,1.19095789132096,-1.14166661877682,3.41978890714535
0.962057066900073,6.60148293375404,7,6.90733215168882,1.20605388891186,7.03731799856207
-1.10057895787675,3.40795883219673,3,1.28085070169463,-0.614995352938873,4.24422698886447
1.98151931641317,8.3248154192224,10,10,2.42751533140039,8.68662459428034
-0.307462130396574,4.68686053875548,3,3.292428562169,1.1945337032044,7.01675234326273
-0.34776556154122,4.62847038809439,3,3.18638468427704,-0.42327606456303,4.53385637583301
0.106950110251461,5.24252447556636,6,4.38664569732942,-0.182631459724356,4.8659593082775
1.98151931641317,8.3248154192224,10,10,1.45089406374617,7.46653516117822
-1.52650300072276,2.86950792362241,1,0.411076381839131,-1.47696103587117,2.99174252440522
1.15459237626046,6.9569414174911,9,7.54650402667119,1.27287948501672,7.15609218108476
-0.191856529523124,4.8481260603893,4,3.59647788423195,-0.0303088288728353,5.0644884874254
-1.33369900001458,3.0902197874484,2,0.779881509481827,-1.21010691334774,3.32384295959961
-0.307462130396574,4.68686053875548,3,3.292428562169,-0.352996531787133,4.63421615026219
0.890502394255938,6.47064871285722,7,6.67429503136485,0.877208418172231,6.44555853679497
0.137938315043845,5.28349532742526,6,4.46967006142251,0.510327578492385,5.81934009672429
-0.197503275358137,4.8404355909476,4,3.58162718305367,-0.0806488846724946,4.9993105030543
-0.337731332043812,4.6431234637191,3,3.21278873004439,0.370307722110677,5.60614586600483
-0.0164827287313314,5.08091778811134,5,4.05859367958338,-0.155205037124933,4.90208816050402
-0.197142102438579,4.84092798451436,4,3.58257703957131,0.426805229083744,5.69022290025857
0.128569003093101,5.27107828645458,6,4.44453305662859,1.26671939390061,7.1451838112545
0.0137914561213049,5.12047199956846,5,4.13873514875697,0.74293349259357,6.20758524015571
-1.00764609773755,3.55105735741056,4,1.49694025178577,-1.0337267909165,3.5794052685374
-0.447986197175681,4.47768735976066,2,2.92264025264208,-0.074064590112667,5.00784803994915
-0.287869218277457,4.71481090156254,3,3.34396961273028,-1.51451676866938,2.95007793044206
0.906419358446557,6.4996425249716,7,6.72583608192613,1.13182149271807,6.90440959164911
-0.0263502915342612,5.06801383960571,5,4.03250681827181,-0.680142461698681,4.14129197537274
0.103470412844902,5.23794000281057,6,4.37734257559799,0.287542356514213,5.48742071574224
-0.197142102438579,4.84092798451436,4,3.58257703957131,-0.273182000648057,4.74459544432979
-0.363264403136776,4.60568236835537,3,3.1455982490138,0.0513142315974208,5.17023227974318
-0.0665171975301853,5.01535660955054,5,3.92646294037985,0.555092027977406,5.89092668828214
-0.679151271137241,4.10115546298477,6,2.31760819653083,-1.44394565889221,3.02933202091609
-0.222691584251679,4.80591963377193,4,3.51538655854072,-0.00958747803306628,5.09129066032382
-0.151169215169049,4.90307679498142,4,3.70350494400813,-0.0304541282278503,5.06430055326366
-0.165937585405844,4.88322046966511,4,3.66465154714676,0.395348632807969,5.64309309857116
0.177330761815167,5.33603671017673,6,4.57571393931448,0.180306068003457,5.34028945825191
0.288884590555379,5.48880497911553,7,4.87976326137742,-0.792446425545717,3.96096631751079
0.878466226936512,6.44877380979488,7,6.63544163450347,1.0341311458772,6.72843101360276
-0.0661570687581105,5.01582996740873,5,3.92741279689749,0.187823058258831,5.35039671941413
0.152396953587283,5.30271379670452,6,4.50852345828388,-0.134695614593292,4.92895819678876
-0.0263502915342612,5.06801383960571,5,4.03250681827181,-0.353295273794503,4.63379607577571
-1.11156363115973,3.39163633081439,3,1.2558981494939,-1.1285891567541,3.4386075792852
-0.660224037879592,4.13314258223761,6,2.36671457164127,0.706007625447077,6.14352420171155
-0.0661570687581105,5.01582996740873,5,3.92741279689749,-0.389770283602335,4.58209279175823
0.259355099784937,5.44768627795245,7,4.79867193568619,0.132304751960847,5.27633982215392
-0.0514311865274963,5.03516414713587,5,3.96626619375886,0.201407291457628,5.36873267101423
0.00503255339673703,5.10903113486077,5,4.11553118236491,0.0300975303734041,5.1426823002965
1.84101549539276,8.14055721968878,9,9.65516424267382,1.56470454170923,7.65786810525905
-0.0164827287313314,5.08091778811134,5,4.05859367958338,-1.03032230963595,3.5845878993001
-0.970414371946517,3.61068748398166,4,1.5858832056418,-0.663388359971398,4.16792729643102
0.421169872196327,5.68057591192404,8,5.24955157090434,0.817897647192856,6.33965218448744
-0.0263502915342612,5.06801383960571,5,4.03250681827181,0.69170723030749,6.1189235582319
-0.97428375197472,3.60443540944525,4,1.57658008391038,-1.92946712268184,2.5512712087556
-1.33321192148464,3.09082204573215,2,0.780864691366048,-2.53479601329957,2.0869130641548
-1.13955849715904,3.35063362557474,3,1.19289092972282,-1.01313995784099,3.61086780749532
0.918382179706397,6.52147897387385,7,6.7646894787875,1.41309340083608,7.40153980525908
0.926049310199326,6.53549316981399,7,6.78964203098823,1.13345684348805,6.90734669463493
-0.191121535048228,4.8491258491682,4,3.59841092263381,0.517388473764268,5.83052228651821
-0.191482696271463,4.84863460831824,4,3.59746106611617,-0.467756881904216,4.46869719339197
0.137572071596852,5.28300942756322,6,4.46868687953829,-0.2817013551661,4.73298076104948
0.297935785525741,5.50152033652638,7,4.90471581357816,-1.03363491768346,3.57954501846129
-1.52597852801428,2.87006487477187,1,0.412026238356774,-1.28576888515562,3.22291652226877
0.0889227522794882,5.21880353827856,6,4.33848917873662,1.41269611146108,7.40085355684981
-0.560919765270343,4.29813359616049,2,2.62595433003053,-1.54036072860458,2.92205580237829
0.421169872196327,5.68057591192404,8,5.24955157090434,0.24716181770888,5.43122319545491
-0.855972956824854,3.80027543370518,5,1.86672856131268,-1.84067674248041,2.62888112502591
-0.165937585405844,4.88322046966511,4,3.66465154714676,-0.129081626315906,4.93629407793276
-1.35352954100152,3.06590602419304,2,0.740078256102812,-1.01727890405505,3.60451893502358
1.41701709745153,7.43950484347464,6,8.41316693784056,0.767347009057054,6.25032618837556
0.152396953587283,5.30271379670452,6,4.50852345828388,0.242049506934516,5.424181281836
-0.191121535048228,4.8491258491682,4,3.59841092263381,0.387041563656582,5.63078090611189
0.893673172968014,6.47641870446527,7,6.68454800961391,1.35976309378092,7.30890163587215
-0.675561942500133,4.10723127731343,6,2.32691131826225,0.462867708483881,5.74525747601955
1.56436327690078,7.70138941380015,7,8.87528273319199,1.47516813532157,7.5079344843962
0.259355099784937,5.44768627795245,7,4.79867193568619,0.507757180782305,5.81527968657408
-0.970823033682916,3.61002659862297,4,1.58490002375758,0.284831519748615,5.48361479373765
-0.322230163869121,4.66560782127761,3,3.25357516530763,-0.531982012716784,4.37237151865994
0.918976573108969,6.52256490908545,7,6.76662251718936,1.62275152511956,7.75222929308011
-0.0168419146062528,5.08044822255474,5,4.05764382306574,0.940263527894418,6.55898222631812
0.0889227522794882,5.21880353827856,6,4.33848917873662,-0.464086944880501,4.47412185758574
0.938681855671157,6.55861322748803,7,6.8308385489268,1.21051755614148,7.04527986382696
0.121821476729402,5.26215236279657,6,4.42644895070843,-0.282550586578285,4.73182091488283
-0.197503275358137,4.8404355909476,4,3.58162718305367,0.0478351922664928,5.16570976451149
-0.0665171975301853,5.01535660955054,5,3.92646294037985,0.127021354898939,5.26935737425059
-1.15075092188692,3.334482915908,3,1.16793837752209,-1.42282368690015,3.05386956631985
-0.322591181800616,4.66508624117367,3,3.25262530878999,-0.298821143287562,4.70952526050048
0.787755451210155,6.28564394405766,6,6.34624301361881,1.29153397138437,7.18907068430517
-1.34561463624568,3.07556228144223,2,0.755912139165313,-0.336424732128073,4.65743430530365
-0.0224713164820158,5.07308748519055,5,4.04275979652088,-0.773802728099276,3.99102345334725
-1.09951017114829,3.40955393253984,3,1.28328537714548,-0.695752135564674,4.11639093983447
-0.488305853663683,4.41471803717794,2,2.81659637475012,-1.15844805219785,3.39586435381434
1.06637722807693,6.7937702761141,8,7.252167909015,0.0621526641999049,5.18433596578524
0.951476368881251,6.58206479667795,7,6.87266639508133,1.13756336751094,6.91472042632941
-0.628685051828805,4.18611590437135,6,2.44878907921672,-0.550083828599845,4.34476056041552
-0.803826469320755,3.88874916362913,5,1.99790944399857,-1.44926254329672,3.02321611153437
-0.175423591714247,4.87041418104702,4,3.63969899494603,0.256841026617072,5.44459931966055
0.137572071596852,5.28300942756322,6,4.46868687953829,1.2751839938758,7.16017075663876
0.255956429610622,5.44298814708581,7,4.78936881395477,-0.536161380326235,4.36601411370276
1.15459237626046,6.9569414174911,9,7.54650402667119,0.662420475695803,6.06893901341607
-0.132508652277125,4.92803538608757,4,3.75261131911857,-0.517855717149077,4.3937806559135
-1.33274147766893,3.09140396789906,2,0.781814547883691,-1.00650709456007,3.62106596823414
0.134472110083513,5.27889839510862,6,4.46036693969109,-0.465515658335593,4.47201106275695
-0.0665171975301853,5.01535660955054,5,3.92646294037985,0.663447567989152,6.07068257882283
-1.33321192148464,3.09082204573215,2,0.780864691366048,-1.29625424616447,3.20936190899937
-0.0350623744012784,5.05661266805648,5,4.00948730447294,-0.0930169759041226,4.98325757672223
-1.11812830806939,3.38194419785297,3,1.24104744831562,-1.96790857569848,2.51865782172962
-0.0661570687581105,5.01582996740873,5,3.92741279689749,0.103080006977698,5.2378367401061
-1.00764609773755,3.55105735741056,4,1.49694025178577,-1.93260643095484,2.54858666560379
-0.166672417273187,4.88222993056887,4,3.6627185087449,-0.666644262812179,4.16275907877665
-0.191482696271463,4.84863460831824,4,3.59746106611617,-0.152596545889153,4.90551212323766
1.84101549539276,8.14055721968878,9,9.65516424267382,2.03251213977778,8.32077149196023
-1.56346389222211,2.83078050745233,1,0.344835757326182,-1.03820931973401,3.57259418088948
-0.197503275358137,4.8404355909476,4,3.58162718305367,-0.275527739679056,4.74140116274802
0.00854492291006747,5.11361906846741,5,4.12483430409633,0.51512033063838,5.82692577004593
-0.804589942885394,3.88744878262134,5,1.99597640559671,-1.82558032306014,2.64242096984893
0.297935785525741,5.50152033652638,7,4.90471581357816,0.108788804670246,5.24533591625277
-0.0103764992206798,5.08889907573723,5,4.07474474710167,0.184878792097603,5.34643464654641
0.93090838106485,6.5443819509838,7,6.80547591405073,0.896420075388482,6.48004809613857
-0.943426468239446,3.6546223939539,4,1.65114064827053,-0.979267832731467,3.66323958707562
-0.463116477065757,4.45421151036577,2,2.88283699926307,-0.08007332415156,5.0000570209413
-0.147633527920481,4.90781661738834,4,3.71280806573956,0.715633141524401,6.16015041630567
0.0889227522794882,5.21880353827856,6,4.33848917873662,-0.87385524887564,3.82999121797907
-1.30904963612495,3.12100758641752,2,0.829971066476486,-1.44406288031977,3.02919692193755
-0.980882488704069,3.59380181118218,4,1.56074620084787,-0.843511433768937,3.87869937155378
-0.175423591714247,4.87041418104702,4,3.63969899494603,-0.5442489804331,4.3536818897358
-0.494329293131512,4.40519924716697,2,2.80076249168762,-0.397171262772249,4.57149993227587
-0.197503275358137,4.8404355909476,4,3.58162718305367,-0.609117369244762,4.25342200532769
0.259355099784937,5.44768627795245,7,4.79867193568619,0.199444001979947,5.36607684818075
-0.206991412732041,4.82747517162313,4,3.55667463085293,0.00475602593462454,5.10985106885541
-0.0665171975301853,5.01535660955054,5,3.92646294037985,0.273448060288105,5.4676862375598
-0.997146048323407,3.56775191362708,4,1.5218928039865,-1.7603157536558,2.70222982823402
-0.660224037879592,4.13314258223761,6,2.36671457164127,-0.392209121468945,4.57860598636287
0.0141498807814179,5.12094016681625,5,4.13968500527461,-0.122146466246046,4.94534600407166
0.132037896693377,5.27567237977276,6,4.45383617836001,-0.0507028068573751,5.03810426599654
-0.0103764992206798,5.08889907573723,5,4.07474474710167,0.348266353893081,5.57403104409777
-0.206630226696001,4.82796943315089,4,3.55762448737058,-0.094579672933695,4.981227665339
1.0163918409692,6.70148251935395,8,7.08632126972162,1.57494801710281,7.67470005614546
-1.00764609773755,3.55105735741056,4,1.49694025178577,-0.0143872756250679,5.08508173703352
-0.00439255312706619,5.09671833027127,5,4.09057863016417,0.43015061873931,5.6952828411798
0.152396953587283,5.30271379670452,6,4.50852345828388,1.04255268356365,6.74363159976971
0.98673161672053,6.64684211917753,7,6.98842347738005,1.20463114520953,7.03477945905095
-0.197503275358137,4.8404355909476,4,3.58162718305367,0.87655655033771,6.44438959932769
-0.0665171975301853,5.01535660955054,5,3.92646294037985,0.605690127839633,5.9737753453776
0.837142038326465,6.37404386431423,6,6.50287808555441,0.64698565446346,6.0428228889672
-0.0200010272518775,5.07631785171613,5,4.04929055785196,-0.78255609787751,3.97691279665765
-0.0665171975301853,5.01535660955054,5,3.92646294037985,-0.803354889391266,3.9433781654895
0.259355099784937,5.44768627795245,7,4.79867193568619,0.232661932640738,5.41129085639626
-1.37433441448531,3.04082330961355,2,0.698790183790597,-0.648885772059112,4.19089793373738
-0.150808209345277,4.90356098759978,4,3.70445480052578,0.593544506841702,5.95370706420888
0.808718530236127,6.32303209915856,6,6.41248363813176,-0.570719614447213,4.31305026486771
1.03093656088121,6.72831409710644,8,7.13447778831442,1.55517675111973,7.64214755411773
1.0163918409692,6.70148251935395,8,7.08632126972162,0.883557011073246,6.45694764515991
-1.1766088509679,3.29770446144511,3,1.11081642214737,-0.781843540499933,3.97806158375007
-0.990505730915172,3.57836027967811,4,1.537726687049,0.0465084775220747,5.16398567995557
-0.151169215169049,4.90307679498142,4,3.70350494400813,0.260329929796105,5.4494350222732
-1.1770416770438,3.29709521361657,3,1.10986656562973,-0.10140748974481,4.97235370982443
0.273871099457854,5.46783104126314,7,4.83847518906521,-0.47866814687837,4.45251742165378
-0.997146048323407,3.56775191362708,4,1.5218928039865,0.35826430204776,5.58855186689533
0.421169872196327,5.68057591192404,8,5.24955157090434,0.574698704895979,5.92279261080243
-0.332074738063604,4.65134956072353,3,3.22767275658925,-0.159676560625761,4.89621405865224
1.0163918409692,6.70148251935395,8,7.08632126972162,0.957606526875452,6.59026550098526
-0.160292409687691,4.89082188082237,4,3.67950224832504,0.124351317670627,5.26583250705287
-1.13292613181143,3.36026973559122,3,1.2077416309011,-0.771226745130031,3.99517519540635
-0.322230163869121,4.66560782127761,3,3.25357516530763,-0.201859720305108,4.84047525559452
-0.197503275358137,4.8404355909476,4,3.58162718305367,-0.198823589442874,4.84450835311386
0.177330761815167,5.33603671017673,6,4.57571393931448,0.608964560440685,5.97920478120775
1.79697352331979,8.07697295211587,9,9.53981724305043,1.79996317284836,8.02161398689468
0.134472110083513,5.27889839510862,6,4.46036693969109,-1.02029448739213,3.59990052709928
-0.0665171975301853,5.01535660955054,5,3.92646294037985,0.750128379381947,6.22015130668911
0.132037896693377,5.27567237977276,6,4.45383617836001,-0.64350307007876,4.1994018892541
0.10382575819037,5.23840803351423,6,4.37829243211564,0.113506248624359,5.25154056347471
-0.997146048323407,3.56775191362708,4,1.5218928039865,-1.25635131103642,3.26150655516788
0.303670465021623,5.50960487477678,7,4.92054969664066,0.51945040745509,5.83379551949691
1.01920384157791,6.70666829920909,8,7.09562439145304,0.927942025367768,6.53677377225531
1.54238458287635,7.6631544158798,7,8.8080922521614,1.73616543364566,7.92829604584906
-0.151169215169049,4.90307679498142,4,3.70350494400813,0.131527283732432,5.27531169556179
-1.33274147766893,3.09140396789906,2,0.781814547883691,-1.95103204938167,2.53290689551749
-0.147633527920481,4.90781661738834,4,3.71280806573956,0.129742833467619,5.27295276950851
0.421169872196327,5.68057591192404,8,5.24955157090434,0.289644089183264,5.49037488906162
-1.52650300072276,2.86950792362241,1,0.411076381839131,-1.7990629294661,2.6664659196451
0.259355099784937,5.44768627795245,7,4.79867193568619,1.00596485756715,6.67757418093013
0.816034581622639,6.33612875559072,6,6.43568760452382,1.03875624467384,6.73677957561658
-0.0665171975301853,5.01535660955054,5,3.92646294037985,0.100917810209286,5.2349990333412
0.644146800614061,6.03635976554624,5,5.90273346173022,1.07027517437688,6.79363998237482
0.0137914561213049,5.12047199956846,5,4.13873514875697,-0.235603912347052,4.79539811991063
0.0889227522794882,5.21880353827856,6,4.33848917873662,-0.634167684648281,4.21412117370834
0.790405455205497,6.29035853995856,6,6.35459627883259,0.773145124790984,6.26051807505034
-1.12182983787753,3.37649999025867,3,1.23269418310184,-0.896685275306862,3.79350009286518
-0.3380923129826,4.64259767237276,3,3.21183887352675,-0.287288231735132,4.72534347114985
1.15459237626046,6.9569414174911,9,7.54650402667119,0.722258534850525,6.17162503516072
-1.1766088509679,3.29770446144511,3,1.11081642214737,-1.21003150182914,3.32394627464074
-0.151169215169049,4.90307679498142,4,3.70350494400813,-1.02598828069202,3.59119742832307
0.27352517311656,5.46734946699665,7,4.83752533254756,0.180469488746732,5.34050890412744
-1.29348289031707,3.1407806262569,2,0.861956017057277,-0.309336020228201,4.69504006955739
0.152396953587283,5.30271379670452,6,4.50852345828388,0.640074801233329,6.03118258818331
-0.191121535048228,4.8491258491682,4,3.59841092263381,-0.452995684718226,4.49046314193082
0.51168159104561,5.81993077482328,4,5.50974118581124,0.59883147219704,5.96242897551504
0.152396953587283,5.30271379670452,6,4.50852345828388,1.12254964587652,6.88775053265425
-1.16983887839725,3.30726124773633,3,1.12570044869223,-1.33438802832184,3.160947145466
-1.37433441448531,3.04082330961355,2,0.698790183790597,-2.02863101052144,2.46823135943193
-0.463116477065757,4.45421151036577,2,2.88283699926307,-0.562240385293987,4.32610955530631
-0.191121535048228,4.8491258491682,4,3.59841092263381,0.211276543279559,5.38211373875919
-0.0168419146062528,5.08044822255474,5,4.05764382306574,0.213695099724674,5.38540080983054
0.10382575819037,5.23840803351423,6,4.37829243211564,-0.342675617378234,4.64869573274381
0.10382575819037,5.23840803351423,6,4.37829243211564,-0.311456610608949,4.69211130899168
-0.197503275358137,4.8404355909476,4,3.58162718305367,0.742137297903203,6.20619626683353
0.00854492291006747,5.11361906846741,5,4.12483430409633,-0.220300272740613,4.81590072953143
1.04367192348942,6.75182418456146,8,7.17671571714427,1.74788975794114,7.94577766251452
-1.57241303116345,2.82155414070416,1,0.329001874263681,-2.10974252902821,2.40275828702591
0.303670465021623,5.50960487477678,7,4.92054969664066,-0.177002650463282,4.87339427943875
-0.0505087562205014,5.03637393207629,5,3.96870086920971,-0.702621724237933,4.10540900605224
1.01920384157791,6.70666829920909,8,7.09562439145304,0.100881682700721,5.23495163079212
-0.926301010112347,3.682780538882,4,1.69287694005141,-0.990037862384036,3.6465101717252
-1.1770416770438,3.29709521361657,3,1.10986656562973,-0.507801889530675,4.40894251202635
1.0559521301971,6.77450639162037,8,7.21750215240751,1.16818009615147,6.96961860345999
1.84716677221628,8.14922058475243,9,9.67099812573632,1.75808535128565,7.960860750145
-0.94263103065763,3.65592567640603,4,1.65307368667239,-2.09400666530958,2.41530277277509
0.951476368881251,6.58206479667795,7,6.87266639508133,0.733335167857005,6.19086260422395
0.654539973381724,6.05393467578965,5,5.93421677526203,0.949513787950371,6.57566480512988
0.808718530236127,6.32303209915856,6,6.41248363813176,1.59086844143129,7.70071197144913
1.79697352331979,8.07697295211587,9,9.53981724305043,1.99389970922025,8.27573155813422
1.0559521301971,6.77450639162037,8,7.21750215240751,0.865896169475344,6.42528684677652
0.13721822512353,5.28254001614433,6,4.46773702302065,0.990177713308977,6.64906496157312
-1.76898101472229,2.63159110799562,0,0,-2.41428126728237,2.17249132959692
-0.0665171975301853,5.01535660955054,5,3.92646294037985,-0.134884122473765,4.9287117356524
-0.0203602915329468,5.07584807993587,5,4.04834070133431,0.400120339052351,5.65019050302205
0.273871099457854,5.46783104126314,7,4.83847518906521,0.0588589286007419,5.18004751544797
0.978997412319847,6.63261383230061,7,6.96296928813034,0.799112312775595,6.3063395187697
0.146861507069522,5.29534757793083,6,4.49363943173903,0.584410350954656,5.93868902620847
-0.94263103065763,3.65592567640603,4,1.65307368667239,-1.70444843469499,2.75521029760795
-0.0168419146062528,5.08044822255474,5,4.05764382306574,-0.314080539540262,4.68848388022778
0.273871099457854,5.46783104126314,7,4.83847518906521,0.07107582852472,5.19596542386573
0.918976573108969,6.52256490908545,7,6.76662251718936,1.32190765141306,7.24257802575605
1.01920384157791,6.70666829920909,8,7.09562439145304,1.16376754580384,6.96171541760994
-0.34776556154122,4.62847038809439,3,3.18638468427704,0.0665058262915334,5.19000723728515
-0.840453863849951,3.82651830355837,5,1.90558195817406,-1.31467839667234,3.18579846332769
0.259355099784937,5.44768627795245,7,4.79867193568619,0.389417194959333,5.63429626466787
0.0232039138777692,5.13276688305707,5,4.1636877009577,-0.737013903772359,4.05025143279289
0.103470412844902,5.23794000281057,6,4.37734257559799,0.0140552168055391,5.12189139700916
-0.840453863849951,3.82651830355837,5,1.90558195817406,-0.857868936385227,3.85562795761782
-0.322964864968864,4.66454625961707,3,3.25164212690577,-0.375344786069417,4.60264003712904
-0.165937585405844,4.88322046966511,4,3.66465154714676,-0.859350142264468,3.85325010390581
0.273871099457854,5.46783104126314,7,4.83847518906521,-0.407132951180831,4.55718674848676
1.15459237626046,6.9569414174911,9,7.54650402667119,1.38145335305354,7.34670024273014
1.15459237626046,6.9569414174911,9,7.54650402667119,1.39806106033694,7.37553156735412
-0.97428375197472,3.60443540944525,4,1.57658008391038,-0.73632314430642,4.05136171339624
0.538939240410128,5.86327069752143,4,5.58938101793585,1.94617484793552,8.21750232551436
0.775102084127433,6.2631815401545,6,6.30643976023979,1.19024017278508,7.0090814683241
-0.807502105074427,3.8824896712154,5,1.98860632226715,-1.02945885040482,3.58590364738418
0.655342380137044,6.05529490042988,5,5.93665145071288,-0.0664693112956213,5.01769029533906
-0.176349211560998,4.86916229570909,4,3.63726431949518,-0.174525827193355,4.87666243551793
-0.976607692974438,3.60068634080839,4,1.57099917909694,-0.40372975438578,4.56208369269209
-1.13955849715904,3.35063362557474,3,1.19289092972282,-0.921216199294396,3.75448774620474
1.07833486373301,6.81587385378952,8,7.29197116239402,0.698469508236502,6.13054128748223
0.122730237947102,5.26335374069205,6,4.42888362615928,0.0269765273822592,5.13863515084025
-0.0357941565844918,5.05565460095592,5,4.00755426607108,0.352340162665884,5.57993853537711
0.396866776970618,5.64433029356267,3,5.18073931154756,0.0800335993358142,5.20765818470797
1.41200411784415,7.4304124235001,6,8.39701587032227,1.37891117246997,7.34227832639902
0.916115266809695,6.51733821687543,7,6.75731939545794,1.38604695932182,7.35468472091871
-0.000877842681418453,5.10131023680532,5,4.0998817518956,1.08140515005305,6.81370077099236
-0.222691584251679,4.80591963377193,4,3.51538655854072,0.06215028211461,5.1843328635073
-0.197503275358137,4.8404355909476,4,3.58162718305367,-0.420010968191292,4.53858874567422
1.98151931641317,8.3248154192224,10,10,1.62993214123843,7.76372023545004
0.134472110083513,5.27889839510862,6,4.46036693969109,-0.2354860831678,4.79555637191255
-0.322964864968864,4.66454625961707,3,3.25164212690577,0.294996678504479,5.49791200116647
-0.0665171975301853,5.01535660955054,5,3.92646294037985,0.576559474522964,5.92583267385228
-0.0164827287313314,5.08091778811134,5,4.05859367958338,0.541699991195182,5.86933853760025
0.106950110251461,5.24252447556636,6,4.38664569732942,0.137101364733283,5.28268784766698
0.02356207573836,5.13323476243203,5,4.16463755747535,-0.0511095857225693,5.03757781232307
-0.332074738063604,4.65134956072353,3,3.22767275658925,-0.290126595691661,4.72145708293322
-1.02552222986186,3.52286797159965,4,1.45470232295591,-0.749973075761164,4.02940723912442
-0.0661570687581105,5.01582996740873,5,3.92741279689749,-0.0122016046821215,5.08790899261261
0.0889227522794882,5.21880353827856,6,4.33848917873662,-0.372327766446457,4.60692086921858
-1.33321192148464,3.09082204573215,2,0.780864691366048,-0.969325148200756,3.67874385357836
-0.197142102438579,4.84092798451436,4,3.58257703957131,0.273440322371761,5.46767543912413
0.134472110083513,5.27889839510862,6,4.46036693969109,-1.10713279576132,3.46980763728897
-0.0168419146062528,5.08044822255474,5,4.05764382306574,0.323460762089737,5.53832907945597
-0.191482696271463,4.84863460831824,4,3.59746106611617,-1.31407550881794,3.1865644178963
0.303670465021623,5.50960487477678,7,4.92054969664066,0.188255890621443,5.35097953450604
1.80047719236584,8.0821299924318,9,9.54912036478185,1.3752570643571,7.33591840161581
0.0889227522794882,5.21880353827856,6,4.33848917873662,-0.643355861297162,4.19963428829009
-1.33274147766893,3.09140396789906,2,0.781814547883691,-1.42955151099176,3.04601166231943
0.137938315043845,5.28349532742526,6,4.46967006142251,0.0068650200446907,5.11258113684964
-1.56346389222211,2.83078050745233,1,0.344835757326182,-0.870608498206845,3.83519287945682
-0.222691584251679,4.80591963377193,4,3.51538655854072,-0.446795283566293,4.49956366143323
-1.54945100705645,2.84534365094567,1,0.369788309526916,-2.77296060091982,1.92547664322376
0.10382575819037,5.23840803351423,6,4.37829243211564,0.169170083364452,5.32536506179007
-0.0514311865274963,5.03516414713587,5,3.96626619375886,-0.0930101789810803,4.98326640493289
0.13721822512353,5.28254001614433,6,4.46773702302065,0.798320618428605,6.30493846484908
1.05118671110184,6.76570308333262,8,7.20166826934501,1.87420886766941,8.12433518593762
0.259355099784937,5.44768627795245,7,4.79867193568619,0.858827339403741,6.4126348410588
0.297935785525741,5.50152033652638,7,4.90471581357816,-0.921788361268214,3.75358061963456
0.663555226538516,6.06924442933548,5,5.96160400291361,-0.0322200369594525,5.06201645326786
-0.322964864968864,4.66454625961707,3,3.25164212690577,-0.567713952716855,4.31768408806785
-1.30904963612495,3.12100758641752,2,0.829971066476486,-1.52131750491936,2.94265370791851
0.107305309730826,5.24299261422231,6,4.38759555384706,-0.46396735183808,4.47429848547487
0.14650810611852,5.29487765929371,6,4.49268957522138,0.821784638333853,6.34656075562573
0.905668718726576,6.49827359345143,7,6.72340140647528,1.18375621926547,6.99749101809362
0.122730237947102,5.26335374069205,6,4.42888362615928,0.716527939106058,6.16169869376467
-0.206991412732041,4.82747517162313,4,3.55667463085293,-0.325721940421376,4.67234302860968
1.15459237626046,6.9569414174911,9,7.54650402667119,1.2252831660149,7.07159010049388
-0.0164827287313314,5.08091778811134,5,4.05859367958338,0.239126666760296,5.42016225840797
-1.15075092188692,3.334482915908,3,1.16793837752209,-0.650082386114031,4.18900580534675
0.0889227522794882,5.21880353827856,6,4.33848917873662,-0.34745885885978,4.64199313015046
-0.462755368655517,4.45477396654613,2,2.88378685578071,-1.83862928628325,2.63071128236257
0.103470412844902,5.23794000281057,6,4.37734257559799,-0.986071454766752,3.65266325220154
-0.337731332043812,4.6431234637191,3,3.21278873004439,-0.308918651020436,4.69561620373901
-1.36632713100217,3.0504261098309,2,0.714624066853098,-0.564900471097082,4.32201700893538
1.815200041561,8.10361542751119,9,9.58797376164322,1.43036172443572,7.43130640953446
0.259355099784937,5.44768627795245,7,4.79867193568619,-0.201738013232198,4.84063699572904
-0.322591181800616,4.66508624117367,3,3.25262530878999,-0.415527835800806,4.54507527883754
0.259355099784937,5.44768627795245,7,4.79867193568619,0.316583829311995,5.52851148062062
-0.990917548605127,3.57770125081639,4,1.53674350516478,-1.96209431489776,2.52355494359651
0.106950110251461,5.24252447556636,6,4.38664569732942,-0.0206945721801868,5.07692355173272
-0.0224713164820158,5.07308748519055,5,4.04275979652088,0.204131408270982,5.37242100315999
0.878466226936512,6.44877380979488,7,6.63544163450347,0.940268471023164,6.55899113903513
-0.000877842681418453,5.10131023680532,5,4.0998817518956,0.0116996906118058,5.11884085259348
-0.0203602915329468,5.07584807993587,5,4.04834070133431,-0.876670117730734,3.82548373682339
0.107305309730826,5.24299261422231,6,4.38759555384706,0.699942863327213,6.13307619827884
0.134472110083513,5.27889839510862,6,4.46036693969109,0.355380972617578,5.58435632034283
1.07804965306503,6.81534655814979,8,7.29102130587637,0.768066158801123,6.25158948152718
-0.788509554231711,3.91485745897383,5,2.03676284085995,-1.19942810736488,3.33852658441149
-0.0350623744012784,5.05661266805648,5,4.00948730447294,-0.903729757035497,3.78227414317
-0.000877842681418453,5.10131023680532,5,4.0998817518956,-0.620452893106268,4.2356746787726
-0.178832128639264,4.8658021467509,4,3.63073355816411,0.551981969462715,5.8859002974107
0.811653414200826,6.32828301394779,6,6.42178675986318,0.750714650820672,6.22117638079586
-1.35352954100152,3.06590602419304,2,0.740078256102812,-1.51965624066859,2.94446392726612
-1.33321192148464,3.09082204573215,2,0.780864691366048,-1.69463020341257,2.76470468111925
0.761312492809451,6.23879806710487,6,6.26321864952571,0.991316182587221,6.65112080198838
-1.32909539617381,3.09592179046132,2,0.789184631213251,-1.23465146560472,3.29050340275155
1.68114140946165,7.89748167525086,8,9.22011849051817,1.52981671779859,7.60001539547048
-0.973888426294667,3.60507360710306,4,1.57752994042802,-0.628800175278216,4.22256677080365
-0.147633527920481,4.90781661738834,4,3.71280806573956,0.338155207445305,5.55942300549527
-0.820930785403543,3.8596453614654,5,1.95468833328449,-1.4831668830242,2.98477866919685
-1.12225115577867,3.37588126758323,3,1.23174432658419,-1.27271010884843,3.23994478914372
-0.197503275358137,4.8404355909476,4,3.58162718305367,0.22302964765089,5.39811742296631
-1.13334970272361,3.35965287840607,3,1.20679177438346,-1.03037487968679,3.58450780953238
1.04367192348942,6.75182418456146,8,7.17671571714427,1.15830430344676,6.9519261042869
1.81556182154249,8.10413959596673,9,9.58892361816087,2.01252445896331,8.29768663742456
-0.188319256929606,4.85293514758007,4,3.60578100596337,0.230140174704715,5.40783689534421
0.297935785525741,5.50152033652638,7,4.90471581357816,0.640627264371396,6.03211190256323
-0.000877842681418453,5.10131023680532,5,4.0998817518956,-0.1590231759543,4.89707276437349
-0.191121535048228,4.8491258491682,4,3.59841092263381,-0.362198204037094,4.62125227459335
-0.997146048323407,3.56775191362708,4,1.5218928039865,-0.419652758661808,4.53910750785016
1.15459237626046,6.9569414174911,9,7.54650402667119,1.21171341325071,7.04741228069396
0.878466226936512,6.44877380979488,7,6.63544163450347,0.976426843314528,6.62423598940167
-0.00439255312706619,5.09671833027127,5,4.09057863016417,0.41724316569628,5.67581100623811
-0.0164827287313314,5.08091778811134,5,4.05859367958338,0.583785651942472,5.93766427804172
0.893673172968014,6.47641870446527,7,6.68454800961391,0.972234899591353,6.61666808350743
-0.191121535048228,4.8491258491682,4,3.59841092263381,-1.16290880918943,3.38954780966634
-0.0665171975301853,5.01535660955054,5,3.92646294037985,-0.375658031820607,4.60219524867438
-1.32587068298077,3.09992897043045,2,0.795715392544327,-1.3466508196783,3.14566978578135
0.890502394255938,6.47064871285722,7,6.67429503136485,0.496507160648528,5.79757293958038
-1.10359697443648,3.40346126299978,3,1.27398225541405,-1.38776359512316,3.09546813983713
-0.331713743196674,4.65187370465317,3,3.22862261310689,-0.297804583084369,4.71092243628714
-1.56346389222211,2.83078050745233,1,0.344835757326182,-2.09107774777537,2.41764577721348
-0.156756240176061,4.89557620359904,4,3.68880537005647,-0.00624509910949872,5.09561476533884
0.636151628022401,6.02289537681828,5,5.87857963882052,1.21171341325071,7.04741228069396
-0.206991412732041,4.82747517162313,4,3.55667463085293,-0.263672989523326,4.75751567979788
0.134472110083513,5.27889839510862,6,4.46036693969109,0.668508130207812,6.079283451646
-0.0661570687581105,5.01582996740873,5,3.92741279689749,-0.68633760258424,4.13141853961066
-1.15478743816113,3.3286924261145,3,1.15897294074017,-0.510045724979535,4.40556413206244
-1.02552222986186,3.52286797159965,4,1.45470232295591,-1.22117962450975,3.30873166295047
0.816034581622639,6.33612875559072,6,6.43568760452382,1.0023924984977,6.67112297987102
-0.0350623744012784,5.05661266805648,5,4.00948730447294,0.241922808097487,5.42400696048174
0.297935785525741,5.50152033652638,7,4.90471581357816,-0.325721940421376,4.67234302860968
0.878466226936512,6.44877380979488,7,6.63544163450347,0.84009755368622,6.37917538312001
-0.191482696271463,4.84863460831824,4,3.59746106611617,-0.907411493659424,3.77641404848525
-1.15184629259737,3.33290978118723,3,1.16550370207124,-1.30158554017076,3.20251027587226
-0.788135766561,3.9154949991896,5,2.03771269737759,-0.251433605772218,4.77408002660187
-0.147633527920481,4.90781661738834,4,3.71280806573956,-0.380740964818233,4.59496922298084
0.0889227522794882,5.21880353827856,6,4.33848917873662,-1.60410820847341,2.85506868572414
0.134472110083513,5.27889839510862,6,4.46036693969109,0.847635549909338,6.39262982265206
-1.20746395672795,3.25479944769167,3,1.04362594111678,-1.47294594971833,2.99626499413571
0.878466226936512,6.44877380979488,7,6.63544163450347,0.570984193612502,5.91673212244135
-1.02552222986186,3.52286797159965,4,1.45470232295591,-1.48177776288556,2.98633470628087
-0.991315470498682,3.57706459936748,4,1.53579364864714,-2.4715175915656,2.13149988063333
-0.0410573980296922,5.04876175295445,5,3.99365342141044,0.811211896561288,6.32778144784709
1.98151931641317,8.3248154192224,10,10,1.66937139972872,7.82604897028015
-0.191121535048228,4.8491258491682,4,3.59841092263381,0.298179894826613,5.50240368152271
0.259355099784937,5.44768627795245,7,4.79867193568619,0.375312542203899,5.61349061866262
-0.0203602915329468,5.07584807993587,5,4.04834070133431,0.640632772305522,6.032121168699
-0.197503275358137,4.8404355909476,4,3.58162718305367,-1.10363216698546,3.47493543138724
-0.150808209345277,4.90356098759978,4,3.70445480052578,-0.4671628387048,4.46957586150505
-0.990505730915172,3.57836027967811,4,1.537726687049,-0.208855699825978,4.83116832873948
-1.31240986336151,3.1167731136388,2,0.823102620195905,-0.93680090722856,3.7298296178182
-0.0224713164820158,5.07308748519055,5,4.04275979652088,-0.00671491401589461,5.09500692864821
-0.0103764992206798,5.08889907573723,5,4.07474474710167,-0.528428374919293,4.37776875797275
0.134472110083513,5.27889839510862,6,4.46036693969109,0.229972689634273,5.40760762670531
-0.660589712935285,4.13252586239477,6,2.36576471512363,0.00418230289080109,5.10910844577685
-0.0228306347250525,5.07261756296142,5,4.04180994000324,-0.555728295115427,4.33611128680233
-0.197503275358137,4.8404355909476,4,3.58162718305367,0.837048388185384,6.37373769641424
1.68114140946165,7.89748167525086,8,9.22011849051817,1.53985243023904,7.61673717390247
1.0163918409692,6.70148251935395,8,7.08632126972162,1.49622967106748,7.54361683582294
0.106950110251461,5.24252447556636,6,4.38664569732942,0.325514860575049,5.54126819593943
0.103470412844902,5.23794000281057,6,4.37734257559799,0.0379111036887611,5.15282024097891
-0.00439255312706619,5.09671833027127,5,4.09057863016417,0.00162104617203075,5.10579344138081
0.255956429610622,5.44298814708581,7,4.78936881395477,-0.718674581688154,4.07969726449107
1.01920384157791,6.70666829920909,8,7.09562439145304,1.31294958544097,7.22682269804352
-0.191856529523124,4.8481260603893,4,3.59647788423195,-1.02163286140494,3.59785277946394
-1.00475145109444,3.55564978322716,4,1.50380869806635,-0.076205260811005,5.00507291658859
0.770056385477994,6.2542476006948,6,6.29060587717729,0.708984678453962,6.14866078235548
0.938681855671157,6.55861322748803,7,6.8308385489268,1.36902874754059,7.32506766458806
0.152396953587283,5.30271379670452,6,4.50852345828388,0.773692905866039,6.26148173700065
-0.163135956163699,4.88699475122967,4,3.67202163047632,-0.56770798642711,4.31769328122886
1.01920384157791,6.70666829920909,8,7.09562439145304,0.889102626092019,6.46690298832199
0.93090838106485,6.5443819509838,7,6.80547591405073,1.43545991021503,7.44007085547842
0.00781518326263417,5.11266588106066,5,4.12290126569447,0.493648398025173,5.79309026171848
-0.00778048093471968,5.09229154033563,5,4.08161319338225,-0.25637680856578,4.76739881971803
1.01920384157791,6.70666829920909,8,7.09562439145304,0.692737690011706,6.12069211479506
-0.151169215169049,4.90307679498142,4,3.70350494400813,0.0881141735741558,5.21822296728691
0.13721822512353,5.28254001614433,6,4.46773702302065,-0.498630709896353,4.42271793170272
-0.977003426175226,3.60004837479053,4,1.5700493225793,-1.7162893011194,2.74383484305983
1.68921064397685,7.91051788026292,8,9.24313800431704,1.87512973518899,8.12556770160217
-0.303925820661419,4.69192576678693,3,3.30173168390043,-0.721834203404618,4.07462915899153
0.14650810611852,5.29487765929371,6,4.49268957522138,-0.10140748974481,4.97235370982443
0.107305309730826,5.24299261422231,6,4.38759555384706,-1.16322071708542,3.38910682028003
0.303670465021623,5.50960487477678,7,4.92054969664066,0.0692789040520333,5.19362211171726
-0.147272542804836,4.90830024866915,4,3.7137579222572,-0.159427710320266,4.89654112349061
-0.157117278095925,4.89509104570358,4,3.68785551353882,-1.02138609553706,3.59823024531102
-0.97428375197472,3.60443540944525,4,1.57658008391038,-1.62914323653617,2.82954508372915
-0.970019621436898,3.61132600093718,4,1.58683306215944,-0.968399726788619,3.6801897547716
0.798769588388665,6.30526170055686,6,6.38100032459995,0.743041654700443,6.20777395542203
1.65234676205551,7.85037618321329,8,9.13709412642508,1.36456630894199,7.3172854303013
-0.0505087562205014,5.03637393207629,5,3.96870086920971,0.63684846903327,6.02575977258433
0.259355099784937,5.44768627795245,7,4.79867193568619,-0.628112377440213,4.22364805343989
-0.0263502915342612,5.06801383960571,5,4.03250681827181,-0.455236085110166,4.48716869124929
-0.191482696271463,4.84863460831824,4,3.59746106611617,-0.335817664837618,4.65828173454073
-1.00475145109444,3.55564978322716,4,1.50380869806635,-1.4074595741813,3.07196392761016
-1.20746395672795,3.25479944769167,3,1.04362594111678,-1.34565455034224,3.14690571608552
-0.836747605902221,3.83279820475322,5,1.91488507990548,-1.68567392868219,2.77341549007998
0.808718530236127,6.32303209915856,6,6.41248363813176,0.98278054691694,6.63570780384131
-0.807502105074427,3.8824896712154,5,1.98860632226715,-0.911748623468333,3.76951726909541
0.787453997584079,6.28510785269102,6,6.34529315710116,0.789300875649646,6.28899371405962
1.51283287584651,7.61121472553188,7,8.71671462285452,1.7158493771585,7.89766482388102
-0.0350623744012784,5.05661266805648,5,4.00948730447294,-0.589616110000135,4.283803337666
1.05118671110184,6.76570308333262,8,7.20166826934501,1.02963046693892,6.72030616426906
-0.840453863849951,3.82651830355837,5,1.90558195817406,-1.64890707126681,2.80969023923009
-0.97428375197472,3.60443540944525,4,1.57658008391038,-0.735949315388253,4.05196254561161
1.98151931641317,8.3248154192224,10,10,2.2624002665368,8.55278603333165
0.00854492291006747,5.11361906846741,5,4.12483430409633,-0.779418415355829,3.98197123268853
0.132037896693377,5.27567237977276,6,4.45383617836001,0.166362601618432,5.32161140954519
1.03093656088121,6.72831409710644,8,7.13447778831442,1.10309362430622,6.85275812220015
0.132037896693377,5.27567237977276,6,4.45383617836001,0.404170274249916,5.6562287934243
0.255956429610622,5.44298814708581,7,4.78936881395477,-1.10234743523878,3.47681993174856
-0.494329293131512,4.40519924716697,2,2.80076249168762,-0.281818345785338,4.73282100236647
-0.0661570687581105,5.01582996740873,5,3.92741279689749,-1.11859275498283,3.45309398772132
0.137938315043845,5.28349532742526,6,4.46967006142251,0.514658464202626,5.82619392668366
0.297935785525741,5.50152033652638,7,4.90471581357816,1.8263412287839,8.05885668253586
1.84101549539276,8.14055721968878,9,9.65516424267382,1.79799414670797,8.01880168756487
-1.12225115577867,3.37588126758323,3,1.23174432658419,-0.339453803506413,4.65320264407097
-0.172812376625474,4.87394359526271,4,3.64656744122661,-0.410003449618001,4.55305053000513
-1.52650300072276,2.86950792362241,1,0.411076381839131,-1.90148268375877,2.57537480675296
0.916115266809695,6.51733821687543,7,6.75731939545794,1.53823982515904,7.61405443879318
0.77448646622753,6.26209080206287,6,6.30450672183793,1.35193095277615,7.29521517788282
-0.810084321078892,3.87809382402729,5,1.98207556093607,-0.43513386913091,4.5166117602191
0.668121964618436,6.07702233542875,5,5.97550484757425,-0.00628211010803004,5.09556688093767
-0.176349211560998,4.86916229570909,4,3.63726431949518,-0.56592234623024,4.32044378195551
-1.33321192148464,3.09082204573215,2,0.780864691366048,-1.32122829332336,3.17749916969837
-1.33274147766893,3.09140396789906,2,0.781814547883691,-1.28014642370972,3.23022804836579
-1.1694076195839,3.30787177214122,3,1.12665030520987,-0.903729757035497,3.78227414317
0.0232039138777692,5.13276688305707,5,4.1636877009577,0.394799344472201,5.64227726892544
0.692803904483452,6.11931614116545,5,6.05095703944498,0.528945475638535,5.84891384858316
-0.0203602915329468,5.07584807993587,5,4.04834070133431,0.394650501343349,5.6420562417163
0.152396953587283,5.30271379670452,6,4.50852345828388,-0.825292265692908,3.90802408356539
-1.00475145109444,3.55564978322716,4,1.50380869806635,-0.743097006195309,4.04047034259179
-0.151169215169049,4.90307679498142,4,3.70350494400813,-1.05791886501239,3.54282134199021
-0.313410605400509,4.67831954382874,3,3.27677913169969,-0.915525673256627,3.76351701294682
-1.50465670129923,2.89288906346903,1,0.450879635218146,-2.37120070835578,2.20377864338624
-0.970823033682916,3.61002659862297,4,1.58490002375758,-0.828114328223092,3.90347902872925
1.03093656088121,6.72831409710644,8,7.13447778831442,1.29691508382164,7.19856779308223
0.748871327973234,6.21688905951997,6,6.22436525266434,1.25967249486919,7.13269438720699
0.297935785525741,5.50152033652638,7,4.90471581357816,0.253733925506117,5.44029919352689
1.66693660188252,7.87435624647762,8,9.17933205525494,2.28250139682463,8.57038733458099
0.288884590555379,5.48880497911553,7,4.87976326137742,-0.217703737892142,4.81936937874405
-0.151169215169049,4.90307679498142,4,3.70350494400813,0.00667587844748113,5.11233628203487
-0.197142102438579,4.84092798451436,4,3.58257703957131,-0.063699471074323,5.02127810179108
-0.970019621436898,3.61132600093718,4,1.58683306215944,-1.35221031197209,3.13878990782738
0.273871099457854,5.46783104126314,7,4.83847518906521,0.395350919311474,5.64309649510457
0.107305309730826,5.24299261422231,6,4.38759555384706,0.276370000306225,5.47176666808967
-0.0322725858414225,5.06026451657636,5,4.0168573878025,-0.683233777356991,4.1363667997831
-1.33321192148464,3.09082204573215,2,0.780864691366048,-2.089177351935,2.4191673836884
-1.16606458129336,3.31261151211468,3,1.13402038853943,-0.96591874800161,3.68406842539775
-1.1770416770438,3.29709521361657,3,1.10986656562973,-0.764094016866705,4.00666850073506
0.106950110251461,5.24252447556636,6,4.38664569732942,-0.374921037537671,4.60324163465708
0.103470412844902,5.23794000281057,6,4.37734257559799,0.140209239079001,5.28680557561722
0.770056385477994,6.2542476006948,6,6.29060587717729,0.455636455858092,5.73413513343412
1.01920384157791,6.70666829920909,8,7.09562439145304,0.383854011737115,5.62607117925657
-0.000877842681418453,5.10131023680532,5,4.0998817518956,0.0951933546429551,5.22749279371182
0.122730237947102,5.26335374069205,6,4.42888362615928,0.18337126597236,5.34440760700327
-1.32128696780007,3.10564351401559,2,0.805018514275752,-2.11161938642287,2.40126691969191
-0.0263502915342612,5.06801383960571,5,4.03250681827181,1.03764578453362,6.73477522203465
0.918976573108969,6.52256490908545,7,6.76662251718936,0.606822359086595,5.9756518229286
0.775102084127433,6.2631815401545,6,6.30643976023979,0.702679305657883,6.13778768460518
0.679660533765479,6.09674107007883,5,6.01071037802405,0.592769915255538,5.95243101534467
0.782425225318823,6.27617166770543,6,6.32945927403866,0.683700299342493,6.10520374736253
0.106950110251461,5.24252447556636,6,4.38664569732942,0.34202384257405,5.5650031093391
-0.3380923129826,4.64259767237276,3,3.21183887352675,-0.808191440261267,3.935581026423
-1.12920487444372,3.36569761080038,3,1.21609489611488,-0.555138166097941,4.33701643794702
0.748566634734552,6.21635359809927,6,6.2234153961467,0.994963768184874,6.65770770166818
0.890502394255938,6.47064871285722,7,6.67429503136485,0.878048617761459,6.44706532896175
0.652386666960602,6.05028679310202,5,5.92768601393096,0.499699385884324,5.80258656207458
0.152396953587283,5.30271379670452,6,4.50852345828388,-0.466160795783396,4.47105749708822
0.918382179706397,6.52147897387385,7,6.7646894787875,-0.611688747212286,4.24940164649629
-0.788509554231711,3.91485745897383,5,2.03676284085995,-0.490494833560607,4.43489366588403
-0.147272542804836,4.90830024866915,4,3.7137579222572,-0.441042318098136,4.50798510851018
-1.31240986336151,3.1167731136388,2,0.823102620195905,-1.2897218213199,3.21779416154419
-1.02511877768484,3.52350087501179,4,1.45565217947355,-0.788478799646592,3.96736364198214
-0.00778048093471968,5.09229154033563,5,4.08161319338225,0.0509259854679206,5.169727479614
-1.37433441448531,3.04082330961355,2,0.698790183790597,-1.92942358362858,2.55130846775491
-0.926689639120698,3.68213930071266,4,1.69192708353376,0.192383935752011,5.35654264742023
-0.0164827287313314,5.08091778811134,5,4.05859367958338,-0.347612405577389,4.64177774236876
0.128569003093101,5.27107828645458,6,4.44453305662859,0.52250818859444,5.83865609004584
-1.12225115577867,3.37588126758323,3,1.23174432658419,-2.28966463964188,2.264075284427
-0.188319256929606,4.85293514758007,4,3.60578100596337,0.0436065898201181,5.16021566595196
-1.20746395672795,3.25479944769167,3,1.04362594111678,-1.53866256205618,2.92388129184407
0.926049310199326,6.53549316981399,7,6.78964203098823,1.19542892882773,7.01835135049347
-1.30904963612495,3.12100758641752,2,0.829971066476486,-1.90566998598284,2.5717480830128
0.916115266809695,6.51733821687543,7,6.75731939545794,1.6005970190119,7.71651503886036
1.98151931641317,8.3248154192224,10,10,2.52189267778021,8.75343975319303
-0.0322725858414225,5.06026451657636,5,4.0168573878025,-0.177866043720523,4.87225454879522
1.15459237626046,6.9569414174911,9,7.54650402667119,1.351188097354,7.29391605710985
-0.214466468270132,4.81722973073092,4,3.53701672219825,0.395543530886693,5.64338262902312
0.106950110251461,5.24252447556636,6,4.38664569732942,0.0432386799884457,5.15973779131734
-1.30904963612495,3.12100758641752,2,0.829971066476486,-1.0419342470509,3.5669453181647
1.15459237626046,6.9569414174911,9,7.54650402667119,0.98600032792161,6.64152165869064
-1.1770416770438,3.29709521361657,3,1.10986656562973,-2.01142396469066,2.48239146117297
1.04367192348942,6.75182418456146,8,7.17671571714427,0.824063803638265,6.35061401132024
-0.0263502915342612,5.06801383960571,5,4.03250681827181,0.729777494809781,6.1846765362937
-0.0203602915329468,5.07584807993587,5,4.04834070133431,0.43982814625005,5.70997234710782
0.106950110251461,5.24252447556636,6,4.38664569732942,-0.251345463235049,4.77419905349734
1.15459237626046,6.9569414174911,9,7.54650402667119,0.206468786289699,5.37558880010828
-0.997146048323407,3.56775191362708,4,1.5218928039865,-1.03399860565726,3.57899184189582
0.255956429610622,5.44298814708581,7,4.78936881395477,0.499529857889915,5.80232009230997
0.303670465021623,5.50960487477678,7,4.92054969664066,0.15500500369308,5.30646130866144
1.71864110670597,7.95742192491366,8,9.32616236841014,0.832971802214356,6.36647217154068
1.59119566829627,7.74755846162745,7,8.95637405888322,1.5724185552653,7.67055049135789
1.0559521301971,6.77450639162037,8,7.21750215240751,1.15280267970597,6.94206335596811
1.42483416639644,7.45366543099402,6,8.43830394263448,1.11255423735078,6.86977909407976
0.00854492291006747,5.11361906846741,5,4.12483430409633,-0.921844002311162,3.75349241155136
-0.00439255312706619,5.09671833027127,5,4.09057863016417,0.0594312319182069,5.18079249863229
-0.0665171975301853,5.01535660955054,5,3.92646294037985,-0.750665754294275,4.02829239401357
-0.987023465805661,3.58393879210478,4,1.54604662689621,-0.361759792969372,4.62187111155786
0.893379519610786,6.47588420740187,7,6.68359815309627,1.16306090376855,6.96044948446436
0.951601654425682,6.58229460120692,7,6.87307647775666,0.751047813393676,6.22175897865842
-0.970414371946517,3.61068748398166,4,1.5858832056418,-0.665563573016509,4.16447493792101
-0.463116477065757,4.45421151036577,2,2.88283699926307,0.220380868640522,5.39450405307902
-0.0203602915329468,5.07584807993587,5,4.04834070133431,-0.260960208872427,4.7611933607201
-0.0224713164820158,5.07308748519055,5,4.04275979652088,0.526078951023478,5.84434185114211
-1.38702651832564,3.02573089939699,2,0.673837631589862,-1.44365089162657,3.02967179561199
0.00854492291006747,5.11361906846741,5,4.12483430409633,0.0721788423054393,5.19740419167598
1.84716677221628,8.14922058475243,9,9.67099812573632,2.13527418849674,8.43184701921371
-0.147633527920481,4.90781661738834,4,3.71280806573956,-1.1688178915024,3.38120844370524
1.0559521301971,6.77450639162037,8,7.21750215240751,0.904809438558737,6.49513048665663
0.951476368881251,6.58206479667795,7,6.87266639508133,0.590040674140963,5.94793858387103
-0.166672417273187,4.88222993056887,4,3.6627185087449,-0.617451038676214,4.24038054156761
0.132037896693377,5.27567237977276,6,4.45383617836001,0.0717253352196677,5.19681260474696
-0.163135956163699,4.88699475122967,4,3.67202163047632,0.466248973229234,5.7504731709226
-0.0665171975301853,5.01535660955054,5,3.92646294037985,-0.659398477715409,4.17425511120301
0.106950110251461,5.24252447556636,6,4.38664569732942,0.754934392396675,6.2285594026937
-0.0479067208086847,5.03978579252313,5,3.97556931549029,-0.136317402335663,4.92683752726632
-0.0661570687581105,5.01582996740873,5,3.92741279689749,0.0460474509774296,5.16338663942891
0.775102084127433,6.2631815401545,6,6.30643976023979,0.893213262348952,6.47428613890877
0.303670465021623,5.50960487477678,7,4.92054969664066,-0.169128085820394,4.88377766837098
-0.151169215169049,4.90307679498142,4,3.70350494400813,-1.04283276761349,3.56558422680213
-1.34561463624568,3.07556228144223,2,0.755912139165313,-0.580938043217882,4.2972589364551
-0.0514311865274963,5.03516414713587,5,3.96626619375886,0.121984104891171,5.26270950770855
0.926340934345225,6.53602648743321,7,6.79059188750588,0.475452075876506,5.76471764531061
-0.182369156291537,4.86101026037781,4,3.62143043643268,-0.0319330223001877,5.06238769345274
-1.12225115577867,3.37588126758323,3,1.23174432658419,-0.987398959409283,3.6506028378847
-0.0410573980296922,5.04876175295445,5,3.99365342141044,0.303277070691599,5.50961067392335
0.808718530236127,6.32303209915856,6,6.41248363813176,1.1640859155244,6.96228574390865
1.03122317256548,6.72884303748405,8,7.13542764483206,0.873428813409621,6.43878220271402
0.00854492291006747,5.11361906846741,5,4.12483430409633,0.14497793491344,5.2931310618837
-1.00867298100357,3.54943001606508,4,1.49450557633492,-0.718861097743161,4.07939815142883
0.94384750422732,6.56807748475665,7,6.84771384288059,1.60235263522399,7.71935920323529
-0.102073802675637,4.96846768030433,5,3.83274610441399,-0.576468055566848,4.30417384733802
-0.147272542804836,4.90830024866915,4,3.7137579222572,0.528573602747511,5.84832034383756
-0.162774889173356,4.88748091246079,4,3.67297148699396,0.192825347545442,5.35713801155842
-0.804214769963022,3.88808777989308,5,1.99692626211435,-0.962066325957829,3.69009779984392
-1.1770416770438,3.29709521361657,3,1.10986656562973,0.235859158506388,5.41567527820554
0.259355099784937,5.44768627795245,7,4.79867193568619,0.478114369735172,5.76885153254142
-0.206630226696001,4.82796943315089,4,3.55762448737058,-0.999118229764928,3.63246022340312
0.00503255339673703,5.10903113486077,5,4.11553118236491,0.771173435530644,6.25705056193989
0.926049310199326,6.53549316981399,7,6.78964203098823,0.700681474270998,6.13434746776104
-0.175423591714247,4.87041418104702,4,3.63969899494603,-0.136849534052101,4.92614155994208
-0.0228306347250525,5.07261756296142,5,4.04180994000324,0.249584719623947,5.43456611942345
-1.15478743816113,3.3286924261145,3,1.15897294074017,-1.26651627743353,3.24807843853405
0.80300701833964,6.31282476010377,6,6.3943995322116,0.94407188306156,6.56584956796487
0.0232039138777692,5.13276688305707,5,4.1636877009577,0.108098324715543,5.24442835232298
-1.38702651832564,3.02573089939699,2,0.673837631589862,-0.94311146349914,3.7198763178498
0.177330761815167,5.33603671017673,6,4.57571393931448,0.620888679305213,5.99904390839847
1.15459237626046,6.9569414174911,9,7.54650402667119,0.925635569227492,6.53261847424228
0.421169872196327,5.68057591192404,8,5.24955157090434,0.639721981966135,6.03058921279475
-0.503069889481527,4.39133597806515,7,2.7777909534804,-0.541283733707857,4.35820793464584
0.790405455205497,6.29035853995856,6,6.35459627883259,0.483633089011336,5.77743963158589
-0.00778048093471968,5.09229154033563,5,4.08161319338225,0.634317015439969,6.02151006320481
0.303670465021623,5.50960487477678,7,4.92054969664066,-0.742661251309479,4.04117120010348
0.16220611320779,5.31579453908387,6,4.53492750405124,-0.18530255274884,4.86242725749929
-0.97428375197472,3.60443540944525,4,1.57658008391038,-0.87084783703481,3.83480933867006
0.137572071596852,5.28300942756322,6,4.46868687953829,-1.01721894494821,3.60461082591642
0.273871099457854,5.46783104126314,7,4.83847518906521,0.912292934892568,6.50859395007794
0.790706669987855,6.29089464882958,6,6.35554613535023,0.650036837914039,6.04797269581848
0.259355099784937,5.44768627795245,7,4.79867193568619,0.124317069234853,5.26578731008719
-0.0479067208086847,5.03978579252313,5,3.97556931549029,-0.650986309576916,4.18757610032977
0.288884590555379,5.48880497911553,7,4.87976326137742,0.17771801824569,5.3368158340324
-1.37433441448531,3.04082330961355,2,0.698790183790597,-0.427478877256968,4.52775473023461
1.84716677221628,8.14922058475243,9,9.67099812573632,1.62081310342368,7.74912005893508
1.79697352331979,8.07697295211587,9,9.53981724305043,2.10940119920367,8.40505581755629
0.748871327973234,6.21688905951997,6,6.22436525266434,1.273886128165,7.15787391636661
0.916115266809695,6.51733821687543,7,6.75731939545794,1.59201469693123,7.70257764095475
1.51361547821042,7.61259747125567,7,8.71914929830537,1.37965505395542,7.34357247950817
-0.0350623744012784,5.05661266805648,5,4.00948730447294,-0.26511676371891,4.75555688951592
0.911241395187138,6.50843999980299,7,6.74148551239544,0.710024476361233,6.1504560514016
-0.94263103065763,3.65592567640603,4,1.65307368667239,-0.70997734631057,4.09363568154973
-0.675561942500133,4.10723127731343,6,2.32691131826225,-0.69469739149528,4.11807587661484
-0.0017975786255297,5.10010866521255,5,4.09744707644475,-0.159283013511411,4.89673129038182
-1.1770416770438,3.29709521361657,3,1.10986656562973,-1.5636205516557,2.89727059575274
0.0725598688959946,5.19732960159248,6,4.29486189976542,0.232784628470729,5.41145900213037
-0.332074738063604,4.65134956072353,3,3.22767275658925,-0.877384813964873,3.82433962860114
-0.990505730915172,3.57836027967811,4,1.537726687049,-0.77010819360199,3.99697783623474
0.107305309730826,5.24299261422231,6,4.38759555384706,0.935358799205912,6.55013993873362
1.15459237626046,6.9569414174911,9,7.54650402667119,0.657681418613546,6.06090323886924
0.27352517311656,5.46734946699665,7,4.83752533254756,0.505111657946873,5.81110633919236
0.152396953587283,5.30271379670452,6,4.50852345828388,-0.358685871803337,4.62620677398738
0.121821476729402,5.26215236279657,6,4.42644895070843,0.0165056992467351,5.12506545701101
1.7097407347513,7.94334571603458,8,9.3012098162094,2.13666119047828,8.43326153220029
0.137938315043845,5.28349532742526,6,4.46967006142251,-0.467577183555019,4.46896301501601
0.890502394255938,6.47064871285722,7,6.67429503136485,1.56338628043282,7.65569668182888
0.152750064785367,5.30318406427302,6,4.50947331480153,0.570846118137107,5.91650705250473
-0.660589712935285,4.13252586239477,6,2.36576471512363,-0.665972951207641,4.16382500107716
-0.0505087562205014,5.03637393207629,5,3.96870086920971,0.817237864295416,6.33848002706753
-0.147633527920481,4.90781661738834,4,3.71280806573956,-0.520273753201532,4.39012470886498
0.119257217426414,5.25876368440073,6,4.41958050442785,-0.908213134124095,3.77513876794663
1.07804965306503,6.81534655814979,8,7.29102130587637,1.54170819212616,7.6198223930709
-0.788135766561,3.9154949991896,5,2.03771269737759,-0.676906625384771,4.14644396359995
0.119257217426414,5.25876368440073,6,4.41958050442785,0.111344053546583,5.24869583720036
-1.33274147766893,3.09140396789906,2,0.781814547883691,-0.884640085667308,3.81273335756539
-1.16983887839725,3.30726124773633,3,1.12570044869223,0.0769768927255302,5.20366604876359
-1.13955849715904,3.35063362557474,3,1.19289092972282,-0.712508855138509,4.08958052751997
0.0889227522794882,5.21880353827856,6,4.33848917873662,0.457767458264304,5.73740827532678
-1.54945100705645,2.84534365094567,1,0.369788309526916,-1.74806120596037,2.71370378436089
-1.13955849715904,3.35063362557474,3,1.19289092972282,-1.56485723654356,2.8959640702287
1.01920384157791,6.70666829920909,8,7.09562439145304,1.8143043759945,8.04196244560264
-1.00475145109444,3.55564978322716,4,1.50380869806635,-1.4074595741813,3.07196392761016
-0.165937585405844,4.88322046966511,4,3.66465154714676,0.0985810634358306,5.23193380412635
0.0141498807814179,5.12094016681625,5,4.13968500527461,0.969387103904962,6.61152725300105
0.762090664519214,6.24017131934482,6,6.26565332497656,0.352796686943366,5.58060133679979
-1.33321192148464,3.09082204573215,2,0.780864691366048,-2.11130766772483,2.40151454320047
-1.30904963612495,3.12100758641752,2,0.829971066476486,-0.785697895660426,3.97184739117882
-0.803826469320755,3.88874916362913,5,1.99790944399857,-0.540808395661818,4.35893298544357
-0.946461285745071,3.64965425019005,4,1.64377056494097,-1.1282875010192,3.43904344940349
-1.76898101472229,2.63159110799562,0,0,-0.965868459698579,3.68414707914024
-1.02552222986186,3.52286797159965,4,1.45470232295591,-1.08077019459408,3.50867550893112
-1.11156363115973,3.39163633081439,3,1.2558981494939,-0.685825071390713,4.13223585483251
0.152750064785367,5.30318406427302,6,4.50947331480153,0.824984387347149,6.352251660678
-0.977003426175226,3.60004837479053,4,1.5700493225793,-0.903668778775329,3.78237124176397
0.951476368881251,6.58206479667795,7,6.87266639508133,0.0254313501417385,5.13663189458209
0.303670465021623,5.50960487477678,7,4.92054969664066,1.09336258244895,6.83524012872898
0.122730237947102,5.26335374069205,6,4.42888362615928,0.824066178209125,6.3506182351442
-1.54945100705645,2.84534365094567,1,0.369788309526916,-1.37881075927432,3.10626796635002
-1.16983887839725,3.30726124773633,3,1.12570044869223,-1.18740513128076,3.35518685734961
0.14650810611852,5.29487765929371,6,4.49268957522138,0.333451497324915,5.55265345009004
0.177330761815167,5.33603671017673,6,4.57571393931448,1.62336827380068,7.75321791892925
0.14650810611852,5.29487765929371,6,4.49268957522138,0.0849653994795719,5.21410415989959
0.679660533765479,6.09674107007883,5,6.01071037802405,0.507900289469356,5.81550560838717
0.128569003093101,5.27107828645458,6,4.44453305662859,0.821609209833397,6.34624884637807
1.06637722807693,6.7937702761141,8,7.252167909015,2.22682403341898,8.52065522809719
-0.803826469320755,3.88874916362913,5,1.99790944399857,-1.72495050586333,2.73556499038889
-1.52597852801428,2.87006487477187,1,0.412026238356774,-1.7788425197178,2.6850336240532
1.04367192348942,6.75182418456146,8,7.17671571714427,0.53060599663127,5.85156540757747
-1.35352954100152,3.06590602419304,2,0.740078256102812,-1.18983845279967,3.35180406581123
-1.02511877768484,3.52350087501179,4,1.45565217947355,-1.30116535552135,3.20304930254583
0.890502394255938,6.47064871285722,7,6.67429503136485,1.82347765312004,8.05485292860222
-0.0665171975301853,5.01535660955054,5,3.92646294037985,-0.801840670637095,3.94581945855276
-1.30904963612495,3.12100758641752,2,0.829971066476486,-1.58316545681704,2.87675213294805
-1.1766088509679,3.29770446144511,3,1.11081642214737,-2.20026047600778,2.33194885505674
0.679349729697701,6.0962086870954,5,6.00976052150641,1.59826057485408,7.71272625624081
1.03093656088121,6.72831409710644,8,7.13447778831442,0.896355182982345,6.47993147998406
-0.0228306347250525,5.07261756296142,5,4.04180994000324,-0.847272712902813,3.87265158520571
-0.0350623744012784,5.05661266805648,5,4.00948730447294,-0.380393496739189,4.59546370883049
-1.1766088509679,3.29770446144511,3,1.11081642214737,-1.33914663947271,3.15500199234425
-0.3380923129826,4.64259767237276,3,3.21183887352675,-1.3223934788957,3.17602703096603
-0.150808209345277,4.90356098759978,4,3.70445480052578,0.630707683856542,6.01545874452141
-1.30904963612495,3.12100758641752,2,0.829971066476486,-0.490492159473804,4.4348976608508
-0.463116477065757,4.45421151036577,2,2.88283699926307,-1.11996682378368,3.45109758275419
0.774788981518476,6.26262676699806,6,6.30545657835557,1.23963040435221,7.09711317415931
-0.0410573980296922,5.04876175295445,5,3.99365342141044,0.476017687693989,5.76559540516345
1.54238458287635,7.6631544158798,7,8.8080922521614,1.96453369223789,8.2402383005
-1.36632713100217,3.0504261098309,2,0.714624066853098,-1.37285613272551,3.11349155323908
-0.0665171975301853,5.01535660955054,5,3.92646294037985,-0.531307266723021,4.3733969092772
-0.494329293131512,4.40519924716697,2,2.80076249168762,-0.152735859299803,4.90532930744651
-0.13511828512505,4.92455325478015,4,3.74574287283799,0.106025609934301,5.24170487957167
1.0559521301971,6.77450639162037,8,7.21750215240751,0.804193654734322,6.3153376254371
1.80047719236584,8.0821299924318,9,9.54912036478185,1.18925952091525,7.0073289660158
0.177330761815167,5.33603671017673,6,4.57571393931448,-0.171017760003832,4.88128781205033
-0.0200010272518775,5.07631785171613,5,4.04929055785196,0.437325897109425,5.7061667465722
-0.990505730915172,3.57836027967811,4,1.537726687049,-1.44284695492277,3.03059886362386
-1.35305374857111,3.06648470647396,2,0.741028112620455,-1.12321370059186,3.44638665954492
-0.13511828512505,4.92455325478015,4,3.74574287283799,-0.130065607926067,4.9350088495184
-1.1770416770438,3.29709521361657,3,1.10986656562973,-0.857805661922326,3.85572954574646
-0.0410573980296922,5.04876175295445,5,3.99365342141044,0.256134624392397,5.44362115549651
0.964048131769491,6.605139324859,7,6.9138629130199,2.00602897042663,8.29007850205647
-0.147633527920481,4.90781661738834,4,3.71280806573956,-1.30704001862698,3.1955283419378
-1.34514093835373,3.0761422118132,2,0.756861995682956,-1.17204448434587,3.37666836802644
-0.0514311865274963,5.03516414713587,5,3.96626619375886,0.420324922484108,5.68044760518747
-0.151169215169049,4.90307679498142,4,3.70350494400813,-0.870009866563688,3.8361522511772
-0.0665171975301853,5.01535660955054,5,3.92646294037985,-0.164187847433726,4.8902815648479
-0.197503275358137,4.8404355909476,4,3.58162718305367,0.65429063500451,6.05516294088594
1.84101549539276,8.14055721968878,9,9.65516424267382,1.24940559151278,7.11447818471988
0.128569003093101,5.27107828645458,6,4.44453305662859,0.403817994564473,5.65570303065676
-1.30904963612495,3.12100758641752,2,0.829971066476486,-0.203357010174344,4.83848499168366
0.132037896693377,5.27567237977276,6,4.45383617836001,0.129852870048338,5.27309819707974
-0.303925820661419,4.69192576678693,3,3.30173168390043,-0.940597314396397,3.72383949809435
0.121821476729402,5.26215236279657,6,4.42644895070843,-0.0645371101397625,5.02019317443687
-0.462755368655517,4.45477396654613,2,2.88378685578071,-0.498634498852675,4.42271225154264
-0.191482696271463,4.84863460831824,4,3.59746106611617,-0.669682431691564,4.15793293661617
-0.0228306347250525,5.07261756296142,5,4.04180994000324,-0.194978383668367,4.84961115277433
1.54238458287635,7.6631544158798,7,8.8080922521614,1.72782003895334,7.91576480674571
1.15459237626046,6.9569414174911,9,7.54650402667119,1.1370767772774,6.91384682016224
0.0690670109503804,5.19275159996058,6,4.285558778034,0.296949520190975,5.50066673196212
1.63585599371835,7.82300484729064,8,9.08893760783228,1.3462266919113,7.28523507854939
-1.33321192148464,3.09082204573215,2,0.780864691366048,-0.779667646363154,3.98156944778908
-0.0228306347250525,5.07261756296142,5,4.04180994000324,-0.182280338652007,4.86642341741783
1.15459237626046,6.9569414174911,9,7.54650402667119,0.940496387057368,6.55940208598998
0.297935785525741,5.50152033652638,7,4.90471581357816,-1.10361537276099,3.474960056904
-1.32128696780007,3.10564351401559,2,0.805018514275752,-0.977864741143806,3.66542409253049
-1.10359697443648,3.40346126299978,3,1.27398225541405,-1.34605802342401,3.1464050724844
-0.322591181800616,4.66508624117367,3,3.25262530878999,-0.121656158886921,4.94598554848934
-0.810084321078892,3.87809382402729,5,1.98207556093607,-1.46379967348829,3.00661722908399
0.63646639614236,6.02342454434524,5,5.87952949533816,1.1423027511654,6.92322759811331
0.137938315043845,5.28349532742526,6,4.46967006142251,0.581036492659523,5.93315820251282
-0.175423591714247,4.87041418104702,4,3.63969899494603,-0.0429890665782178,5.04808565647543
-0.197503275358137,4.8404355909476,4,3.58162718305367,-0.589616945663121,4.28380204000468
1.56436327690078,7.70138941380015,7,8.87528273319199,0.924205181757664,6.53004182212739
-1.02552222986186,3.52286797159965,4,1.45470232295591,-0.643000110103748,4.20019587593296
-0.35378257761493,4.61964602158373,3,3.17055080121454,-0.727208457208638,4.06600371187468
-0.813765496769799,3.87182958351253,5,1.97277243920465,-0.781773844646175,3.97817394664013
0.0889227522794882,5.21880353827856,6,4.33848917873662,-0.602041739580025,4.26446775678669
-0.0661570687581105,5.01582996740873,5,3.92741279689749,0.313969948801981,5.52478880942026
-1.15788528622989,3.32426081310653,3,1.15210449445959,-1.9349160521734,2.54661407129567
0.128569003093101,5.27107828645458,6,4.44453305662859,-0.598150289199912,4.27053187263278
1.98151931641317,8.3248154192224,10,10,2.41630964691072,8.6782631550337
0.918976573108969,6.52256490908545,7,6.76662251718936,0.327909978760962,5.54469915721325
-1.33274147766893,3.09140396789906,2,0.781814547883691,-2.04806420275881,2.45235696609531
0.421169872196327,5.68057591192404,8,5.24955157090434,-0.452539521770302,4.49113351802837
0.119257217426414,5.25876368440073,6,4.41958050442785,0.420815703127045,5.68118671974868
-0.0661570687581105,5.01582996740873,5,3.92741279689749,-0.331095395187622,4.66486632370808
-1.13955849715904,3.35063362557474,3,1.19289092972282,-0.885064389254567,3.81205507493472
0.10382575819037,5.23840803351423,6,4.37829243211564,0.216475035887486,5.38918295253618
1.84101549539276,8.14055721968878,9,9.65516424267382,1.48242476983036,7.52025460375438
1.67789108735383,7.8922098792285,8,9.21081536878675,1.39873719724835,7.37670322783918
0.00503255339673703,5.10903113486077,5,4.11553118236491,0.00157958330654677,5.10573977995268
-0.0410573980296922,5.04876175295445,5,3.99365342141044,0.0853261970333944,5.21457597520492
-1.15184629259737,3.33290978118723,3,1.16550370207124,-1.21591774573976,3.31589822038675
-0.191121535048228,4.8491258491682,4,3.59841092263381,-0.623185653510098,4.2313869471503
1.80047719236584,8.0821299924318,9,9.54912036478185,1.30336005035083,7.20993276459238
-1.00475145109444,3.55564978322716,4,1.50380869806635,-0.796421353989859,3.95455718697946
-0.166311334755503,4.88271669375033,4,3.66366836526254,-0.801623551156716,3.94616951419358
-0.197503275358137,4.8404355909476,4,3.58162718305367,-0.892605048032367,3.80001001310849
1.3842326046895,7.37989342371476,6,8.30712305994859,1.58091156334884,7.68446521958168
0.134472110083513,5.27889839510862,6,4.46036693969109,-0.155044368151054,4.90229911565058
-0.273097744208982,4.73570406796495,3,3.38282300959166,0.25375990528911,5.44033512389415
-0.0350623744012784,5.05661266805648,5,4.00948730447294,-0.799754949987201,3.94918225818541
-0.222691584251679,4.80591963377193,4,3.51538655854072,-0.414509058381639,4.54654751193526
-0.0200010272518775,5.07631785171613,5,4.04929055785196,0.0583790299193136,5.17942286806532
-0.147633527920481,4.90781661738834,4,3.71280806573956,0.297340632255949,5.5012187609493
-0.0514311865274963,5.03516414713587,5,3.96626619375886,-0.931928956363452,3.73752650127716
-0.157117278095925,4.89509104570358,4,3.68785551353882,-1.03330267849796,3.58005044343069
1.15459237626046,6.9569414174911,9,7.54650402667119,1.14567307695783,6.92927536529869
1.0559521301971,6.77450639162037,8,7.21750215240751,1.57424864568191,7.67355319367966
-1.76898101472229,2.63159110799562,0,0,-1.64919964831434,2.80939822032326
1.01920384157791,6.70666829920909,8,7.09562439145304,1.55611758506614,7.64370261520603
-0.820930785403543,3.8596453614654,5,1.95468833328449,-0.716159706512837,4.08372954306216
1.01920384157791,6.70666829920909,8,7.09562439145304,1.88832532965546,8.14311505020393
-1.36632713100217,3.0504261098309,2,0.714624066853098,-0.665751227262305,4.16417702210878
-0.34776556154122,4.62847038809439,3,3.18638468427704,-1.72800481013911,2.73265881345682
1.98151931641317,8.3248154192224,10,10,2.54298335685724,8.76755195034669
0.0889227522794882,5.21880353827856,6,4.33848917873662,0.654461986227319,6.05545283648946
-0.322230163869121,4.66560782127761,3,3.25357516530763,-0.440140370601931,4.50930346789129
1.65234676205551,7.85037618321329,8,9.13709412642508,1.40461982587182,7.38688984964795
-0.820930785403543,3.8596453614654,5,1.95468833328449,-0.559189275510243,4.33079870865213
-0.147633527920481,4.90781661738834,4,3.71280806573956,-0.103007374205496,4.97027320577882
-0.0665171975301853,5.01535660955054,5,3.92646294037985,0.847791591152676,6.39290850873487
0.303670465021623,5.50960487477678,7,4.92054969664066,-0.208852539720274,4.83117253708902
-0.997146048323407,3.56775191362708,4,1.5218928039865,-2.169493510187,2.35576804100063
0.00817376765112933,5.11313426547623,5,4.12385112221211,0.187963185538382,5.35058539279551
-0.322591181800616,4.66508624117367,3,3.25262530878999,-0.804785390698744,3.9410719159598
-1.34514093835373,3.0761422118132,2,0.756861995682956,-1.42439014720045,3.0520364440665
-0.836369398801994,3.83343929280116,5,1.91583493642312,-1.74806120596037,2.71370378436089
0.676615228917444,6.09152763517076,5,6.00140725629263,-0.0140141363082382,5.08556439924598
-0.952916254645007,3.63910986025825,4,1.62812113447166,-1.27981216390432,3.23066367660813
-0.0203602915329468,5.07584807993587,5,4.04834070133431,0.0374218444392733,5.15218518314227
-1.12225115577867,3.37588126758323,3,1.23174432658419,-2.90907340714416,1.83744172742489
-1.36632713100217,3.0504261098309,2,0.714624066853098,-1.67025641125839,2.78852430308702
1.0163918409692,6.70148251935395,8,7.08632126972162,1.18894277574356,7.00676288129662
1.65234676205551,7.85037618321329,8,9.13709412642508,1.06019737306473,6.77546684520167
0.106950110251461,5.24252447556636,6,4.38664569732942,0.350417178431685,5.57714841167109
1.67237311128891,7.88323317720711,8,9.19498148572425,2.03340088003902,8.32178653868384
0.0889227522794882,5.21880353827856,6,4.33848917873662,-0.478206314276822,4.4532038071974
1.15459237626046,6.9569414174911,9,7.54650402667119,1.52070104102788,7.58477330132594
0.259355099784937,5.44768627795245,7,4.79867193568619,0.171930563961416,5.3290593299207
-0.303925820661419,4.69192576678693,3,3.30173168390043,-0.355128585807322,4.63121698537399
-0.0259908979513276,5.0684839842575,5,4.03345667478946,0.869531891506537,6.43179889638699
1.15459237626046,6.9569414174911,9,7.54650402667119,1.7760293221026,7.98713191019371
0.775102084127433,6.2631815401545,6,6.30643976023979,0.624542942226164,6.00514472644561
-1.1694076195839,3.30787177214122,3,1.12665030520987,-1.12805498396472,3.43937947379225
0.839729646506643,6.37870461729529,6,6.51113979639455,1.118819825937,6.88104588694919
-0.0319130695522268,5.06073505691853,5,4.01780724432015,0.791421949789904,6.29274034768476
0.106950110251461,5.24252447556636,6,4.38664569732942,-0.282207483055084,4.73228955733882
-0.13511828512505,4.92455325478015,4,3.74574287283799,-0.718260129987786,4.08036188589838
-0.191482696271463,4.84863460831824,4,3.59746106611617,-0.912401694077678,3.76847939706778
1.84101549539276,8.14055721968878,9,9.65516424267382,1.83729166548644,8.0740779017361
-1.00475145109444,3.55564978322716,4,1.50380869806635,-0.782498773010423,3.9770052166298
0.107305309730826,5.24299261422231,6,4.38759555384706,0.514627591836828,5.82614501465554
-0.160292409687691,4.89082188082237,4,3.67950224832504,0.25779884761631,5.44592612353377
0.103470412844902,5.23794000281057,6,4.37734257559799,0.568284239877477,5.91233380025423
-0.0228306347250525,5.07261756296142,5,4.04180994000324,-0.229762155792031,4.80323651547315
0.137938315043845,5.28349532742526,6,4.46967006142251,0.559111294784212,5.89743404142184
1.15459237626046,6.9569414174911,9,7.54650402667119,1.47562537429979,7.5087115577699
-1.34561463624568,3.07556228144223,2,0.755912139165313,-0.703926420107383,4.10332178158719
0.134472110083513,5.27889839510862,6,4.46036693969109,-0.183336177251199,4.86502768760821
-1.10057895787675,3.40795883219673,3,1.28085070169463,-0.556148676889159,4.33546637392048
1.15459237626046,6.9569414174911,9,7.54650402667119,0.753574834275345,6.2261797216504
-1.11812830806939,3.38194419785297,3,1.24104744831562,-0.199186578952973,4.84402635602093
0.14650810611852,5.29487765929371,6,4.49268957522138,0.802410706015331,6.31217924133659
-0.94263103065763,3.65592567640603,4,1.65307368667239,-1.35758728210824,3.13216325873743
-0.0505087562205014,5.03637393207629,5,3.96870086920971,-1.18286220617626,3.3615171999737
-1.13955849715904,3.35063362557474,3,1.19289092972282,-1.11344042960817,3.46059439982215
-0.322964864968864,4.66454625961707,3,3.25164212690577,-0.00369930765743471,5.09890863073943
0.421169872196327,5.68057591192404,8,5.24955157090434,0.766911944498719,6.24956204728577
1.79697352331979,8.07697295211587,9,9.53981724305043,1.15391471992302,6.94405727951984
0.288884590555379,5.48880497911553,7,4.87976326137742,0.593254536576141,5.95322931828404
-0.0357941565844918,5.05565460095592,5,4.00755426607108,-0.178151835031309,4.87187723128714
0.288884590555379,5.48880497911553,7,4.87976326137742,-0.187194291354266,4.8599242330189
0.0391203456378836,5.15356437375367,5,4.20592562978756,0.866159007903079,6.42575751913996
-0.855972956824854,3.80027543370518,5,1.86672856131268,-0.403599370321145,4.56227115769747
-0.836747605902221,3.83279820475322,5,1.91488507990548,-0.547414677025998,4.34884411902916
-0.0505087562205014,5.03637393207629,5,3.96870086920971,0.279524008275813,5.47617747241468
1.98151931641317,8.3248154192224,10,10,2.20139969802456,8.49689874179563
1.43261254994018,7.46773338844175,6,8.46325649483522,1.85544277344485,8.09899338564957
-0.322591181800616,4.66508624117367,3,3.25262530878999,-0.763806680134221,4.00713140893318
-1.76898101472229,2.63159110799562,0,0,-2.39987789616214,2.18290943398597
-0.291767013489257,4.70927237190716,3,3.33371663448122,-1.7120305110576,2.74791690991829
0.106950110251461,5.24252447556636,6,4.38664569732942,-0.208458438145816,4.83169733537463
0.103470412844902,5.23794000281057,6,4.37734257559799,0.493046121997443,5.7921467339945
0.787453997584079,6.28510785269102,6,6.34529315710116,1.2901968711864,7.18670971101135
-1.11156363115973,3.39163633081439,3,1.2558981494939,-0.705587984494283,4.10066297667076
0.905668718726576,6.49827359345143,7,6.72340140647528,0.876793419657869,6.4448143456278
-1.56346389222211,2.83078050745233,1,0.344835757326182,-2.61689257364858,2.03015812931378
1.84101549539276,8.14055721968878,9,9.65516424267382,2.25745915250378,8.54839910920733
1.815200041561,8.10361542751119,9,9.58797376164322,2.04662183867588,8.33677232903738
0.782727088311378,6.27670771969521,6,6.33040913055631,0.0594261446551018,5.18078587611252
-0.191482696271463,4.84863460831824,4,3.59746106611617,-0.0691369250201449,5.01423419425734
-0.478815463942892,4.42965731562109,2,2.84154892695086,-0.217802827787716,4.81923705874263
-0.0322725858414225,5.06026451657636,5,4.0168573878025,-0.595553643566754,4.27457393186741
0.748871327973234,6.21688905951997,6,6.22436525266434,1.10719315911526,6.86013503784779
-0.363264403136776,4.60568236835537,3,3.1455982490138,0.00393792318268089,5.10879212926346
0.80300701833964,6.31282476010377,6,6.3943995322116,-0.646533837934291,4.19461516946161
0.168081761831017,5.32364737813858,6,4.55076138711374,0.68598525200164,6.1091149347284
-1.36632713100217,3.0504261098309,2,0.714624066853098,-1.16450596628404,3.38729061687057
-0.660589712935285,4.13252586239477,6,2.36576471512363,0.185871580464051,5.34777016224904
-0.172812376625474,4.87394359526271,4,3.64656744122661,-1.00277082571038,3.62682322648053
0.421169872196327,5.68057591192404,8,5.24955157090434,1.23893092504817,7.09586981675552
0.107305309730826,5.24299261422231,6,4.38759555384706,0.429164862931429,5.69379091364075
1.0559521301971,6.77450639162037,8,7.21750215240751,1.63006554508648,7.76393331547506
0.916115266809695,6.51733821687543,7,6.75731939545794,1.08103181424308,6.81302804556887
1.01920384157791,6.70666829920909,8,7.09562439145304,0.68896258391652,6.11421615715648
-0.0224713164820158,5.07308748519055,5,4.04275979652088,-0.0645395198829325,5.02019005319397
0.823886527606158,6.35021108642716,6,6.46064015672455,0.682277355422479,6.10276972726652
-1.57241303116345,2.82155414070416,1,0.329001874263681,-1.4726169226661,2.99663619348293
1.15459237626046,6.9569414174911,9,7.54650402667119,1.56338628043282,7.65569668182888
-0.0168419146062528,5.08044822255474,5,4.05764382306574,-0.00938059588974037,5.09155829556733
-1.57241303116345,2.82155414070416,1,0.329001874263681,-1.78674706816734,2.67775062768731
0.614128263485935,5.98606198819318,5,5.81233901430757,-0.0513973324406754,5.03720540398113
0.146861507069522,5.29534757793083,6,4.49363943173903,0.465606802525967,5.74948186940827
-0.322591181800616,4.66508624117367,3,3.25262530878999,-0.779415607914928,3.98197575854392
1.80047719236584,8.0821299924318,9,9.54912036478185,2.35928760832845,8.63417120031603
1.84101549539276,8.14055721968878,9,9.65516424267382,0.798153211298662,6.30464223709908
1.66609233120216,7.8729748025739,8,9.17689737980409,1.1996042120587,7.02580712363255
-0.175423591714247,4.87041418104702,4,3.63969899494603,0.429164862931429,5.69379091364075
-0.166311334755503,4.88271669375033,4,3.66366836526254,-0.443371953628522,4.50457747727477
-1.33321192148464,3.09082204573215,2,0.780864691366048,-1.14660939782062,3.41271583215868
0.27352517311656,5.46734946699665,7,4.83752533254756,-0.649683831268287,4.18963607971818
-0.820930785403543,3.8596453614654,5,1.95468833328449,-0.633967569156174,4.2144362810931
1.79697352331979,8.07697295211587,9,9.53981724305043,1.4518338561126,7.46814313915694
-0.0172137109042542,5.07996216074395,5,4.05666064118152,-0.0505957834457615,5.03824277412705
-1.36632713100217,3.0504261098309,2,0.714624066853098,-1.20968539856598,3.32442051092079
0.00503255339673703,5.10903113486077,5,4.11553118236491,-0.630758576871709,4.21948679876571
-0.157117278095925,4.89509104570358,4,3.68785551353882,0.134949298406263,5.27983865371916
0.676615228917444,6.09152763517076,5,6.00140725629263,1.08579555343603,6.82161099123926
0.893379519610786,6.47588420740187,7,6.68359815309627,1.42805873326397,7.42734366372406
0.966883210910306,6.61034687271965,7,6.92316603475132,1.04504796520562,6.74813481636004
1.15459237626046,6.9569414174911,9,7.54650402667119,1.25518533863761,7.12473584659968
-0.97428375197472,3.60443540944525,4,1.57658008391038,-1.26571916149807,3.24912786801937
0.107305309730826,5.24299261422231,6,4.38759555384706,0.608618508602393,5.97863060263689
1.04367192348942,6.75182418456146,8,7.17671571714427,0.873760309268652,6.43937640438491
0.0889227522794882,5.21880353827856,6,4.33848917873662,0.878055216548651,6.44707716365841
0.777448298475317,6.26734033285859,6,6.31380984356935,1.19107421524436,7.01057183475464
1.53723675449712,7.65414865333637,7,8.7922583690989,2.7708680084325,8.90440360323744
-0.807502105074427,3.8824896712154,5,1.98860632226715,-1.44447347450003,3.02872380076766
-0.147633527920481,4.90781661738834,4,3.71280806573956,0.0190171239571224,5.12831906365027
-0.953921841428879,3.63747002664043,4,1.62568645902081,0.115426851470612,5.25406871230498
1.04367192348942,6.75182418456146,8,7.17671571714427,1.04780038314921,6.75310168604574
0.288884590555379,5.48880497911553,7,4.87976326137742,-0.778696889290015,3.98313438807842
-1.35352954100152,3.06590602419304,2,0.740078256102812,-1.72438136915423,2.73610710564657
0.890502394255938,6.47064871285722,7,6.67429503136485,0.896363507745236,6.47994644011839
0.627872268404973,6.00900406029179,5,5.85362708661978,1.27865874882354,7.16631808397395
-0.287869218277457,4.71481090156254,3,3.34396961273028,-0.977922366973449,3.66533435109034
1.5000737743365,7.58861925388022,7,8.67691136947551,0.928636294382247,6.538024687402
1.03093656088121,6.72831409710644,8,7.13447778831442,1.36640014931601,7.32048433521699
0.27352517311656,5.46734946699665,7,4.83752533254756,1.70374602411381,7.87921723120401
0.628187804302448,6.00953250222867,5,5.85457694313743,1.20641487637918,7.03796203272316
0.273871099457854,5.46783104126314,7,4.83847518906521,-0.628606300714748,4.22287158167966
-0.840075284070735,3.82715956207733,5,1.9065318146917,-1.12424046047146,3.4448988342862
1.03093656088121,6.72831409710644,8,7.13447778831442,1.33299097889702,7.26204019447003
-1.1177078167645,3.38256360444425,3,1.24199730483326,-1.36409598869189,3.1241776997006
-1.31240986336151,3.1167731136388,2,0.823102620195905,-0.520488878324677,4.38979927537413
0.259355099784937,5.44768627795245,7,4.79867193568619,0.111547144538132,5.24896297287095
-0.0228306347250525,5.07261756296142,5,4.04180994000324,0.300934058380576,5.5062956003297
0.502597947829149,5.80562917012819,4,5.48333714004389,1.44222183582198,7.45167821724346
-1.56346389222211,2.83078050745233,1,0.344835757326182,-2.00740906847304,2.4857098141357
-0.147633527920481,4.90781661738834,4,3.71280806573956,0.392379760252621,5.63868647387039
0.132037896693377,5.27567237977276,6,4.45383617836001,0.101330381829953,5.23554039202413
0.177330761815167,5.33603671017673,6,4.57571393931448,-0.0594699554018973,5.02675530474299
1.0559521301971,6.77450639162037,8,7.21750215240751,1.38113398013753,7.34614484275537
-0.182369156291537,4.86101026037781,4,3.62143043643268,-0.00209357151664664,5.10098637115695
1.68114140946165,7.89748167525086,8,9.22011849051817,0.702937676617886,6.13823276571474
-0.0350623744012784,5.05661266805648,5,4.00948730447294,-0.155571078890486,4.90160752658976
-1.36632713100217,3.0504261098309,2,0.714624066853098,-1.95009325795401,2.53370265452221
-0.794745141963356,3.90422448034805,5,2.02092895779744,-1.79079636049899,2.67403199320363
-0.197503275358137,4.8404355909476,4,3.58162718305367,-0.265119212044933,4.75555356695515
-0.0350623744012784,5.05661266805648,5,4.00948730447294,-0.168871131110476,4.88411614538454
0.0889227522794882,5.21880353827856,6,4.33848917873662,0.528524717397859,5.84824233185429
-1.29348289031707,3.1407806262569,2,0.861956017057277,-0.530813305593464,4.37414739122633
-0.980486169618069,3.59443943664016,4,1.56169605736552,-2.00876400111472,2.48458933274274
0.152750064785367,5.30318406427302,6,4.50947331480153,0.263369679009977,5.45365443047165
0.152396953587283,5.30271379670452,6,4.50852345828388,0.31696624467348,5.52905652516272
0.906419358446557,6.4996425249716,7,6.72583608192613,1.29729558592192,7.19923906218108
-0.165937585405844,4.88322046966511,4,3.66465154714676,0.043761164306233,5.16041644784905
0.02356207573836,5.13323476243203,5,4.16463755747535,-0.386501892283936,4.58675969349467
0.641069594442265,6.03117179240403,5,5.8934303399988,-0.706101609631771,4.09984093309158
-0.197503275358137,4.8404355909476,4,3.58162718305367,-0.743376565650864,4.04002069020384
-1.16983887839725,3.30726124773633,3,1.12570044869223,-0.680187030673539,4.14122098939933
-1.12225115577867,3.37588126758323,3,1.23174432658419,-0.840561826343699,3.88344371370588
1.15459237626046,6.9569414174911,9,7.54650402667119,1.82404943619754,8.05565314672109
-0.34776556154122,4.62847038809439,3,3.18638468427704,-0.671490815057863,4.15505871915858
0.785380683106056,6.28142200060849,6,6.33876239577009,1.00354166379607,6.67319822330439
0.106950110251461,5.24252447556636,6,4.38664569732942,-0.785514526292036,3.97214303833209
0.421169872196327,5.68057591192404,8,5.24955157090434,1.14305735871946,6.92458182041674
-0.960470645668607,3.62680972287778,4,1.60985257595831,-1.16313518159688,3.38922774533471
0.890502394255938,6.47064871285722,7,6.67429503136485,0.559909638732416,5.8987281348384
-0.807502105074427,3.8824896712154,5,1.98860632226715,-1.00222245468187,3.62766897541154
0.811043777700075,6.3271919677134,6,6.41985372146132,1.59869838082248,7.71343651994454
-1.4995891151169,2.89836681300814,1,0.46018275694957,-1.98827815684242,2.50159821904292
0.107305309730826,5.24299261422231,6,4.38759555384706,0.914981633621267,6.51343321030803
0.121821476729402,5.26215236279657,6,4.42644895070843,0.601387430558546,5.96665317375442
-0.0661570687581105,5.01582996740873,5,3.92741279689749,-0.507393615263321,4.40955688112262
1.51582463818434,7.61649869859665,7,8.72601774458595,2.17075198779127,8.46734739905057
0.255956429610622,5.44298814708581,7,4.78936881395477,-0.767799592304039,4.00069804671729
-1.31360246555355,3.11527308789102,2,0.820667944745062,-1.17440096909229,3.37335867224794
-1.1770416770438,3.29709521361657,3,1.10986656562973,-0.216267767848092,4.82128644681009
0.122730237947102,5.26335374069205,6,4.42888362615928,0.862386314702096,6.41900325498589
-0.836369398801994,3.83343929280116,5,1.91583493642312,-0.933257733562028,3.73542618376045
-0.191121535048228,4.8491258491682,4,3.59841092263381,-0.17704925262284,4.87333276827261
0.132037896693377,5.27567237977276,6,4.45383617836001,-0.546890899046233,4.34964495843005
1.84716677221628,8.14922058475243,9,9.67099812573632,2.39805019964929,8.6644295054498
-1.29302262767144,3.14136919057663,2,0.86290587357492,-2.13874761745455,2.37982339097243
-0.0410573980296922,5.04876175295445,5,3.99365342141044,0.0371698647565055,5.15185812765508
0.255956429610622,5.44298814708581,7,4.78936881395477,0.679777113302275,6.09849602627035
0.00503255339673703,5.10903113486077,5,4.11553118236491,-0.085261844621041,4.9933257671063
-0.166672417273187,4.88222993056887,4,3.6627185087449,-0.470524089628194,4.4646011189201
-1.36632713100217,3.0504261098309,2,0.714624066853098,-0.794813286413289,3.95715000806452
1.84101549539276,8.14055721968878,9,9.65516424267382,1.46548614686563,7.49145576004062
0.926049310199326,6.53549316981399,7,6.78964203098823,1.21017805375047,7.04467442376798
-0.0410573980296922,5.04876175295445,5,3.99365342141044,0.525135560373455,5.84283865883378
-1.31240986336151,3.1167731136388,2,0.823102620195905,-0.873010309760697,3.83134464152014
0.525342506755028,5.84157230107001,4,5.54957776455684,1.29503023917099,7.19524206966353
-1.33321192148464,3.09082204573215,2,0.780864691366048,-1.05243349900649,3.55107823094136
-0.970019621436898,3.61132600093718,4,1.58683306215944,-1.30082186478313,3.20349006867061
0.824623037410688,6.35153337011607,6,6.46298327780175,0.472747612234947,5.76052435068099
0.893673172968014,6.47641870446527,7,6.68454800961391,1.63046708441102,7.76457458713973
-0.0228306347250525,5.07261756296142,5,4.04180994000324,0.124685760167503,5.26627388566362
0.134472110083513,5.27889839510862,6,4.46036693969109,0.347913522723286,5.5735199924739
1.15459237626046,6.9569414174911,9,7.54650402667119,2.07078403531351,8.36361102618984
1.0163918409692,6.70148251935395,8,7.08632126972162,0.877336753854308,6.44578868080423
0.103470412844902,5.23794000281057,6,4.37734257559799,-0.617324582898249,4.24057868566847
-1.54945100705645,2.84534365094567,1,0.369788309526916,-2.68175420717955,1.98615371676916
1.98151931641317,8.3248154192224,10,10,2.29648969441061,8.58240785186256
0.931199720880223,6.5449150769435,7,6.80642577056838,1.52211304620176,7.58713753322619
-1.32587068298077,3.09992897043045,2,0.795715392544327,-0.97648292177704,3.66757659131281
-0.000877842681418453,5.10131023680532,5,4.0998817518956,-0.0692371436103344,5.01410433911213
-0.0410573980296922,5.04876175295445,5,3.99365342141044,-0.699486301861752,4.11042305610919
0.273871099457854,5.46783104126314,7,4.83847518906521,-0.905021709950646,3.78021722111896
1.98151931641317,8.3248154192224,10,10,2.42449244078305,8.68437843870014
-0.0350623744012784,5.05661266805648,5,4.00948730447294,0.883730351482115,6.45725872818714
0.676304148271212,6.0909954467246,5,6.00045739977498,0.21791827942837,5.3911481720647
-0.322591181800616,4.66508624117367,3,3.25262530878999,-0.298412028122244,4.71008762242764
-1.12225115577867,3.37588126758323,3,1.23174432658419,-1.11504125967636,3.45826156906542
-1.76898101472229,2.63159110799562,0,0,-0.733066859383062,4.05659448621983
-0.0410573980296922,5.04876175295445,5,3.99365342141044,-0.515074329838002,4.39798148548819
1.04367192348942,6.75182418456146,8,7.17671571714427,0.739274589042808,6.20120490776721
0.106950110251461,5.24252447556636,6,4.38664569732942,-0.164549578767257,4.88980560252466
0.128569003093101,5.27107828645458,6,4.44453305662859,0.18220160843108,5.34283562207675
0.152396953587283,5.30271379670452,6,4.50852345828388,-0.217991163358445,4.81898555294953
0.816034581622639,6.33612875559072,6,6.43568760452382,0.279522257894224,5.47617502272621
0.132037896693377,5.27567237977276,6,4.45383617836001,0.786147086549201,6.28342630123288
-0.0665171975301853,5.01535660955054,5,3.92646294037985,-0.364084399124143,4.61858847547317
-0.503069889481527,4.39133597806515,7,2.7777909534804,-0.555308951992493,4.33675450408372
-0.332074738063604,4.65134956072353,3,3.22767275658925,-1.42204529106212,3.05478127177492
0.652386666960602,6.05028679310202,5,5.92768601393096,0.316583829311995,5.52851148062062
0.0889227522794882,5.21880353827856,6,4.33848917873662,0.109074986127019,5.24571211594215
0.16220611320779,5.31579453908387,6,4.53492750405124,0.771367391052549,6.25739158518596
0.497139607433368,5.79706945916933,4,5.46750325698139,1.51120890670648,7.56884958085208
-1.15184629259737,3.33290978118723,3,1.16550370207124,-2.7663392771306,1.92983534750857
1.84101549539276,8.14055721968878,9,9.65516424267382,1.86996649205828,8.11864370535592
-1.33321192148464,3.09082204573215,2,0.780864691366048,-2.03155277127851,2.46583677619378
-1.35352954100152,3.06590602419304,2,0.740078256102812,-1.03795838079022,3.57297509324177
-1.76898101472229,2.63159110799562,0,0,-3.26541769081543,1.62061430505478
0.0137914561213049,5.12047199956846,5,4.13873514875697,-0.309029792228734,4.69546279454664
-0.197142102438579,4.84092798451436,4,3.58257703957131,-0.422654215872467,4.53475820389403
-0.206630226696001,4.82796943315089,4,3.55762448737058,-1.07998564237533,3.50984096723941
0.13721822512353,5.28254001614433,6,4.46773702302065,-0.0249630834357971,5.07140268442745
-0.191482696271463,4.84863460831824,4,3.59746106611617,0.124172077004524,5.26559597133795
-0.0661570687581105,5.01582996740873,5,3.92741279689749,0.145301468397484,5.29356054056456
-0.807502105074427,3.8824896712154,5,1.98860632226715,-0.960780872846388,3.69211141940458
-0.0228306347250525,5.07261756296142,5,4.04180994000324,0.0906229647736323,5.22150652683827
0.152396953587283,5.30271379670452,6,4.50852345828388,-0.0927237753639214,4.9836383947606
-0.151169215169049,4.90307679498142,4,3.70350494400813,0.379809755144104,5.62010727192169
1.63585599371835,7.82300484729064,8,9.08893760783228,1.60010753538043,7.71572163606858
-0.0228306347250525,5.07261756296142,5,4.04180994000324,0.614398603197862,5.98823279591718
1.03122317256548,6.72884303748405,8,7.13542764483206,0.234970939038594,5.41445664729898
0.14650810611852,5.29487765929371,6,4.49268957522138,0.860065233474233,6.4148495611083
-0.813765496769799,3.87182958351253,5,1.97277243920465,0.10092290805312,5.23500572220321
-0.0410573980296922,5.04876175295445,5,3.99365342141044,0.410099380435495,5.66509287434985
-1.38702651832564,3.02573089939699,2,0.673837631589862,-1.57468680259086,2.88561914317487
0.662919695797032,6.06816321610703,5,5.95967096451175,0.586626180034676,5.94232628672603
0.02356207573836,5.13323476243203,5,4.16463755747535,-0.213545654244503,4.82491821729886
-0.116824646795621,4.94891057913888,4,3.79389939143079,-0.166277798587035,4.88753106036487
-0.0203602915329468,5.07584807993587,5,4.04834070133431,0.228323935336966,5.40535152115125
1.03093656088121,6.72831409710644,8,7.13447778831442,1.78976838086186,8.00700526049779
-0.679151271137241,4.10115546298477,6,2.31760819653083,-0.496186945590193,4.42637956837952
-0.0479067208086847,5.03978579252313,5,3.97556931549029,-0.921596271693043,3.75388515031215
-1.00867298100357,3.54943001606508,4,1.49450557633492,-0.136854066929366,4.92613563114748
1.70411783231756,7.93440391701479,8,9.2853759331469,1.90524818070057,8.16530533292149
-0.132508652277125,4.92803538608757,4,3.75261131911857,-0.26292398584341,4.75853145724701
-0.788135766561,3.9154949991896,5,2.03771269737759,-0.69962956082319,4.11019402206004
-0.0263502915342612,5.06801383960571,5,4.03250681827181,-0.698418972747949,4.11212925516583
1.03122317256548,6.72884303748405,8,7.13542764483206,1.55695830377808,7.64509170131297
0.77448646622753,6.26209080206287,6,6.30450672183793,0.722255406119598,6.17161961070245
-0.363264403136776,4.60568236835537,3,3.1455982490138,-1.10234743523878,3.47681993174856
0.273871099457854,5.46783104126314,7,4.83847518906521,0.251100906980557,5.43665985293977
-0.0164827287313314,5.08091778811134,5,4.05859367958338,-0.138344796363177,4.92418553967941
1.54795763556582,7.67288302493877,7,8.82519317619733,1.5132471956125,7.57227335303588
-0.000877842681418453,5.10131023680532,5,4.0998817518956,0.251978007381703,5.43787170152471
-1.16983887839725,3.30726124773633,3,1.12570044869223,-1.12784700674367,3.43968007439457
-0.990505730915172,3.57836027967811,4,1.537726687049,-0.802359363129589,3.94498319072955
0.893379519610786,6.47588420740187,7,6.68359815309627,0.311067969448421,5.52066155091469
-0.176349211560998,4.86916229570909,4,3.63726431949518,-0.14554094569747,4.91476371081006
1.63585599371835,7.82300484729064,8,9.08893760783228,1.66897011894717,7.82542174538377
-0.0172137109042542,5.07996216074395,5,4.05666064118152,-0.773200917302465,3.99199343771722
0.657605025812316,6.05913305850423,5,5.94351989699346,-0.270304110173067,4.7485105446968
0.255956429610622,5.44298814708581,7,4.78936881395477,0.417085482144578,5.67557397596126
-0.956760672520759,3.6328448456511,4,1.61881801274023,-0.663394898611717,4.16791692139012
0.259355099784937,5.44768627795245,7,4.79867193568619,-0.235435475284638,4.79562433957053
-1.2889799412848,3.14654857024731,2,0.871259138788701,-1.64879220658942,2.80980489981551
-0.478815463942892,4.42965731562109,2,2.84154892695086,-1.55762604054291,2.90361961863477
-0.34776556154122,4.62847038809439,3,3.18638468427704,0.972691322420924,6.61749204972274
0.152396953587283,5.30271379670452,6,4.50852345828388,0.700682521083788,6.13434926972655
0.297935785525741,5.50152033652638,7,4.90471581357816,0.869895466435007,6.43245027711818
-0.322591181800616,4.66508624117367,3,3.25262530878999,-0.333786696367036,4.66111526286057
-0.94263103065763,3.65592567640603,4,1.65307368667239,-1.30887536261976,3.193185396294
-0.0168419146062528,5.08044822255474,5,4.05764382306574,-0.0926817221402036,4.98369301368814
-0.197503275358137,4.8404355909476,4,3.58162718305367,0.609077211237148,5.97939171377183
0.00854492291006747,5.11361906846741,5,4.12483430409633,-0.795526383743854,3.95600021932134
-0.813765496769799,3.87182958351253,5,1.97277243920465,-0.52917307067694,4.37663835692141
-1.1770416770438,3.29709521361657,3,1.10986656562973,-0.0972156446195429,4.97780268975933
0.255956429610622,5.44298814708581,7,4.78936881395477,0.32879328289389,5.54596553551315
-0.926301010112347,3.682780538882,4,1.69287694005141,-0.732728293632256,4.05713844073538
-1.33274147766893,3.09140396789906,2,0.781814547883691,-1.18740370642153,3.35518883980262
1.79697352331979,8.07697295211587,9,9.53981724305043,1.39843892841272,7.3761863863162
-0.182369156291537,4.86101026037781,4,3.62143043643268,-0.417717317573241,4.54190899497739
1.31925949689835,7.26092427156899,5,8.09441804182594,0.972464002445206,6.61708167479248
-1.33369900001458,3.0902197874484,2,0.779881509481827,-1.33438924403208,3.16094562390733
0.259355099784937,5.44768627795245,7,4.79867193568619,0.573362980272596,5.92061202845603
-0.00778048093471968,5.09229154033563,5,4.08161319338225,0.79186670737453,6.29352619117701
-0.97428375197472,3.60443540944525,4,1.57658008391038,-0.836694182194738,3.88966672874316
-0.191121535048228,4.8491258491682,4,3.59841092263381,0.012133512710842,5.11940264072841
-0.147633527920481,4.90781661738834,4,3.71280806573956,-0.56490365802207,4.32201210342938
1.79697352331979,8.07697295211587,9,9.53981724305043,1.56421476105348,7.65706148349365
0.918976573108969,6.52256490908545,7,6.76662251718936,0.646576388312302,6.04213261574612
-1.13955849715904,3.35063362557474,3,1.19289092972282,-0.877145038223596,3.82472345347193
1.98151931641317,8.3248154192224,10,10,2.08567689227951,8.37980381227791
-1.52650300072276,2.86950792362241,1,0.411076381839131,-1.56263169795762,2.89831610319941
-1.15788528622989,3.32426081310653,3,1.15210449445959,-0.636968644283204,4.20970884121364
-0.0203602915329468,5.07584807993587,5,4.04834070133431,-0.544078442506453,4.35394233453655
0.14650810611852,5.29487765929371,6,4.49268957522138,0.794755294353393,6.29863196827137
-0.0357941565844918,5.05565460095592,5,4.00755426607108,0.719603661785079,6.16702407937939
-1.00764609773755,3.55105735741056,4,1.49694025178577,-0.957482351475264,3.69728244520647
-0.970019621436898,3.61132600093718,4,1.58683306215944,-0.1271021333685,4.93887889600078
0.421169872196327,5.68057591192404,8,5.24955157090434,0.978219402906516,6.62747238076589
-0.00778048093471968,5.09229154033563,5,4.08161319338225,0.595306718530122,5.95661181412212
-0.462755368655517,4.45477396654613,2,2.88378685578071,-1.66865599084907,2.7901010525873
-1.18844609856548,3.28111805170828,3,1.08491401342899,-1.01321200445561,3.61075719439035
0.297935785525741,5.50152033652638,7,4.90471581357816,0.129991831538679,5.27328185894238
-1.13626432888179,3.35541361106723,3,1.20026101305238,-0.603843593823323,4.26165727837373
1.01920384157791,6.70666829920909,8,7.09562439145304,0.387218117339817,5.63104200763114
-0.191482696271463,4.84863460831824,4,3.59746106611617,-0.347732275554789,4.64160958479006
0.918674261908688,6.52201258650257,7,6.76563933530514,-0.218138618116148,4.81878862958762
-0.191482696271463,4.84863460831824,4,3.59746106611617,-0.686182346446694,4.13166612992681
-1.33274147766893,3.09140396789906,2,0.781814547883691,-2.40429568500825,2.17970952432557
0.14650810611852,5.29487765929371,6,4.49268957522138,0.712432590813214,6.15461618486115
0.259355099784937,5.44768627795245,7,4.79867193568619,1.76283969582013,7.96785578827627
1.0559521301971,6.77450639162037,8,7.21750215240751,2.13524485380218,8.43181707899858
-1.30904963612495,3.12100758641752,2,0.829971066476486,-1.6232069080165,2.83555900050155
0.59502501377938,5.95442355376436,4,5.75522765722924,0.429379343876377,5.69411545919895
-1.00867298100357,3.54943001606508,4,1.49450557633492,-1.77830252461649,2.6855323211027
1.84716677221628,8.14922058475243,9,9.67099812573632,1.58179564276806,7.68591070670021
-1.36632713100217,3.0504261098309,2,0.714624066853098,-1.72369301178141,2.73676302548358
-1.54945100705645,2.84534365094567,1,0.369788309526916,-1.44290914999727,3.03052712287976
-1.10359697443648,3.40346126299978,3,1.27398225541405,-0.565541464740184,4.32103023699697
-0.462755368655517,4.45477396654613,2,2.88378685578071,-1.25384756002404,3.26482924757673
-0.478815463942892,4.42965731562109,2,2.84154892695086,-1.61035883393665,2.84865617578105
1.3842326046895,7.37989342371476,6,8.30712305994859,1.42127382773667,7.41565610986116
-1.09951017114829,3.40955393253984,3,1.28328537714548,-0.304446513103482,4.70178341920298
0.421169872196327,5.68057591192404,8,5.24955157090434,0.721513406940694,6.17033331728146
-0.156756240176061,4.89557620359904,4,3.68880537005647,-0.878099788287508,3.82319521649349
0.671174839124314,6.08223027774323,5,5.98480796930567,-0.876429731697759,3.82586858587699
-1.11156363115973,3.39163633081439,3,1.2558981494939,-1.40085741758903,3.07980377833051
0.10382575819037,5.23840803351423,6,4.37829243211564,-0.915829355844536,3.76303482394964
-0.151169215169049,4.90307679498142,4,3.70350494400813,0.601560659441026,5.96693964602848
-0.337731332043812,4.6431234637191,3,3.21278873004439,-1.32327468571005,3.17491453379201
0.107305309730826,5.24299261422231,6,4.38759555384706,1.36817725833796,7.32358322409825
-0.197142102438579,4.84092798451436,4,3.58257703957131,-0.460133223128298,4.47995622435993
-0.619876543795726,4.20082591886619,1,2.47176061742394,-0.00208672344710923,5.10099523249688
-1.32909539617381,3.09592179046132,2,0.789184631213251,-1.24933031959005,3.27083919576547
-0.503069889481527,4.39133597806515,7,2.7777909534804,0.124567602000064,5.26611794259811
0.10382575819037,5.23840803351423,6,4.37829243211564,0.969698984856776,6.6120902412501
-1.29348289031707,3.1407806262569,2,0.861956017057277,-1.9906303663071,2.49963778758598
0.0889227522794882,5.21880353827856,6,4.33848917873662,0.730465134338356,6.18587167516103
0.259355099784937,5.44768627795245,7,4.79867193568619,0.59243337434502,5.95187674710564
0.103470412844902,5.23794000281057,6,4.37734257559799,-0.2948145170231,4.71502876834517
-0.990505730915172,3.57836027967811,4,1.537726687049,-1.38596384085755,3.09763333300627
-0.0479067208086847,5.03978579252313,5,3.97556931549029,-0.0327425386188431,5.06134061771793
-1.15075092188692,3.334482915908,3,1.16793837752209,-1.11837679115328,3.45340791345745
-0.0263502915342612,5.06801383960571,5,4.03250681827181,0.299049053797478,5.50363132516968
-0.150808209345277,4.90356098759978,4,3.70445480052578,-0.54099266317389,4.35865193138946
-1.18844609856548,3.28111805170828,3,1.08491401342899,-1.90568134068144,2.57173825819028
-0.322591181800616,4.66508624117367,3,3.25262530878999,-0.312184607217472,4.69110528543982
0.13721822512353,5.28254001614433,6,4.46773702302065,0.361844854425891,5.59377086684627
0.662919695797032,6.06816321610703,5,5.95967096451175,0.0872508299949968,5.21709339555205
-0.0168419146062528,5.08044822255474,5,4.05764382306574,0.336122284757364,5.55649521276762
-0.0168419146062528,5.08044822255474,5,4.05764382306574,0.462867708483881,5.74525747601955
-0.182369156291537,4.86101026037781,4,3.62143043643268,-0.361460400976432,4.62229364891557
-0.39813935923977,4.55370323989305,3,3.05381445144981,-1.18778834210939,3.35465375248218
0.926340934345225,6.53602648743321,7,6.79059188750588,0.740021489760633,6.20250678242598
1.68114140946165,7.89748167525086,8,9.22011849051817,0.979852716477669,6.63042135469247
0.775102084127433,6.2631815401545,6,6.30643976023979,0.171146120525283,5.32800918155287
0.00503255339673703,5.10903113486077,5,4.11553118236491,-0.501618473764231,4.41823604389891
-0.191121535048228,4.8491258491682,4,3.59841092263381,0.432792274284683,5.69928491035174
1.67237311128891,7.88323317720711,8,9.19498148572425,1.63154465232099,7.76629483602784
-1.1766088509679,3.29770446144511,3,1.11081642214737,-1.22118312845384,3.30872689942385
1.06637722807693,6.7937702761141,8,7.252167909015,1.16918641723213,6.97142055698158
-1.52597852801428,2.87006487477187,1,0.412026238356774,-1.02922148011035,3.58626544691966
-0.191121535048228,4.8491258491682,4,3.59841092263381,0.71288380450679,6.15539604783368
-0.0103764992206798,5.08889907573723,5,4.07474474710167,-0.412082732932238,4.55005109286464
-0.977003426175226,3.60004837479053,4,1.5700493225793,-1.32851469597135,3.16831432065828
-0.151169215169049,4.90307679498142,4,3.70350494400813,0.437483023732804,5.70640556317927
0.255956429610622,5.44298814708581,7,4.78936881395477,0.535083877644316,5.85872707404051
0.177330761815167,5.33603671017673,6,4.57571393931448,0.742568278288127,6.20694807837284
0.16220611320779,5.31579453908387,6,4.53492750405124,0.587827498211277,5.94429982852894
0.00854492291006747,5.11361906846741,5,4.12483430409633,-0.121773619281956,4.945832341029
-1.31360246555355,3.11527308789102,2,0.820667944745062,-2.80068377049126,1.90730452353761
0.94384750422732,6.56807748475665,7,6.84771384288059,1.70529139349539,7.88158075298724
1.81556182154249,8.10413959596673,9,9.58892361816087,1.84174340884284,8.0802251695726
-0.836747605902221,3.83279820475322,5,1.91488507990548,-0.983710234314924,3.65633070124682
0.641394934502303,6.03171995535364,5,5.89441352188302,1.28037290152374,7.16934959741728
0.106950110251461,5.24252447556636,6,4.38664569732942,0.113981495090215,5.25216603249812
-0.0259908979513276,5.0684839842575,5,4.03345667478946,0.113547338382526,5.25159463854815
0.811653414200826,6.32828301394779,6,6.42178675986318,0.557056030569716,5.8941048660222
-0.206991412732041,4.82747517162313,4,3.55667463085293,-0.0555183969327256,5.03187123007066
-0.151169215169049,4.90307679498142,4,3.70350494400813,-0.665795751004423,4.16410633525529
0.134472110083513,5.27889839510862,6,4.46036693969109,-0.152555923582284,4.90556542931878
0.918674261908688,6.52201258650257,7,6.76563933530514,1.30687839427598,7.21613241104609
-0.926689639120698,3.68213930071266,4,1.69192708353376,-1.0987636085073,3.48208418262985
0.785380683106056,6.28142200060849,6,6.33876239577009,1.43650149870714,7.44186011492048
0.951476368881251,6.58206479667795,7,6.87266639508133,0.60897284953466,5.97921853579467
-0.836747605902221,3.83279820475322,5,1.91488507990548,-0.525369581486015,4.38240825520741
-0.976607692974438,3.60068634080839,4,1.57099917909694,-0.602260277698362,4.26412697540707
0.808718530236127,6.32303209915856,6,6.41248363813176,0.508132833459489,5.81587275560755
-0.3380923129826,4.64259767237276,3,3.21183887352675,0.0718912499760037,5.19702903029748
-1.08252502890727,3.43506708468187,3,1.32213877400685,-0.976289014348205,3.66787873427913
-0.191482696271463,4.84863460831824,4,3.59746106611617,-0.60970240307254,4.25250758980745
-1.57241303116345,2.82155414070416,1,0.329001874263681,-0.853962704331603,3.86190103856178
0.152396953587283,5.30271379670452,6,4.50852345828388,0.235022403815936,5.41452724404208
1.0559521301971,6.77450639162037,8,7.21750215240751,1.28429785158814,7.17628827907425
-0.035434569727321,5.05612538935562,5,4.00850412258872,-0.476294545353439,4.45604365745339
1.81556182154249,8.10413959596673,9,9.58892361816087,1.31329058281795,7.22742284067293
0.931199720880223,6.5449150769435,7,6.80642577056838,0.627906241604234,6.01076834869978
0.259355099784937,5.44768627795245,7,4.79867193568619,-0.694918611213987,4.11772250897616
0.811782732531899,6.32851447227986,6,6.42219684253852,0.920597352961981,6.52354394847669
1.81556182154249,8.10413959596673,9,9.58892361816087,0.925686242866295,6.53270976066352
0.00854492291006747,5.11361906846741,5,4.12483430409633,0.262551148938577,5.45251767206484
-1.52650300072276,2.86950792362241,1,0.411076381839131,-2.26287767829596,2.28421011229474
1.815200041561,8.10361542751119,9,9.58797376164322,2.79520209477079,8.91757786921883
1.80047719236584,8.0821299924318,9,9.54912036478185,2.26424379208368,8.55441664416088
-0.303925820661419,4.69192576678693,3,3.30173168390043,-0.627953420773713,4.22389791739901
1.05118671110184,6.76570308333262,8,7.20166826934501,0.881405645522803,6.45308723924356
-1.35352954100152,3.06590602419304,2,0.740078256102812,-1.23317211074574,3.29249660789723
0.273871099457854,5.46783104126314,7,4.83847518906521,-0.284938675274362,4.72855733120343
1.40421662930631,7.41627075202722,6,8.37187886552834,1.80275514905182,8.02559406208924
-0.176349211560998,4.86916229570909,4,3.63726431949518,0.33611755026963,5.55648839780695
0.00854492291006747,5.11361906846741,5,4.12483430409633,1.13646372888534,6.91274612872488
0.134472110083513,5.27889839510862,6,4.46036693969109,0.743422767724009,6.20843894771308
0.27352517311656,5.46734946699665,7,4.83752533254756,0.660388035692586,6.06549086767274
-0.00778048093471968,5.09229154033563,5,4.08161319338225,-0.460087584906913,4.48002351185514
0.0137914561213049,5.12047199956846,5,4.13873514875697,-0.602482507324629,4.26378041269889
-1.28852080822845,3.14713790915978,2,0.872208995306344,-1.69359482219596,2.76570923401089
-0.191856529523124,4.8481260603893,4,3.59647788423195,-0.252191428725707,4.77305651660936
0.926340934345225,6.53602648743321,7,6.79059188750588,0.437161747516787,5.70591727763054
0.421169872196327,5.68057591192404,8,5.24955157090434,0.634207075248367,6.02132560287542
0.13721822512353,5.28254001614433,6,4.46773702302065,0.0457179138831329,5.16295847324361
-0.222691584251679,4.80591963377193,4,3.51538655854072,-0.778535760911781,3.98339413613577
-0.191482696271463,4.84863460831824,4,3.59746106611617,0.179757151176273,5.33955245016256
0.259355099784937,5.44768627795245,7,4.79867193568619,0.511690921045391,5.82149597154917
1.03122317256548,6.72884303748405,8,7.13542764483206,1.35934420409809,7.30817013015542
1.68921064397685,7.91051788026292,8,9.24313800431704,1.12869200099966,6.89878799294399
-0.628685051828805,4.18611590437135,6,2.44878907921672,-1.03454862418179,3.57815543272471
-1.11812830806939,3.38194419785297,3,1.24104744831562,-0.908389774298991,3.77485779426028
1.98151931641317,8.3248154192224,10,10,1.43650683234502,7.44186927593648
0.122730237947102,5.26335374069205,6,4.42888362615928,0.478895806279036,5.77006603696208
1.69478342871271,7.9194775010995,8,9.25897188737954,1.36426338398895,7.31675690973188
0.556144970973967,5.89095391262684,4,5.63997221197949,0.574746418692152,5.92287052998909
0.893673172968014,6.47641870446527,7,6.68454800961391,1.12308736966388,6.88871698739062
-1.02511877768484,3.52350087501179,4,1.45565217947355,-1.14667378989792,3.41262383229217
-0.0661570687581105,5.01582996740873,5,3.92741279689749,-0.0714335922416379,5.01125809132803
0.134472110083513,5.27889839510862,6,4.46036693969109,-0.968460182603095,3.68009528265138
-0.197503275358137,4.8404355909476,4,3.58162718305367,0.472707300748876,5.76046189365476
-1.34514093835373,3.0761422118132,2,0.756861995682956,-1.1291447074903,3.43780505892658
0.00503255339673703,5.10903113486077,5,4.11553118236491,0.211327427115552,5.38218286274789
-1.15075092188692,3.334482915908,3,1.16793837752209,-0.323714096476406,4.6751324679758
-0.997146048323407,3.56775191362708,4,1.5218928039865,-1.12423091063903,3.44491266822285
0.259355099784937,5.44768627795245,7,4.79867193568619,0.0846095088064776,5.21363879446422
1.01920384157791,6.70666829920909,8,7.09562439145304,1.28070140549477,7.1699304826287
0.00854492291006747,5.11361906846741,5,4.12483430409633,0.225174506642065,5.40104624251916
0.0232039138777692,5.13276688305707,5,4.1636877009577,1.09046856948772,6.83002834126033
1.69478342871271,7.9194775010995,8,9.25897188737954,1.12791819986724,6.89739778924993
1.15459237626046,6.9569414174911,9,7.54650402667119,0.897054954863958,6.48118905807217
-1.38702651832564,3.02573089939699,2,0.673837631589862,-1.98223963945452,2.50663995927776
-0.0350623744012784,5.05661266805648,5,4.00948730447294,0.587251447773137,5.94335334569292
1.63585599371835,7.82300484729064,8,9.08893760783228,2.96976649021355,9.00570871220775
-0.35378257761493,4.61964602158373,3,3.17055080121454,-1.01283137804968,3.61134160898495
-0.182369156291537,4.86101026037781,4,3.62143043643268,0.602335159082726,5.96822073021129
-1.10057895787675,3.40795883219673,3,1.28085070169463,-1.35139968253919,3.1397912694698
0.132037896693377,5.27567237977276,6,4.45383617836001,0.434648178113468,5.70210003065994
-1.16983887839725,3.30726124773633,3,1.12570044869223,-0.531478271726802,4.37313706444036
0.132037896693377,5.27567237977276,6,4.45383617836001,0.487338594897861,5.78322034543306
0.16220611320779,5.31579453908387,6,4.53492750405124,0.43720239312553,5.70597904735617
-0.132508652277125,4.92803538608757,4,3.75261131911857,-0.382050600293689,4.59310478284572
-0.0263502915342612,5.06801383960571,5,4.03250681827181,-1.20478742982585,3.33114392881411
0.0889227522794882,5.21880353827856,6,4.33848917873662,-0.303583763685172,4.70297189891125
-0.0164827287313314,5.08091778811134,5,4.05859367958338,-0.683595451539944,4.13579036343444
-0.788509554231711,3.91485745897383,5,2.03676284085995,-0.722367660767744,4.07377326085714
-1.33321192148464,3.09082204573215,2,0.780864691366048,-1.64030010413022,2.81830550610596
-0.762142892809275,3.95985583583804,5,2.10395332189054,-0.698062474364557,4.11269906960231
-0.788509554231711,3.91485745897383,5,2.03676284085995,-1.55818633160522,2.90302506634055
-0.172812376625474,4.87394359526271,4,3.64656744122661,0.606470593461783,5.97506872914046
-0.175423591714247,4.87041418104702,4,3.63969899494603,-0.218288821916464,4.81858802557919
-0.0168419146062528,5.08044822255474,5,4.05764382306574,1.13817988030604,6.91582724316157
-0.97428375197472,3.60443540944525,4,1.57658008391038,-1.34614137519877,3.14630166561682
-0.0505087562205014,5.03637393207629,5,3.96870086920971,-0.290244822450276,4.72129510945513
-1.1694076195839,3.30787177214122,3,1.12665030520987,-0.767020941279589,4.00195271346964
-0.660589712935285,4.13252586239477,6,2.36576471512363,-0.703716235141673,4.10365806245265
1.15459237626046,6.9569414174911,9,7.54650402667119,1.22564301770054,7.072230771026
-0.488305853663683,4.41471803717794,2,2.81659637475012,-0.380002990740841,4.59601935184742
0.905668718726576,6.49827359345143,7,6.72340140647528,0.491059133550886,5.78903605953362
1.0163918409692,6.70148251935395,8,7.08632126972162,1.08600097117748,6.82198104864505
1.98151931641317,8.3248154192224,10,10,1.91841576769047,8.18232634190208
-0.819965374012167,3.86128626741112,5,1.95712300873534,-0.703503315921397,4.10399870564404
-0.30653666819272,4.68818700602872,3,3.29486323761984,-0.176830614026169,4.87362134755707
-0.172812376625474,4.87394359526271,4,3.64656744122661,-0.520643302786404,4.38956565000758
0.106950110251461,5.24252447556636,6,4.38664569732942,0.243928610521632,5.42676781364293
0.782727088311378,6.27670771969521,6,6.33040913055631,0.113327076093583,5.25130477470394
-1.1177078167645,3.38256360444425,3,1.24199730483326,-1.89004532229951,2.58531789382221
-0.175423591714247,4.87041418104702,4,3.63969899494603,-0.601431689604572,4.26541892058236
0.132037896693377,5.27567237977276,6,4.45383617836001,-0.710139043956406,4.09337671096163
-1.16983887839725,3.30726124773633,3,1.12570044869223,-0.643883594724174,4.19880111097861
-0.00686037097777124,5.09349384629728,5,4.0840478688331,1.0487296343601,6.75477846579217
0.63646639614236,6.02342454434524,5,5.87952949533816,0.541196101333892,5.8685291011579
0.259355099784937,5.44768627795245,7,4.79867193568619,-0.824317848593094,3.90959362387834
-0.322591181800616,4.66508624117367,3,3.25262530878999,-0.194852641653164,4.84977792523463
0.893673172968014,6.47641870446527,7,6.68454800961391,1.16409334601006,6.96229905466039
0.918976573108969,6.52256490908545,7,6.76662251718936,0.869244460663495,6.43128395714962
0.297935785525741,5.50152033652638,7,4.90471581357816,0.505270153852109,5.81135620460714
1.70411783231756,7.93440391701479,8,9.2853759331469,2.33160837856365,8.61178834697862
-0.35378257761493,4.61964602158373,3,3.17055080121454,0.476020722232888,5.76560011511583
-0.990505730915172,3.57836027967811,4,1.537726687049,-0.581083368763997,4.29703393965262
-0.977003426175226,3.60004837479053,4,1.5700493225793,-0.802358604090702,3.94498441449272
0.297935785525741,5.50152033652638,7,4.90471581357816,1.17882397798351,6.98866949759817
-0.273097744208982,4.73570406796495,3,3.38282300959166,-0.689772399836592,4.12593903971794
-1.50465670129923,2.89288906346903,1,0.450879635218146,-2.69401504960124,1.97791619051534
-1.76898101472229,2.63159110799562,0,0,-2.05125400442786,2.44976298130653
1.03122317256548,6.72884303748405,8,7.13542764483206,2.1078124126436,8.40338537529845
0.259355099784937,5.44768627795245,7,4.79867193568619,0.870665068945256,6.43382919779004
0.134472110083513,5.27889839510862,6,4.46036693969109,0.46368880485019,5.74652316125998
-1.57241303116345,2.82155414070416,1,0.329001874263681,-1.60278694440484,2.8564276168165
-1.18844609856548,3.28111805170828,3,1.08491401342899,-0.649683026576934,4.1896373521906
-0.182369156291537,4.86101026037781,4,3.62143043643268,-0.528427451931562,4.37777015879962
0.785380683106056,6.28142200060849,6,6.33876239577009,0.782825531409836,6.27756718440812
-0.322591181800616,4.66508624117367,3,3.25262530878999,-0.216822457459359,4.8205460192631
0.905668718726576,6.49827359345143,7,6.72340140647528,0.76784711706831,6.25120467734717
0.0889227522794882,5.21880353827856,6,4.33848917873662,0.631882587572924,6.0174275378819
-1.35352954100152,3.06590602419304,2,0.740078256102812,-0.194685501297461,4.84999959542402
0.152396953587283,5.30271379670452,6,4.50852345828388,0.80213442481403,6.31168993342106
-0.478815463942892,4.42965731562109,2,2.84154892695086,-0.897762632993804,3.79178212151954
-0.0259908979513276,5.0684839842575,5,4.03345667478946,-0.716365087237723,4.08340029722769
0.103470412844902,5.23794000281057,6,4.37734257559799,0.242045014704045,5.42417510093915
-0.0228306347250525,5.07261756296142,5,4.04180994000324,0.403822859781165,5.6557102911044
-0.634761129902912,4.1759461619463,6,2.43295519615422,-1.0262685638027,3.59076958954742
0.916115266809695,6.51733821687543,7,6.75731939545794,1.02590634708946,6.71358262681235
-0.94263103065763,3.65592567640603,4,1.65307368667239,-0.155740791702543,4.90138467047863
-1.02552222986186,3.52286797159965,4,1.45470232295591,-1.32747237970063,3.16962513758616
0.259355099784937,5.44768627795245,7,4.79867193568619,-0.220767271812615,4.81527657561211
0.542109565980075,5.86835273129815,4,5.59868413966728,0.370077427917271,5.6058083740494
1.98151931641317,8.3248154192224,10,10,2.77768115232039,8.90811648425064
0.00781518326263417,5.11266588106066,5,4.12290126569447,-0.192866201784742,4.85241177068344
-1.57241303116345,2.82155414070416,1,0.329001874263681,-1.36411334045959,3.12415646309422
0.777750569552218,6.26787633387031,6,6.314759700087,0.58974178097063,5.94744694303409
0.770056385477994,6.2542476006948,6,6.29060587717729,1.12736260468393,6.89639956334466
0.132037896693377,5.27567237977276,6,4.45383617836001,0.127021354898939,5.26935737425059
-0.820930785403543,3.8596453614654,5,1.95468833328449,-1.32930661707922,3.16731908527627
-1.2889799412848,3.14654857024731,2,0.871259138788701,-1.3079290116472,3.19439308004415
0.121821476729402,5.26215236279657,6,4.42644895070843,0.858764162617655,6.41252182173579
-0.291767013489257,4.70927237190716,3,3.33371663448122,0.686089041397524,6.10929267000995
0.137938315043845,5.28349532742526,6,4.46967006142251,-0.0874515982011083,4.99048379962532
0.146861507069522,5.29534757793083,6,4.49363943173903,0.00653374541481069,5.11215228429617
1.815200041561,8.10361542751119,9,9.58797376164322,2.35664203932963,8.63206043081146
1.79697352331979,8.07697295211587,9,9.53981724305043,1.43682913634383,7.44242284005043
-0.197142102438579,4.84092798451436,4,3.58257703957131,0.222511654038995,5.39741048640026
-0.0017975786255297,5.10010866521255,5,4.09744707644475,0.665878896253754,6.07481272752673
0.134472110083513,5.27889839510862,6,4.46036693969109,0.0344304423619134,5.14830310512318
-0.175423591714247,4.87041418104702,4,3.63969899494603,-0.206673502308613,4.83407343653068
-1.30904963612495,3.12100758641752,2,0.829971066476486,-0.38466676995015,4.58937708202907
1.66609233120216,7.8729748025739,8,9.17689737980409,1.89899470982536,8.15714658199381
-0.463116477065757,4.45421151036577,2,2.88283699926307,-0.880281076268891,3.81970465862267
-0.191121535048228,4.8491258491682,4,3.59841092263381,-0.785511247545856,3.97214832466002
1.815200041561,8.10361542751119,9,9.58797376164322,1.49092984219697,7.53465977185268
1.52165093840348,7.62677289033437,7,8.7441018505061,1.42330000107117,7.4191483421485
0.259355099784937,5.44768627795245,7,4.79867193568619,0.535460682598864,5.85933046389223
0.89079623576715,6.47118330274123,7,6.67524488788249,0.866724885656876,6.42677090895996
-1.15478743816113,3.3286924261145,3,1.15897294074017,-1.48123146937902,2.98694707725502
0.421169872196327,5.68057591192404,8,5.24955157090434,0.983114863760776,6.63631145692477
-0.980882488704069,3.59380181118218,4,1.56074620084787,-1.04282974176381,3.56558880940676
1.01920384157791,6.70666829920909,8,7.09562439145304,1.92041142714473,8.18488723367532
-0.151169215169049,4.90307679498142,4,3.70350494400813,0.216195641983993,5.38880264257098
-1.02552222986186,3.52286797159965,4,1.45470232295591,-0.660664763666373,4.17224748727887
0.121821476729402,5.26215236279657,6,4.42644895070843,0.64362709841504,6.03716174366096
0.168081761831017,5.32364737813858,6,4.55076138711374,-0.998708388685753,3.63309325459032
0.297935785525741,5.50152033652638,7,4.90471581357816,0.249549479986742,5.43451747301018
0.273871099457854,5.46783104126314,7,4.83847518906521,0.782896368134533,6.27769208988248
-1.16983887839725,3.30726124773633,3,1.12570044869223,-2.39676404138109,2.18516726665546
-0.0164827287313314,5.08091778811134,5,4.05859367958338,0.298020305872795,5.50217832690496
1.84716677221628,8.14922058475243,9,9.67099812573632,1.84041755453706,8.07839681046378
0.77448646622753,6.26209080206287,6,6.30450672183793,0.64043454536268,6.03178769994757
-0.0164827287313314,5.08091778811134,5,4.05859367958338,-0.595771473626611,4.27423498189991
0.878466226936512,6.44877380979488,7,6.63544163450347,0.998108027745905,6.66338578089852
-0.172812376625474,4.87394359526271,4,3.64656744122661,0.309261411438387,5.51809525005384
-0.0665171975301853,5.01535660955054,5,3.92646294037985,-0.418185492868656,4.54123154877293
-0.0168419146062528,5.08044822255474,5,4.05764382306574,0.686449043596974,6.10990921170151
0.152750064785367,5.30318406427302,6,4.50947331480153,0.130032618454886,5.27333576730278
-1.1702853661459,3.30662938363112,3,1.12471726680801,-0.589834848999206,4.28346365563218
0.878466226936512,6.44877380979488,7,6.63544163450347,-0.382178135746427,4.59292316148506
0.303670465021623,5.50960487477678,7,4.92054969664066,-0.737222047434757,4.04991686005384
-0.463116477065757,4.45421151036577,2,2.88283699926307,0.013604621720146,5.12130781148478
-0.836747605902221,3.83279820475322,5,1.91488507990548,-1.98021672299152,2.50833186146701
-0.3380923129826,4.64259767237276,3,3.21183887352675,0.319995060647287,5.5333771226746
-0.0410573980296922,5.04876175295445,5,3.99365342141044,0.230677009430536,5.40857187161824
0.255956429610622,5.44298814708581,7,4.78936881395477,-0.417879408942288,4.5416744659964
-0.30653666819272,4.68818700602872,3,3.29486323761984,-0.400273662925053,4.56704914607249
1.01920384157791,6.70666829920909,8,7.09562439145304,1.28400117837777,7.1757639391741
-1.76898101472229,2.63159110799562,0,0,-2.04807784204848,2.45234586753042
0.878466226936512,6.44877380979488,7,6.63544163450347,0.770407231118642,6.25570354389936
0.916115266809695,6.51733821687543,7,6.75731939545794,0.538721293123855,5.86455663436348
1.15459237626046,6.9569414174911,9,7.54650402667119,1.84174639311816,8.08022928253547
0.273871099457854,5.46783104126314,7,4.83847518906521,0.525493956751966,5.84340963882736
0.27352517311656,5.46734946699665,7,4.83752533254756,0.391983573159633,5.63809895870681
-0.182369156291537,4.86101026037781,4,3.62143043643268,-0.49920699647526,4.42185389527179
-1.18801075829772,3.28172526675047,3,1.08586386994664,-2.43304194839835,2.15898415834688
0.775102084127433,6.2631815401545,6,6.30643976023979,0.774678085359525,6.26321520782969
-0.0203602915329468,5.07584807993587,5,4.04834070133431,0.499694707198177,5.80257920763787
0.106950110251461,5.24252447556636,6,4.38664569732942,0.415001391764182,5.67244308063001
-1.15184629259737,3.33290978118723,3,1.16550370207124,-0.235483595311715,4.79555971319262
0.103470412844902,5.23794000281057,6,4.37734257559799,-0.336026101589397,4.6579907939855
0.00854492291006747,5.11361906846741,5,4.12483430409633,-0.634603503719535,4.21343485925793
-0.0583177525475515,5.02612759045206,5,3.94809310403738,-0.173677839360125,4.87778087864301
-0.0350623744012784,5.05661266805648,5,4.00948730447294,-0.440320148024645,4.50904073288269
0.303670465021623,5.50960487477678,7,4.92054969664066,1.11943342839352,6.88214900670244
-0.0017975786255297,5.10010866521255,5,4.09744707644475,-0.100671988018609,4.97331000971239
0.396866776970618,5.64433029356267,3,5.18073931154756,1.04504440218895,6.7481283864504
-1.33321192148464,3.09082204573215,2,0.780864691366048,-0.83389067156525,3.89417890951721
-0.804589942885394,3.88744878262134,5,1.99597640559671,-0.0229115486876713,5.0740561177843
0.27352517311656,5.46734946699665,7,4.83752533254756,-0.0353712947439269,5.05794033796112
0.00854492291006747,5.11361906846741,5,4.12483430409633,-0.323566039647876,4.67533806677565
-0.0514311865274963,5.03516414713587,5,3.96626619375886,0.990452129940805,6.64956049954362
1.5000737743365,7.58861925388022,7,8.67691136947551,1.39423395180351,7.36889647913971
-0.0263502915342612,5.06801383960571,5,4.03250681827181,0.166733264811688,5.32210679124112
-0.322591181800616,4.66508624117367,3,3.25262530878999,-0.0275897737449957,5.06800534348342
1.15459237626046,6.9569414174911,9,7.54650402667119,1.05201064903684,6.76069845044255
-0.503069889481527,4.39133597806515,7,2.7777909534804,-0.796200582353049,3.95491315408306
0.421169872196327,5.68057591192404,8,5.24955157090434,0.361545912928641,5.59333475160629
0.0889227522794882,5.21880353827856,6,4.33848917873662,1.04745968878814,6.7524869102456
1.80047719236584,8.0821299924318,9,9.54912036478185,1.12247297967444,6.88761273692757
-0.0661570687581105,5.01582996740873,5,3.92741279689749,-0.152774028764965,4.90527921810166
0.893379519610786,6.47588420740187,7,6.68359815309627,1.01625847551132,6.69616240053385
1.69478342871271,7.9194775010995,8,9.25897188737954,1.98384900401997,8.26370470579654
-0.788509554231711,3.91485745897383,5,2.03676284085995,-0.824524291871278,3.90926108757981
-1.31360246555355,3.11527308789102,2,0.820667944745062,-1.14581311784021,3.4138538212741
-0.322591181800616,4.66508624117367,3,3.25262530878999,0.484044783087444,5.77808132120629
-1.37433441448531,3.04082330961355,2,0.698790183790597,-1.471453205581,2.99794979011857
-1.15184629259737,3.33290978118723,3,1.16550370207124,-1.54037540015679,2.92204004036873
0.878466226936512,6.44877380979488,7,6.63544163450347,0.742143205321125,6.20620657122168
-0.836747605902221,3.83279820475322,5,1.91488507990548,-0.820250759836908,3.91614569338103
-0.165937585405844,4.88322046966511,4,3.66465154714676,0.168627610542877,5.32463949121124
0.27352517311656,5.46734946699665,7,4.83752533254756,-0.138246786574533,4.92431376835982
-0.0665171975301853,5.01535660955054,5,3.92646294037985,0.417235791319611,5.67579992060382
-1.1770416770438,3.29709521361657,3,1.10986656562973,-1.51087703927056,2.95406630915582
-1.18844609856548,3.28111805170828,3,1.08491401342899,-1.71205248537325,2.74789582067222
-0.794745141963356,3.90422448034805,5,2.02092895779744,-1.03335953979845,3.57996393653967
-0.181443487695384,4.86226493088362,4,3.62386511188353,-1.54142639718053,2.92091135424246
0.137572071596852,5.28300942756322,6,4.46868687953829,0.262509797785606,5.45246025566835
0.916115266809695,6.51733821687543,7,6.75731939545794,0.712193759128061,6.15420344309339
-0.0263502915342612,5.06801383960571,5,4.03250681827181,0.576943411210501,5.92646027529161
0.421169872196327,5.68057591192404,8,5.24955157090434,1.27841843192119,7.16589302240371
1.15459237626046,6.9569414174911,9,7.54650402667119,2.61924120377995,8.81634895781596
-1.1770416770438,3.29709521361657,3,1.10986656562973,-0.943507118089941,3.71925290289434
-0.959462658234631,3.62844838745311,4,1.61228725140916,-0.48390280271603,4.44472797197757
-0.191856529523124,4.8481260603893,4,3.59647788423195,-0.400011016153936,4.5674261845723
-0.0410573980296922,5.04876175295445,5,3.99365342141044,-0.523403977344292,4.38538660281234
-0.807502105074427,3.8824896712154,5,1.98860632226715,-0.896736686860044,3.79341810224816
0.916115266809695,6.51733821687543,7,6.75731939545794,0.764820968760873,6.24589069641282
0.77448646622753,6.26209080206287,6,6.30450672183793,0.584755564816375,5.93925544063936
-1.00867298100357,3.54943001606508,4,1.49450557633492,-0.857507499592714,3.85620826142108
0.16220611320779,5.31579453908387,6,4.53492750405124,0.287161076582388,5.48688511268453
0.421169872196327,5.68057591192404,8,5.24955157090434,0.722092598980961,6.17133735018498
-0.0228306347250525,5.07261756296142,5,4.04180994000324,0.126486253407797,5.2686507541143
-1.02552222986186,3.52286797159965,4,1.45470232295591,-0.0481936924638557,5.04135134651828
0.255956429610622,5.44298814708581,7,4.78936881395477,-0.328180605561977,4.66892409280059
-0.0357941565844918,5.05565460095592,5,4.00755426607108,-0.333106682417073,4.66206344903374
0.614128263485935,5.98606198819318,5,5.81233901430757,1.12430485167543,6.89090503866648
-0.322591181800616,4.66508624117367,3,3.25262530878999,-1.02029092081449,3.59990598569813
1.05118671110184,6.76570308333262,8,7.20166826934501,0.454834849364921,5.73290487632146
-0.182369156291537,4.86101026037781,4,3.62143043643268,-0.375689909398992,4.60214998115988
0.941820977879535,6.56436390686082,7,6.84109152717587,1.01386671037387,6.69184348760607
1.15459237626046,6.9569414174911,9,7.54650402667119,1.77532925351874,7.98611361806131
-0.191482696271463,4.84863460831824,4,3.59746106611617,0.00967117921291994,5.11621419640614
0.636151628022401,6.02289537681828,5,5.87857963882052,0.666736146534078,6.07626988805751
-0.166672417273187,4.88222993056887,4,3.6627185087449,-0.512065820279618,4.40251992321282
0.152396953587283,5.30271379670452,6,4.50852345828388,0.101042061004361,5.23516206454813
-1.00867298100357,3.54943001606508,4,1.49450557633492,-1.28012951100436,3.23025008749163
-0.363264403136776,4.60568236835537,3,3.1455982490138,0.0987245654984583,5.23212199687756
-1.35352954100152,3.06590602419304,2,0.740078256102812,-1.66864647416227,2.79011043327469
-1.76898101472229,2.63159110799562,0,0,-1.2805507587771,3.22970123652249
1.05118671110184,6.76570308333262,8,7.20166826934501,1.30676508831752,7.21593280622834
1.815200041561,8.10361542751119,9,9.58797376164322,2.19386634016051,8.48972870799015
0.931199720880223,6.5449150769435,7,6.80642577056838,0.949863510322152,6.57629566248614
0.152396953587283,5.30271379670452,6,4.50852345828388,0.450313452337064,5.72597574908343
-0.960470645668607,3.62680972287778,4,1.60985257595831,-0.105463227918663,4.9670786859
0.152750064785367,5.30318406427302,6,4.50947331480153,-0.0711107480088492,5.01167647856754
0.636151628022401,6.02289537681828,5,5.87857963882052,0.705687972138606,6.14297298181883
0.421169872196327,5.68057591192404,8,5.24955157090434,0.380894082197286,5.62170501305501
0.152396953587283,5.30271379670452,6,4.50852345828388,0.517203922986914,5.83022949147477
0.103470412844902,5.23794000281057,6,4.37734257559799,0.355042110831358,5.5838636604363
0.27352517311656,5.46734946699665,7,4.83752533254756,-0.347463595122319,4.64198648656663
0.255956429610622,5.44298814708581,7,4.78936881395477,0.257177056689424,5.44506473392041
0.255956429610622,5.44298814708581,7,4.78936881395477,-0.15310750247633,4.90484158648517
0.137938315043845,5.28349532742526,6,4.46967006142251,-0.155248479387919,4.902031120377
-1.34514093835373,3.0761422118132,2,0.756861995682956,-2.54517818924349,2.07966867673318
-0.478815463942892,4.42965731562109,2,2.84154892695086,-0.0224625828966482,5.07463680697881
0.259355099784937,5.44768627795245,7,4.79867193568619,-0.380459485013608,4.59536980599254
-1.76898101472229,2.63159110799562,0,0,-0.818250918792163,3.91936798571612
-0.0168419146062528,5.08044822255474,5,4.05764382306574,0.490596385161288,5.78831209018149
1.98151931641317,8.3248154192224,10,10,2.29828693865824,8.58393892930784
1.815200041561,8.10361542751119,9,9.58797376164322,2.69541877732887,8.86194841149933
-0.807502105074427,3.8824896712154,5,1.98860632226715,-0.810359921143294,3.9320855104382
1.68114140946165,7.89748167525086,8,9.22011849051817,1.39337518462395,7.36740688825427
-0.132508652277125,4.92803538608757,4,3.75261131911857,0.224680698347663,5.40037171447174
-1.13626432888179,3.35541361106723,3,1.20026101305238,-1.27425412707736,3.23792292694619
0.132037896693377,5.27567237977276,6,4.45383617836001,-0.275527739679056,4.74140116274802
1.98151931641317,8.3248154192224,10,10,2.78645975429671,8.91287245469281
0.797999124113575,6.30388747612347,6,6.3785656491491,0.493202393375109,5.79239152017682
1.71864110670597,7.95742192491366,8,9.32616236841014,1.3878477339249,7.35781274226848
-0.322591181800616,4.66508624117367,3,3.25262530878999,-0.0297376575934301,5.06522725331695
0.128569003093101,5.27107828645458,6,4.44453305662859,0.111504066439825,5.24890630900092
0.539769209618136,5.86460031244767,4,5.59181569338669,0.10373442430734,5.23869588664467
-1.29348289031707,3.1407806262569,2,0.861956017057277,-2.10976487136942,2.40274052757976
1.04367192348942,6.75182418456146,8,7.17671571714427,1.24848052410616,7.11283573665856
-1.56346389222211,2.83078050745233,1,0.344835757326182,-0.63440953148025,4.21374033120141
1.03093656088121,6.72831409710644,8,7.13447778831442,1.19961464629624,7.02582575201259
-0.0665171975301853,5.01535660955054,5,3.92646294037985,-0.335466415659215,4.65877195773917
1.05118671110184,6.76570308333262,8,7.20166826934501,0.760338359864212,6.23802691603849
0.918976573108969,6.52256490908545,7,6.76662251718936,1.27907320634784,7.16705112504537
0.107305309730826,5.24299261422231,6,4.38759555384706,0.353533837885966,5.58167190042414
1.15459237626046,6.9569414174911,9,7.54650402667119,0.920858083463051,6.52401348026317
-0.0665171975301853,5.01535660955054,5,3.92646294037985,0.0170413456505997,5.12575934584999
0.259355099784937,5.44768627795245,7,4.79867193568619,-0.0205573105337677,5.07710108697493
0.152396953587283,5.30271379670452,6,4.50852345828388,-0.387299005304037,4.58562212797791
-0.197503275358137,4.8404355909476,4,3.58162718305367,-0.262734771944287,4.75878801984603
-0.34776556154122,4.62847038809439,3,3.18638468427704,-0.936296847216562,3.73062544747873
-0.0168419146062528,5.08044822255474,5,4.05764382306574,0.131812234502493,5.27568848961277
1.0559521301971,6.77450639162037,8,7.21750215240751,1.22564301770054,7.072230771026
-1.35352954100152,3.06590602419304,2,0.740078256102812,-0.327837531724539,4.66940137054103
0.152396953587283,5.30271379670452,6,4.50852345828388,0.565582298731545,5.90793802908843
-1.76898101472229,2.63159110799562,0,0,-2.02546145458562,2.47083222207077
-1.36632713100217,3.0504261098309,2,0.714624066853098,-1.85323051770948,2.61770145398151
1.66371275304582,7.86907705388303,8,9.17002893352351,1.40582261578962,7.38897103980482
-1.33321192148464,3.09082204573215,2,0.780864691366048,-2.69208526171073,1.97921104983174
-0.00439255312706619,5.09671833027127,5,4.09057863016417,-0.176838679530212,4.87361070225251
0.782425225318823,6.27617166770543,6,6.32945927403866,0.528343613964466,5.84795334137469
1.0163918409692,6.70148251935395,8,7.08632126972162,1.04752971070588,6.7526132638714
1.815200041561,8.10361542751119,9,9.58797376164322,2.36120403863496,8.63569651245971
0.134472110083513,5.27889839510862,6,4.46036693969109,0.0195429896669362,5.12900041596952
-0.35378257761493,4.61964602158373,3,3.17055080121454,0.353228495861062,5.58122840205237
0.918976573108969,6.52256490908545,7,6.76662251718936,0.0378724413608105,5.15277005603844
-1.56346389222211,2.83078050745233,1,0.344835757326182,-1.10413992667291,3.47419101142203
0.27352517311656,5.46734946699665,7,4.83752533254756,0.260455276193343,5.44960889749868
0.657605025812316,6.05913305850423,5,5.94351989699346,0.93687300032968,6.55286949441335
0.785682305143735,6.28195807720649,6,6.33971225228773,0.304336106702113,5.51111033810989
0.134472110083513,5.27889839510862,6,4.46036693969109,0.199266117374776,5.36583631432809
-1.20746395672795,3.25479944769167,3,1.04362594111678,-2.47599877985104,2.12831749494375
0.764285057087985,6.24404559551814,6,6.27252177125714,1.20583170839725,7.03692159641299
0.00781518326263417,5.11266588106066,5,4.12290126569447,0.976426843314528,6.62423598940167
-0.0228306347250525,5.07261756296142,5,4.04180994000324,0.412234102856244,5.66829132080325
1.0163918409692,6.70148251935395,8,7.08632126972162,1.38018273002883,7.34449037746154
-0.488305853663683,4.41471803717794,2,2.81659637475012,-0.328292333802501,4.66876864382122
-1.02552222986186,3.52286797159965,4,1.45470232295591,-0.370197363036978,4.60994026862227
-0.191121535048228,4.8491258491682,4,3.59841092263381,-0.789025628341097,3.96648195515192
0.259355099784937,5.44768627795245,7,4.79867193568619,-0.0231977801225937,5.07368590850453
-0.307462130396574,4.68686053875548,3,3.292428562169,-0.153130679209945,4.90481116948199
-0.131583643168611,4.92926904159208,4,3.75504599456941,-0.204394116411986,4.83710591124638
-0.150808209345277,4.90356098759978,4,3.70445480052578,-0.785118304449339,3.97278186553372
0.893379519610786,6.47588420740187,7,6.68359815309627,1.29730118225056,7.19924893476145
0.578182005476666,5.92677438581208,4,5.70513810023458,0.420045826570962,5.68002737562848
0.00503255339673703,5.10903113486077,5,4.11553118236491,0.44733394613657,5.72141891406056
1.15459237626046,6.9569414174911,9,7.54650402667119,1.43499356040162,7.43926960016733
0.152750064785367,5.30318406427302,6,4.50947331480153,0.703350156038665,6.13894340249695
0.705783042475378,6.14172454225144,5,6.09085184719764,0.662640493028141,6.06931245011546
1.81556182154249,8.10413959596673,9,9.58892361816087,1.42182166657524,7.41660050847415
0.132037896693377,5.27567237977276,6,4.45383617836001,-0.736581323831322,4.05094674278203
-0.0203602915329468,5.07584807993587,5,4.04834070133431,-0.520322421103569,4.39005108833037
0.106950110251461,5.24252447556636,6,4.38664569732942,-0.138095714863408,4.92451141442818
-1.00764609773755,3.55105735741056,4,1.49694025178577,-0.55293682034205,4.34039111631536
0.787453997584079,6.28510785269102,6,6.34529315710116,1.30259462741013,7.20858358976134
0.14650810611852,5.29487765929371,6,4.49268957522138,0.665695120283144,6.07450040681743
-0.0263502915342612,5.06801383960571,5,4.03250681827181,-0.26095744640838,4.76119710390845
-1.16606458129336,3.31261151211468,3,1.13402038853943,-0.977917998707398,3.66534115377956
1.67789108735383,7.8922098792285,8,9.21081536878675,1.39454036028166,7.36942790046486
0.128569003093101,5.27107828645458,6,4.44453305662859,0.279900125744558,5.47670390220458
0.823886527606158,6.35021108642716,6,6.46064015672455,1.26516104873632,7.14242288403141
-1.15788528622989,3.32426081310653,3,1.15210449445959,-1.3644787178831,3.12370934688855
1.09072611827002,6.83878626206472,8,7.33325923470623,0.836463063441376,6.37269418508414
-0.819965374012167,3.86128626741112,5,1.95712300873534,-0.560168655297792,4.32929411357377
0.0141498807814179,5.12094016681625,5,4.13968500527461,-0.925301235217955,3.7480141907506
-0.804589942885394,3.88744878262134,5,1.99597640559671,0.106404229821362,5.24220227287752
-0.160653465095692,4.89033613666264,4,3.6785523918074,-0.155366595500495,4.90187602992525
0.890502394255938,6.47064871285722,7,6.67429503136485,0.617711274406938,5.99374714261857
0.00854492291006747,5.11361906846741,5,4.12483430409633,-0.565877872840445,4.32051226325455
1.65267354896991,7.85091575958152,8,9.13804398294272,1.22039940378563,7.06289263457042
0.671486386719884,6.08276212737232,5,5.98575782582332,1.35292373940499,7.29695111509479
-0.163135956163699,4.88699475122967,4,3.67202163047632,0.0766484403659039,5.20323721692621
0.297935785525741,5.50152033652638,7,4.90471581357816,-0.241877694143137,4.78696296052581
-0.0263502915342612,5.06801383960571,5,4.03250681827181,0.119800557693652,5.25983052965471
-0.840453863849951,3.82651830355837,5,1.90558195817406,-0.00917309647553811,5.09182673090449
-0.0350623744012784,5.05661266805648,5,4.00948730447294,-0.121656158886921,4.94598554848934
-1.35305374857111,3.06648470647396,2,0.741028112620455,-1.6232069080165,2.83555900050155
-0.545364428467539,4.32343350367718,2,2.66674076529377,-0.391895272344028,4.57905490816392
1.84716677221628,8.14922058475243,9,9.67099812573632,1.64853316666633,7.79328587610819
-0.0410573980296922,5.04876175295445,5,3.99365342141044,0.276333126984239,5.47171514038211
0.748871327973234,6.21688905951997,6,6.22436525266434,0.3616778646692,5.5935272428304
0.106950110251461,5.24252447556636,6,4.38664569732942,-0.193006014552777,4.85222643919121
1.0559521301971,6.77450639162037,8,7.21750215240751,1.16889458755763,6.97089801348034
-0.157117278095925,4.89509104570358,4,3.68785551353882,-1.39218784998867,3.09015802056918
-1.13955849715904,3.35063362557474,3,1.19289092972282,-1.90290827214996,2.57413926312496
-0.0263502915342612,5.06801383960571,5,4.03250681827181,0.268234448599889,5.46041933420822
-0.0514311865274963,5.03516414713587,5,3.96626619375886,0.0413021411009,5.15722279638855
-1.38702651832564,3.02573089939699,2,0.673837631589862,-2.43312541882234,2.15892421871576
-0.0319130695522268,5.06073505691853,5,4.01780724432015,0.587836352313564,5.94431437831289
0.517117728641293,5.82852349937192,4,5.52557506887375,-0.275188340764766,4.74186350949983
0.255956429610622,5.44298814708581,7,4.78936881395477,0.279783089594937,5.47654008345542
-0.160292409687691,4.89082188082237,4,3.67950224832504,0.00157958330654677,5.10573977995268
-1.35352954100152,3.06590602419304,2,0.740078256102812,-0.936233149584833,3.73072602412232
0.0889227522794882,5.21880353827856,6,4.33848917873662,0.60320906704849,5.96966678817438
0.0889227522794882,5.21880353827856,6,4.33848917873662,1.12402945749468,6.89041011868422
0.177330761815167,5.33603671017673,6,4.57571393931448,-0.109109509974193,4.96233359604589
-0.980486169618069,3.59443943664016,4,1.56169605736552,0.0955232213353591,5.22792507756976
0.122730237947102,5.26335374069205,6,4.42888362615928,0.0139333936870352,5.12173361669575
-0.0164827287313314,5.08091778811134,5,4.05859367958338,-0.134336383557099,4.92942784207499
0.132037896693377,5.27567237977276,6,4.45383617836001,0.151054643741086,5.30120468948335
-1.14042337218784,3.34938064641192,3,1.19095789132096,-1.28446031140502,3.22461551055888
-0.926689639120698,3.68213930071266,4,1.69192708353376,-0.729453535754234,4.06239867423105
-0.0297413996281329,5.06357705184735,5,4.02354529590811,-0.126407609002486,4.93978558595749
0.774788981518476,6.26262676699806,6,6.30545657835557,0.577022327155044,5.92658928943754
0.893673172968014,6.47641870446527,7,6.68454800961391,1.1238132762025,6.89002160526297
0.847988403448261,6.39359768384634,6,6.5375438421619,0.311117395393186,5.52073179536506
0.146861507069522,5.29534757793083,6,4.49363943173903,-0.798207243485399,3.95167768246503
-1.32128696780007,3.10564351401559,2,0.805018514275752,-1.73682080806605,2.7242996155981
-0.0350623744012784,5.05661266805648,5,4.00948730447294,-0.335981770315823,4.658052674691
-1.20746395672795,3.25479944769167,3,1.04362594111678,-2.97338682034745,1.79686543621022
0.808718530236127,6.32303209915856,6,6.41248363813176,1.20442119519987,7.03440482253007
0.790706669987855,6.29089464882958,6,6.35554613535023,1.15823195790224,6.95179644069279
0.762090664519214,6.24017131934482,6,6.26565332497656,1.32738698580619,7.25220402695877
-0.163135956163699,4.88699475122967,4,3.67202163047632,-0.101698248096732,4.97197563914532
1.81556182154249,8.10413959596673,9,9.58892361816087,1.70360279215275,7.87899804980281
-1.20746395672795,3.25479944769167,3,1.04362594111678,-1.23993623165396,3.28340005292554
-0.804589942885394,3.88744878262134,5,1.99597640559671,-0.948952270173864,3.71068096078855
-0.176349211560998,4.86916229570909,4,3.63726431949518,0.627716016313096,6.01045006333817
-0.0228306347250525,5.07261756296142,5,4.04180994000324,0.0479921708972406,5.16591378041544
-0.0514311865274963,5.03516414713587,5,3.96626619375886,0.187159432428627,5.3495033155526
0.10382575819037,5.23840803351423,6,4.37829243211564,0.733520553885196,6.19118513694239
-0.0410573980296922,5.04876175295445,5,3.99365342141044,0.628363944157677,6.01153428450077
-0.94263103065763,3.65592567640603,4,1.65307368667239,-0.303356174782544,4.70328534518714
0.421169872196327,5.68057591192404,8,5.24955157090434,0.439878670256958,5.71004924117858
0.152396953587283,5.30271379670452,6,4.50852345828388,0.449278483456349,5.72439203687555
1.55099533426823,7.67817638505897,7,8.83449629792876,1.81135382703344,8.03779540878993
-0.206630226696001,4.82796943315089,4,3.55762448737058,0.15511642630543,5.30660966942002
1.65234676205551,7.85037618321329,8,9.13709412642508,1.70184428683524,7.87630544271481
0.259355099784937,5.44768627795245,7,4.79867193568619,0.863560048626391,6.42110422182277
-0.191482696271463,4.84863460831824,4,3.59746106611617,-0.0169797917115835,5.0817283588732
0.421169872196327,5.68057591192404,8,5.24955157090434,-0.392637563905244,4.57799305210045
0.89079623576715,6.47118330274123,7,6.67524488788249,0.61736647012772,5.99317279639013
0.255956429610622,5.44298814708581,7,4.78936881395477,-0.169420941886719,4.88339187379274
0.259355099784937,5.44768627795245,7,4.79867193568619,0.0737752913402974,5.19948709100634
0.134472110083513,5.27889839510862,6,4.46036693969109,-0.870421345504523,3.83549280206606
-1.4995891151169,2.89836681300814,1,0.46018275694957,-0.617318573464017,4.24058810168568
1.0163918409692,6.70148251935395,8,7.08632126972162,0.528155232517518,5.84765276584632
1.67789108735383,7.8922098792285,8,9.21081536878675,1.7879935610367,8.00444994972593
-0.319428939414908,4.66965155737354,3,3.26094524863719,-0.00151563989421424,5.10173421834107
-0.0203602915329468,5.07584807993587,5,4.04834070133431,0.386593670160075,5.63011863751247
-0.175423591714247,4.87041418104702,4,3.63969899494603,-0.72216084393432,4.07410509264619
0.931199720880223,6.5449150769435,7,6.80642577056838,0.0598634215653577,5.18135513528231
-0.810084321078892,3.87809382402729,5,1.98207556093607,-0.956907839286684,3.69818367993718
-0.0357941565844918,5.05565460095592,5,4.00755426607108,-0.842940156124773,3.87961814210166
-0.165937585405844,4.88322046966511,4,3.66465154714676,0.100628929916572,5.23462000717882
0.911241395187138,6.50843999980299,7,6.74148551239544,1.90420504747552,8.16394774415164
-1.12225115577867,3.37588126758323,3,1.23174432658419,-2.32305969421858,2.23920291801712
-1.36632713100217,3.0504261098309,2,0.714624066853098,-1.16313406970044,3.38922931731274
-0.178832128639264,4.8658021467509,4,3.63073355816411,-0.0741302494323809,5.00776292848089
0.748871327973234,6.21688905951997,6,6.22436525266434,0.944256531097024,6.56618256467403
-1.33274147766893,3.09140396789906,2,0.781814547883691,-1.98535038109264,2.50404108779181
-0.794370827422649,3.90486261804318,5,2.02187881431509,-0.89691079652523,3.79314044058993
-0.794745141963356,3.90422448034805,5,2.02092895779744,-0.742401878763917,4.04158835424308
-0.0203602915329468,5.07584807993587,5,4.04834070133431,-1.21037220522204,3.32347954806578
-0.0665171975301853,5.01535660955054,5,3.92646294037985,0.0921160673683765,5.2234615448099
-0.0661570687581105,5.01582996740873,5,3.92741279689749,0.948847754289173,6.5744633871887
-1.36632713100217,3.0504261098309,2,0.714624066853098,-0.733573016842261,4.05578123139483
0.0141498807814179,5.12094016681625,5,4.13968500527461,-0.467796332677907,4.46863883241271
-0.165937585405844,4.88322046966511,4,3.66465154714676,-0.771420737926531,3.99486255047164
0.132037896693377,5.27567237977276,6,4.45383617836001,-0.733809575500966,4.05540113075411
-1.15184629259737,3.33290978118723,3,1.16550370207124,-2.06692399529098,2.43706677361822
0.103470412844902,5.23794000281057,6,4.37734257559799,-0.316146469136883,4.68562511228099
-0.191482696271463,4.84863460831824,4,3.59746106611617,0.439884285550163,5.7100577874003
0.106950110251461,5.24252447556636,6,4.38664569732942,0.883733868787175,6.45726504053458
0.654539973381724,6.05393467578965,5,5.93421677526203,0.732643350621106,6.18965914816581
-0.160292409687691,4.89082188082237,4,3.67950224832504,-0.782724357634191,3.97664152522448
0.27352517311656,5.46734946699665,7,4.83752533254756,0.62345852324277,6.00333326635625
-1.29302262767144,3.14136919057663,2,0.86290587357492,-2.81405081803232,1.89858714420411
0.857814088800741,6.41134999395671,6,6.56902715569372,1.555995076174,7.64350015927479
0.13721822512353,5.28254001614433,6,4.46773702302065,0.0804279743261893,5.20817341593949
0.107305309730826,5.24299261422231,6,4.38759555384706,0.270385357757728,5.4634152098026
1.80047719236584,8.0821299924318,9,9.54912036478185,2.28699190823512,8.57426631877419
-0.0514311865274963,5.03516414713587,5,3.96626619375886,0.640779118525165,6.03236737841351
-1.36632713100217,3.0504261098309,2,0.714624066853098,-1.3595451211659,3.12975705473013
1.84101549539276,8.14055721968878,9,9.65516424267382,1.26699877093324,7.1456787259099
-0.178832128639264,4.8658021467509,4,3.63073355816411,-0.806566060692787,3.93820123593564
0.106950110251461,5.24252447556636,6,4.38664569732942,-0.912138167085425,3.76889817924503
1.98151931641317,8.3248154192224,10,10,1.83883198697206,8.07620755319467
-0.0410573980296922,5.04876175295445,5,3.99365342141044,0.00421865648642782,5.10915550094279
-0.165937585405844,4.88322046966511,4,3.66465154714676,-0.0800777094862337,5.0000513332036
-0.819965374012167,3.86128626741112,5,1.95712300873534,-0.659622888311235,4.173899366252
-1.15788528622989,3.32426081310653,3,1.15210449445959,-1.39853785279028,3.08256745590295
-0.970414371946517,3.61068748398166,4,1.5858832056418,-1.47092229467949,2.99854945368779
1.98151931641317,8.3248154192224,10,10,2.61117007439597,8.81134090260623
0.259355099784937,5.44768627795245,7,4.79867193568619,-0.0275412251837669,5.06806813612156
-0.303925820661419,4.69192576678693,3,3.30173168390043,-0.0829312103342019,4.99634983354134
0.103470412844902,5.23794000281057,6,4.37734257559799,0.0769389615883148,5.20361652403154
0.823886527606158,6.35021108642716,6,6.46064015672455,0.49892582122098,5.80137084210399
0.893379519610786,6.47588420740187,7,6.68359815309627,0.726171424613545,6.17841323993529
0.255956429610622,5.44298814708581,7,4.78936881395477,0.275777005635793,5.47093811068178
1.64947547965358,7.8456304673126,8,9.1287408612113,2.23180427330701,8.52523018303632
0.103470412844902,5.23794000281057,6,4.37734257559799,0.593206304251872,5.95314985847231
-0.660224037879592,4.13314258223761,6,2.36671457164127,-1.61366217150135,2.845278098863
0.878466226936512,6.44877380979488,7,6.63544163450347,0.650532789724636,6.04881037171313
-0.980882488704069,3.59380181118218,4,1.56074620084787,-0.754544500143004,4.022048506054
-0.463116477065757,4.45421151036577,2,2.88283699926307,0.103187703120113,5.23797811921563
-1.57241303116345,2.82155414070416,1,0.329001874263681,-1.63169153532323,2.82697066729662
-0.0168419146062528,5.08044822255474,5,4.05764382306574,-0.19037953527276,4.85570681419768
1.03093656088121,6.72831409710644,8,7.13447778831442,0.813665621220556,6.33213627685715
-1.16983887839725,3.30726124773633,3,1.12570044869223,-0.219639341333953,4.81678392077108
-1.1770416770438,3.29709521361657,3,1.10986656562973,-0.137955477516601,4.92469488069753
0.273871099457854,5.46783104126314,7,4.83847518906521,0.336155366623262,5.55654283224263
0.421169872196327,5.68057591192404,8,5.24955157090434,0.0952340712357078,5.22754615033985
0.770056385477994,6.2542476006948,6,6.29060587717729,-0.501530397147475,4.41836824677906
1.67561303564416,7.88850800993968,8,9.20428460745567,1.25981200613739,7.13294175607459
-0.191482696271463,4.84863460831824,4,3.59746106611617,0.5962857871639,5.95822669289064
0.627872268404973,6.00900406029179,5,5.85362708661978,0.939190247794943,6.55704710272886
1.05118671110184,6.76570308333262,8,7.20166826934501,1.23412907809494,7.08733155762738
-0.156756240176061,4.89557620359904,4,3.68880537005647,-0.587593564667305,4.28694296424712
-0.172812376625474,4.87394359526271,4,3.64656744122661,0.839482867667871,6.37807896837162
-0.0665171975301853,5.01535660955054,5,3.92646294037985,-0.262594599173166,4.75897807423813
0.297935785525741,5.50152033652638,7,4.90471581357816,0.361545912928641,5.59333475160629
0.676304148271212,6.0909954467246,5,6.00045739977498,0.914981633621267,6.51343321030803
0.614128263485935,5.98606198819318,5,5.81233901430757,0.211034087593263,5.38178438992374
0.00854492291006747,5.11361906846741,5,4.12483430409633,-0.380745577998809,4.59496265739938
0.367347958259403,5.60094525728923,3,5.09771494745447,0.997849801186775,6.66291945871464
-1.20746395672795,3.25479944769167,3,1.04362594111678,-1.73630687134884,2.72478573839006
0.137938315043845,5.28349532742526,6,4.46967006142251,0.463868208449439,5.74679977932654
1.07804965306503,6.81534655814979,8,7.29102130587637,2.13137017717879,8.42785378971701
-0.990505730915172,3.57836027967811,4,1.537726687049,-0.788701984711912,3.96700378695332
-0.35378257761493,4.61964602158373,3,3.17055080121454,-0.164331933486219,4.89009198283499
-0.147272542804836,4.90830024866915,4,3.7137579222572,0.53810772169475,5.86357252634866
-0.0263502915342612,5.06801383960571,5,4.03250681827181,-0.592280134726041,4.27966462349284
0.128569003093101,5.27107828645458,6,4.44453305662859,-0.217431270170673,4.81973319824939
-0.150808209345277,4.90356098759978,4,3.70445480052578,-0.194851819076261,4.84977901620429
0.00854492291006747,5.11361906846741,5,4.12483430409633,-0.544133093246644,4.3538588740394
-0.322230163869121,4.66560782127761,3,3.25357516530763,-0.614895179862462,4.24438383245842
0.0889227522794882,5.21880353827856,6,4.33848917873662,-0.392652287270168,4.57797198662471
-1.14042337218784,3.34938064641192,3,1.19095789132096,-1.01756606416712,3.60407887887168
-0.404516575038245,4.54409165128722,3,3.03703071186966,-0.51065042904218,4.40465313322615
1.0163918409692,6.70148251935395,8,7.08632126972162,0.745551713425577,6.2121550309952
-1.1770416770438,3.29709521361657,3,1.10986656562973,-1.11141262531608,3.46355260177418
-0.997146048323407,3.56775191362708,4,1.5218928039865,-0.78491792875458,3.97310492909687
0.421169872196327,5.68057591192404,8,5.24955157090434,-0.166652126920124,4.88703827535903
-0.197503275358137,4.8404355909476,4,3.58162718305367,0.634451385994642,6.02173552507188
0.132037896693377,5.27567237977276,6,4.45383617836001,-0.313586853799487,4.68916666892204
-1.34561463624568,3.07556228144223,2,0.755912139165313,-1.12852913874883,3.43869429447432
-0.990505730915172,3.57836027967811,4,1.537726687049,-1.57114184920255,2.88934184574789
-0.116463896956101,4.94938971654086,4,3.79484924794843,0.171275246037936,5.3281820249294
-0.0505087562205014,5.03637393207629,5,3.96870086920971,-0.496468152730901,4.42595841217258
0.134472110083513,5.27889839510862,6,4.46036693969109,0.0806951165243236,5.2085224458928
-1.00764609773755,3.55105735741056,4,1.49694025178577,-2.13874761745455,2.37982339097243
-0.810084321078892,3.87809382402729,5,1.98207556093607,-0.569007107245383,4.31569105666987
-1.1766088509679,3.29770446144511,3,1.11081642214737,-2.00656575752377,2.48640751999822
-1.18844609856548,3.28111805170828,3,1.08491401342899,-2.26480395658777,2.28275660208381
0.10382575819037,5.23840803351423,6,4.37829243211564,-0.358458461888458,4.62652729785452
-1.18844609856548,3.28111805170828,3,1.08491401342899,-2.19656690774151,2.33479534737405
-1.15478743816113,3.3286924261145,3,1.15897294074017,-0.603450413811554,4.2622706892265
0.255956429610622,5.44298814708581,7,4.78936881395477,0.292625808742266,5.49457110791422
0.0232039138777692,5.13276688305707,5,4.1636877009577,-0.695601104436417,4.11663222982915
1.68921064397685,7.91051788026292,8,9.24313800431704,1.43579722111551,7.44065034534485
-1.16983887839725,3.30726124773633,3,1.12570044869223,-1.92967054267089,2.55109713981083
0.860713057895276,6.41659435448592,6,6.57833027742514,0.606645525742353,5.97535868880579
-0.0263502915342612,5.06801383960571,5,4.03250681827181,0.0534884220904508,5.17305968312129
-1.15788528622989,3.32426081310653,3,1.15210449445959,-1.91886370049078,2.56036725632338
0.134472110083513,5.27889839510862,6,4.46036693969109,-0.00410098174686484,5.09838890542333
0.00503255339673703,5.10903113486077,5,4.11553118236491,-0.455674707691667,4.48652332635958
-0.970414371946517,3.61068748398166,4,1.5858832056418,-0.650938831738811,4.18765120271794
-1.30904963612495,3.12100758641752,2,0.829971066476486,-1.62215348771629,2.83662864993074
-0.197503275358137,4.8404355909476,4,3.58162718305367,0.571489242406225,5.91755550564256
0.790405455205497,6.29035853995856,6,6.35459627883259,0.740266272441867,6.20293350987988
0.255956429610622,5.44298814708581,7,4.78936881395477,-0.147947853905262,4.91160924674744
0.132037896693377,5.27567237977276,6,4.45383617836001,0.447012667396531,5.72092799435372
0.421169872196327,5.68057591192404,8,5.24955157090434,0.285047991658954,5.48391853137246
-0.30653666819272,4.68818700602872,3,3.29486323761984,-0.394839571765898,4.57484099351105
0.137938315043845,5.28349532742526,6,4.46967006142251,0.650036837914039,6.04797269581848
1.42483416639644,7.45366543099402,6,8.43830394263448,1.43488754636491,7.43908743995269
-1.52650300072276,2.86950792362241,1,0.411076381839131,-2.36056151852954,2.2115647241756
-0.926689639120698,3.68213930071266,4,1.69192708353376,-1.00743312121521,3.61964044536859
-1.34514093835373,3.0761422118132,2,0.756861995682956,-0.38218237166626,4.5929171289982
-0.0228306347250525,5.07261756296142,5,4.04180994000324,0.0204838017810084,5.13021947762925
0.122730237947102,5.26335374069205,6,4.42888362615928,-0.461204590541646,4.4783762471213
1.0559521301971,6.77450639162037,8,7.21750215240751,0.541754134662451,5.86942552465829
-1.35352954100152,3.06590602419304,2,0.740078256102812,-1.11284804225764,3.46145822204404
1.65234676205551,7.85037618321329,8,9.13709412642508,2.52280313732396,8.75405479769131
-0.970414371946517,3.61068748398166,4,1.5858832056418,-0.335813516396452,4.65828752476474
-0.0350623744012784,5.05661266805648,5,4.00948730447294,0.873396199104944,6.43872374336386
-1.1766088509679,3.29770446144511,3,1.11081642214737,-1.03330386753998,3.58004863443808
-0.000877842681418453,5.10131023680532,5,4.0998817518956,-0.509675500692779,4.4061217693545
0.80300701833964,6.31282476010377,6,6.3943995322116,0.699151075660231,6.13171376443943
-0.0410573980296922,5.04876175295445,5,3.99365342141044,0.849849081684918,6.39658377147197
1.5000737743365,7.58861925388022,7,8.67691136947551,1.35912418547491,7.30778588982257
-1.38702651832564,3.02573089939699,2,0.673837631589862,-1.51350653928611,2.95118388003279
-1.54945100705645,2.84534365094567,1,0.369788309526916,-0.757483606969212,4.01731598278327
0.785380683106056,6.28142200060849,6,6.33876239577009,0.279378997152765,5.47597453378563
-1.54945100705645,2.84534365094567,1,0.369788309526916,-2.17723181623222,2.3497538299831
0.890502394255938,6.47064871285722,7,6.67429503136485,1.32241710490641,7.24347338039411
0.860713057895276,6.41659435448592,6,6.57833027742514,0.957837632381732,6.5906825233794
0.255956429610622,5.44298814708581,7,4.78936881395477,-0.349765132928421,4.63875650540069
-1.11812830806939,3.38194419785297,3,1.24104744831562,-1.021010242772,3.59880524954443
1.0163918409692,6.70148251935395,8,7.08632126972162,1.50499033178629,7.55838946941777
-0.0319130695522268,5.06073505691853,5,4.01780724432015,0.0766173896700479,5.20319667806103
0.878466226936512,6.44877380979488,7,6.63544163450347,0.672437454726754,6.08597326969988
0.978997412319847,6.63261383230061,7,6.96296928813034,1.14151795865369,6.92181911926072
-1.30904963612495,3.12100758641752,2,0.829971066476486,-1.22717584107129,3.30059704589222
-1.54945100705645,2.84534365094567,1,0.369788309526916,-1.55749817660621,2.90375533395919
-0.0350623744012784,5.05661266805648,5,4.00948730447294,-0.111424105320086,4.95932015948286
-0.803826469320755,3.88874916362913,5,1.99790944399857,-1.76453449002114,2.69829830666725
0.372993906169758,5.60919024392057,3,5.11354883051697,0.353190123651614,5.58117267283641
-0.788509554231711,3.91485745897383,5,2.03676284085995,-1.24446630895786,3.27733233849393
0.918976573108969,6.52256490908545,7,6.76662251718936,0.836586968723401,6.37291507357468
-1.02552222986186,3.52286797159965,4,1.45470232295591,-0.335514352998591,4.65870505797213
-0.197503275358137,4.8404355909476,4,3.58162718305367,-0.750034078426157,4.0293090598026
-0.197503275358137,4.8404355909476,4,3.58162718305367,-0.698053741330422,4.11271302771657
-0.807502105074427,3.8824896712154,5,1.98860632226715,-0.104028293845298,4.96894535087524
-0.788135766561,3.9154949991896,5,2.03771269737759,-0.620896890981572,4.23497828084388
0.00781518326263417,5.11266588106066,5,4.12290126569447,-0.0738785458730137,5.00808919872274
0.641394934502303,6.03171995535364,5,5.89441352188302,0.722847135425398,6.17264562136032
-0.162774889173356,4.88748091246079,4,3.67297148699396,0.457764838541373,5.73740424920023
0.107305309730826,5.24299261422231,6,4.38759555384706,-0.303361496811009,4.70327801576289
0.106950110251461,5.24252447556636,6,4.38664569732942,0.306729679705244,5.51450269306678
0.679349729697701,6.0962086870954,5,6.00976052150641,1.06599938062985,6.78593046955186
0.255956429610622,5.44298814708581,7,4.78936881395477,0.960640396411217,6.5957402955972
-0.181443487695384,4.86226493088362,4,3.62386511188353,0.241085413297167,5.42285505313028
-1.18844609856548,3.28111805170828,3,1.08491401342899,-1.20560866047067,3.330015048005
-1.36632713100217,3.0504261098309,2,0.714624066853098,-0.746397510165329,4.03516093785766
-0.619876543795726,4.20082591886619,1,2.47176061742394,-1.05692280718754,3.54431896429789
0.146861507069522,5.29534757793083,6,4.49363943173903,0.27322212233652,5.46737095215407
0.770056385477994,6.2542476006948,6,6.29060587717729,0.589406263673609,5.94689514227483
-0.823655564287722,3.85501536024308,5,1.94781988700391,-1.4648627077207,3.00541043420777
0.782425225318823,6.27617166770543,6,6.32945927403866,0.940433495346693,6.55928868777955
1.0163918409692,6.70148251935395,8,7.08632126972162,0.342863768941828,5.56621610029061
-1.11812830806939,3.38194419785297,3,1.24104744831562,-0.983771189079259,3.65623598449556
-1.56346389222211,2.83078050745233,1,0.344835757326182,-1.3647445188507,3.12338416086695
0.831851397351325,6.3645228432897,6,6.48600279160062,0.950186656405239,6.57687858804487
-0.197503275358137,4.8404355909476,4,3.58162718305367,0.345326840443779,5.56977624370308
0.255956429610622,5.44298814708581,7,4.78936881395477,0.396956084324382,5.64548195959085
-1.16983887839725,3.30726124773633,3,1.12570044869223,-1.09936183729765,3.48120470050829
-0.337731332043812,4.6431234637191,3,3.21278873004439,-0.109110005538144,4.96233295097001
-0.494329293131512,4.40519924716697,2,2.80076249168762,-1.23376363926746,3.29169936277678
-0.197503275358137,4.8404355909476,4,3.58162718305367,0.562094545085107,5.90227241562376
-0.634761129902912,4.1759461619463,6,2.43295519615422,-0.541420214070611,4.35799973111697
1.80047719236584,8.0821299924318,9,9.54912036478185,1.49667299920723,7.54436540518282
-0.840075284070735,3.82715956207733,5,1.9065318146917,-1.36775392460902,3.11970694083798
1.01920384157791,6.70666829920909,8,7.09562439145304,0.561896192300676,5.90195049697022
0.14650810611852,5.29487765929371,6,4.49268957522138,0.643807848793751,6.03746621486136
0.911241395187138,6.50843999980299,7,6.74148551239544,0.335427679224911,5.55549555551543
-0.0350623744012784,5.05661266805648,5,4.00948730447294,-0.740308140151708,4.04495535821636
-0.997146048323407,3.56775191362708,4,1.5218928039865,-1.22519929669972,3.3032746942093
-0.222691584251679,4.80591963377193,4,3.51538655854072,-0.18475942579581,4.86314565169788
1.69478342871271,7.9194775010995,8,9.25897188737954,1.31288771265787,7.22671380089465
-1.18844609856548,3.28111805170828,3,1.08491401342899,-0.769920547871739,3.99728023435721
0.128569003093101,5.27107828645458,6,4.44453305662859,-0.940154621965559,3.72453764746929
0.918976573108969,6.52256490908545,7,6.76662251718936,0.62849802554132,6.01175868966833
0.255956429610622,5.44298814708581,7,4.78936881395477,0.21806452055988,5.3913473679092
-1.76898101472229,2.63159110799562,0,0,-1.43024256413737,3.04520677378971
-1.34561463624568,3.07556228144223,2,0.755912139165313,-1.24895560238529,3.27133861441161
0.0232039138777692,5.13276688305707,5,4.1636877009577,-1.13174751660789,3.43404878966917
1.15459237626046,6.9569414174911,9,7.54650402667119,1.23473123741879,7.08840253084986
0.288884590555379,5.48880497911553,7,4.87976326137742,0.795651023209259,6.30021590304615
0.103470412844902,5.23794000281057,6,4.37734257559799,0.192789220554143,5.35708928080532
-1.15898453196145,3.3226908687335,3,1.14966981900874,-1.95104594913031,2.53289511600567
-0.0479067208086847,5.03978579252313,5,3.97556931549029,-0.566095285970165,4.32017747412602
-0.165937585405844,4.88322046966511,4,3.66465154714676,0.355263694937865,5.58418580424581
-0.0224713164820158,5.07308748519055,5,4.04275979652088,-0.908139189768543,3.77525639142265
0.0889227522794882,5.21880353827856,6,4.33848917873662,-0.292079634761015,4.71878041316037
0.13721822512353,5.28254001614433,6,4.46773702302065,-0.357967511594258,4.62721916188773
0.787755451210155,6.28564394405766,6,6.34624301361881,-0.395275828915607,4.57421614780069
-1.10057895787675,3.40795883219673,3,1.28085070169463,0.294741693176932,5.49755250560513
0.00781518326263417,5.11266588106066,5,4.12290126569447,-0.387299005304037,4.58562212797791
-0.0505087562205014,5.03637393207629,5,3.96870086920971,0.336331399781778,5.55679623572668
-0.94263103065763,3.65592567640603,4,1.65307368667239,-0.836169434758559,3.89051121329882
-1.76898101472229,2.63159110799562,0,0,-2.17166294430226,2.3540803519955
-1.11812830806939,3.38194419785297,3,1.24104744831562,-0.806793569504996,3.93783447073881
0.893379519610786,6.47588420740187,7,6.68359815309627,1.5221054727919,7.58712485562002
-0.488305853663683,4.41471803717794,2,2.81659637475012,-0.178193233574357,4.87182257232752
0.775102084127433,6.2631815401545,6,6.30643976023979,0.657274225660471,6.06021348636604
-1.33369900001458,3.0902197874484,2,0.779881509481827,-1.1730878076413,3.37520238206538
0.614128263485935,5.98606198819318,5,5.81233901430757,0.4179507868899,5.67687495507187
1.80047719236584,8.0821299924318,9,9.54912036478185,1.1640859155244,6.96228574390865
1.79697352331979,8.07697295211587,9,9.53981724305043,1.95077274579671,8.22323595514956
-0.807502105074427,3.8824896712154,5,1.98860632226715,0.26771045004677,5.45968993867455
-1.29302262767144,3.14136919057663,2,0.86290587357492,-1.32919626539701,3.16745773271683
-1.15898453196145,3.3226908687335,3,1.14966981900874,-0.583995328709794,4.29252315062591
-0.478815463942892,4.42965731562109,2,2.84154892695086,-0.54086079437603,4.35885306636204
1.71864110670597,7.95742192491366,8,9.32616236841014,1.98276683570826,8.26240226589058
-0.0661570687581105,5.01582996740873,5,3.92741279689749,-0.458448100715264,4.48243981688687
-0.0322725858414225,5.06026451657636,5,4.0168573878025,0.595511750196418,5.95694993334344
1.15459237626046,6.9569414174911,9,7.54650402667119,0.978280386563812,6.62758248616454
0.107305309730826,5.24299261422231,6,4.38759555384706,-0.706973138844034,4.09844591301137
-1.54945100705645,2.84534365094567,1,0.369788309526916,-1.93496086862425,2.54657581508601
0.16220611320779,5.31579453908387,6,4.53492750405124,-0.176296278934911,4.87432654392902
-0.959462658234631,3.62844838745311,4,1.61228725140916,-0.827601792545687,3.90430442397068
-0.206991412732041,4.82747517162313,4,3.55667463085293,-0.792418466151479,3.96101139905444
-0.813765496769799,3.87182958351253,5,1.97277243920465,-0.817087227023587,3.92124316563136
1.70411783231756,7.93440391701479,8,9.2853759331469,2.17243152767253,8.46899328732319
-1.33321192148464,3.09082204573215,2,0.780864691366048,-3.12504993933716,1.70371171320946
1.98151931641317,8.3248154192224,10,10,2.08696488148747,8.38119180203065
0.00503255339673703,5.10903113486077,5,4.11553118236491,0.420224638695306,5.68029660237436
0.132037896693377,5.27567237977276,6,4.45383617836001,-0.362681250361536,4.62057029601308
-1.12920487444372,3.36569761080038,3,1.21609489611488,-0.918123350506059,3.75939359843738
-1.14766395989726,3.33892349946926,3,1.17480682380267,-0.866791379666051,3.84131175688368
-0.34776556154122,4.62847038809439,3,3.18638468427704,-0.634359614894446,4.2138189382815
-0.197503275358137,4.8404355909476,4,3.58162718305367,0.00187391901611275,5.10612071288515
0.152396953587283,5.30271379670452,6,4.50852345828388,-0.24707370497599,4.77996318951552
-1.1694076195839,3.30787177214122,3,1.12665030520987,-0.754059372550318,4.0228295544191
-0.0665171975301853,5.01535660955054,5,3.92646294037985,-0.713219424658757,4.08844199821343
-0.131583643168611,4.92926904159208,4,3.75504599456941,-0.0823988765619343,4.99704044771828
1.79697352331979,8.07697295211587,9,9.53981724305043,1.40026982839149,7.37935845412747
0.926049310199326,6.53549316981399,7,6.78964203098823,1.49753902030916,7.54582739352296
-0.363264403136776,4.60568236835537,3,3.1455982490138,0.131478032939233,5.27524657362856
0.02356207573836,5.13323476243203,5,4.16463755747535,-0.257265765105831,4.76619606210982
0.939000788181985,6.5591973961215,7,6.83187995981809,1.02175163663882,6.70608117254726
-0.0228306347250525,5.07261756296142,5,4.04180994000324,-0.275565481996352,4.74134974455747
-0.197142102438579,4.84092798451436,4,3.58257703957131,-0.627620967727496,4.22442046282417
-1.14766395989726,3.33892349946926,3,1.17480682380267,-0.609119098201756,4.25341930319521
1.0559521301971,6.77450639162037,8,7.21750215240751,1.60188317177195,7.71859888640906
0.0141498807814179,5.12094016681625,5,4.13968500527461,-0.282212795772935,4.73228230120828
-0.0410573980296922,5.04876175295445,5,3.99365342141044,-0.34814896932116,4.6410249655928
0.122730237947102,5.26335374069205,6,4.42888362615928,0.893694275479512,6.47515029729529
-0.0665171975301853,5.01535660955054,5,3.92646294037985,0.0595457944317723,5.18094163569544
-1.34561463624568,3.07556228144223,2,0.755912139165313,-2.88976854253706,1.84974804542191
0.134472110083513,5.27889839510862,6,4.46036693969109,0.531113188641222,5.85237575533954
0.421169872196327,5.68057591192404,8,5.24955157090434,-0.128983565263045,4.93642214775665
-0.0228306347250525,5.07261756296142,5,4.04180994000324,0.0595413039738952,5.18093578998431
-0.197503275358137,4.8404355909476,4,3.58162718305367,0.603212330798205,5.96967218979127
0.14650810611852,5.29487765929371,6,4.49268957522138,0.311540728203,5.52133350965937
0.775102084127433,6.2631815401545,6,6.30643976023979,0.206088900939118,5.37507375434857
0.27352517311656,5.46734946699665,7,4.83752533254756,0.454832219283395,5.73290084071423
-1.52650300072276,2.86950792362241,1,0.411076381839131,-1.62248605932785,2.83629087426723
1.01920384157791,6.70666829920909,8,7.09562439145304,1.39197940022431,7.36498523023815
-0.94263103065763,3.65592567640603,4,1.65307368667239,-1.13166963513415,3.43416109844055
-0.0350623744012784,5.05661266805648,5,4.00948730447294,-0.361637481853955,4.62204373811495
-1.54945100705645,2.84534365094567,1,0.369788309526916,-0.611863257230907,4.24912868142714
0.893379519610786,6.47588420740187,7,6.68359815309627,1.00300753529847,6.6722336569187
-0.165937585405844,4.88322046966511,4,3.66465154714676,0.273332633684621,5.46752516119982
-0.0514311865274963,5.03516414713587,5,3.96626619375886,0.0429494394331792,5.15936211481104
-0.181443487695384,4.86226493088362,4,3.62386511188353,0.333329978800716,5.55247877915032
-0.997146048323407,3.56775191362708,4,1.5218928039865,-1.70152546920629,2.75803091846656
-0.0665171975301853,5.01535660955054,5,3.92646294037985,-0.745499804940444,4.03660520859835
0.914105619301249,6.51366846852375,7,6.75078863412686,0.174442032031548,5.33242336849624
1.80047719236584,8.0821299924318,9,9.54912036478185,3.13853692977176,9.08207350879865
0.303670465021623,5.50960487477678,7,4.92054969664066,-0.188047148259289,4.85879536883674
0.0232039138777692,5.13276688305707,5,4.1636877009577,0.422253983205534,5.68335390668094
0.906419358446557,6.4996425249716,7,6.72583608192613,1.46358835677039,7.4882203727714
-1.15478743816113,3.3286924261145,3,1.15897294074017,-1.5402351691259,2.92219070071406
-0.823655564287722,3.85501536024308,5,1.94781988700391,-1.11510422908971,3.45816985110184
-1.15898453196145,3.3226908687335,3,1.14966981900874,-1.61957418234186,2.83925084019017
-0.997146048323407,3.56775191362708,4,1.5218928039865,0.0692789040520333,5.19362211171726
1.79697352331979,8.07697295211587,9,9.53981724305043,2.91396326003568,8.97866207226941
-0.94263103065763,3.65592567640603,4,1.65307368667239,-1.09053433864084,3.49421264002957
-0.0322725858414225,5.06026451657636,5,4.0168573878025,0.778641007691087,6.2701924475879
0.668121964618436,6.07702233542875,5,5.97550484757425,0.821328074202099,6.3457490129899
-0.181443487695384,4.86226493088362,4,3.62386511188353,-1.42250279747111,3.05424534739458
0.890502394255938,6.47064871285722,7,6.67429503136485,1.0616059342091,6.77800734289614
-0.0357941565844918,5.05565460095592,5,4.00755426607108,0.0274613612787145,5.13926377722823
-1.54945100705645,2.84534365094567,1,0.369788309526916,-1.77830252461649,2.6855323211027
0.137938315043845,5.28349532742526,6,4.46967006142251,0.059034712565605,5.1802763314008
-0.313410605400509,4.67831954382874,3,3.27677913169969,-0.331095395187622,4.66486632370808
1.03093656088121,6.72831409710644,8,7.13447778831442,1.44222183582198,7.45167821724346
1.0559521301971,6.77450639162037,8,7.21750215240751,1.29113583455049,7.18836772426056
-0.288230322090324,4.71429824570997,3,3.34301975621264,-1.29625424616447,3.20936190899937
1.98151931641317,8.3248154192224,10,10,1.81304547532012,8.04018574782389
-0.00778048093471968,5.09229154033563,5,4.08161319338225,-0.510168756321207,4.40537880142742
-0.322230163869121,4.66560782127761,3,3.25357516530763,0.338909941356438,5.56051075039592
-0.990505730915172,3.57836027967811,4,1.537726687049,-1.53901368831673,2.92350365911289
-0.855972956824854,3.80027543370518,5,1.86672856131268,-0.770683214719713,3.99605115208795
-1.52650300072276,2.86950792362241,1,0.411076381839131,-1.13264331288104,3.43275739392339
0.303670465021623,5.50960487477678,7,4.92054969664066,-0.651287096329279,4.18710028218249
0.0889227522794882,5.21880353827856,6,4.33848917873662,0.44687114441366,5.72071177195151
1.15459237626046,6.9569414174911,9,7.54650402667119,1.45594319773484,7.47516942447117
0.132037896693377,5.27567237977276,6,4.45383617836001,-1.41171367781339,3.06693291697301
0.107305309730826,5.24299261422231,6,4.38759555384706,-0.624454402900403,4.22939507373681
-1.57241303116345,2.82155414070416,1,0.329001874263681,-0.995025100604048,3.63878712362161
-0.94263103065763,3.65592567640603,4,1.65307368667239,-1.11776487751441,3.45429761223854
-1.33321192148464,3.09082204573215,2,0.780864691366048,-1.41289091365475,3.06554352982434
0.132037896693377,5.27567237977276,6,4.45383617836001,0.586674666824006,5.94240591984849
0.132037896693377,5.27567237977276,6,4.45383617836001,0.3281095533892,5.54498523388906
0.10382575819037,5.23840803351423,6,4.37829243211564,0.628847569476197,6.01234376438345
0.665947148193,6.0733163810151,5,5.96888253186953,1.27061475055412,7.15208278497107
1.80047719236584,8.0821299924318,9,9.54912036478185,2.68150813077408,8.85383745932725
-0.322591181800616,4.66508624117367,3,3.25262530878999,0.150476508711773,5.30043592399851
0.288884590555379,5.48880497911553,7,4.87976326137742,-0.362501667950416,4.62082385235581
-0.0168419146062528,5.08044822255474,5,4.05764382306574,0.0870568976134503,5.21683968772892
-1.11812830806939,3.38194419785297,3,1.24104744831562,-0.472842830119519,4.46116506120891
-0.191482696271463,4.84863460831824,4,3.59746106611617,0.400714536443012,5.65107559595583
0.0889227522794882,5.21880353827856,6,4.33848917873662,0.244624583902866,5.42772633789336
-0.990505730915172,3.57836027967811,4,1.537726687049,-0.412790864583799,4.54902895276298
1.66693660188252,7.87435624647762,8,9.17933205525494,1.30742601597171,7.21709707797062
0.297935785525741,5.50152033652638,7,4.90471581357816,0.712697857623903,6.15507464924297
-1.35305374857111,3.06648470647396,2,0.741028112620455,-2.43067869583643,2.1606817699592
0.903550440632218,6.49441134420561,7,6.7165329601947,1.26454638964141,7.14133373689658
-0.980882488704069,3.59380181118218,4,1.56074620084787,-1.37426542124944,3.11177900519189
-0.188319256929606,4.85293514758007,4,3.60578100596337,0.0368919430233856,5.15149741166116
0.627872268404973,6.00900406029179,5,5.85362708661978,0.423320487545285,5.68496200404061
-0.222691584251679,4.80591963377193,4,3.51538655854072,-2.3559962836106,2.21491304691234
0.775102084127433,6.2631815401545,6,6.30643976023979,1.35974850174201,7.30887615478674
0.0889227522794882,5.21880353827856,6,4.33848917873662,0.606037147508284,5.97435036815401
1.68921064397685,7.91051788026292,8,9.24313800431704,1.84196277730496,8.08052747739531
1.52165093840348,7.62677289033437,7,8.7441018505061,2.25696871530924,8.54796236539372
1.80047719236584,8.0821299924318,9,9.54912036478185,0.987342744503514,6.64394568728507
-1.30904963612495,3.12100758641752,2,0.829971066476486,-1.94934429123572,2.53433774886103
0.811043777700075,6.3271919677134,6,6.41985372146132,1.0215671870113,6.70574813167024
-0.00778048093471968,5.09229154033563,5,4.08161319338225,0.803296516433964,6.3137482505853
1.05118671110184,6.76570308333262,8,7.20166826934501,0.67270816568639,6.08643453469884
1.815200041561,8.10361542751119,9,9.58797376164322,1.78899027229963,8.00588541109503
-0.0661570687581105,5.01582996740873,5,3.92741279689749,0.544338672134092,5.87358062572154
-1.35352954100152,3.06590602419304,2,0.740078256102812,-1.98946837666264,2.50060599500032
-0.679151271137241,4.10115546298477,6,2.31760819653083,-0.589870247467297,4.28340868260295
-0.462755368655517,4.45477396654613,2,2.88378685578071,-1.23248887118868,3.29341787406848
-0.147633527920481,4.90781661738834,4,3.71280806573956,-0.631142683862774,4.21888251076739
-0.0357941565844918,5.05565460095592,5,4.00755426607108,-0.7066633266365,4.09894183939116
-0.97428375197472,3.60443540944525,4,1.57658008391038,-1.17695164872779,3.36978201487206
0.132037896693377,5.27567237977276,6,4.45383617836001,0.507757180782305,5.81527968657408
-1.34561463624568,3.07556228144223,2,0.755912139165313,-1.37986879728068,3.1049878478941
-0.0228306347250525,5.07261756296142,5,4.04180994000324,-0.554806256360673,4.33752543852072
-1.1702853661459,3.30662938363112,3,1.12471726680801,-1.29044327740721,3.21686088299036
0.636151628022401,6.02289537681828,5,5.87857963882052,0.649010426783584,6.04623959667619
-0.175423591714247,4.87041418104702,4,3.63969899494603,-0.188339134173713,4.85840882819028
0.80300701833964,6.31282476010377,6,6.3943995322116,0.657274225660471,6.06021348636604
-0.0505087562205014,5.03637393207629,5,3.96870086920971,-0.0743859981836275,5.00743140716395
-0.191121535048228,4.8491258491682,4,3.59841092263381,-0.287662470540464,4.72483129553707
0.816034581622639,6.33612875559072,6,6.43568760452382,1.06449764600794,6.78322241067725
1.84101549539276,8.14055721968878,9,9.65516424267382,2.090433827772,8.38492029036452
-1.15184629259737,3.33290978118723,3,1.16550370207124,-2.53206853852232,2.08881949331206
1.03093656088121,6.72831409710644,8,7.13447778831442,1.97992371360084,8.25897348454008
-0.0259908979513276,5.0684839842575,5,4.03345667478946,0.478248002048023,5.7690591869409
-1.37433441448531,3.04082330961355,2,0.698790183790597,-0.844034894942607,3.87785755040343
-0.0263502915342612,5.06801383960571,5,4.03250681827181,-0.457356792094209,4.4840472422454
0.103470412844902,5.23794000281057,6,4.37734257559799,-0.147516244679256,4.9121750266337
0.0232039138777692,5.13276688305707,5,4.1636877009577,0.112854245773527,5.25068258616319
-0.987420784756521,3.5833017672891,4,1.54509677037856,-0.526031045970769,4.38140544901918
1.53452568090011,7.64939846198295,7,8.78390510388512,1.61126126457279,7.73375473973885
0.918976573108969,6.52256490908545,7,6.76662251718936,1.1771062784687,6.98559635325604
1.03093656088121,6.72831409710644,8,7.13447778831442,1.36602459498512,7.3198293175286
-0.160653465095692,4.89033613666264,4,3.6785523918074,-0.214587831401394,4.82352813330333
1.07804965306503,6.81534655814979,8,7.29102130587637,1.09744119911825,6.84258377058426
-0.990505730915172,3.57836027967811,4,1.537726687049,-0.620896890981572,4.23497828084388
-1.1770416770438,3.29709521361657,3,1.10986656562973,-0.881078244961483,3.81842934457294
0.644146800614061,6.03635976554624,5,5.90273346173022,1.05679125037782,6.76932293956903
-1.34561463624568,3.07556228144223,2,0.755912139165313,-1.37331917300428,3.11292867215097
1.03122317256548,6.72884303748405,8,7.13542764483206,1.07442274602639,6.80111687093409
-1.00867298100357,3.54943001606508,4,1.49450557633492,-0.54645666557995,4.35030876422796
0.303670465021623,5.50960487477678,7,4.92054969664066,-0.0343724352757677,5.05923237478531
0.14650810611852,5.29487765929371,6,4.49268957522138,0.034872779248922,5.14887706503989
1.80047719236584,8.0821299924318,9,9.54912036478185,1.11844695594699,6.88037552718036
-1.15075092188692,3.334482915908,3,1.16793837752209,-2.75774102691461,1.93550614105974
0.790706669987855,6.29089464882958,6,6.35554613535023,1.10309362430622,6.85275812220015
-1.38702651832564,3.02573089939699,2,0.673837631589862,-2.00632522196407,2.48660656968237
-0.936917431482475,3.66530049118339,4,1.66697453133303,-1.1474020748364,3.41158355832252
1.0559521301971,6.77450639162037,8,7.21750215240751,1.56423797373932,7.6570997162685
1.57749031864692,7.72404972177591,7,8.91508598657101,1.42905376474905,7.4290560824948
-0.0263502915342612,5.06801383960571,5,4.03250681827181,0.760978998979332,6.23915020580617
-0.116463896956101,4.94938971654086,4,3.79484924794843,-0.331515475804032,4.66428110689975
0.107305309730826,5.24299261422231,6,4.38759555384706,0.939371273040232,6.55737348331675
0.132037896693377,5.27567237977276,6,4.45383617836001,0.0224232725943252,5.13273285763522
-0.172812376625474,4.87394359526271,4,3.64656744122661,-0.216485448348447,4.82099589117447
0.790706669987855,6.29089464882958,6,6.35554613535023,0.256248778714319,5.44377920539579
0.811653414200826,6.32828301394779,6,6.42178675986318,0.814628086161558,6.3338450259537
-1.31360246555355,3.11527308789102,2,0.820667944745062,-0.859147712385354,3.85357504675344
0.525342506755028,5.84157230107001,4,5.54957776455684,0.336326032767601,5.55678850945423
0.657605025812316,6.05913305850423,5,5.94351989699346,1.37472078021311,7.33498462260883
1.05118671110184,6.76570308333262,8,7.20166826934501,-0.599378072808443,4.2686194344551
1.79697352331979,8.07697295211587,9,9.53981724305043,2.52885111735592,8.75812691788348
-1.1770416770438,3.29709521361657,3,1.10986656562973,-1.88815018615699,2.5869707064356
-1.13999834430353,3.34999629770595,3,1.1919077478386,-0.853556819684483,3.86255303364864
-0.0479067208086847,5.03978579252313,5,3.97556931549029,0.222215262946337,5.39700605145213
-0.0103764992206798,5.08889907573723,5,4.07474474710167,-0.320423269848162,4.67969928856776
0.297935785525741,5.50152033652638,7,4.90471581357816,1.06102478893961,6.77695919977587
-0.222691584251679,4.80591963377193,4,3.51538655854072,-1.48373693655566,2.9841405766595
-0.977003426175226,3.60004837479053,4,1.5700493225793,-0.543707399003715,4.35450893086681
-0.132508652277125,4.92803538608757,4,3.75261131911857,-0.473069885673951,4.46082840903847
0.835066687501219,6.37030771660568,6,6.49625576984969,0.631671446917908,6.01707365534671
0.14650810611852,5.29487765929371,6,4.49268957522138,0.366891446780479,5.60114363191994
-1.1770416770438,3.29709521361657,3,1.10986656562973,-1.47637026701157,2.99240710974081
-0.0665171975301853,5.01535660955054,5,3.92646294037985,0.11383858981493,5.25197794796766
0.782425225318823,6.27617166770543,6,6.32945927403866,0.966028431434053,6.6054646873771
-0.478815463942892,4.42965731562109,2,2.84154892695086,-0.256548767858069,4.76716618877361
0.80300701833964,6.31282476010377,6,6.3943995322116,1.61060260411872,7.73269252802994
1.15459237626046,6.9569414174911,9,7.54650402667119,1.26005634872057,7.13337499189904
0.916115266809695,6.51733821687543,7,6.75731939545794,1.05320650358067,6.76285598263708
-0.0410573980296922,5.04876175295445,5,3.99365342141044,0.369848277451052,5.60547259941852
0.911241395187138,6.50843999980299,7,6.74148551239544,1.09343574867891,6.8353718815862
-0.926689639120698,3.68213930071266,4,1.69192708353376,-0.706607988586366,4.09903041812049
1.98151931641317,8.3248154192224,10,10,1.69556074995597,7.8666594162655
0.893379519610786,6.47588420740187,7,6.68359815309627,0.541566637484213,5.86912430130857
-0.0410573980296922,5.04876175295445,5,3.99365342141044,-1.12752275171792,3.44014881323557
-0.794370827422649,3.90486261804318,5,2.02187881431509,-0.884702023941778,3.81263434099512
0.137572071596852,5.28300942756322,6,4.46868687953829,-0.0198772529767023,5.07798068132002
-1.4995891151169,2.89836681300814,1,0.46018275694957,-1.09757907455658,3.48382650068795
1.68046553807046,7.89638643377601,8,9.21818545211631,1.0480195368397,6.75349714069506
-0.35378257761493,4.61964602158373,3,3.17055080121454,-0.736469399322546,4.05112663992132
-1.13955849715904,3.35063362557474,3,1.19289092972282,-1.4425206593794,3.0309752933967
-1.16983887839725,3.30726124773633,3,1.12570044869223,-0.981855906779976,3.65921316628609
-0.157117278095925,4.89509104570358,4,3.68785551353882,0.339376207670831,5.56118296017012
-0.172812376625474,4.87394359526271,4,3.64656744122661,-0.400779943936247,4.56632223766506
-0.494329293131512,4.40519924716697,2,2.80076249168762,0.57702691735916,5.92659679379088
0.132037896693377,5.27567237977276,6,4.45383617836001,-0.289679031220886,4.72207018925318
0.94384750422732,6.56807748475665,7,6.84771384288059,0.531110074163097,5.85237077864974
-1.11812830806939,3.38194419785297,3,1.24104744831562,-1.91819482746779,2.56094253797293
-0.0168419146062528,5.08044822255474,5,4.05764382306574,0.362406993172256,5.59459113876596
-1.1702853661459,3.30662938363112,3,1.12471726680801,-1.70267994158156,2.75691627057642
-0.166672417273187,4.88222993056887,4,3.6627185087449,0.258062919265108,5.44629202468783
-0.0410573980296922,5.04876175295445,5,3.99365342141044,0.0919491290605582,5.22324293097717
0.00854492291006747,5.11361906846741,5,4.12483430409633,0.303473284802469,5.50988846666819
-0.150808209345277,4.90356098759978,4,3.70445480052578,-0.543630785563625,4.35462591205401
1.03093656088121,6.72831409710644,8,7.13447778831442,0.612342438799159,5.98481414135292
-1.52650300072276,2.86950792362241,1,0.411076381839131,-1.63169339008764,2.82696879508802
-0.00778048093471968,5.09229154033563,5,4.08161319338225,0.0991200961077966,5.23264073828149
1.52945522064988,7.64050092010998,7,8.7682556734158,1.63154465232099,7.76629483602784
-0.810084321078892,3.87809382402729,5,1.98207556093607,-1.1730878076413,3.37520238206538
-0.0228306347250525,5.07261756296142,5,4.04180994000324,0.223219685807527,5.39837681698524
-0.30653666819272,4.68818700602872,3,3.29486323761984,0.0621608916081402,5.18434668065282
1.03093656088121,6.72831409710644,8,7.13447778831442,0.836002774706938,6.37187365971841
-0.332074738063604,4.65134956072353,3,3.22767275658925,-0.520276854824846,4.3901200170449
0.652386666960602,6.05028679310202,5,5.92768601393096,0.915772267359392,6.51485643141972
0.764285057087985,6.24404559551814,6,6.27252177125714,0.865952343300913,6.42538743747431
-0.0017975786255297,5.10010866521255,5,4.09744707644475,-0.0822832745546762,4.99719041696647
-0.197503275358137,4.8404355909476,4,3.58162718305367,-0.522554019476884,4.38667375063693
-0.35378257761493,4.61964602158373,3,3.17055080121454,0.0714788866565789,5.19649113944166
-0.322591181800616,4.66508624117367,3,3.25262530878999,-0.247241885247872,4.77973641648137
0.962057066900073,6.60148293375404,7,6.90733215168882,0.764143440115951,6.24470151794623
0.00503255339673703,5.10903113486077,5,4.11553118236491,0.437323575737627,5.70616321847488
-0.0228306347250525,5.07261756296142,5,4.04180994000324,0.70340736745077,6.13904197663607
-0.191121535048228,4.8491258491682,4,3.59841092263381,-0.760019797394726,4.01323144134083
-0.181443487695384,4.86226493088362,4,3.62386511188353,0.153024760314316,5.30382545224677
0.106950110251461,5.24252447556636,6,4.38664569732942,0.087253206439534,5.21709650454579
0.0889227522794882,5.21880353827856,6,4.33848917873662,0.550129538034768,5.88291015698467
-0.363264403136776,4.60568236835537,3,3.1455982490138,-0.449474401578058,4.49563450422496
-0.488305853663683,4.41471803717794,2,2.81659637475012,-2.05009166486124,2.45070783304167
-0.322591181800616,4.66508624117367,3,3.25262530878999,-1.34047549397344,3.15334558710014
0.951476368881251,6.58206479667795,7,6.87266639508133,0.870900304137009,6.43425070325043
-0.191482696271463,4.84863460831824,4,3.59746106611617,0.823668149733489,6.34991025863782
0.27352517311656,5.46734946699665,7,4.83752533254756,1.44889933980627,7.46312086964145
0.152750064785367,5.30318406427302,6,4.50947331480153,0.182343557977119,5.34302636313567
0.137572071596852,5.28300942756322,6,4.46868687953829,-0.148607176341867,4.91074486591056
-1.76898101472229,2.63159110799562,0,0,-2.37403845182694,2.20170592011929
0.00503255339673703,5.10903113486077,5,4.11553118236491,-0.152589577165757,4.905521267886
0.137938315043845,5.28349532742526,6,4.46967006142251,1.39335571008614,7.36737310520184
-0.191482696271463,4.84863460831824,4,3.59746106611617,-0.649943481676029,4.18922547613251
0.878466226936512,6.44877380979488,7,6.63544163450347,1.52069196366624,7.58475809856437
-1.1694076195839,3.30787177214122,3,1.12665030520987,-1.87535768128259,2.5981673094719
-0.0228306347250525,5.07261756296142,5,4.04180994000324,-0.0196149663383915,5.07831992725739
-1.34514093835373,3.0761422118132,2,0.756861995682956,-1.82368641813134,2.64412711619774
-0.322591181800616,4.66508624117367,3,3.25262530878999,-0.333670332081544,4.66127753618421
-1.33274147766893,3.09140396789906,2,0.781814547883691,-0.978341552075809,3.66468160660861
1.0559521301971,6.77450639162037,8,7.21750215240751,0.737274567776981,6.19772021922585
0.146861507069522,5.29534757793083,6,4.49363943173903,-0.550385085530997,4.34429940151041
0.10382575819037,5.23840803351423,6,4.37829243211564,-0.0739174308089951,5.0080387946782
0.525342506755028,5.84157230107001,4,5.54957776455684,1.17804699873246,6.98727946172887
-1.16983887839725,3.30726124773633,3,1.12570044869223,-0.571737987857298,4.31147909105481
-0.810084321078892,3.87809382402729,5,1.98207556093607,-1.33507738015869,3.16008458935534
0.134472110083513,5.27889839510862,6,4.46036693969109,0.507288254885696,5.81453952526374
-1.13955849715904,3.35063362557474,3,1.19289092972282,-1.48254269372987,2.98547766498495
-0.322591181800616,4.66508624117367,3,3.25262530878999,-0.617843918268503,4.23976488791251
1.51283287584651,7.61121472553188,7,8.71671462285452,1.90073829814366,8.15942626078014
-0.0224713164820158,5.07308748519055,5,4.04275979652088,0.192385702920692,5.35654503073503
-0.206991412732041,4.82747517162313,4,3.55667463085293,0.258357314355006,5.44669999382199
0.978708610239074,6.63208271245966,7,6.96201943161269,0.44006473460527,5.71033243662203
-0.963316287122454,3.6221879197677,4,1.60298412967773,-1.8282778082445,2.63999382469802
0.808718530236127,6.32303209915856,6,6.41248363813176,-0.33976242533258,4.65277118878412
0.303670465021623,5.50960487477678,7,4.92054969664066,1.09410771594986,6.83658188927597
-1.18801075829772,3.28172526675047,3,1.08586386994664,-0.0974579557379188,4.97748779159732
-0.0172137109042542,5.07996216074395,5,4.05666064118152,0.718395286112397,6.16493123472412
-0.0259908979513276,5.0684839842575,5,4.03345667478946,0.275147531072211,5.47005883437641
0.421169872196327,5.68057591192404,8,5.24955157090434,0.651446233971083,6.05035364489113
-0.178832128639264,4.8658021467509,4,3.63073355816411,-0.672760069570599,4.15304068454692
-0.679151271137241,4.10115546298477,6,2.31760819653083,0.46583650376855,5.74983641337894
-0.0228306347250525,5.07261756296142,5,4.04180994000324,0.466000652432019,5.75008980394479
-0.156756240176061,4.89557620359904,4,3.68880537005647,-0.555351356732759,4.33668946542231
1.04367192348942,6.75182418456146,8,7.17671571714427,1.33428074000129,7.26430270860065
1.815200041561,8.10361542751119,9,9.58797376164322,1.8402089933764,8.07810901279539
0.27352517311656,5.46734946699665,7,4.83752533254756,-0.0223308278653384,5.07480721819659
-0.0350623744012784,5.05661266805648,5,4.00948730447294,-0.793051423976187,3.95999082174925
0.951476368881251,6.58206479667795,7,6.87266639508133,1.05657370591354,6.7689305093183
-0.0263502915342612,5.06801383960571,5,4.03250681827181,0.491059133550886,5.78903605953362
-1.33321192148464,3.09082204573215,2,0.780864691366048,-2.28361809185008,2.26860572395422
-0.197142102438579,4.84092798451436,4,3.58257703957131,-0.840766946024149,3.88311374088523
1.15459237626046,6.9569414174911,9,7.54650402667119,1.11148514590599,6.86785617484328
1.55099533426823,7.67817638505897,7,8.83449629792876,2.17301873231878,8.46956799587149
0.255956429610622,5.44298814708581,7,4.78936881395477,0.932643617236989,6.54524605586938
-0.0505087562205014,5.03637393207629,5,3.96870086920971,0.18786215242347,5.35044935650794
0.14650810611852,5.29487765929371,6,4.49268957522138,0.915714295023697,6.51475207232143
-0.197142102438579,4.84092798451436,4,3.58257703957131,-0.982382499798231,3.65839439559208
-0.172812376625474,4.87394359526271,4,3.64656744122661,0.294958788163851,5.49785857797726
-1.52650300072276,2.86950792362241,1,0.411076381839131,-0.291949314715532,4.71895908247445
-0.151169215169049,4.90307679498142,4,3.70350494400813,0.163888968516905,5.31830701945895
-0.836747605902221,3.83279820475322,5,1.91488507990548,-0.475771793584635,4.45681977245144
0.303670465021623,5.50960487477678,7,4.92054969664066,1.2966303093586,7.19806537932712
-0.287869218277457,4.71481090156254,3,3.34396961273028,-0.990970982798437,3.64506401287179
-1.1177078167645,3.38256360444425,3,1.24199730483326,-1.62006589600474,2.83875060560653
-0.990917548605127,3.57770125081639,4,1.53674350516478,-0.669474200195517,4.15826382076164
1.79697352331979,8.07697295211587,9,9.53981724305043,2.17210051941037,8.46866915635324
0.770056385477994,6.2542476006948,6,6.29060587717729,0.689824970558553,6.1156947552777
-1.54945100705645,2.84534365094567,1,0.369788309526916,-2.8894388686488,1.84995871410436
-0.987420784756521,3.5833017672891,4,1.54509677037856,-1.58971345505466,2.86993937185786
-0.0164827287313314,5.08091778811134,5,4.05859367958338,0.785986475057074,6.28314288193315
0.128569003093101,5.27107828645458,6,4.44453305662859,0.535266435592556,5.85901939541995
1.15459237626046,6.9569414174911,9,7.54650402667119,1.49174894375922,7.53604508917581
-1.16606458129336,3.31261151211468,3,1.13402038853943,-0.47297162588502,4.46097410157307
0.787453997584079,6.28510785269102,6,6.34529315710116,1.21163476557308,7.0472720468472
-0.0103764992206798,5.08889907573723,5,4.07474474710167,-0.219802472217995,4.81656594889073
-0.820930785403543,3.8596453614654,5,1.95468833328449,-1.55655707328642,2.90475459845894
-0.313410605400509,4.67831954382874,3,3.27677913169969,-1.2048624182469,3.33104082175077
-0.151169215169049,4.90307679498142,4,3.70350494400813,-0.587399060435216,4.28724478109989
1.01920384157791,6.70666829920909,8,7.09562439145304,1.32703789690808,7.25159100635605
-0.191482696271463,4.84863460831824,4,3.59746106611617,-0.0187704759956582,5.07941221100391
-0.990505730915172,3.57836027967811,4,1.537726687049,-0.238764782779512,4.79115053570324
-0.165937585405844,4.88322046966511,4,3.66465154714676,-0.889191430747254,3.80546054084581
-0.182369156291537,4.86101026037781,4,3.62143043643268,-0.303959447166348,4.70245442708194
-0.191121535048228,4.8491258491682,4,3.59841092263381,-0.257220465312524,4.76625736196383
0.808718530236127,6.32303209915856,6,6.41248363813176,0.900067045434584,6.48660314391879
-0.319428939414908,4.66965155737354,3,3.26094524863719,-0.289975678809553,4.72166383180173
-0.0665171975301853,5.01535660955054,5,3.92646294037985,-0.467894322047048,4.46849386877874
-1.1770416770438,3.29709521361657,3,1.10986656562973,-1.81451225263703,2.65241587390951
1.68079761447424,7.89692462371276,8,9.21913530863395,1.06134605460074,6.77753863176678
-0.990505730915172,3.57836027967811,4,1.537726687049,-0.0196200449841998,5.07831335844408
-0.197503275358137,4.8404355909476,4,3.58162718305367,0.229679868808232,5.40720682586865
-0.148007180352374,4.9073159581672,4,3.71182488385534,-0.843690454191259,3.87841146889499
1.07833486373301,6.81587385378952,8,7.29197116239402,1.25428334599878,7.12313550897855
0.255956429610622,5.44298814708581,7,4.78936881395477,0.105701408541136,5.24127901107277
-0.990505730915172,3.57836027967811,4,1.537726687049,-1.47637026701157,2.99240710974081
-0.679151271137241,4.10115546298477,6,2.31760819653083,-1.06185390810502,3.53691225225533
0.918976573108969,6.52256490908545,7,6.76662251718936,0.873965039435104,6.43974339263266
-0.303925820661419,4.69192576678693,3,3.30173168390043,-0.381832832496283,4.59341487908123
0.132037896693377,5.27567237977276,6,4.45383617836001,0.30072762684059,5.50600370854727
0.00854492291006747,5.11361906846741,5,4.12483430409633,-0.108417323202267,4.96323456937096
-0.288230322090324,4.71429824570997,3,3.34301975621264,0.103736820658549,5.23869903291355
-1.00764609773755,3.55105735741056,4,1.49694025178577,-1.8859512599051,2.58889036089034
-0.819965374012167,3.86128626741112,5,1.95712300873534,-0.595601703435349,4.27449915142374
-1.52597852801428,2.87006487477187,1,0.412026238356774,-1.09961762545736,3.48082874671043
-0.191121535048228,4.8491258491682,4,3.59841092263381,0.557522454540373,5.89486009552521
-0.0224713164820158,5.07308748519055,5,4.04275979652088,-0.243966625173329,4.78415037685405
0.152396953587283,5.30271379670452,6,4.50852345828388,1.61380778771165,7.73785825414648
1.15459237626046,6.9569414174911,9,7.54650402667119,1.15852023720925,6.95231311360218
-0.840453863849951,3.82651830355837,5,1.90558195817406,-0.679981467708837,4.14154838843054
1.15459237626046,6.9569414174911,9,7.54650402667119,0.698790574037825,6.13109357126894
-0.13511828512505,4.92455325478015,4,3.74574287283799,-0.586390415959075,4.28880959435069
-0.197503275358137,4.8404355909476,4,3.58162718305367,-0.424842839007695,4.53158307052812
0.128569003093101,5.27107828645458,6,4.44453305662859,0.0692810216560429,5.19362487279093
-0.363264403136776,4.60568236835537,3,3.1455982490138,-0.870365676667851,3.83558201618811
1.20144409309252,7.04360754223211,9,7.70304754423315,0.536070718000474,5.8603075794945
-0.0228306347250525,5.07261756296142,5,4.04180994000324,-0.493114279808979,4.43097813784642
-0.0200010272518775,5.07631785171613,5,4.04929055785196,0.327876793646129,5.5446515914402
0.939000788181985,6.5591973961215,7,6.83187995981809,0.932643617236989,6.54524605586938
0.819643291091598,6.34259758203741,6,6.44714939473925,-0.22258633885381,4.81284447397385
-1.33321192148464,3.09082204573215,2,0.780864691366048,-0.793054705379366,3.95998553083418
1.98151931641317,8.3248154192224,10,10,3.27365726309029,9.1381810469478
-0.147633527920481,4.90781661738834,4,3.71280806573956,0.140213761757091,5.28681157056975
0.421169872196327,5.68057591192404,8,5.24955157090434,0.395350919311474,5.64309649510457
-1.52597852801428,2.87006487477187,1,0.412026238356774,-1.54953888605226,2.91222733540167
-0.840453863849951,3.82651830355837,5,1.90558195817406,-1.02890430331166,3.58674894942939
-0.970414371946517,3.61068748398166,4,1.5858832056418,-1.92942358362858,2.55130846775491
0.641394934502303,6.03171995535364,5,5.89441352188302,-0.134230422744812,4.92956636512668
0.177330761815167,5.33603671017673,6,4.57571393931448,-0.649507692271638,4.18991460502942
0.273871099457854,5.46783104126314,7,4.83847518906521,0.547454469766219,5.8785970376758
0.297935785525741,5.50152033652638,7,4.90471581357816,0.458359120137445,5.73831771890998
-0.307462130396574,4.68686053875548,3,3.292428562169,-1.14265153460214,3.41837775488299
1.15459237626046,6.9569414174911,9,7.54650402667119,1.72454875093922,7.9108330668893
-1.31240986336151,3.1167731136388,2,0.823102620195905,-2.42992972610858,2.16122001400454
-0.836747605902221,3.83279820475322,5,1.91488507990548,0.132059143458889,5.27601500461845
-0.147633527920481,4.90781661738834,4,3.71280806573956,-0.412046988555784,4.55010267888138
-0.148007180352374,4.9073159581672,4,3.71182488385534,-0.0454639575579262,5.04488354014432
-0.0203602915329468,5.07584807993587,5,4.04834070133431,0.0737752913402974,5.19948709100634
-0.926301010112347,3.682780538882,4,1.69287694005141,-1.0895615411385,3.49565007231185
0.748566634734552,6.21635359809927,6,6.2234153961467,1.3667265572378,7.321053597222
1.05118671110184,6.76570308333262,8,7.20166826934501,0.789478317662335,6.28930707505679
-0.337731332043812,4.6431234637191,3,3.21278873004439,0.134992925337376,5.27989639559521
-0.0410573980296922,5.04876175295445,5,3.99365342141044,-0.205959985161064,4.83502291404873
1.01920384157791,6.70666829920909,8,7.09562439145304,2.00926515206273,8.29387555293294
-0.0203602915329468,5.07584807993587,5,4.04834070133431,0.372238823755127,5.60897749589209
0.152396953587283,5.30271379670452,6,4.50852345828388,1.14174350834062,6.92222392566478
-0.197503275358137,4.8404355909476,4,3.58162718305367,-0.748897594542093,4.03113806319896
1.53421760601509,7.6488583530674,7,8.78295524736747,1.96567973484721,8.24164362989715
0.16220611320779,5.31579453908387,6,4.53492750405124,-0.756758964984536,4.018482888832
1.68921064397685,7.91051788026292,8,9.24313800431704,2.94712381295018,8.99485204690727
-0.197503275358137,4.8404355909476,4,3.58162718305367,-0.211198115880108,4.82804780055562
0.785682305143735,6.28195807720649,6,6.33971225228773,0.392695024337263,5.63915407643417
-0.307462130396574,4.68686053875548,3,3.292428562169,-0.884629942708643,3.81274957254358
0.132037896693377,5.27567237977276,6,4.45383617836001,0.900745919414509,6.48782360285285
0.119257217426414,5.25876368440073,6,4.41958050442785,-0.17761250199537,4.87258926530612
-0.34776556154122,4.62847038809439,3,3.18638468427704,-0.0555234981318973,5.03186462651223
-1.18801075829772,3.28172526675047,3,1.08586386994664,-2.094046707075,2.41527075888662
0.134472110083513,5.27889839510862,6,4.46036693969109,-0.28267920664152,4.73164521784012
0.128569003093101,5.27107828645458,6,4.44453305662859,-0.232409914619548,4.79968566287163
-0.960470645668607,3.62680972287778,4,1.60985257595831,-0.17716891576544,4.87317481900985
-0.222691584251679,4.80591963377193,4,3.51538655854072,0.195772155722396,5.36111508949675
-0.0168419146062528,5.08044822255474,5,4.05764382306574,0.659311978373048,6.06366639605825
1.98151931641317,8.3248154192224,10,10,2.04542881901497,8.33542881550751
-0.840453863849951,3.82651830355837,5,1.90558195817406,-1.28485675039384,3.22410062067879
-0.0228306347250525,5.07261756296142,5,4.04180994000324,-0.0712728767999049,5.01146637055941
1.15459237626046,6.9569414174911,9,7.54650402667119,1.26516244252792,7.1424253536668
0.122730237947102,5.26335374069205,6,4.42888362615928,-0.199041571110217,4.84421891131574
0.676304148271212,6.0909954467246,5,6.00045739977498,1.06167171863447,6.77812598894537
-0.30653666819272,4.68818700602872,3,3.29486323761984,-0.657028958897455,4.17801017296956
0.146861507069522,5.29534757793083,6,4.49363943173903,-0.651292652352803,4.18709149269606
0.303670465021623,5.50960487477678,7,4.92054969664066,-0.0583372616889946,5.02822188233628
1.65267354896991,7.85091575958152,8,9.13804398294272,1.09313438724597,6.8348292064879
-1.1766088509679,3.29770446144511,3,1.11081642214737,-1.50501267706838,2.96051452301637
-0.151169215169049,4.90307679498142,4,3.70350494400813,-0.330790154639733,4.66529149130428
-0.191121535048228,4.8491258491682,4,3.59841092263381,-0.330920268332166,4.66511026344861
-1.1694076195839,3.30787177214122,3,1.12665030520987,-0.285235478205009,4.72815150790993
0.663555226538516,6.06924442933548,5,5.96160400291361,-0.555183275421627,4.33694725554676
-0.0410573980296922,5.04876175295445,5,3.99365342141044,1.26636052386985,7.14454804893831
0.259355099784937,5.44768627795245,7,4.79867193568619,0.0303869249418598,5.14305763476758
-1.56346389222211,2.83078050745233,1,0.344835757326182,-0.562614518995232,4.32553419395393
0.137938315043845,5.28349532742526,6,4.46967006142251,-0.637765303060197,4.20845323847533
0.0889227522794882,5.21880353827856,6,4.33848917873662,0.183257537526867,5.34425473058387
1.05118671110184,6.76570308333262,8,7.20166826934501,1.2484708595115,7.11281857628918
-0.166311334755503,4.88271669375033,4,3.66366836526254,-0.173682997016236,4.87777407673978
-0.0203602915329468,5.07584807993587,5,4.04834070133431,0.134264084826514,5.27893184132477
-0.855972956824854,3.80027543370518,5,1.86672856131268,-1.93420259806011,2.5472231948019
-0.035434569727321,5.05612538935562,5,4.00850412258872,-0.390235551997948,4.58142788928179
0.80300701833964,6.31282476010377,6,6.3943995322116,1.45792827900525,7.47856077508312
0.106950110251461,5.24252447556636,6,4.38664569732942,-0.115874987764709,4.95352239566314
0.303670465021623,5.50960487477678,7,4.92054969664066,-0.0297331603338064,5.06523307015842
-1.20746395672795,3.25479944769167,3,1.04362594111678,-1.46570195724721,3.00445835802071
0.02356207573836,5.13323476243203,5,4.16463755747535,-0.0200447135052747,5.07776408547179
-0.35378257761493,4.61964602158373,3,3.17055080121454,0.0110490059021996,5.11799826350891
-0.197503275358137,4.8404355909476,4,3.58162718305367,-0.890006054380332,3.80415949245907
0.106950110251461,5.24252447556636,6,4.38664569732942,-0.976809057622861,3.66706846120118
-1.35305374857111,3.06648470647396,2,0.741028112620455,-2.37400679398269,2.20172903410003
0.676615228917444,6.09152763517076,5,6.00140725629263,0.647027749988614,6.04289389436018
-0.0263502915342612,5.06801383960571,5,4.03250681827181,-1.06605655502062,3.5306145312394
-0.172812376625474,4.87394359526271,4,3.64656744122661,0.159755914553621,5.31279187090489
-1.35352954100152,3.06590602419304,2,0.740078256102812,-1.36774705508759,3.1197153252645
0.255956429610622,5.44298814708581,7,4.78936881395477,0.0739824038007563,5.19975735565047
0.122730237947102,5.26335374069205,6,4.42888362615928,-0.389925631749798,4.58187080319945
-0.287869218277457,4.71481090156254,3,3.34396961273028,-1.23499424452168,3.29004185850404
1.67789108735383,7.8922098792285,8,9.21081536878675,1.4740839872251,7.5060915671159
0.421169872196327,5.68057591192404,8,5.24955157090434,-0.058173307831719,5.02843415635036
-1.10057895787675,3.40795883219673,3,1.28085070169463,-1.1898291095759,3.35181704412797
-0.0168419146062528,5.08044822255474,5,4.05764382306574,0.140503457212942,5.28719558751475
1.815200041561,8.10361542751119,9,9.58797376164322,2.20141958073795,8.49691758562202
0.748566634734552,6.21635359809927,6,6.2234153961467,0.501705456925193,5.80574159063043
0.152396953587283,5.30271379670452,6,4.50852345828388,0.273337287299109,5.46753165509174
0.137938315043845,5.28349532742526,6,4.46967006142251,0.56289217009834,5.90356724640485
-0.222691584251679,4.80591963377193,4,3.51538655854072,-0.976484029153969,3.66757486588059
0.878466226936512,6.44877380979488,7,6.63544163450347,0.403644883173234,5.65544470600977
0.122730237947102,5.26335374069205,6,4.42888362615928,-0.279860697473639,4.73549336468476
0.823886527606158,6.35021108642716,6,6.46064015672455,1.50666290778214,7.56120501225868
-1.09951017114829,3.40955393253984,3,1.28328537714548,-1.25563197118274,3.26246056630055
-0.503069889481527,4.39133597806515,7,2.7777909534804,-0.32837100794542,4.66865917908233
0.103470412844902,5.23794000281057,6,4.37734257559799,0.32512943092745,5.54071646742616
-0.165937585405844,4.88322046966511,4,3.66465154714676,0.287761514670394,5.48772862261767
-0.3380923129826,4.64259767237276,3,3.21183887352675,-1.63171986936212,2.82694206702206
-0.150808209345277,4.90356098759978,4,3.70445480052578,0.299343736731542,5.50404766889244
-1.10057895787675,3.40795883219673,3,1.28085070169463,-2.06659885037061,2.43732943132672
0.649316910160784,6.04509233795238,5,5.91838289219953,0.972731712972877,6.61756496598087
-0.197142102438579,4.84092798451436,4,3.58257703957131,0.0368426406287347,5.1514334230204
0.823886527606158,6.35021108642716,6,6.46064015672455,0.275659912566241,5.47077453053804
1.04367192348942,6.75182418456146,8,7.17671571714427,0.753998360191369,6.22692093756638
-1.14766395989726,3.33892349946926,3,1.17480682380267,-1.23900984714528,3.28464329463565
0.748566634734552,6.21635359809927,6,6.2234153961467,0.0929308458021536,5.22452864758515
0.134472110083513,5.27889839510862,6,4.46036693969109,-0.266220042051034,4.75405935605207
-0.0263502915342612,5.06801383960571,5,4.03250681827181,-0.0255114299831295,5.07069345910092
1.5261392312758,7.63467282699215,7,8.75800269516674,0.541567374535227,5.86912548536086
0.823886527606158,6.35021108642716,6,6.46064015672455,0.614798689040304,5.98889835745114
-0.00439255312706619,5.09671833027127,5,4.09057863016417,0.666558083701287,6.07596717565855
-1.37433441448531,3.04082330961355,2,0.698790183790597,-1.66864025422675,2.79011656435386
-0.363264403136776,4.60568236835537,3,3.1455982490138,-0.079787248115901,5.00042805349946
0.259355099784937,5.44768627795245,7,4.79867193568619,0.897061673078809,6.48120113197009
-0.0661570687581105,5.01582996740873,5,3.92741279689749,-0.784964497346857,3.97302984715322
-0.478815463942892,4.42965731562109,2,2.84154892695086,-0.49961846744532,4.42123684093209
0.106950110251461,5.24252447556636,6,4.38664569732942,0.153214656091198,5.30407814736827
1.01920384157791,6.70666829920909,8,7.09562439145304,0.502316817187755,5.80670376825743
-0.163135956163699,4.88699475122967,4,3.67202163047632,-0.837377445348447,3.88856720143509
0.137938315043845,5.28349532742526,6,4.46967006142251,0.122111093282261,5.26287699064895
-0.00439255312706619,5.09671833027127,5,4.09057863016417,-0.0585040371934406,5.02800595290362
0.168081761831017,5.32364737813858,6,4.55076138711374,0.303805926159705,5.5103594696578
0.918976573108969,6.52256490908545,7,6.76662251718936,0.549795179246694,5.88237074028788
0.0889227522794882,5.21880353827856,6,4.33848917873662,0.840256876200547,6.37945958474239
-0.035434569727321,5.05612538935562,5,4.00850412258872,-0.223179666079031,4.81205088809174
-0.322591181800616,4.66508624117367,3,3.25262530878999,0.019015035132734,5.12831635726513
-0.165937585405844,4.88322046966511,4,3.66465154714676,-0.688866672483719,4.12738429843678
-0.980882488704069,3.59380181118218,4,1.56074620084787,-0.798853827793972,3.95063516516904
0.0889227522794882,5.21880353827856,6,4.33848917873662,-0.590296065777436,4.28274734425464
-0.997146048323407,3.56775191362708,4,1.5218928039865,-1.93176269078331,2.54930780225526
1.06358052418325,6.7886017526684,8,7.24286478728358,1.05700376370434,6.76970629099797
-0.206991412732041,4.82747517162313,4,3.55667463085293,-0.715266652469687,4.0851610811431
-0.191482696271463,4.84863460831824,4,3.59746106611617,-0.798807652570417,3.95070961533206
-0.3380923129826,4.64259767237276,3,3.21183887352675,0.0641085656997658,5.18688360660395
-0.478815463942892,4.42965731562109,2,2.84154892695086,-0.350068143867876,4.63833102119248
0.893673172968014,6.47641870446527,7,6.68454800961391,0.965229854742504,6.60402330342606
-1.35305374857111,3.06648470647396,2,0.741028112620455,-1.30732915594668,3.19515902535258
-0.0350623744012784,5.05661266805648,5,4.00948730447294,-0.0924415026615701,4.98400500654186
-1.37433441448531,3.04082330961355,2,0.698790183790597,-0.877452513679858,3.82423126006981
0.14650810611852,5.29487765929371,6,4.49268957522138,0.289315673412875,5.48991307412706
0.10382575819037,5.23840803351423,6,4.37829243211564,0.127511834637008,5.27000515952442
1.01920384157791,6.70666829920909,8,7.09562439145304,0.328786766653971,5.54595619119018
1.01086792768785,6.69129808133585,8,7.06805662562649,0.986404758982281,6.64225194397444
-1.54945100705645,2.84534365094567,1,0.369788309526916,-0.732880885697815,4.05689328233623
1.01920384157791,6.70666829920909,8,7.09562439145304,0.590034773085812,5.94792887672768
-1.34561463624568,3.07556228144223,2,0.755912139165313,-1.1335944342675,3.43138701633873
-1.37433441448531,3.04082330961355,2,0.698790183790597,-1.96879453206913,2.51791270607624
0.676304148271212,6.0909954467246,5,6.00045739977498,0.61221047181052,5.98459483533738
-0.182369156291537,4.86101026037781,4,3.62143043643268,-0.195140294762391,4.84939640030389
-0.813765496769799,3.87182958351253,5,1.97277243920465,-0.827611460175191,3.9042888547967
-0.175423591714247,4.87041418104702,4,3.63969899494603,0.161261642681794,5.31480025732441
0.303670465021623,5.50960487477678,7,4.92054969664066,1.18966440959466,7.00805255454253
-0.0357941565844918,5.05565460095592,5,4.00755426607108,-0.0802177641748005,4.99986968228498
0.421169872196327,5.68057591192404,8,5.24955157090434,-0.0507438524043274,5.03805114526526
0.00854492291006747,5.11361906846741,5,4.12483430409633,0.473345706114372,5.76145117347124
1.80047719236584,8.0821299924318,9,9.54912036478185,1.936556060083,8.20542225744501
1.815200041561,8.10361542751119,9,9.58797376164322,1.62081310342368,7.74912005893508
0.255956429610622,5.44298814708581,7,4.78936881395477,0.80246913157294,6.31228271963936
-0.197503275358137,4.8404355909476,4,3.58162718305367,0.739550570096466,6.20168591912395
0.926340934345225,6.53602648743321,7,6.79059188750588,1.04228352998793,6.74314584050217
-1.13999834430353,3.34999629770595,3,1.1919077478386,-0.495690139354049,4.42712349858711
-1.1770416770438,3.29709521361657,3,1.10986656562973,-1.91456766659463,2.56406528909683
0.00854492291006747,5.11361906846741,5,4.12483430409633,0.344936607398083,5.56921189243681
0.808718530236127,6.32303209915856,6,6.41248363813176,0.803489525673927,6.31409016124407
0.103470412844902,5.23794000281057,6,4.37734257559799,-0.169272007480361,4.88358807632549
1.15459237626046,6.9569414174911,9,7.54650402667119,0.333557137779577,5.552805306759
0.152396953587283,5.30271379670452,6,4.50852345828388,0.129741198182518,5.27295060830092
0.146861507069522,5.29534757793083,6,4.49363943173903,0.232669729156718,5.41130154069648
-0.0203602915329468,5.07584807993587,5,4.04834070133431,-0.890486171665717,3.80339278792205
-1.15898453196145,3.3226908687335,3,1.14966981900874,-1.64876818526543,2.80982887953016
0.297935785525741,5.50152033652638,7,4.90471581357816,0.676820099047044,6.09344668232428
-0.0479067208086847,5.03978579252313,5,3.97556931549029,0.538689799949889,5.86450611493586
-0.191482696271463,4.84863460831824,4,3.59746106611617,-1.04234348426643,3.56632532653662
0.14650810611852,5.29487765929371,6,4.49268957522138,0.171558142469133,5.32856072774239
-0.132508652277125,4.92803538608757,4,3.75261131911857,0.112967502662395,5.25083161216125
-0.313410605400509,4.67831954382874,3,3.27677913169969,-0.409649874726527,4.5535602968337
-0.172812376625474,4.87394359526271,4,3.64656744122661,0.0905892733068687,5.22146241942441
-1.11812830806939,3.38194419785297,3,1.24104744831562,-1.18278831810455,3.361620318298
0.999104702164805,6.66962225492892,7,7.02920991264329,0.778784045227007,6.27044441105524
-0.836747605902221,3.83279820475322,5,1.91488507990548,-0.666277618040329,4.16334126557479
-0.836747605902221,3.83279820475322,5,1.91488507990548,-1.17236539820534,3.37621734115706
-0.987023465805661,3.58393879210478,4,1.54604662689621,-1.27230899331757,3.24047041572539
-0.287869218277457,4.71481090156254,3,3.34396961273028,-0.584465092999543,4.29179502968279
-0.94263103065763,3.65592567640603,4,1.65307368667239,-1.84065228865218,2.62890297218675
-0.488305853663683,4.41471803717794,2,2.81659637475012,-0.699298873722738,4.1107226964402
1.04367192348942,6.75182418456146,8,7.17671571714427,0.965449470699656,6.60441969390319
-0.0410573980296922,5.04876175295445,5,3.99365342141044,-0.877220316951147,3.82460294813023
0.790706669987855,6.29089464882958,6,6.35554613535023,1.4218142191459,7.41658767095247
0.00854492291006747,5.11361906846741,5,4.12483430409633,0.649863027155896,6.04767916475283
0.762090664519214,6.24017131934482,6,6.26565332497656,0.161950145415922,5.31571892988793
-1.11856364069754,3.38130313284036,3,1.2400642664314,-1.58130546883524,2.87869289759348
0.259355099784937,5.44768627795245,7,4.79867193568619,0.113297765998077,5.25126620398615
0.748566634734552,6.21635359809927,6,6.2234153961467,1.03784327416081,6.73513169026181
1.53421760601509,7.6488583530674,7,8.78295524736747,1.90345038660775,8.16296474896419
1.98151931641317,8.3248154192224,10,10,1.98383209353018,8.2636843644539
0.177330761815167,5.33603671017673,6,4.57571393931448,0.192575310837608,5.3568007569478
-0.970414371946517,3.61068748398166,4,1.5858832056418,-0.824382586363531,3.90948934460138
0.259355099784937,5.44768627795245,7,4.79867193568619,0.132475011066077,5.2765650030724
-0.141989898331398,4.91537159098448,4,3.72765876691784,-0.698052908192488,4.11271435932987
0.27352517311656,5.46734946699665,7,4.83752533254756,0.154997468097394,5.30645127509883
-1.30904963612495,3.12100758641752,2,0.829971066476486,-1.61089320587773,2.84810920830438
0.152750064785367,5.30318406427302,6,4.50947331480153,0.810650054140724,6.3267846021173
0.671174839124314,6.08223027774323,5,5.98480796930567,0.698627363348917,6.13081281544064
0.893673172968014,6.47641870446527,7,6.68454800961391,1.17252395218669,6.9773956847369
-0.980882488704069,3.59380181118218,4,1.56074620084787,-2.09400227407579,2.4153062836501
-0.165937585405844,4.88322046966511,4,3.66465154714676,0.429741442180442,5.69466346075704
0.14650810611852,5.29487765929371,6,4.49268957522138,-0.598732445501489,4.26962518261705
-1.00475145109444,3.55564978322716,4,1.50380869806635,-0.381827373827142,4.59342265171439
0.421169872196327,5.68057591192404,8,5.24955157090434,-0.0193035360540687,5.07872273747669
-0.94263103065763,3.65592567640603,4,1.65307368667239,0.389228565702009,5.63401697412698
0.890502394255938,6.47064871285722,7,6.67429503136485,0.802686408262866,6.31266755267055
1.68079761447424,7.89692462371276,8,9.21913530863395,2.08696488148747,8.38119180203065
-1.29348289031707,3.1407806262569,2,0.861956017057277,-2.10862829730574,2.40364415029841
0.770056385477994,6.2542476006948,6,6.29060587717729,0.937120544851371,6.55331574987336
-0.478815463942892,4.42965731562109,2,2.84154892695086,-0.453124660117034,4.49027357543461
-0.165937585405844,4.88322046966511,4,3.66465154714676,-0.340543149956649,4.65167947781173
-1.18844609856548,3.28111805170828,3,1.08491401342899,-0.362063826685901,4.62144196684183
0.860713057895276,6.41659435448592,6,6.57833027742514,0.380086744234297,5.62051532295508
0.255956429610622,5.44298814708581,7,4.78936881395477,0.511550506572236,5.82127386066885
-0.970414371946517,3.61068748398166,4,1.5858832056418,-1.09417600213998,3.48883855161361
1.98151931641317,8.3248154192224,10,10,1.98893520430125,8.26980665213568
-0.13511828512505,4.92455325478015,4,3.74574287283799,-0.320982412132141,4.67892378211406
-0.0514311865274963,5.03516414713587,5,3.96626619375886,0.0597210238485966,5.1811697537924
-0.0168419146062528,5.08044822255474,5,4.05764382306574,-0.735940356888585,4.05197694374992
0.787453997584079,6.28510785269102,6,6.34529315710116,1.25941903307033,7.1322449603064
0.665977224761543,6.07336760909122,5,5.96897408624317,0.31619348860938,5.52795524872744
0.134472110083513,5.27889839510862,6,4.46036693969109,-0.389536384742814,4.58242699840924
0.00781518326263417,5.11266588106066,5,4.12290126569447,0.335719649586079,5.5559157075165
-0.197503275358137,4.8404355909476,4,3.58162718305367,-0.751583848106698,4.02681465050314
-1.36632713100217,3.0504261098309,2,0.714624066853098,-0.394885867731852,4.57477469012518
1.79697352331979,8.07697295211587,9,9.53981724305043,1.54049730548468,7.61780953142249
0.893673172968014,6.47641870446527,7,6.68454800961391,0.960832353164634,6.59608671230563
-1.02552222986186,3.52286797159965,4,1.45470232295591,-0.19322079851819,4.85194171407176
0.890502394255938,6.47064871285722,7,6.67429503136485,1.35911820599551,7.30777544704868
-0.977003426175226,3.60004837479053,4,1.5700493225793,-0.897971393736371,3.79144927414043
-1.34561463624568,3.07556228144223,2,0.755912139165313,-0.68618801661227,4.13165708772707
1.68114140946165,7.89748167525086,8,9.22011849051817,1.61986393359241,7.74759647666681
-0.160653465095692,4.89033613666264,4,3.6785523918074,0.4673953874903,5.75224371691687
-1.1177078167645,3.38256360444425,3,1.24199730483326,-0.429301969771875,4.52510440130627
0.259355099784937,5.44768627795245,7,4.79867193568619,0.490273681360756,5.787807326329
-0.976607692974438,3.60068634080839,4,1.57099917909694,-0.452541371695578,4.49113079965524
-1.34561463624568,3.07556228144223,2,0.755912139165313,-1.43013218725824,3.04533530481081
-0.34776556154122,4.62847038809439,3,3.18638468427704,-0.322959796995574,4.67617979241311
1.815200041561,8.10361542751119,9,9.58797376164322,1.2382296406233,7.09462314792643
0.106950110251461,5.24252447556636,6,4.38664569732942,0.828061218589002,6.35772712240944
-0.0514311865274963,5.03516414713587,5,3.96626619375886,-0.400204559894106,4.56714835013557
1.79697352331979,8.07697295211587,9,9.53981724305043,1.38792674096143,7.35794995435569
-1.33321192148464,3.09082204573215,2,0.780864691366048,-1.25012538235852,3.26977999060655
-0.970019621436898,3.61132600093718,4,1.58683306215944,-1.15878645591862,3.39538452929371
-0.307462130396574,4.68686053875548,3,3.292428562169,-0.258437607769567,4.76460997360774
1.05118671110184,6.76570308333262,8,7.20166826934501,0.76482521151596,6.24589814383996
0.27352517311656,5.46734946699665,7,4.83752533254756,0.311072675898661,5.52066823967531
0.132037896693377,5.27567237977276,6,4.45383617836001,-0.0429911814497357,5.04808292028526
-1.15898453196145,3.3226908687335,3,1.14966981900874,-0.210951044732462,4.82837704917872
0.303670465021623,5.50960487477678,7,4.92054969664066,-0.190549091914811,4.85548220946907
-1.54945100705645,2.84534365094567,1,0.369788309526916,-1.13693114180441,3.42658581495175
0.0137914561213049,5.12047199956846,5,4.13873514875697,-0.28211683985441,4.73241335589584
-1.16983887839725,3.30726124773633,3,1.12570044869223,-2.02508185203758,2.47114393863613
1.0559521301971,6.77450639162037,8,7.21750215240751,0.917406372900665,6.51779826529084
-0.810084321078892,3.87809382402729,5,1.98207556093607,-0.362066078637214,4.62143878799208
0.255956429610622,5.44298814708581,7,4.78936881395477,-0.0593638613703463,5.02689267648721
-1.18844609856548,3.28111805170828,3,1.08491401342899,-1.51875334017536,2.94544869135385
0.663555226538516,6.06924442933548,5,5.96160400291361,0.507754496771357,5.81527544956127
-0.331713743196674,4.65187370465317,3,3.22862261310689,0.350421951426996,5.57715533348238
-1.4995891151169,2.89836681300814,1,0.46018275694957,-1.50587346912162,2.95956631638524
0.103470412844902,5.23794000281057,6,4.37734257559799,-0.0622007723814256,5.02321908781694
-0.478815463942892,4.42965731562109,2,2.84154892695086,-0.145921195813491,4.91426546611603
-0.288230322090324,4.71429824570997,3,3.34301975621264,-0.817494691509311,3.92058656253761
0.10382575819037,5.23840803351423,6,4.37829243211564,0.0527898498703544,5.17215113761774
0.748566634734552,6.21635359809927,6,6.2234153961467,0.168657154047252,5.32467900296306
1.98151931641317,8.3248154192224,10,10,2.19862365563424,8.4942636244913
-1.16983887839725,3.30726124773633,3,1.12570044869223,-1.44476035294115,3.02839332123209
0.941530243172698,6.56383121071847,7,6.84014167065823,1.21130664147277,7.04668696785558
1.06637722807693,6.7937702761141,8,7.252167909015,0.025108848288873,5.13621382084524
0.134472110083513,5.27889839510862,6,4.46036693969109,0.71853848931398,6.1651792127131
0.10382575819037,5.23840803351423,6,4.37829243211564,0.246948073027868,5.43092845895979
-0.176349211560998,4.86916229570909,4,3.63726431949518,-0.156065979753007,4.90095763033947
-0.447986197175681,4.47768735976066,2,2.92264025264208,-0.378296025612989,4.59844703313986
1.09072611827002,6.83878626206472,8,7.33325923470623,1.04350158896647,6.7453441217653
0.931199720880223,6.5449150769435,7,6.80642577056838,0.692321851597788,6.11997834184252
-0.0224713164820158,5.07308748519055,5,4.04275979652088,0.38659621855745,5.63012240519541
-1.52597852801428,2.87006487477187,1,0.412026238356774,-2.02954186499043,2.46748454938542
-0.322591181800616,4.66508624117367,3,3.25262530878999,-1.11133211055211,3.46367013103447
1.79697352331979,8.07697295211587,9,9.53981724305043,2.77788798773026,8.90822890246333
-0.788509554231711,3.91485745897383,5,2.03676284085995,-1.57226801432895,2.88815822494986
-0.0350623744012784,5.05661266805648,5,4.00948730447294,0.355438229636157,5.58443957312453
-0.0200010272518775,5.07631785171613,5,4.04929055785196,1.1371653810313,6.9140058985348
0.787755451210155,6.28564394405766,6,6.34624301361881,0.972695204400621,6.61749905778029
0.421169872196327,5.68057591192404,8,5.24955157090434,-0.185256796596454,4.86248778321993
-0.0200010272518775,5.07631785171613,5,4.04929055785196,-0.0554871707654605,5.03191165264649
-0.990505730915172,3.57836027967811,4,1.537726687049,-1.54183194458327,2.92047605343679
0.63646639614236,6.02342454434524,5,5.87952949533816,0.268388985769428,5.46063448057667
0.914105619301249,6.51366846852375,7,6.75078863412686,-0.0373462301144644,5.05538565853095
-1.38702651832564,3.02573089939699,2,0.673837631589862,-1.60409944563751,2.85507769439716
-0.980486169618069,3.59443943664016,4,1.56169605736552,-1.3395003686254,3.15456091048435
-0.0350623744012784,5.05661266805648,5,4.00948730447294,-0.840764243935392,3.88311808765038
-0.0350623744012784,5.05661266805648,5,4.00948730447294,0.340278902487746,5.56248482568381
-1.15075092188692,3.334482915908,3,1.16793837752209,-0.828593355813446,3.90270762269708
-0.197142102438579,4.84092798451436,4,3.58257703957131,0.0303838872178208,5.14305369489066
-0.997146048323407,3.56775191362708,4,1.5218928039865,-0.981867962812398,3.65919441919257
1.68046553807046,7.89638643377601,8,9.21818545211631,1.26084095839798,7.13476606685494
-0.178832128639264,4.8658021467509,4,3.63073355816411,-1.04116342473568,3.56811344187216
-0.331713743196674,4.65187370465317,3,3.22862261310689,0.17823374195263,5.33750777585713
0.152750064785367,5.30318406427302,6,4.50947331480153,0.262511761649896,5.45246298248464
0.103470412844902,5.23794000281057,6,4.37734257559799,-0.394838983207594,4.5748418364139
0.636151628022401,6.02289537681828,5,5.87857963882052,0.862801790389292,6.41974691163825
-1.14042337218784,3.34938064641192,3,1.19095789132096,-1.57950887288526,2.88056986907807
-1.54945100705645,2.84534365094567,1,0.369788309526916,-1.2847465311331,3.2242437569625
-0.151169215169049,4.90307679498142,4,3.70350494400813,0.257764382493822,5.44587837142241
0.748871327973234,6.21688905951997,6,6.22436525266434,1.01734881979113,6.69813124485181
0.303670465021623,5.50960487477678,7,4.92054969664066,0.281569309398731,5.47904129418071
-0.222691584251679,4.80591963377193,4,3.51538655854072,-1.9843088651147,2.50491083903016
-0.977003426175226,3.60004837479053,4,1.5700493225793,-1.05644160289235,3.54504275020925
-0.0665171975301853,5.01535660955054,5,3.92646294037985,-0.0299209209411184,5.06499021679419
1.65234676205551,7.85037618321329,8,9.13709412642508,1.59828268713167,7.7127621330421
0.00503255339673703,5.10903113486077,5,4.11553118236491,0.478854024116682,5.77000108642493
0.803776462895188,6.31419899040564,6,6.39683420766245,0.342131281399786,5.56515823895907
0.103470412844902,5.23794000281057,6,4.37734257559799,-0.438311344200571,4.51197529698075
-0.34776556154122,4.62847038809439,3,3.18638468427704,0.343046701198604,5.56648035478965
0.916115266809695,6.51733821687543,7,6.75731939545794,1.18990304819048,7.00847901913661
-0.165937585405844,4.88322046966511,4,3.66465154714676,1.20927904191997,7.04307109615747
1.0163918409692,6.70148251935395,8,7.08632126972162,1.28625189272504,7.17974131151224
-1.56346389222211,2.83078050745233,1,0.344835757326182,-1.53849229626615,2.92406444482312
1.98151931641317,8.3248154192224,10,10,1.9629487377044,8.2382920558366
1.0559521301971,6.77450639162037,8,7.21750215240751,0.960445837042796,6.59538918436843
1.31614940613644,7.25520836212341,5,8.08416506357688,1.06911822166894,6.79155407190204
-0.990505730915172,3.57836027967811,4,1.537726687049,-0.859913317865304,3.85234613475575
0.297935785525741,5.50152033652638,7,4.90471581357816,-0.404095610601203,4.56155760977459
0.679660533765479,6.09674107007883,5,6.01071037802405,0.745781839889516,6.21255685448361
0.939000788181985,6.5591973961215,7,6.83187995981809,1.42904910961202,7.42904807211131
-1.33321192148464,3.09082204573215,2,0.780864691366048,-1.6944673000609,2.7648626917764
-0.0665171975301853,5.01535660955054,5,3.92646294037985,-0.215941975059878,4.82172127188973
0.137938315043845,5.28349532742526,6,4.46967006142251,0.126813431049978,5.26908279145907
-0.35378257761493,4.61964602158373,3,3.17055080121454,-0.429476701142958,4.52485027152934
-0.97428375197472,3.60443540944525,4,1.57658008391038,-2.13174447795628,2.38533904195982
1.03093656088121,6.72831409710644,8,7.13447778831442,0.721510912727759,6.17032899394926
-0.803826469320755,3.88874916362913,5,1.99790944399857,-0.180632715570227,4.86860065856858
1.01920384157791,6.70666829920909,8,7.09562439145304,1.33298309463899,7.26202636232466
0.719442087634497,6.16542645973935,5,6.13299822165385,0.792212148519125,6.29413660696387
0.0391203456378836,5.15356437375367,5,4.20592562978756,-0.490511874216891,4.43486820779407
0.652386666960602,6.05028679310202,5,5.92768601393096,1.18806883143425,7.0052008830975
0.103470412844902,5.23794000281057,6,4.37734257559799,0.0798983468680401,5.20748149301282
1.98151931641317,8.3248154192224,10,10,1.73795199044549,7.93096926044231
0.255956429610622,5.44298814708581,7,4.78936881395477,1.04499768986847,6.74804408815539
0.255956429610622,5.44298814708581,7,4.78936881395477,0.66982944569822,6.08153191583383
-0.35378257761493,4.61964602158373,3,3.17055080121454,-0.472837806810248,4.46117250882447
0.128569003093101,5.27107828645458,6,4.44453305662859,0.101738739999968,5.23607627193192
-0.0203602915329468,5.07584807993587,5,4.04834070133431,0.807285808253128,6.32081799868427
-0.165937585405844,4.88322046966511,4,3.66465154714676,-0.187241207043901,4.85986214096487
0.421169872196327,5.68057591192404,8,5.24955157090434,0.103187703120113,5.23797811921563
1.15459237626046,6.9569414174911,9,7.54650402667119,1.30906655401515,7.2199865039422
1.28436253183667,7.19670585720817,5,7.97907104220255,1.35839615223998,7.30651434286205
1.81556182154249,8.10413959596673,9,9.58892361816087,1.48405297751406,7.5230152382412
-0.813765496769799,3.87182958351253,5,1.97277243920465,-0.389032841575016,4.58314636887335
-1.13626432888179,3.35541361106723,3,1.20026101305238,-2.13167178945085,2.3853963634167
0.790405455205497,6.29035853995856,6,6.35459627883259,0.297549151131303,5.50151311480165
-0.977003426175226,3.60004837479053,4,1.5700493225793,-0.739032640256029,4.04700617252199
-0.206630226696001,4.82796943315089,4,3.55762448737058,-0.188334622057762,4.85841480171359
0.421169872196327,5.68057591192404,8,5.24955157090434,-0.410141746196057,4.55285111892559
-0.855972956824854,3.80027543370518,5,1.86672856131268,-1.00270400334265,3.62692627583719
0.878466226936512,6.44877380979488,7,6.63544163450347,0.522830674337016,5.83916915530184
-0.77191753778747,3.94316956750885,5,2.0790007696898,-1.68364000768707,2.77540038732017
-1.33274147766893,3.09140396789906,2,0.781814547883691,-1.2863500521398,3.22216248833754
-1.13955849715904,3.35063362557474,3,1.19289092972282,-0.968137917181123,3.68059889849707
0.259355099784937,5.44768627795245,7,4.79867193568619,0.406816835630507,5.66018189890135
-0.191482696271463,4.84863460831824,4,3.59746106611617,-0.470685557379596,4.46436195827638
-0.0479067208086847,5.03978579252313,5,3.97556931549029,-0.0454639575579262,5.04488354014432
0.790093646789027,6.28980362358864,6,6.35361309694837,-0.0347992880837541,5.05868023844697
0.421169872196327,5.68057591192404,8,5.24955157090434,-0.987645731536512,3.65021994094223
-1.28852080822845,3.14713790915978,2,0.872208995306344,-2.40250922406999,2.18100302162088
0.303670465021623,5.50960487477678,7,4.92054969664066,0.13773042062628,5.28352100711399
0.663555226538516,6.06924442933548,5,5.96160400291361,0.49638569439005,5.79738233585917
0.890502394255938,6.47064871285722,7,6.67429503136485,0.653794791595966,6.05432417503295
-0.0665171975301853,5.01535660955054,5,3.92646294037985,0.235024535605898,5.41453016835558
-0.463116477065757,4.45421151036577,2,2.88283699926307,-0.745690044896389,4.03629915158367
-1.13334970272361,3.35965287840607,3,1.20679177438346,-1.72494130451984,2.73557375341848
0.00854492291006747,5.11361906846741,5,4.12483430409633,0.184721587139595,5.34622321551391
0.106950110251461,5.24252447556636,6,4.38664569732942,-0.375501952948859,4.60241687812284
-0.303925820661419,4.69192576678693,3,3.30173168390043,0.159095259304089,5.31191097645328
0.690109972163803,6.11467933175616,5,6.04269532860484,1.15986425383328,6.95472177757847
-0.0228306347250525,5.07261756296142,5,4.04180994000324,0.0255737371602576,5.13681648124763
-0.0665171975301853,5.01535660955054,5,3.92646294037985,0.246662377160342,5.43053455084015
1.55313029681421,7.68189264474055,7,8.84102705925983,1.14643408883337,6.93064070941286
-1.13955849715904,3.35063362557474,3,1.19289092972282,-1.75826962538604,2.70414004423292
-0.182369156291537,4.86101026037781,4,3.62143043643268,-0.828754933175304,3.90244743126902
-0.307462130396574,4.68686053875548,3,3.292428562169,0.122023744129747,5.26276178666282
1.0163918409692,6.70148251935395,8,7.08632126972162,0.0352641163632202,5.14938487261774
-0.147272542804836,4.90830024866915,4,3.7137579222572,-0.345242482258129,4.64510057423111
-0.660589712935285,4.13252586239477,6,2.36576471512363,-0.64384810649089,4.19885714295545
-0.332074738063604,4.65134956072353,3,3.22767275658925,0.23233323940487,5.41084044909873
-1.38702651832564,3.02573089939699,2,0.673837631589862,-1.87632431191987,2.59731882605197
1.98151931641317,8.3248154192224,10,10,1.55613080957909,7.64372446919359
-1.15184629259737,3.33290978118723,3,1.16550370207124,-1.13700174033136,3.42648433714917
0.128569003093101,5.27107828645458,6,4.44453305662859,-0.146086129464464,4.91404933991104
-0.836369398801994,3.83343929280116,5,1.91583493642312,-1.51248683369513,2.95230102097049
0.421169872196327,5.68057591192404,8,5.24955157090434,0.810502753330455,6.3265232732732
-0.97428375197472,3.60443540944525,4,1.57658008391038,-2.13310347043174,2.3842676274859
0.13721822512353,5.28254001614433,6,4.46773702302065,0.770021332823019,6.25502521894457
0.63646639614236,6.02342454434524,5,5.87952949533816,1.07980510138695,6.81081750293887
0.137938315043845,5.28349532742526,6,4.46967006142251,0.426960727154819,5.69045788819434
0.303670465021623,5.50960487477678,7,4.92054969664066,0.235026258384562,5.4145325316039
0.303670465021623,5.50960487477678,7,4.92054969664066,1.02872856485207,6.7186779121264
-0.148007180352374,4.9073159581672,4,3.71182488385534,-0.943311165536505,3.71956164701473
-1.32909539617381,3.09592179046132,2,0.789184631213251,-0.865835809212998,3.84284410441151
-0.34776556154122,4.62847038809439,3,3.18638468427704,-0.973901249767076,3.67160106778757
-0.176349211560998,4.86916229570909,4,3.63726431949518,-0.262587458081595,4.75898775628548
1.79697352331979,8.07697295211587,9,9.53981724305043,1.48199624454228,7.51952781002508
-1.15898453196145,3.3226908687335,3,1.14966981900874,-1.49733823034822,2.96899455380855
0.00503255339673703,5.10903113486077,5,4.11553118236491,-0.328292333802501,4.66876864382122
0.10382575819037,5.23840803351423,6,4.37829243211564,0.389965755908552,5.63510864350584
0.761312492809451,6.23879806710487,6,6.26321864952571,0.770793261746235,6.25638216833193
0.137938315043845,5.28349532742526,6,4.46967006142251,-0.0923122945722195,4.98417281598711
-1.38702651832564,3.02573089939699,2,0.673837631589862,-0.461021349776491,4.47864653050189
-0.0514311865274963,5.03516414713587,5,3.96626619375886,-0.549579575983715,4.34553234228854
-0.840453863849951,3.82651830355837,5,1.90558195817406,-0.484138392114923,4.4443769882555
0.926049310199326,6.53549316981399,7,6.78964203098823,0.167106125610618,5.32260517161518
0.94384750422732,6.56807748475665,7,6.84771384288059,0.21706241161788,5.38998262569288
-1.16983887839725,3.30726124773633,3,1.12570044869223,-1.47551646456846,2.99336810539376
0.847988403448261,6.39359768384634,6,6.5375438421619,0.969184195710774,6.61116097812684
0.663555226538516,6.06924442933548,5,5.96160400291361,0.208639148758447,5.37853282516662
-1.12182983787753,3.37649999025867,3,1.23269418310184,-0.00971317379962707,5.09112805343074
-0.147272542804836,4.90830024866915,4,3.7137579222572,0.140786870198221,5.28757130792218
-0.165937585405844,4.88322046966511,4,3.66465154714676,-0.384212068118132,4.59002528287016
1.06637722807693,6.7937702761141,8,7.252167909015,1.21531435808823,7.05383172891191
0.951476368881251,6.58206479667795,7,6.87266639508133,1.08521214339488,6.82055996330288
-0.172812376625474,4.87394359526271,4,3.64656744122661,-0.491286019433456,4.43371146884237
0.134472110083513,5.27889839510862,6,4.46036693969109,0.145997332771573,5.29448441583274
-1.34514093835373,3.0761422118132,2,0.756861995682956,-1.95009325795401,2.53370265452221
0.259355099784937,5.44768627795245,7,4.79867193568619,0.457441319583059,5.73690709248138
-1.54945100705645,2.84534365094567,1,0.369788309526916,-1.80109975207395,2.66460689774005
-1.54945100705645,2.84534365094567,1,0.369788309526916,-1.82558544306523,2.6424163597254
1.84101549539276,8.14055721968878,9,9.65516424267382,2.47462271600718,8.72075384065398
-0.206991412732041,4.82747517162313,4,3.55667463085293,-0.297204908441721,4.71174637395297
0.255956429610622,5.44298814708581,7,4.78936881395477,0.630655079107641,6.01537061755328
1.98151931641317,8.3248154192224,10,10,1.52934242112233,7.59922357216935
1.65234676205551,7.85037618321329,8,9.13709412642508,2.32402367222721,8.6055375807544
0.914105619301249,6.51366846852375,7,6.75078863412686,0.508132833459489,5.81587275560755
-0.00778048093471968,5.09229154033563,5,4.08161319338225,-0.321147538862459,4.67869472406833
-0.926689639120698,3.68213930071266,4,1.69192708353376,-1.07066203886616,3.52372899593644
0.259355099784937,5.44768627795245,7,4.79867193568619,0.378212531837375,5.61775548117856
-0.0661570687581105,5.01582996740873,5,3.92741279689749,-0.921045479062654,3.7547584386488
0.652386666960602,6.05028679310202,5,5.92768601393096,0.795361831966314,6.2997044859871
0.785380683106056,6.28142200060849,6,6.33876239577009,-0.0014005380686431,5.10188316300639
1.0559521301971,6.77450639162037,8,7.21750215240751,1.6000849273648,7.71568498636849
-0.97428375197472,3.60443540944525,4,1.57658008391038,-0.580944923083948,4.29724828512626
-0.303925820661419,4.69192576678693,3,3.30173168390043,-1.34573689125869,3.14680353222963
-1.13626432888179,3.35541361106723,3,1.20026101305238,-1.03363491768346,3.57954501846129
-1.18801075829772,3.28172526675047,3,1.08586386994664,-1.60280233597979,2.85641177949925
1.98151931641317,8.3248154192224,10,10,1.67066956827076,7.82807707165535
1.04367192348942,6.75182418456146,8,7.17671571714427,0.917733926668273,6.51838799553948
-0.0203602915329468,5.07584807993587,5,4.04834070133431,0.490550780110692,5.78824075081473
-0.147633527920481,4.90781661738834,4,3.71280806573956,-0.469883921644886,4.46554914843536
0.106950110251461,5.24252447556636,6,4.38664569732942,0.389271695806954,5.63408083143531
0.106950110251461,5.24252447556636,6,4.38664569732942,0.1782334540062,5.33750738948721
0.893379519610786,6.47588420740187,7,6.68359815309627,0.543415065147617,5.87209514015723
-0.322591181800616,4.66508624117367,3,3.25262530878999,-0.303356174782544,4.70328534518714
-0.840453863849951,3.82651830355837,5,1.90558195817406,-1.06893184978835,3.5263138014149
0.121821476729402,5.26215236279657,6,4.42644895070843,-0.0614253961446382,5.02422321049625
0.14650810611852,5.29487765929371,6,4.49268957522138,1.15313069046182,6.94265150912877
-0.197142102438579,4.84092798451436,4,3.58257703957131,0.0245713408771555,5.1355170529682
-1.31360246555355,3.11527308789102,2,0.820667944745062,-1.04398722962568,3.56383630244674
0.259355099784937,5.44768627795245,7,4.79867193568619,1.04774690726574,6.75300519038628
1.03093656088121,6.72831409710644,8,7.13447778831442,1.25404675023657,7.12271570523545
0.14650810611852,5.29487765929371,6,4.49268957522138,0.343166071588133,5.56665280468459
-0.175423591714247,4.87041418104702,4,3.63969899494603,0.0759607847276267,5.20233948830593
-0.151169215169049,4.90307679498142,4,3.70350494400813,-0.486075827381498,4.44148922522749
-0.303925820661419,4.69192576678693,3,3.30173168390043,-0.631982482687789,4.21756108342729
-0.148007180352374,4.9073159581672,4,3.71182488385534,-0.982381474960946,3.65839598889671
0.905668718726576,6.49827359345143,7,6.72340140647528,0.483946589207605,5.7779282578108
-1.33274147766893,3.09140396789906,2,0.781814547883691,-1.76169753332149,2.70094108670085
-0.675561942500133,4.10723127731343,6,2.32691131826225,-0.862432514190377,3.84830336186214
1.01920384157791,6.70666829920909,8,7.09562439145304,0.663287932624859,6.07041153991598
-1.18844609856548,3.28111805170828,3,1.08491401342899,-0.68360252603149,4.13577908768203
-0.94263103065763,3.65592567640603,4,1.65307368667239,-1.58884314649631,2.8708431176174
0.132037896693377,5.27567237977276,6,4.45383617836001,0.209333785425312,5.37947560529367
-0.0259908979513276,5.0684839842575,5,4.03345667478946,0.30145278689698,5.50702920729545
0.918976573108969,6.52256490908545,7,6.76662251718936,0.854439289850145,6.40478734668568
-0.0410573980296922,5.04876175295445,5,3.99365342141044,-0.598348344209088,4.27022342783076
0.27352517311656,5.46734946699665,7,4.83752533254756,0.457448412213985,5.73691799090286
-0.0661570687581105,5.01582996740873,5,3.92741279689749,0.0686292560724609,5.19277510435626
-0.147633527920481,4.90781661738834,4,3.71280806573956,-0.833695603690981,3.89449290642902
1.15459237626046,6.9569414174911,9,7.54650402667119,2.10679475929305,8.40231387081597
-1.33321192148464,3.09082204573215,2,0.780864691366048,-1.58317385332437,2.87674337739808
-0.836747605902221,3.83279820475322,5,1.91488507990548,-1.16796747250394,3.38240664768707
-1.33274147766893,3.09140396789906,2,0.781814547883691,-1.38625096890443,3.09728770668075
-1.13584015961164,3.35602997287623,3,1.20121086957002,-1.30353687384729,3.2000092441118
0.107305309730826,5.24299261422231,6,4.38759555384706,0.129043859604678,5.27202908763493
0.890502394255938,6.47064871285722,7,6.67429503136485,0.493651108174403,5.79309450813231
1.815200041561,8.10361542751119,9,9.58797376164322,1.889580601843,8.14477316455747
0.177330761815167,5.33603671017673,6,4.57571393931448,0.338528053806789,5.559960309502
-1.34514093835373,3.0761422118132,2,0.756861995682956,-1.52187249727887,2.94204943365018
0.785682305143735,6.28195807720649,6,6.33971225228773,1.11396847110805,6.87232259151067
0.795824722189937,6.30001068214429,6,6.37169720286852,1.080375315518,6.81184504882595
-0.175423591714247,4.87041418104702,4,3.63969899494603,-0.745455505493247,4.03667647652925
0.14650810611852,5.29487765929371,6,4.49268957522138,0.0529605067573199,5.1723730813625
-1.15184629259737,3.33290978118723,3,1.16550370207124,-0.0852567352392555,4.99333239750706
-0.0665171975301853,5.01535660955054,5,3.92646294037985,-0.925749282676088,3.7473046001895
1.80047719236584,8.0821299924318,9,9.54912036478185,2.43768897228331,8.69413337812075
0.288884590555379,5.48880497911553,7,4.87976326137742,-0.176674205286838,4.87382778022606
0.106950110251461,5.24252447556636,6,4.38664569732942,0.206633544639762,5.37581220193373
0.0232039138777692,5.13276688305707,5,4.1636877009577,0.417401054950253,5.67604836615175
-1.1770416770438,3.29709521361657,3,1.10986656562973,-1.65851343294965,2.80013078598855
-0.0514311865274963,5.03516414713587,5,3.96626619375886,0.228136975582826,5.40509578915853
-1.20746395672795,3.25479944769167,3,1.04362594111678,-1.44283055376511,3.03061778257783
-0.804589942885394,3.88744878262134,5,1.99597640559671,0.140252781827925,5.28686329323331
-0.182369156291537,4.86101026037781,4,3.62143043643268,-0.377773448819275,4.59918988710463
0.134472110083513,5.27889839510862,6,4.46036693969109,-0.480965314540542,4.44910128180364
-0.181443487695384,4.86226493088362,4,3.62386511188353,0.147873314205519,5.29697605733772
-1.1770416770438,3.29709521361657,3,1.10986656562973,-1.40668764369458,3.07287855978152
0.916115266809695,6.51733821687543,7,6.75731939545794,1.39240930161692,7.36573117608278
0.762090664519214,6.24017131934482,6,6.26565332497656,0.611555473837447,5.98350653506222
-0.619876543795726,4.20082591886619,1,2.47176061742394,-0.443730684218847,4.50405243718895
-0.0259908979513276,5.0684839842575,5,4.03345667478946,-0.660655493116434,4.17226218745381
0.893379519610786,6.47588420740187,7,6.68359815309627,0.660129542070332,6.0650525169805
-0.0661570687581105,5.01582996740873,5,3.92741279689749,-0.624019573474106,4.23007781895896
-0.0017975786255297,5.10010866521255,5,4.09744707644475,-0.843631759833858,3.87850586123531
-0.0203602915329468,5.07584807993587,5,4.04834070133431,-0.0880304896652068,4.98973237034426
0.11228108962148,5.24955382899302,6,4.40090577765739,0.285050509733244,5.4839220647361
-0.30653666819272,4.68818700602872,3,3.29486323761984,-0.478484317297077,4.45279064958702
-0.165937585405844,4.88322046966511,4,3.66465154714676,-0.409997936365814,4.55305847935778
-0.628685051828805,4.18611590437135,6,2.44878907921672,-0.389377391553934,4.58265415619515
-1.14766395989726,3.33892349946926,3,1.17480682380267,-0.251843030590665,4.77352709449713
-1.54945100705645,2.84534365094567,1,0.369788309526916,-1.3535357280193,3.13715395287495
0.103470412844902,5.23794000281057,6,4.37734257559799,-0.384667386763497,4.58937620264127
-0.0263502915342612,5.06801383960571,5,4.03250681827181,-0.457356792094209,4.4840472422454
-0.0168419146062528,5.08044822255474,5,4.05764382306574,-0.662887537366386,4.16872191736013
-1.16606458129336,3.31261151211468,3,1.13402038853943,-1.58928797172435,2.87038113529919
-1.10057895787675,3.40795883219673,3,1.28085070169463,-1.39998427755556,3.08084352623545
0.10382575819037,5.23840803351423,6,4.37829243211564,-0.209263221685977,4.83062559356344
-0.147272542804836,4.90830024866915,4,3.7137579222572,-0.350074865245698,4.63832158248764
0.132037896693377,5.27567237977276,6,4.45383617836001,-0.16682337751628,4.88681281743863
0.121821476729402,5.26215236279657,6,4.42644895070843,-0.216482571523842,4.82099973123138
0.297935785525741,5.50152033652638,7,4.90471581357816,-0.300975205363286,4.70656281690038
-0.176349211560998,4.86916229570909,4,3.63726431949518,0.187597922278243,5.35009360679142
1.5000737743365,7.58861925388022,7,8.67691136947551,0.253732287413957,5.44029692803877
0.550738025538225,5.8822273781523,4,5.62404677454335,0.345679193009664,5.57028591147879
0.663555226538516,6.06924442933548,5,5.96160400291361,0.749161482133657,6.2184610926099
0.785380683106056,6.28142200060849,6,6.33876239577009,0.609401217471163,5.97992942209531
0.650120549102613,6.04645152652542,5,5.92081756765038,0.939593267511973,6.55777373399492
0.926340934345225,6.53602648743321,7,6.79059188750588,0.766540837985597,6.24891030945189
-0.0410573980296922,5.04876175295445,5,3.99365342141044,0.290322219322536,5.49132870040991
0.77448646622753,6.26209080206287,6,6.30450672183793,0.454680175417799,5.73266755383348
0.93090838106485,6.5443819509838,7,6.80547591405073,-0.595725586800087,4.27430638520132
-1.1770416770438,3.29709521361657,3,1.10986656562973,-0.982908348047272,3.65757694622383
1.69511832111947,7.92001477987758,8,9.25992174389719,0.195109410427539,5.36022025266948
-0.163135956163699,4.88699475122967,4,3.67202163047632,-0.306983995192066,4.69828552040935
-1.54945100705645,2.84534365094567,1,0.369788309526916,-1.55570693467329,2.90565784235912
-0.34776556154122,4.62847038809439,3,3.18638468427704,0.126485698705111,5.26865002166298
-0.788509554231711,3.91485745897383,5,2.03676284085995,-0.52553633203304,4.38215548012055
-0.0228306347250525,5.07261756296142,5,4.04180994000324,-0.877216331415174,3.82460932809227
-1.37433441448531,3.04082330961355,2,0.698790183790597,-3.18745237575838,1.66640241721937
0.00503255339673703,5.10903113486077,5,4.11553118236491,-0.33337152143414,4.66169419968521
-0.147633527920481,4.90781661738834,4,3.71280806573956,-0.668616862396443,4.1596259820538
-0.178832128639264,4.8658021467509,4,3.63073355816411,-0.340064116468713,4.65234936789731
-1.02511877768484,3.52350087501179,4,1.45565217947355,-1.48176431120433,2.98634978207459
1.0559521301971,6.77450639162037,8,7.21750215240751,0.952933427824296,6.58183383622604
-0.0665171975301853,5.01535660955054,5,3.92646294037985,-0.316108570673962,4.68567757678757
-1.33274147766893,3.09140396789906,2,0.781814547883691,-1.46417240488563,3.00619398285469
-0.116824646795621,4.94891057913888,4,3.79389939143079,0.573936537835346,5.92154819411298
0.893673172968014,6.47641870446527,7,6.68454800961391,0.80173545195536,6.310983383438
-0.0514311865274963,5.03516414713587,5,3.96626619375886,0.222215522868998,5.39700640610324
-1.52597852801428,2.87006487477187,1,0.412026238356774,-1.0750829619955,3.51713513965884
-0.0514311865274963,5.03516414713587,5,3.96626619375886,0.75830166577663,6.23445708475287
-0.13511828512505,4.92455325478015,4,3.74574287283799,-0.877212846631726,3.82461490646381
0.137938315043845,5.28349532742526,6,4.46967006142251,0.145722676676382,5.29411974129956
0.0889227522794882,5.21880353827856,6,4.33848917873662,-1.29095782717689,3.21619556298694
-1.20746395672795,3.25479944769167,3,1.04362594111678,-0.976945108464362,3.66685650770886
-1.33369900001458,3.0902197874484,2,0.779881509481827,-0.736798889776524,4.05059704097758
-0.0200010272518775,5.07631785171613,5,4.04929055785196,-0.623885781722227,4.23028787365737
-1.1770416770438,3.29709521361657,3,1.10986656562973,-2.58833556768604,2.0497637744359
0.787453997584079,6.28510785269102,6,6.34529315710116,0.404706254134975,5.65702891430175
-0.151169215169049,4.90307679498142,4,3.70350494400813,-0.0716028050921222,5.0110387968225
-0.206991412732041,4.82747517162313,4,3.55667463085293,-0.510653183884114,4.40464898247745
1.98151931641317,8.3248154192224,10,10,2.76145472535051,8.89924205630779
-1.1694076195839,3.30787177214122,3,1.12665030520987,-1.80236247513542,2.66345542774568
-1.31360246555355,3.11527308789102,2,0.820667944745062,-1.55816932379968,2.90304311073001
-0.0203602915329468,5.07584807993587,5,4.04834070133431,-0.339024498763813,4.65380272070512
-0.980882488704069,3.59380181118218,4,1.56074620084787,-1.63824918196388,2.82036550280803
-0.00439255312706619,5.09671833027127,5,4.09057863016417,-0.140285642939445,4.92164576645573
0.770056385477994,6.2542476006948,6,6.29060587717729,0.851081784072467,6.39878628588297
1.52165093840348,7.62677289033437,7,8.7441018505061,1.51886452248024,7.58169651144416
-0.197142102438579,4.84092798451436,4,3.58257703957131,-0.804593357381861,3.94138150711276
-1.1766088509679,3.29770446144511,3,1.11081642214737,-0.301880487162231,4.70531703881984
-1.02511877768484,3.52350087501179,4,1.45565217947355,-0.389380978721519,4.58264903129047
0.132037896693377,5.27567237977276,6,4.45383617836001,0.621535004060896,6.00012224333081
1.80047719236584,8.0821299924318,9,9.54912036478185,2.70320757001509,8.86644979337776
0.0889227522794882,5.21880353827856,6,4.33848917873662,0.268683884785686,5.4610450811011
1.79697352331979,8.07697295211587,9,9.53981724305043,1.63007451664625,7.76394764481757
0.255956429610622,5.44298814708581,7,4.78936881395477,1.22473426667112,7.07061280466748
0.107305309730826,5.24299261422231,6,4.38759555384706,-0.21413970441564,4.82412591182245
-1.1694076195839,3.30787177214122,3,1.12665030520987,-1.23844703480408,3.28539900970834
0.137938315043845,5.28349532742526,6,4.46967006142251,0.79177409035453,6.29336253933678
-1.14766395989726,3.33892349946926,3,1.17480682380267,-1.24551546408594,3.27592986900347
1.815200041561,8.10361542751119,9,9.58797376164322,1.99547420052329,8.27760424065517
-1.18801075829772,3.28172526675047,3,1.08586386994664,-1.0528270653311,3.55048505250521
-1.31360246555355,3.11527308789102,2,0.820667944745062,-1.02077378984012,3.59916704044757
1.83137473877623,8.12687123270819,9,9.63021169047308,2.47907724062239,8.72389876874927
0.16220611320779,5.31579453908387,6,4.53492750405124,-0.390276458313666,4.58136942460241
1.42483416639644,7.45366543099402,6,8.43830394263448,1.47315371442201,7.50450975177392
0.106950110251461,5.24252447556636,6,4.38664569732942,0.142544941937985,5.2899026801349
-0.0224713164820158,5.07308748519055,5,4.04275979652088,0.177284150176721,5.33623381362711
-0.463116477065757,4.45421151036577,2,2.88283699926307,-1.76630986412897,2.69664660202137
-1.15075092188692,3.334482915908,3,1.16793837752209,-0.496468152730901,4.42595841217258
-0.332074738063604,4.65134956072353,3,3.22767275658925,-1.32965506916901,3.16688136037201
1.83137473877623,8.12687123270819,9,9.63021169047308,2.79520209477079,8.91757786921883
0.255956429610622,5.44298814708581,7,4.78936881395477,0.556060787860508,5.89249396218157
1.0163918409692,6.70148251935395,8,7.08632126972162,1.82271897552305,8.05379055626295
-0.322591181800616,4.66508624117367,3,3.25262530878999,0.785060381462386,6.28150888145926
-0.0661570687581105,5.01582996740873,5,3.92741279689749,-0.20671724609116,4.83401522009776
0.00503255339673703,5.10903113486077,5,4.11553118236491,1.3356600238222,7.26672172771153
0.122730237947102,5.26335374069205,6,4.42888362615928,-0.138244356849254,4.92431694719917
0.918674261908688,6.52201258650257,7,6.76563933530514,1.35149359502952,7.29445033847269
0.303670465021623,5.50960487477678,7,4.92054969664066,0.68593016499344,6.10902060310849
-0.0168419146062528,5.08044822255474,5,4.05764382306574,0.615239933848959,5.98963252615216
-0.980882488704069,3.59380181118218,4,1.56074620084787,-0.990297310686578,3.64610802286675
-0.206630226696001,4.82796943315089,4,3.55762448737058,0.905077744877996,6.49561304147228
-0.963316287122454,3.6221879197677,4,1.60298412967773,-1.8391141595088,2.63027769522317
0.00781518326263417,5.11266588106066,5,4.12290126569447,-0.657383578763186,4.17744833393916
-1.76898101472229,2.63159110799562,0,0,-1.83706617169937,2.63210979998504
1.5771760952302,7.72350891062384,7,8.91413613005336,2.17469097790969,8.47120258363511
0.121821476729402,5.26215236279657,6,4.42644895070843,0.345062954666754,5.56939460204036
-0.0263502915342612,5.06801383960571,5,4.03250681827181,0.550005602818197,5.88271020336286
-0.0410573980296922,5.04876175295445,5,3.99365342141044,-0.0715983523112133,5.01104456752604
-0.197503275358137,4.8404355909476,4,3.58162718305367,-0.16411610366293,4.89037595968273
-0.813765496769799,3.87182958351253,5,1.97277243920465,-0.177466224520964,4.87278236552114
0.02356207573836,5.13323476243203,5,4.16463755747535,0.669582641185088,6.08111184533825
0.893379519610786,6.47588420740187,7,6.68359815309627,1.35934211259375,7.30816647762701
0.259355099784937,5.44768627795245,7,4.79867193568619,-0.27318631982313,4.74458956533085
0.787453997584079,6.28510785269102,6,6.34529315710116,1.16304743581817,6.96042535617116
0.137938315043845,5.28349532742526,6,4.46967006142251,-0.432748047750723,4.52008875692794
-0.0203602915329468,5.07584807993587,5,4.04834070133431,-0.412055875486029,4.55008985340705
1.39650324576321,7.40224428928065,6,8.34692631332761,1.91612905700797,8.17938587881957
-0.0203602915329468,5.07584807993587,5,4.04834070133431,-0.501298258637541,4.41871666285937
0.27352517311656,5.46734946699665,7,4.83752533254756,0.331267929880655,5.54951645304858
-1.14042337218784,3.34938064641192,3,1.19095789132096,-1.58066372575946,2.87936308510007
-0.926689639120698,3.68213930071266,4,1.69192708353376,-0.45507559437283,4.48740479716679
0.303670465021623,5.50960487477678,7,4.92054969664066,0.358610983486148,5.58905675569285
0.00503255339673703,5.10903113486077,5,4.11553118236491,-0.5843365650794,4.29199425603565
-0.0514311865274963,5.03516414713587,5,3.96626619375886,0.4760254331301,5.76560742698383
0.0391203456378836,5.15356437375367,5,4.20592562978756,1.03784627533121,6.73513710735196
-0.788509554231711,3.91485745897383,5,2.03676284085995,0.54636928494627,5.87684900374474
-0.836369398801994,3.83343929280116,5,1.91583493642312,-1.53919009468305,2.92331397132672
0.103470412844902,5.23794000281057,6,4.37734257559799,0.969115192173526,6.61103641848965
0.893379519610786,6.47588420740187,7,6.68359815309627,1.32151967951038,7.24189612412777
0.421169872196327,5.68057591192404,8,5.24955157090434,0.803091834770466,6.31338567785496
1.68114140946165,7.89748167525086,8,9.22011849051817,1.00595740823222,6.67756072849452
0.782425225318823,6.27617166770543,6,6.32945927403866,0.1827793128616,5.34361195775974
-0.0168419146062528,5.08044822255474,5,4.05764382306574,0.320463964011498,5.53404660426693
-0.0224713164820158,5.07308748519055,5,4.04275979652088,-0.289679031220886,4.72207018925318
0.134472110083513,5.27889839510862,6,4.46036693969109,0.124829757320622,5.26646393720047
0.297935785525741,5.50152033652638,7,4.90471581357816,0.88077220810965,6.45195078325395
-0.00439255312706619,5.09671833027127,5,4.09057863016417,0.83954379735208,6.37818764358164
-0.0505087562205014,5.03637393207629,5,3.96870086920971,-0.108314666983793,4.96336818221422
-1.1177078167645,3.38256360444425,3,1.24199730483326,-1.4648627077207,3.00541043420777
-0.97428375197472,3.60443540944525,4,1.57658008391038,-0.496002466198645,4.42665583079448
-1.16983887839725,3.30726124773633,3,1.12570044869223,-1.94859915495107,2.53496980568865
0.273871099457854,5.46783104126314,7,4.83847518906521,0.30437510955435,5.51116558369651
1.15459237626046,6.9569414174911,9,7.54650402667119,1.65705598966227,7.80673277130238
-0.0350623744012784,5.05661266805648,5,4.00948730447294,-0.709559231359779,4.09430529221773
-0.35378257761493,4.61964602158373,3,3.17055080121454,0.908276590980185,6.50136711983911
0.775102084127433,6.2631815401545,6,6.30643976023979,1.23938508851784,7.09667712537843
-0.0665171975301853,5.01535660955054,5,3.92646294037985,-0.804789442416344,3.94106538390044
-0.0479067208086847,5.03978579252313,5,3.97556931549029,-0.113076502411224,4.95716820345006
0.916115266809695,6.51733821687543,7,6.75731939545794,0.850312957198766,6.39741254609118
0.916115266809695,6.51733821687543,7,6.75731939545794,0.722214180311111,6.17154813568436
-0.0661570687581105,5.01582996740873,5,3.92741279689749,0.174629957689347,5.33267520601707
-0.619876543795726,4.20082591886619,1,2.47176061742394,-0.124206838713414,4.94265791601038
-0.176349211560998,4.86916229570909,4,3.63726431949518,-0.187675524952715,4.85928729158887
0.421169872196327,5.68057591192404,8,5.24955157090434,0.230343372107875,5.40811507186129
1.51361547821042,7.61259747125567,7,8.71914929830537,1.24008003240393,7.09791235504635
-1.76898101472229,2.63159110799562,0,0,-1.69115562087332,2.76807833390523
0.107305309730826,5.24299261422231,6,4.38759555384706,0.0739824038007563,5.19975735565047
-1.11812830806939,3.38194419785297,3,1.24104744831562,-0.246028309593824,4.7813724959676
-0.0203602915329468,5.07584807993587,5,4.04834070133431,-0.654558280273535,4.18192319256672
1.15459237626046,6.9569414174911,9,7.54650402667119,1.3462266919113,7.28523507854939
-0.807502105074427,3.8824896712154,5,1.98860632226715,-0.446920177507876,4.49938059743129
1.98151931641317,8.3248154192224,10,10,2.59017173989983,8.79814282644075
-0.035434569727321,5.05612538935562,5,4.00850412258872,0.426532203392484,5.68981035340225
-1.13334970272361,3.35965287840607,3,1.20679177438346,-0.982646925575868,3.6579833161114
-0.151169215169049,4.90307679498142,4,3.70350494400813,-0.568192653801597,4.31694641578805
-0.77191753778747,3.94316956750885,5,2.0790007696898,-0.331347755474179,4.66451477148805
-0.820930785403543,3.8596453614654,5,1.95468833328449,-1.35318863890927,3.13758220547741
-0.00686037097777124,5.09349384629728,5,4.0840478688331,0.0672031408368128,5.19091607029213
-0.494329293131512,4.40519924716697,2,2.80076249168762,-0.442657368184585,4.50562309912894
-1.11812830806939,3.38194419785297,3,1.24104744831562,-1.58002116973884,2.88003441732483
0.255956429610622,5.44298814708581,7,4.78936881395477,-0.145543345391357,4.91476056659685
-0.332074738063604,4.65134956072353,3,3.22767275658925,-0.707031608553475,4.09835231582312
-0.0350623744012784,5.05661266805648,5,4.00948730447294,0.122275499248881,5.26309383130489
-0.447986197175681,4.47768735976066,2,2.92264025264208,-0.653975876160933,4.18284524069501
-0.0514311865274963,5.03516414713587,5,3.96626619375886,-0.965583651476151,3.68459256128191
0.421169872196327,5.68057591192404,8,5.24955157090434,0.601531130451553,5.96689081170666
-0.0172137109042542,5.07996216074395,5,4.05666064118152,-0.925298548125318,3.74801844666498
0.103470412844902,5.23794000281057,6,4.37734257559799,0.958281814318971,6.59148404519436
-0.0665171975301853,5.01535660955054,5,3.92646294037985,-0.511315395593226,4.40365108348547
1.15459237626046,6.9569414174911,9,7.54650402667119,1.85524122902129,8.09871890385886
-0.991315470498682,3.57706459936748,4,1.53579364864714,-1.92946712268184,2.5512712087556
-0.322591181800616,4.66508624117367,3,3.25262530878999,-0.309148149056577,4.695299417969
-0.810084321078892,3.87809382402729,5,1.98207556093607,-0.254134520986943,4.77043093724833
-0.163135956163699,4.88699475122967,4,3.67202163047632,-0.325263753250595,4.67297978021099
0.0889227522794882,5.21880353827856,6,4.33848917873662,0.275781661530834,5.47094461519779
-1.52597852801428,2.87006487477187,1,0.412026238356774,-2.08911735159892,2.41921544233224
-0.0168419146062528,5.08044822255474,5,4.05764382306574,-0.190546374817811,4.85548580877894
1.53754523711244,7.65468883988716,7,8.79320822561654,1.7447262458662,7.94107502101703
-0.316946679265914,4.67322993684959,3,3.26747600996827,-0.718630556990743,4.07976786508473
-0.00439255312706619,5.09671833027127,5,4.09057863016417,-0.0456394527629158,5.04465646620398
-0.952916254645007,3.63910986025825,4,1.62812113447166,-1.48284793851433,2.98513579789031
-0.0665171975301853,5.01535660955054,5,3.92646294037985,-0.00151563989421424,5.10173421834107
-0.181443487695384,4.86226493088362,4,3.62386511188353,0.239391357501599,5.42052601024294
-1.2889799412848,3.14654857024731,2,0.871259138788701,-1.32798365397018,3.16898203108417
1.01920384157791,6.70666829920909,8,7.09562439145304,0.645983309675359,6.04113252799483
-0.0665171975301853,5.01535660955054,5,3.92646294037985,-1.04362428153384,3.56438572180737
0.916115266809695,6.51733821687543,7,6.75731939545794,1.40679220867587,7.39064832540095
-1.11856364069754,3.38130313284036,3,1.2400642664314,-0.93186238645758,3.73763174512067
0.10382575819037,5.23840803351423,6,4.37829243211564,0.392868956653716,5.63941208859578
0.893673172968014,6.47641870446527,7,6.68454800961391,1.44273480966575,7.45255795948391
1.815200041561,8.10361542751119,9,9.58797376164322,1.12327521771617,6.88905459924955
0.785682305143735,6.28195807720649,6,6.33971225228773,0.287416016717295,5.48724322902023
-0.794370827422649,3.90486261804318,5,2.02187881431509,-1.21003026932889,3.32394796323139
0.14650810611852,5.29487765929371,6,4.49268957522138,0.176538678908295,5.33523399259526
-0.288230322090324,4.71429824570997,3,3.34301975621264,-0.241123722077332,4.7879776317852
0.128569003093101,5.27107828645458,6,4.44453305662859,0.519455548785136,5.8338036855378
0.121821476729402,5.26215236279657,6,4.42644895070843,0.28931049255205,5.48990578943895
0.748871327973234,6.21688905951997,6,6.22436525266434,-0.0944394208979082,4.98140986591473
-1.52650300072276,2.86950792362241,1,0.411076381839131,-1.90045285360115,2.5762678704948
-1.02552222986186,3.52286797159965,4,1.45470232295591,-1.26499271752371,3.25008478555911
-1.57241303116345,2.82155414070416,1,0.329001874263681,-1.55762604054291,2.90361961863477
-0.463116477065757,4.45421151036577,2,2.88283699926307,-1.07478799723419,3.5175745994167
1.84716677221628,8.14922058475243,9,9.67099812573632,2.06866705433795,8.36128770994314
-1.32909539617381,3.09592179046132,2,0.789184631213251,-1.61957418234186,2.83925084019017
0.0889227522794882,5.21880353827856,6,4.33848917873662,-0.0763620893000305,5.00486958580598
-0.990505730915172,3.57836027967811,4,1.537726687049,-1.73894695006148,2.72229008711343
0.570092723804637,5.91357840823971,4,5.68116872991806,0.806898285216134,6.32013097899215
-1.34561463624568,3.07556228144223,2,0.755912139165313,-0.355739712557233,4.63035680175471
0.122730237947102,5.26335374069205,6,4.42888362615928,0.127303763752738,5.26973034612558
-1.11812830806939,3.38194419785297,3,1.24104744831562,-1.26616804348332,3.24853682518599
0.538939240410128,5.86327069752143,4,5.58938101793585,0.187570695927626,5.35005695217833
-0.00778048093471968,5.09229154033563,5,4.08161319338225,-0.623365320369132,4.23110492484814
-0.488305853663683,4.41471803717794,2,2.81659637475012,-0.246650390438461,4.78053392505603
-0.165937585405844,4.88322046966511,4,3.66465154714676,-0.311889438938043,4.69151321650639
-0.34776556154122,4.62847038809439,3,3.18638468427704,-0.700314137018645,4.10909948132973
-1.13955849715904,3.35063362557474,3,1.19289092972282,-0.71657028864045,4.08307132888285
-1.14042337218784,3.34938064641192,3,1.19095789132096,-1.51088447202237,2.95405815374184
-1.14042337218784,3.34938064641192,3,1.19095789132096,-1.85339843779058,2.61755239637806
0.705783042475378,6.14172454225144,5,6.09085184719764,0.546372055824697,5.87685346590601
-0.287869218277457,4.71481090156254,3,3.34396961273028,0.355650702661477,5.58474853489474
-0.131583643168611,4.92926904159208,4,3.75504599456941,-0.294702864605498,4.71518200946332
0.785380683106056,6.28142200060849,6,6.33876239577009,0.440998325703222,5.71175382394402
-0.997146048323407,3.56775191362708,4,1.5218928039865,-1.19550982429594,3.34394126667759
0.918976573108969,6.52256490908545,7,6.76662251718936,0.646780363829782,6.04247662882213
0.122730237947102,5.26335374069205,6,4.42888362615928,0.306048212422397,5.51353645533403
0.790706669987855,6.29089464882958,6,6.35554613535023,0.605994672935861,5.97427998155824
-0.0224713164820158,5.07308748519055,5,4.04275979652088,-0.306252809177937,4.69929382148649
-0.628685051828805,4.18611590437135,6,2.44878907921672,-0.628956450024903,4.22232106211137
1.03093656088121,6.72831409710644,8,7.13447778831442,0.751481216391171,6.22251694742341
-0.94263103065763,3.65592567640603,4,1.65307368667239,-0.665789548088255,4.16411618318307
-0.0164827287313314,5.08091778811134,5,4.05859367958338,0.429524013792215,5.69433439044917
-0.197503275358137,4.8404355909476,4,3.58162718305367,-0.272999448672834,4.74484391429887
0.122730237947102,5.26335374069205,6,4.42888362615928,-0.27130878440355,4.7471442572538
-1.14766395989726,3.33892349946926,3,1.17480682380267,-1.24365963734979,3.27841138144111
0.259355099784937,5.44768627795245,7,4.79867193568619,0.589919133358056,5.94773865660174
0.790093646789027,6.28980362358864,6,6.35361309694837,1.60323248348793,7.72078369979686
0.106950110251461,5.24252447556636,6,4.38664569732942,0.574359784826358,5.92223918773351
0.27352517311656,5.46734946699665,7,4.83752533254756,0.598781965910788,5.96234720610555
1.03093656088121,6.72831409710644,8,7.13447778831442,0.69601660414829,6.12632394967941
0.106950110251461,5.24252447556636,6,4.38664569732942,-0.749583201253727,4.03003470154627
0.13721822512353,5.28254001614433,6,4.46773702302065,-0.754270506040826,4.02248963613989
0.785682305143735,6.28195807720649,6,6.33971225228773,1.77637107468354,7.98762881207177
0.890502394255938,6.47064871285722,7,6.67429503136485,1.00192894308284,6.67028585825138
1.52676404872668,7.63577154252787,7,8.7599357335686,1.26125112835543,7.13549322315087
-0.807502105074427,3.8824896712154,5,1.98860632226715,-1.27535910906789,3.23647737538392
0.297935785525741,5.50152033652638,7,4.90471581357816,0.0984356606741069,5.23174312486675
-1.14766395989726,3.33892349946926,3,1.17480682380267,-0.394880386728244,4.57478253988897
-0.191121535048228,4.8491258491682,4,3.59841092263381,-0.764003816448386,4.00681381717503
-1.13955849715904,3.35063362557474,3,1.19289092972282,-0.890217990307631,3.80382104063102
-0.151169215169049,4.90307679498142,4,3.70350494400813,-1.45078065756282,3.02147429379278
1.98151931641317,8.3248154192224,10,10,1.3648241616642,7.31773528863379
1.80047719236584,8.0821299924318,9,9.54912036478185,2.4822056777339,8.72609922819608
-0.0263502915342612,5.06801383960571,5,4.03250681827181,-0.251178995968937,4.77442383932801
-1.35305374857111,3.06648470647396,2,0.741028112620455,-1.60088414744554,2.85838678406075
0.663555226538516,6.06924442933548,5,5.96160400291361,-0.423431736506136,4.5336305753977
1.15459237626046,6.9569414174911,9,7.54650402667119,1.70250477438941,7.87731713177056
0.77448646622753,6.26209080206287,6,6.30450672183793,1.26515650149128,7.14241482684299
0.255956429610622,5.44298814708581,7,4.78936881395477,1.33368877971702,7.26326434498211
0.27352517311656,5.46734946699665,7,4.83752533254756,0.352918310995489,5.58077794266495
0.903550440632218,6.49441134420561,7,6.7165329601947,0.466767984918374,5.75127460719268
-0.163135956163699,4.88699475122967,4,3.67202163047632,-0.381090544704657,4.59447165516256
0.27352517311656,5.46734946699665,7,4.83752533254756,-0.0064625265314002,5.09533346111043
-1.12182983787753,3.37649999025867,3,1.23269418310184,-0.260790022977983,4.76142395866467
-0.165937585405844,4.88322046966511,4,3.66465154714676,0.650231788802591,6.04830195295442
0.303670465021623,5.50960487477678,7,4.92054969664066,1.03413849981732,6.72844428862757
0.303670465021623,5.50960487477678,7,4.92054969664066,0.178084031518323,5.33730689788027
0.421169872196327,5.68057591192404,8,5.24955157090434,1.25546185381516,7.12522641067608
0.255956429610622,5.44298814708581,7,4.78936881395477,-0.22010351501449,4.81616367273463
-0.166672417273187,4.88222993056887,4,3.6627185087449,0.39433303159023,5.64158486900523
0.177330761815167,5.33603671017673,6,4.57571393931448,0.543420261903626,5.87210349643205
-0.807502105074427,3.8824896712154,5,1.98860632226715,-0.928451121366551,3.74302742445862
-0.132508652277125,4.92803538608757,4,3.75261131911857,-0.203360237573737,4.83848070073813
-0.0410573980296922,5.04876175295445,5,3.99365342141044,0.00706902698785013,5.11284523872051
-0.165937585405844,4.88322046966511,4,3.66465154714676,-0.573977577939448,4.30802175597118
1.52914782216407,7.63996095030871,7,8.76730581689816,1.05344842127453,6.76329243365347
0.539769209618136,5.86460031244767,4,5.59181569338669,0.694823179354584,6.12427337805983
1.815200041561,8.10361542751119,9,9.58797376164322,1.23483788774337,7.08859220648307
0.939000788181985,6.5591973961215,7,6.83187995981809,1.05679625703609,6.76933197108322
-0.172812376625474,4.87394359526271,4,3.64656744122661,-0.452351819190429,4.49140932606529
-1.15788528622989,3.32426081310653,3,1.15210449445959,-0.692215464191667,4.12203940436312
-0.855972956824854,3.80027543370518,5,1.86672856131268,-0.372187209070159,4.60712016684652
-0.0665171975301853,5.01535660955054,5,3.92646294037985,-0.272703480442845,4.74524671808844
1.06637722807693,6.7937702761141,8,7.252167909015,0.477800671612404,5.7683641283402
0.02356207573836,5.13323476243203,5,4.16463755747535,-0.30323865601389,4.70344718642814
0.916115266809695,6.51733821687543,7,6.75731939545794,1.02114514948426,6.70498610041135
-0.0203602915329468,5.07584807993587,5,4.04834070133431,-0.598489566902249,4.27000347958362
0.714635301774153,6.15707174656016,5,6.11814752047557,0.694794507953174,6.12422412476947
0.303670465021623,5.50960487477678,7,4.92054969664066,-0.0805055604739982,4.99949640252476
1.05118671110184,6.76570308333262,8,7.20166826934501,1.66619550676924,7.82108084471141
-0.206991412732041,4.82747517162313,4,3.55667463085293,-0.374916211548896,4.60324848548667
-1.1766088509679,3.29770446144511,3,1.11081642214737,-1.9874346258088,2.50230173022388
-0.307462130396574,4.68686053875548,3,3.292428562169,-1.00294208044071,3.62655914104027
-1.4995891151169,2.89836681300814,1,0.46018275694957,-0.885292895161289,3.81168981273439
-0.0168419146062528,5.08044822255474,5,4.05764382306574,0.39535270916585,5.64309915388331
-0.997146048323407,3.56775191362708,4,1.5218928039865,-0.683462442216132,4.13600235868909
-0.222691584251679,4.80591963377193,4,3.51538655854072,-0.195183992061049,4.8493384402517
-0.322591181800616,4.66508624117367,3,3.25262530878999,0.29801442796765,5.50217002708616
0.297935785525741,5.50152033652638,7,4.90471581357816,0.0186898744555588,5.1278950683667
-0.977003426175226,3.60004837479053,4,1.5700493225793,-1.26499271752371,3.25008478555911
0.0889227522794882,5.21880353827856,6,4.33848917873662,-0.372762335759339,4.60630461141354
-1.13334970272361,3.35965287840607,3,1.20679177438346,-2.97322877958927,1.79696435579527
0.137938315043845,5.28349532742526,6,4.46967006142251,-1.29549108680389,3.2103449175208
-0.0319130695522268,5.06073505691853,5,4.01780724432015,-0.397789912385618,4.57061289191176
0.951476368881251,6.58206479667795,7,6.87266639508133,0.803085637310501,6.31337469993156
-0.0410573980296922,5.04876175295445,5,3.99365342141044,-0.821670593687192,3.9138581661639
-0.823655564287722,3.85501536024308,5,1.94781988700391,-1.04454387341078,3.56299386131261
-0.813765496769799,3.87182958351253,5,1.97277243920465,-1.42116017162294,3.05581862586295
-0.197142102438579,4.84092798451436,4,3.58257703957131,-0.161746620692663,4.8934926391786
-0.0350623744012784,5.05661266805648,5,4.00948730447294,-0.84327299532319,3.87908283918775
1.0559521301971,6.77450639162037,8,7.21750215240751,1.99124400676629,8.27256591316038
0.890502394255938,6.47064871285722,7,6.67429503136485,-0.21729092085073,4.81992059119797
-0.0357941565844918,5.05565460095592,5,4.00755426607108,0.0407577307959506,5.15651587400114
-1.02511877768484,3.52350087501179,4,1.45565217947355,-2.13167178945085,2.3853963634167
-1.57241303116345,2.82155414070416,1,0.329001874263681,-2.0715037260775,2.4333706735798
-1.32128696780007,3.10564351401559,2,0.805018514275752,-1.1691091407826,3.38079823886086
-0.840453863849951,3.82651830355837,5,1.90558195817406,-0.88994512028089,3.8042568040216
0.152396953587283,5.30271379670452,6,4.50852345828388,0.400671079214534,5.65101085410565
1.03093656088121,6.72831409710644,8,7.13447778831442,0.873597832112778,6.43908516328493
0.627872268404973,6.00900406029179,5,5.85362708661978,1.16754318726251,6.96847804777785
-1.52650300072276,2.86950792362241,1,0.411076381839131,-0.99904072732016,3.63257992376019
-0.191121535048228,4.8491258491682,4,3.59841092263381,0.105823250462455,5.24143905789818
-0.0228306347250525,5.07261756296142,5,4.04180994000324,-0.100848806395899,4.97308011905431
-0.675561942500133,4.10723127731343,6,2.32691131826225,-0.39542711293774,4.57399943724378
0.13721822512353,5.28254001614433,6,4.46773702302065,0.067196794142034,5.19090779795881
-0.147633527920481,4.90781661738834,4,3.71280806573956,-0.0508520120212508,5.03791116568844
-0.0350623744012784,5.05661266805648,5,4.00948730447294,0.580654704614733,5.9325328896589
-1.37433441448531,3.04082330961355,2,0.698790183790597,-0.60935707585278,4.25304736127069
-0.0263502915342612,5.06801383960571,5,4.03250681827181,-0.730785086584198,4.0602600594551
0.421169872196327,5.68057591192404,8,5.24955157090434,0.695006508551521,6.12458832269326
-0.494329293131512,4.40519924716697,2,2.80076249168762,-0.884889016345765,3.81233541575147
0.890502394255938,6.47064871285722,7,6.67429503136485,0.88519202280891,6.45988213911628
-0.0410573980296922,5.04876175295445,5,3.99365342141044,0.602521752120049,5.96852943778579
0.860713057895276,6.41659435448592,6,6.57833027742514,1.1550958613379,6.94617489854906
0.106950110251461,5.24252447556636,6,4.38664569732942,0.587019946883975,5.94297304920409
0.893379519610786,6.47588420740187,7,6.68359815309627,0.745782400523678,6.2125578334386
-1.54945100705645,2.84534365094567,1,0.369788309526916,-1.72511827380974,2.73540522258116
0.893673172968014,6.47641870446527,7,6.68454800961391,0.932089947561491,6.54424821178714
0.914105619301249,6.51366846852375,7,6.75078863412686,1.1829255338369,6.9960055928999
-0.997146048323407,3.56775191362708,4,1.5218928039865,-1.22177353654636,3.30792442070311
-0.163135956163699,4.88699475122967,4,3.67202163047632,0.145303556694664,5.29356331283663
-0.0259908979513276,5.0684839842575,5,4.03345667478946,-0.140826851229792,4.92093737052894
0.808718530236127,6.32303209915856,6,6.41248363813176,0.960690790957344,6.59583124040853
-1.56346389222211,2.83078050745233,1,0.344835757326182,-1.43524798777038,3.03938923382434
0.128569003093101,5.27107828645458,6,4.44453305662859,0.147553197247311,5.296550784253
0.103470412844902,5.23794000281057,6,4.37734257559799,1.085507402531,6.82109188421414
1.0559521301971,6.77450639162037,8,7.21750215240751,1.35193095277615,7.29521517788282
-1.1694076195839,3.30787177214122,3,1.12665030520987,-1.24838379958983,3.27210096537709
-0.0410573980296922,5.04876175295445,5,3.99365342141044,-0.432510741380118,4.52043439516556
-0.3380923129826,4.64259767237276,3,3.21183887352675,0.258357520300887,5.44670027923827
-0.963316287122454,3.6221879197677,4,1.60298412967773,-0.555944223606775,4.3357800410375
0.121821476729402,5.26215236279657,6,4.42644895070843,0.792509648069465,6.29466234532719
-0.150808209345277,4.90356098759978,4,3.70445480052578,0.427275693388316,5.69093392477074
-0.157117278095925,4.89509104570358,4,3.68785551353882,-0.688906310513948,4.12732105384942
-0.990505730915172,3.57836027967811,4,1.537726687049,-1.21596504058215,3.31583368882579
0.878466226936512,6.44877380979488,7,6.63544163450347,-0.47806838018303,4.4534087811721
-1.1770416770438,3.29709521361657,3,1.10986656562973,-0.730200347128296,4.06119925726588
0.421169872196327,5.68057591192404,8,5.24955157090434,-0.00125342400537153,5.10207353337845
-1.15898453196145,3.3226908687335,3,1.14966981900874,-1.31502822369047,3.18535417449288
-1.31360246555355,3.11527308789102,2,0.820667944745062,-0.768164604481684,4.00010987323264
-0.0665171975301853,5.01535660955054,5,3.92646294037985,0.778199473652566,6.26941473219905
0.644146800614061,6.03635976554624,5,5.90273346173022,0.746694344577791,6.21415043916921
-0.970414371946517,3.61068748398166,4,1.5858832056418,-1.70342688172444,2.75619551310882
-1.52597852801428,2.87006487477187,1,0.412026238356774,-1.3727936384072,3.11356753765587
1.15459237626046,6.9569414174911,9,7.54650402667119,1.75982106952894,7.96341735046144
1.80047719236584,8.0821299924318,9,9.54912036478185,2.36120403863496,8.63569651245971
-0.0665171975301853,5.01535660955054,5,3.92646294037985,0.68002574965806,6.09892084686041
1.98151931641317,8.3248154192224,10,10,1.81220836548425,8.03900330724555
0.106950110251461,5.24252447556636,6,4.38664569732942,0.546832968964323,5.87759579690317
-0.0661570687581105,5.01582996740873,5,3.92741279689749,0.83657719085065,6.37289764219101
0.823886527606158,6.35021108642716,6,6.46064015672455,0.750130725429771,6.22015540833037
-1.15898453196145,3.3226908687335,3,1.14966981900874,-2.11666159222931,2.39726539512589
-0.0350623744012784,5.05661266805648,5,4.00948730447294,-0.584511072382131,4.29172375658792
0.297935785525741,5.50152033652638,7,4.90471581357816,1.02993795971308,6.72086129061085
1.98151931641317,8.3248154192224,10,10,2.6111558875597,8.81133206848891
-0.0263502915342612,5.06801383960571,5,4.03250681827181,-0.543704264329837,4.35451371727401
-1.37433441448531,3.04082330961355,2,0.698790183790597,-1.22143455229335,3.30838512530872
-0.332074738063604,4.65134956072353,3,3.22767275658925,-0.58368788376114,4.29299961685113
-1.38702651832564,3.02573089939699,2,0.673837631589862,-1.26653295991192,3.24805648200109
-0.0224713164820158,5.07308748519055,5,4.04275979652088,-0.916272086969399,3.7623319186949
-0.3380923129826,4.64259767237276,3,3.21183887352675,-1.20508987880038,3.33072810207144
1.03093656088121,6.72831409710644,8,7.13447778831442,0.896582436909995,6.48033987433837
-1.29348289031707,3.1407806262569,2,0.861956017057277,-0.839430628113839,3.88526357168532
-0.0665171975301853,5.01535660955054,5,3.92646294037985,0.3530321134161,5.58094320126765
-0.0164827287313314,5.08091778811134,5,4.05859367958338,0.601312091007508,5.96652859023153
-0.288230322090324,4.71429824570997,3,3.34301975621264,0.0437793679163313,5.16044009337402
0.255956429610622,5.44298814708581,7,4.78936881395477,0.203540457871595,5.37162055459167
-0.116463896956101,4.94938971654086,4,3.79484924794843,-0.367544994010001,4.61369550291503
0.890502394255938,6.47064871285722,7,6.67429503136485,0.927890826156912,6.5366815251486
1.54238458287635,7.6631544158798,7,8.8080922521614,1.88642555675722,8.1406019167874
-1.00867298100357,3.54943001606508,4,1.49450557633492,-1.47599407590025,2.99283045647306
-0.794745141963356,3.90422448034805,5,2.02092895779744,-1.10205112196015,3.4772547743615
-0.222691584251679,4.80591963377193,4,3.51538655854072,-0.111178288576549,4.95964024556729
-1.13955849715904,3.35063362557474,3,1.19289092972282,-0.715098459929695,4.08543066722951
-0.147633527920481,4.90781661738834,4,3.71280806573956,-0.587165631602968,4.28760697149908
1.80047719236584,8.0821299924318,9,9.54912036478185,1.99542363091353,8.27754414159995
-1.33321192148464,3.09082204573215,2,0.780864691366048,-1.87350010295669,2.59979897461761
0.782727088311378,6.27670771969521,6,6.33040913055631,0.270210197855502,5.46317112811619
-0.000877842681418453,5.10131023680532,5,4.0998817518956,-0.440377293123382,4.50895721400111
1.80047719236584,8.0821299924318,9,9.54912036478185,1.39185458328233,7.36476864084288
-1.00764609773755,3.55105735741056,4,1.49694025178577,-0.306258890061963,4.69928543721123
-0.165937585405844,4.88322046966511,4,3.66465154714676,0.23318856027782,5.41201262298752
-0.836747605902221,3.83279820475322,5,1.91488507990548,-1.20618804290117,3.32921899991036
0.777750569552218,6.26787633387031,6,6.314759700087,0.843159906155477,6.38463935106872
-1.57241303116345,2.82155414070416,1,0.329001874263681,-0.924699627502866,3.74896711564435
0.121821476729402,5.26215236279657,6,4.42644895070843,-0.749818014168061,4.02965679711091
-0.0665171975301853,5.01535660955054,5,3.92646294037985,-0.0765737497488344,5.00459515975144
0.893379519610786,6.47588420740187,7,6.68359815309627,0.779272729539947,6.27130530459411
-0.0168419146062528,5.08044822255474,5,4.05764382306574,0.628710876404187,6.0121149538863
-0.303925820661419,4.69192576678693,3,3.30173168390043,0.549958615190391,5.88263439808167
-1.32587068298077,3.09992897043045,2,0.795715392544327,-2.08624374819985,2.42151838910871
0.297935785525741,5.50152033652638,7,4.90471581357816,0.469953395864682,5.75619832094597
-0.197503275358137,4.8404355909476,4,3.58162718305367,-0.415092460658429,4.54570452052555
-0.191121535048228,4.8491258491682,4,3.59841092263381,-0.094579672933695,4.981227665339
0.106950110251461,5.24252447556636,6,4.38664569732942,0.633664630991052,6.02041560267512
-0.970414371946517,3.61068748398166,4,1.5858832056418,-0.630922897761688,4.21922829265398
-0.0665171975301853,5.01535660955054,5,3.92646294037985,0.57367993000074,5.92112932452023
-0.291767013489257,4.70927237190716,3,3.33371663448122,-0.244332877974734,4.78365703793834
0.676304148271212,6.0909954467246,5,6.00045739977498,0.519827646106902,5.83439475055209
1.53723675449712,7.65414865333637,7,8.7922583690989,0.957253187075598,6.58962791765131
0.00503255339673703,5.10903113486077,5,4.11553118236491,0.46053122772429,5.74165897310637
0.27352517311656,5.46734946699665,7,4.83752533254756,0.760665069932403,6.23859974186856
0.297935785525741,5.50152033652638,7,4.90471581357816,0.122564523814599,5.26347505837213
0.132037896693377,5.27567237977276,6,4.45383617836001,0.867112961802376,6.42746593084779
-0.0200010272518775,5.07631785171613,5,4.04929055785196,-1.0342701209049,3.57857892355708
0.14650810611852,5.29487765929371,6,4.49268957522138,0.857926098013317,6.41102267318147
-1.1694076195839,3.30787177214122,3,1.12665030520987,-1.26653538048069,3.24805329620775
0.103470412844902,5.23794000281057,6,4.37734257559799,0.0930513561272416,5.22468649376315
-0.679151271137241,4.10115546298477,6,2.31760819653083,-0.760930013537367,4.01176536765266
0.0889227522794882,5.21880353827856,6,4.33848917873662,0.0505258560666315,5.16920725710649
-0.191482696271463,4.84863460831824,4,3.59746106611617,-0.643050670682904,4.20011606445624
-1.15788528622989,3.32426081310653,3,1.15210449445959,-2.2223910446616,2.31496620527829
-0.813765496769799,3.87182958351253,5,1.97277243920465,-0.716212813850732,4.08364440764969
-0.97428375197472,3.60443540944525,4,1.57658008391038,-0.77941647052484,3.98197436793669
-0.836369398801994,3.83343929280116,5,1.91583493642312,-0.499364452061735,4.42161778277328
-0.0665171975301853,5.01535660955054,5,3.92646294037985,-0.0762035278122778,5.00507516343413
0.106950110251461,5.24252447556636,6,4.38664569732942,-0.367016517046246,4.61444320143503
0.288884590555379,5.48880497911553,7,4.87976326137742,-0.174672587267574,4.8764688437638
-0.191121535048228,4.8491258491682,4,3.59841092263381,-0.0851475268354973,4.99347411543218
0.10382575819037,5.23840803351423,6,4.37829243211564,0.473528794094872,5.76173495149298
1.0163918409692,6.70148251935395,8,7.08632126972162,1.55738902229065,7.64580317745521
-0.197142102438579,4.84092798451436,4,3.58257703957131,-0.224635852889892,4.81010257366857
1.05118671110184,6.76570308333262,8,7.20166826934501,1.63049538446734,7.76461977821662
0.93090838106485,6.5443819509838,7,6.80547591405073,1.65800570405802,7.80822720872746
-0.0319130695522268,5.06073505691853,5,4.01780724432015,0.333172288922514,5.55225213175782
0.797999124113575,6.30388747612347,6,6.3785656491491,1.08161091322578,6.81407153653195
-0.182369156291537,4.86101026037781,4,3.62143043643268,-0.52340125754993,4.38539072228761
-1.1770416770438,3.29709521361657,3,1.10986656562973,-0.54929509085738,4.34596769392389
1.29189560016014,7.21058268673164,5,8.00402359440329,1.73797475132515,7.9310032958247
0.259355099784937,5.44768627795245,7,4.79867193568619,0.821835497051436,6.34665118359483
1.80047719236584,8.0821299924318,9,9.54912036478185,1.20529849631479,7.03597023144223
-1.76898101472229,2.63159110799562,0,0,-1.46537115357011,3.00483356357274
0.748566634734552,6.21635359809927,6,6.2234153961467,0.155987059285362,5.30776910886914
0.0889227522794882,5.21880353827856,6,4.33848917873662,-0.161626363816717,4.89365077169523
-0.00439255312706619,5.09671833027127,5,4.09057863016417,-0.9327509884786,3.73622707137189
-0.191482696271463,4.84863460831824,4,3.59746106611617,0.322887319086076,5.53750911489186
0.951476368881251,6.58206479667795,7,6.87266639508133,0.702882320115028,6.13813740286329
0.790706669987855,6.29089464882958,6,6.35554613535023,-0.0597933704257226,5.0263365376485
0.106950110251461,5.24252447556636,6,4.38664569732942,1.01734484277112,6.69812406355708
-0.0479067208086847,5.03978579252313,5,3.97556931549029,-0.565114912774352,4.32168691458126
0.297935785525741,5.50152033652638,7,4.90471581357816,-0.319953701226202,4.68035042164423
0.421169872196327,5.68057591192404,8,5.24955157090434,0.636796003160102,6.02567164873413
-0.197142102438579,4.84092798451436,4,3.58257703957131,0.584755564816375,5.93925544063936
0.938972750409218,6.55914604021729,7,6.83178840544445,0.460974685477776,5.74234160849695
0.132037896693377,5.27567237977276,6,4.45383617836001,0.295492119938457,5.49861063571013
-1.16983887839725,3.30726124773633,3,1.12570044869223,-0.890435852933577,3.80347313901618
-1.52597852801428,2.87006487477187,1,0.412026238356774,-0.74240239584244,4.04158752262586
-1.20746395672795,3.25479944769167,3,1.04362594111678,-1.54846174866177,2.91337750027265
-0.447986197175681,4.47768735976066,2,2.92264025264208,-1.030561590703,3.58422337360899
0.255956429610622,5.44298814708581,7,4.78936881395477,0.484045333358321,5.77808217898439
1.15459237626046,6.9569414174911,9,7.54650402667119,0.47903426670321,5.77028128468052
-1.15788528622989,3.32426081310653,3,1.15210449445959,-0.692482165684538,4.12161358305458
0.775102084127433,6.2631815401545,6,6.30643976023979,0.443491643673134,5.71555343656956
0.421169872196327,5.68057591192404,8,5.24955157090434,0.463825065439898,5.74673325570731
-0.322964864968864,4.66454625961707,3,3.25164212690577,0.350419424258193,5.57715166857288
0.297935785525741,5.50152033652638,7,4.90471581357816,-0.284532293516046,4.72911290800448
-1.33321192148464,3.09082204573215,2,0.780864691366048,-1.3521931144965,3.13881114533133
-0.313410605400509,4.67831954382874,3,3.27677913169969,-0.473021013995831,4.46090087322067
1.80047719236584,8.0821299924318,9,9.54912036478185,1.91498438825332,8.17791151863871
0.10382575819037,5.23840803351423,6,4.37829243211564,-0.0115151367819084,5.08879699505569
0.89079623576715,6.47118330274123,7,6.67524488788249,1.3328858587909,7.26185577023167
-0.0665171975301853,5.01535660955054,5,3.92646294037985,0.18323369183451,5.34422267743725
0.0889227522794882,5.21880353827856,6,4.33848917873662,0.0462582060308276,5.16366048216107
0.808718530236127,6.32303209915856,6,6.41248363813176,0.498515464610404,5.80072613578525
0.152396953587283,5.30271379670452,6,4.50852345828388,-0.25637680856578,4.76739881971803
-0.332074738063604,4.65134956072353,3,3.22767275658925,-0.63192802343776,4.21764678494712
-0.788509554231711,3.91485745897383,5,2.03676284085995,-1.37248658323418,3.1139409261864
0.259355099784937,5.44768627795245,7,4.79867193568619,-0.409204114528461,4.55420285720269
0.748566634734552,6.21635359809927,6,6.2234153961467,1.00690025321656,6.67926336894485
-0.788135766561,3.9154949991896,5,2.03771269737759,-0.103152684284086,4.97008422041187
-0.00439255312706619,5.09671833027127,5,4.09057863016417,0.0274631124513806,5.13926604781793
-0.132508652277125,4.92803538608757,4,3.75261131911857,0.311415962214023,5.521156157266
0.128569003093101,5.27107828645458,6,4.44453305662859,-0.654334380060506,4.18227768203373
1.67789108735383,7.8922098792285,8,9.21081536878675,1.15851032298128,6.95229534489187
-0.165937585405844,4.88322046966511,4,3.66465154714676,-1.20478742982585,3.33114392881411
-1.11856364069754,3.38130313284036,3,1.2400642664314,-1.03870117863152,3.57184769690563
-1.11812830806939,3.38194419785297,3,1.24104744831562,-0.867044834097139,3.84090535571546
-1.34514093835373,3.0761422118132,2,0.756861995682956,-1.20590804757132,3.32960366261988
-0.197142102438579,4.84092798451436,4,3.58257703957131,0.0327053270195572,5.14606492015831
