"Est.Theta","Est.ExpScore","SimSum.Score","Scaled.Weighted.Score","True.Theta","True.ExpScore"
-0.109794222448249,5.31108520439177,5,6.37611693188952,0.0424463771769059,5.67459834026617
-1.59684062980767,1.69144149894711,1,1.55048962531266,-1.67618903662392,1.46420123405975
-0.737699706251775,3.84452513434956,3,4.54679858818687,-0.78722756499763,3.74409300181715
-0.314782984019555,4.8306083908376,5,5.81667116700163,-0.622502917017463,4.1310617724552
1.22003050865431,8.1359089809732,9,9.25108640810426,1.28139959726938,8.23878279016679
-0.495052079039003,4.41008995611005,4,5.29571218008262,-0.696170018011054,3.95910003153391
0.938623422359679,7.62552296521382,8,8.75073620272867,1.05460349705744,7.8465184672102
0.515152259501793,6.74423432648333,7,7.88765341889071,0.923055679088283,7.59758326636122
-1.40149194139875,2.18530843602964,2,2.23596802403465,-1.70904438661147,1.3871615618968
-0.555184000454783,4.27024024411411,4,5.11542578767436,-0.471982566597604,4.47998530417348
-0.737699706251775,3.84452513434956,3,4.54679858818687,-1.24239711247851,2.59209596089979
0.551789325196849,6.82454451464214,7,7.96750452607979,0.425457634982757,6.54866589802969
0.927697007815168,7.60432165893067,8,8.73012742118524,0.619739678277022,6.97455371603464
0.802895791564057,7.35568466505492,8,8.48846351299881,-0.0522885803636014,5.45470274007235
0.570248117263869,6.86476918606246,7,8.00736719935164,0.64200568737549,7.02223254109744
-1.60949966852091,1.6607494033029,1,1.50766321368233,-2.18644630780772,0.543794948450563
-0.109794222448249,5.31108520439177,5,6.37611693188952,-0.0710002900772374,5.41119909264037
1.25643008151849,8.19653788245115,9,9.31155786291953,0.240727317051812,6.13117127043664
-0.301069155226353,4.86269921030198,4,5.8551579449705,-0.393505056432458,4.66171847412981
-1.59684062980767,1.69144149894711,1,1.55048962531266,-1.31208572941861,2.40536729067479
-0.0306078615600133,5.49658875259346,5,6.58346275532282,-0.148984555329124,5.2297738501469
0.967110172222574,7.68034396310388,8,8.8040501609479,0.819027189933606,7.3909043390176
-0.314782984019555,4.8306083908376,5,5.81667116700163,0.494781531154366,6.70247648445997
-1.1789197412052,2.76329023238899,2,3.03913537450454,-0.899178481534186,3.47400106824158
0.820262271709285,7.39096606457045,8,8.52278159775194,1.59489107290395,8.6965270514595
-0.960581021984919,3.31161907071143,3,3.80706643089073,-1.21812882066455,2.65681812377872
0.586231973997287,6.89946639054063,7,8.04168528410478,-0.148915219197856,5.22993519258938
-0.519844456469949,4.35241932222546,4,5.22178944031996,-0.221952563994494,5.06001098633915
0.878670265402023,7.50803734403149,8,8.63656701078645,0.599772453609901,6.93157767389047
1.71954729863576,8.85137646012049,10,10,2.71336297503072,9.61219620210989
0.840577607581379,7.43196756588932,8,8.56264427102379,0.484710326404988,6.68024693439536
0.847468130331882,7.44580689485297,8,8.57609555597118,0.312762323728335,6.29511164634271
-0.501983114713049,4.39396502342342,4,5.27510339853919,-0.435666144288822,4.56406119285768
-0.262146148024906,4.95384580301628,5,5.96354553561966,-0.212688285395563,5.08155844205175
-0.04597301132529,5.46062557093049,5,6.54360008205097,-0.267332042351273,4.95450999519676
-1.19084344088244,2.73260034221067,2,2.99630896287422,-1.57521419493354,1.71205897094432
-0.28134759259472,4.90887013982555,5,5.91023157740042,-0.196826532115914,5.11845631472225
0.551789325196849,6.82454451464214,7,7.96750452607979,-0.0028563084435202,5.56953229023595
-1.61514499008094,1.64713119736915,1,1.48864574919188,-1.7933572989228,1.19909845668731
-0.737699706251775,3.84452513434956,3,4.54679858818687,-1.08333828927705,3.0108231340704
0.515152259501793,6.74423432648333,7,7.88765341889071,-0.326900951802578,4.8161687946328
0.481509261633539,6.66996267405657,7,7.81347266086573,0.560949108074713,6.84745067208713
-0.48347727934103,4.43702344634158,4,5.33003026483575,-0.0961996895866864,5.35258954826125
0.820262271709285,7.39096606457045,8,8.52278159775194,0.805265419779214,7.36296993906643
-0.301069155226353,4.86269921030198,4,5.8551579449705,-0.10941868084818,5.3218368041764
-1.19084344088244,2.73260034221067,2,2.99630896287422,-1.10140411454222,2.96403501518099
-0.301069155226353,4.86269921030198,4,5.8551579449705,-0.713613183883384,3.91816068518807
-0.570895732955109,4.23370483959362,4,5.06775757510589,-0.597785661512685,4.18850583652998
0.959892469497417,7.66651662938738,8,8.79059887600052,0.476920876751902,6.66302581317735
-0.262146148024906,4.95384580301628,5,5.96354553561966,0.212210093709306,6.06593642045345
0.567673771859341,6.85916913508252,7,8.00182261083293,0.0995725232660042,5.80676785055303
-0.0511424732550938,5.44852201327419,5,6.53014879710359,0.0150805602335029,5.61115416610283
0.840577607581379,7.43196756588932,8,8.56264427102379,0.975392530001941,7.69837025444777
0.858060207010219,7.46701297743401,8,8.5967043375146,0.0263848032138635,5.6373705104131
1.71954729863576,8.85137646012049,10,10,1.84364584889392,8.98935369491966
-0.737699706251775,3.84452513434956,3,4.54679858818687,-0.401555332441381,4.64306597269024
0.499541941114457,6.70983284506618,7,7.85333533413758,0.768642049800225,7.28799711984158
1.36041191794248,8.36249140310666,9,9.47904101308099,0.529481053246983,6.77874303463133
-0.48347727934103,4.43702344634158,4,5.33003026483575,-0.0995378385114565,5.3448240658095
0.263653123264626,6.17884553762695,6,7.31338047375246,0.681531276954387,7.10620277134949
-0.0511424732550938,5.44852201327419,5,6.53014879710359,-0.607360494419223,4.16626492437848
0.967110172222574,7.68034396310388,8,8.8040501609479,1.07229467146857,7.8788531449461
-0.022637311617515,5.51523665525912,5,6.60407153686625,-0.373969176646897,4.70699625610187
-2.14742984530952,0.639887316922247,0,0,-2.2112823899345,0.515061095826974
0.263653123264626,6.17884553762695,6,7.31338047375246,-0.0547070461223314,5.44908089606272
-0.336218194860719,4.7804762185194,5,5.75619971218636,-0.272010541938563,4.94363817872621
0.294942012423609,6.25031285768962,6,7.38730321351512,0.624875678825329,6.98557483398998
1.23237061703657,8.15660858681269,9,9.27169518964769,1.16472441547835,8.04311456541991
0.592520695726839,6.91308278994091,7,8.05513656905216,1.21431969015321,8.12791576900384
-0.022637311617515,5.51523665525912,5,6.60407153686625,-0.288949614499198,4.90428444083208
-0.501983114713049,4.39396502342342,4,5.27510339853919,-0.245326425718098,5.00565960604242
0.24059527082913,6.12601179724162,6,7.2584536074559,0.458871791168897,6.62303104478974
-0.00932369848087768,5.54637233454871,5,6.63838962161938,-0.619919193955779,4.13707117654969
0.472227870890714,6.64938850799629,7,7.7928638793223,-0.156374659784598,5.21257740215056
-0.793431761642879,3.71322227190331,3,4.36651219577862,-1.14860944052426,2.84074308935933
-0.570895732955109,4.23370483959362,4,5.06775757510589,-0.87880180971802,3.52373716003249
0.620960188832158,6.97440675994234,7,8.11560802386744,0.39065018601623,6.47078082546973
0.586231973997287,6.89946639054063,7,8.04168528410478,0.445060526984105,6.59234298391722
0.223961012697368,6.08781364196072,6,7.21859093418405,0.388426385502461,6.46579106878033
-0.0511424732550938,5.44852201327419,5,6.53014879710359,0.252745827135783,6.15861067702052
1.26460638485041,8.20997764087302,9,9.32500914786692,1.41036490467904,8.43923809442525
-1.17361913416288,2.77691302702518,2,3.05815283899499,-0.854953962757663,3.58160109600418
-0.301069155226353,4.86269921030198,4,5.8551579449705,-0.315648912118487,4.84228563323142
0.286189027990291,6.23034729640166,6,7.36669443197169,0.992270425542062,7.73038937450299
-0.562835989161229,4.25244699233016,5,5.09223962996817,-0.569989598237354,4.25300405392652
-0.04597301132529,5.46062557093049,5,6.54360008205097,0.0634430956646785,5.72322323793944
1.25643008151849,8.19653788245115,9,9.31155786291953,1.15126821501064,8.01969871622904
-1.60949966852091,1.6607494033029,1,1.50766321368233,-1.73902802139706,1.3186270029746
-0.501983114713049,4.39396502342342,4,5.27510339853919,0.293935311422141,6.25238986135961
0.927697007815168,7.60432165893067,8,8.73012742118524,0.775824903137784,7.3027724673491
-0.575102566980359,4.22392177147174,4,5.05495433285909,-0.914081786155474,3.43744543989261
-2.14742984530952,0.639887316922247,0,0,-3.48125022935385,0.0417171291233685
-0.0707831597459434,5.40251951737625,6,6.47885877688791,-0.690537701898666,3.97229822572469
-0.737699706251775,3.84452513434956,3,4.54679858818687,-0.459545627687865,4.50877529617324
0.620960188832158,6.97440675994234,7,8.11560802386744,0.675891915044078,7.09427606990577
0.851141962366517,7.45317149009533,8,8.58325305256722,0.0966564097119036,5.80003109226583
-0.301069155226353,4.86269921030198,4,5.8551579449705,-0.0812803829779504,5.38729202558667
1.71954729863576,8.85137646012049,10,10,2.27346604452434,9.36415942404606
-0.793431761642879,3.71322227190331,3,4.36651219577862,-1.37653306242813,2.23246938910124
-1.04419951987609,3.10493962588865,3,3.51726794979323,-0.775142876526249,3.7728313566985
1.36041191794248,8.36249140310666,9,9.47904101308099,1.13534601886579,7.99176989415893
0.586231973997287,6.89946639054063,7,8.04168528410478,0.834983070010077,7.42312511771225
0.542290823845633,6.80378265309963,7,7.94689574453637,0.363106569327681,6.40886724406084
-0.301069155226353,4.86269921030198,4,5.8551579449705,-0.8561834348781,3.57862671606915
-0.301069155226353,4.86269921030198,4,5.8551579449705,-0.822091743308199,3.66076602422551
1.71954729863576,8.85137646012049,10,10,1.37156308932068,8.38070384472971
0.542290823845633,6.80378265309963,7,7.94689574453637,0.435878186534468,6.57190114290468
0.176772552658878,5.97909952316537,6,7.10442174224184,0.149422131922067,5.92173460424516
-0.999975315416341,3.2147762687171,3,3.6712998150073,-0.77783483841208,3.76643573864828
-0.109794222448249,5.31108520439177,5,6.37611693188952,0.0684927685010179,5.7349098573592
-0.737699706251775,3.84452513434956,3,4.54679858818687,-0.756682732051259,3.81659934521884
-1.60949966852091,1.6607494033029,1,1.50766321368233,-1.66117652136234,1.50003923836908
-0.519844456469949,4.35241932222546,4,5.22178944031996,-0.345871389808871,4.77215299727788
-0.501983114713049,4.39396502342342,4,5.27510339853919,-0.114106057996473,5.3109311321712
0.840577607581379,7.43196756588932,8,8.56264427102379,0.401774866801256,6.49571793666803
-0.267000990320176,4.942472342014,5,5.95009425067227,0.0306895950174805,5.6473507949494
-0.109794222448249,5.31108520439177,5,6.37611693188952,0.237667050710369,6.12417918538902
1.71954729863576,8.85137646012049,10,10,0.944933694875763,7.63998613289624
-0.501983114713049,4.39396502342342,4,5.27510339853919,-0.616894403758616,4.14410495993447
-1.19084344088244,2.73260034221067,2,2.99630896287422,-1.36215036156193,2.27100845365468
-1.02650027560836,3.14904138124919,3,3.579111825914,-0.991942308399121,3.24385881852799
-0.737699706251775,3.84452513434956,3,4.54679858818687,-0.358859143961709,4.74202998090104
0.927697007815168,7.60432165893067,8,8.73012742118524,0.590842214798872,6.91229165526047
-0.022637311617515,5.51523665525912,5,6.60407153686625,0.172969886017353,5.97590114540264
1.26460638485041,8.20997764087302,9,9.32500914786692,1.21917565000784,8.13609045795853
-0.76004308595243,3.79200039183799,4,4.47489978642777,-0.624830825632158,4.12564633306084
-0.737699706251775,3.84452513434956,3,4.54679858818687,-0.25530492969089,4.98246304846917
0.878670265402023,7.50803734403149,8,8.63656701078645,0.54784738859484,6.81889886165804
0.269324468589008,6.19181932480786,6,7.32683175869985,0.793548038917752,7.33908185698668
0.567673771859341,6.85916913508252,7,8.00182261083293,0.615961317459197,6.96643712880946
0.515152259501793,6.74423432648333,7,7.88765341889071,0.0772859514100763,5.75525277946671
0.823078699460506,7.39666790310474,8,8.52832618627066,0.118948961466786,5.85150023713039
-0.0306078615600133,5.49658875259346,5,6.58346275532282,0.164893426574857,5.95733398179645
-0.737699706251775,3.84452513434956,3,4.54679858818687,-0.0214358730885295,5.52639187021692
-0.301069155226353,4.86269921030198,4,5.8551579449705,0.0657417092074875,5.72854337140571
0.271665027196098,6.19717108404936,6,7.33237634721856,1.22215566834295,8.14109569566159
0.858060207010219,7.46701297743401,8,8.5967043375146,0.902899832960013,7.55818118238904
-0.9781779964681,3.26847523523986,3,3.74659497607546,-0.438652510392527,4.55714636099425
-0.737699706251775,3.84452513434956,3,4.54679858818687,-0.83435006698152,3.631310045786
1.71954729863576,8.85137646012049,10,10,0.954684359452211,7.65875953667336
0.499541941114457,6.70983284506618,7,7.85333533413758,0.500902886810959,6.71596753162863
-1.02650027560836,3.14904138124919,3,3.579111825914,-1.16551898821801,2.79624129239767
0.967110172222574,7.68034396310388,8,8.8040501609479,1.05435169651326,7.8460562190412
-0.9781779964681,3.26847523523986,3,3.74659497607546,-1.51504261771538,1.86622398594789
-1.17361913416288,2.77691302702518,2,3.05815283899499,-1.2353300513531,2.61096540988266
-0.0511424732550938,5.44852201327419,5,6.53014879710359,-0.519003696004673,4.37113273492386
-0.129105535162575,5.26580189948791,6,6.32482691167384,-0.0701645306890225,5.4131425235252
0.269324468589008,6.19181932480786,6,7.32683175869985,-0.50606893940319,4.40108001143657
-0.737699706251775,3.84452513434956,3,4.54679858818687,-0.822569385087927,3.65961988187496
-0.0511424732550938,5.44852201327419,5,6.53014879710359,0.317461410174776,6.30575990081605
0.254874476951082,6.15874672244797,6,7.29251367394671,0.830047277573499,7.41317734009594
0.592520695726839,6.91308278994091,7,8.05513656905216,0.974022493617605,7.695760647411
0.878670265402023,7.50803734403149,8,8.63656701078645,0.690429626893982,7.12498448358081
-0.022637311617515,5.51523665525912,5,6.60407153686625,0.261485162748248,6.17854249702194
1.23237061703657,8.15660858681269,9,9.27169518964769,0.474637455823066,6.65797300953202
-0.227736973686993,5.03448854093441,5,6.05833507518806,-0.521367876349421,4.36565845920845
-0.501983114713049,4.39396502342342,4,5.27510339853919,-0.582908626240928,4.22303802235622
0.160451253069382,5.94138502733454,6,7.06455906896999,-0.207368229943482,5.09393331202499
-2.14742984530952,0.639887316922247,0,0,-2.12063971496453,0.62688889429291
0.851141962366517,7.45317149009533,8,8.58325305256722,0.626440823009161,6.98893066074103
-1.87680009734296,1.07572813337534,1,0.674990852133082,-1.93920731743393,0.911343411644842
-0.737699706251775,3.84452513434956,3,4.54679858818687,-0.588740546487681,4.20950449002067
0.271665027196098,6.19717108404936,6,7.33237634721856,-0.790518147446303,3.73625535344957
-2.14742984530952,0.639887316922247,0,0,-2.26808651377226,0.454486208190262
0.286189027990291,6.23034729640166,6,7.36669443197169,0.550537599281262,6.824767922745
0.0358829475425118,5.6519555648465,6,6.75393470886457,-0.164817344013329,5.19293190360605
-0.0306078615600133,5.49658875259346,5,6.58346275532282,0.14972058789502,5.92242173808203
0.927697007815168,7.60432165893067,8,8.73012742118524,1.27800029455948,8.23327199107188
0.823078699460506,7.39666790310474,8,8.52832618627066,1.51490468124015,8.58927269642681
-2.14742984530952,0.639887316922247,0,0,-1.75569852035259,1.28129494312964
-0.999975315416341,3.2147762687171,3,3.6712998150073,-1.07121390069149,3.04209362191013
-0.00932369848087768,5.54637233454871,5,6.63838962161938,-0.160576500063595,5.20279998116552
0.294942012423609,6.25031285768962,6,7.38730321351512,-0.221782653103753,5.0604061518281
-0.247132989628093,4.98902475200715,5,6.00502111696883,-0.864606472694154,3.5582240384102
-0.564266131270581,4.24912140609092,4,5.08789999630672,-0.604208182813906,4.17358877520328
-0.220209729518988,5.05213605127956,5,6.07894385673149,-0.309996999881479,4.85540679747417
-0.254694545072305,4.97130508093837,5,5.98415431716308,-0.522114836192799,4.36392882398315
0.570248117263869,6.86476918606246,7,8.00736719935164,0.92343335271365,7.59831850737018
-0.022637311617515,5.51523665525912,5,6.60407153686625,0.0260254517762358,5.63653730348292
0.602181874834474,6.93396212896296,7,8.07574535059559,0.790767040172271,7.33339846436575
-1.02650027560836,3.14904138124919,3,3.579111825914,-0.839003764642468,3.62010472841521
0.269324468589008,6.19181932480786,6,7.32683175869985,0.139897004175689,5.89979715786414
0.909605301325165,7.56900870781654,8,8.69580933643211,0.648549808139206,7.03619512192535
-0.737699706251775,3.84452513434956,3,4.54679858818687,-0.74108386615162,3.85346742805511
-0.301069155226353,4.86269921030198,4,5.8551579449705,-0.841445448498075,3.61422045409243
-0.737699706251775,3.84452513434956,3,4.54679858818687,-0.0234966596070265,5.52160532294516
0.199392061803599,6.03127375918886,6,7.1593486085384,-0.0839720010396033,5.38103182956056
1.22003050865431,8.1359089809732,9,9.25108640810426,1.31114412352863,8.28650921206003
-0.301069155226353,4.86269921030198,4,5.8551579449705,-0.456478564870152,4.51587549043755
-1.61514499008094,1.64713119736915,1,1.48864574919188,-1.48766575911186,1.93758552831164
0.199392061803599,6.03127375918886,6,7.1593486085384,0.482475896781639,6.67530947057868
-1.17361913416288,2.77691302702518,2,3.05815283899499,-1.24229097655559,2.59237947301978
0.497027359199891,6.70428140855856,7,7.84779074561886,0.648415099195875,7.0359079412168
1.23237061703657,8.15660858681269,9,9.27169518964769,0.735644707100039,7.21968897767317
0.185241657813729,5.998647458439,6,7.12503052378526,-0.0174492622777936,5.53565064656784
0.586231973997287,6.89946639054063,7,8.04168528410478,-0.142336378699724,5.24524387034944
0.592520695726839,6.91308278994091,7,8.05513656905216,-0.4883296888871,4.44214500958097
-1.17361913416288,2.77691302702518,2,3.05815283899499,-0.346956603937596,4.76963565870305
-0.04597301132529,5.46062557093049,5,6.54360008205097,0.545827615300533,6.81449028415895
-0.322103521262386,4.81348350085115,5,5.7960623854582,0.184519807885904,6.00243280130559
-0.570895732955109,4.23370483959362,4,5.06775757510589,-0.622154748877853,4.1318716355988
-0.570895732955109,4.23370483959362,4,5.06775757510589,-0.527174501206524,4.35221222536435
-0.302557264857484,4.85921636135327,5,5.85098925175476,0.266453073809193,6.18986478289127
1.71954729863576,8.85137646012049,10,10,1.53139630434995,8.61191979968884
0.840577607581379,7.43196756588932,8,8.56264427102379,0.742093618588809,7.23309377563649
-0.519844456469949,4.35241932222546,4,5.22178944031996,-0.999890225842594,3.2238433089759
-0.109794222448249,5.31108520439177,5,6.37611693188952,0.376702887519226,6.43945955095491
0.524565355246269,6.76492661794119,7,7.90826220043414,-0.181314367812382,5.15454641539869
-2.14742984530952,0.639887316922247,0,0,-2.0162763159363,0.78038641382506
-1.60949966852091,1.6607494033029,1,1.50766321368233,-1.38247863638178,2.21655252414575
-2.14742984530952,0.639887316922247,0,0,-2.45115947178032,0.302523332299005
0.185241657813729,5.998647458439,6,7.12503052378526,0.196206458978437,6.02925285556785
0.499541941114457,6.70983284506618,7,7.85333533413758,0.214994836669041,6.07231429653818
0.602181874834474,6.93396212896296,7,8.07574535059559,0.500671928261127,6.71545879576194
-1.45950180201603,2.03564905731787,2,2.02862220060135,-1.25706886756111,2.55287119173624
-0.336218194860719,4.7804762185194,5,5.75619971218636,-0.708529110406019,3.93010356170629
-0.00932369848087768,5.54637233454871,5,6.63838962161938,-0.0306183943635393,5.50506160529071
0.294942012423609,6.25031285768962,6,7.38730321351512,-0.615917036198571,4.14637737444809
0.199392061803599,6.03127375918886,6,7.1593486085384,0.17578970305387,5.98238090599857
-0.301069155226353,4.86269921030198,4,5.8551579449705,-0.837725762682218,3.62318320949886
-0.48347727934103,4.43702344634158,4,5.33003026483575,-0.752176764437903,3.82725977531975
0.542290823845633,6.80378265309963,7,7.94689574453637,1.33655287823126,8.32657292063648
0.499541941114457,6.70983284506618,7,7.85333533413758,0.37682339312041,6.43973043519643
-0.737699706251775,3.84452513434956,3,4.54679858818687,-0.310714316768238,4.85374141729701
-0.48347727934103,4.43702344634158,4,5.33003026483575,-0.210263031029329,5.08719967767894
-0.00932369848087768,5.54637233454871,5,6.63838962161938,0.93765696260002,7.62592550652568
-0.065890797020076,5.41398073779464,6,6.49166201913471,-0.163478281860796,5.19604777220966
-0.737699706251775,3.84452513434956,3,4.54679858818687,-1.10052612191341,2.96631416963814
0.0277762817072111,5.63303923826845,6,6.73332592732115,0.112235180727295,5.83600700276552
1.23237061703657,8.15660858681269,9,9.27169518964769,0.886898312758504,7.52667473689369
1.22003050865431,8.1359089809732,9,9.25108640810426,1.81826079542224,8.96221075248008
1.26460638485041,8.20997764087302,9,9.32500914786692,1.62711360893871,8.73790166248141
-1.17361913416288,2.77691302702518,2,3.05815283899499,-2.09939486694188,0.655940217955068
1.23237061703657,8.15660858681269,9,9.27169518964769,1.67484388368261,8.79727428708993
-0.737699706251775,3.84452513434956,3,4.54679858818687,-0.66478763086148,4.03252091424594
1.36041191794248,8.36249140310666,9,9.47904101308099,1.66148433759411,8.78088519553887
-1.59684062980767,1.69144149894711,1,1.55048962531266,-2.15746969133032,0.579118342319546
-0.515347334040122,4.36287868933125,4,5.23524072526734,-0.71183350084644,3.92234230821174
-0.48347727934103,4.43702344634158,4,5.33003026483575,-0.24305558598807,5.01093909697848
1.19962730879912,8.10135956640896,9,9.21676832335113,1.68001617308366,8.80357189550877
-0.00932369848087768,5.54637233454871,5,6.63838962161938,-0.453777469631382,4.52212861369267
0.586231973997287,6.89946639054063,7,8.04168528410478,0.196210305213159,6.02926167805191
0.481509261633539,6.66996267405657,7,7.81347266086573,0.60744134938669,6.94810773160737
0.823078699460506,7.39666790310474,8,8.52832618627066,1.16472441547835,8.04311456541991
0.269324468589008,6.19181932480786,6,7.32683175869985,-0.0703027119620246,5.41282120608882
-0.240234785214013,5.00519220094997,5,6.02401699043493,-0.0708483411988264,5.41155242873717
-0.301069155226353,4.86269921030198,4,5.8551579449705,0.00533161785797585,5.58853548944573
0.154961527267157,5.92868739763336,6,7.0511077840226,0.117460817244806,5.84806666033573
-1.17361913416288,2.77691302702518,2,3.05815283899499,-1.31932641211264,2.38592910181407
-0.999975315416341,3.2147762687171,3,3.6712998150073,-1.23241763741628,2.61873669930293
0.244480774273897,6.13492440644527,7,7.26773619918755,0.0426466417361842,5.67506234930145
-2.14742984530952,0.639887316922247,0,0,-2.35046278506776,0.378506167981111
-1.59684062980767,1.69144149894711,1,1.55048962531266,-1.12642663403968,2.89886055458038
-0.0306078615600133,5.49658875259346,5,6.58346275532282,0.114620880649711,5.84151319211034
-0.501983114713049,4.39396502342342,4,5.27510339853919,-0.599558520198458,4.18438875756432
-0.00932369848087768,5.54637233454871,5,6.63838962161938,0.874616841141376,7.50235990455867
0.294942012423609,6.25031285768962,6,7.38730321351512,0.769635281157542,7.2900422605247
-2.14742984530952,0.639887316922247,0,0,-2.57171268264137,0.231923927538107
-0.0306078615600133,5.49658875259346,5,6.58346275532282,0.0281777676506494,5.64152756328412
0.551789325196849,6.82454451464214,7,7.96750452607979,0.656092773798454,7.05225977103937
0.602181874834474,6.93396212896296,7,8.07574535059559,1.03215029259665,7.80507828774788
-1.60949966852091,1.6607494033029,1,1.50766321368233,-1.74198202306874,1.31197070716849
1.19962730879912,8.10135956640896,9,9.21676832335113,0.753176865183426,7.25606979417971
-0.737699706251775,3.84452513434956,3,4.54679858818687,-1.509119539277,1.88160585827781
-0.737699706251775,3.84452513434956,3,4.54679858818687,-0.886308635185219,3.505446554262
-0.515347334040122,4.36287868933125,4,5.23524072526734,-0.444815750736621,4.54287637130269
-0.737699706251775,3.84452513434956,3,4.54679858818687,-0.3739772200358,4.70697761015042
-0.109794222448249,5.31108520439177,5,6.37611693188952,-0.582686633494695,4.22355309711416
-0.0791664949298525,5.38287685334361,6,6.45687757403899,-0.457022190331338,4.51461699586122
-0.999975315416341,3.2147762687171,3,3.6712998150073,-0.93029518046979,3.39749914610362
-0.314782984019555,4.8306083908376,5,5.81667116700163,-0.905893411832754,3.45754937769716
-0.9781779964681,3.26847523523986,3,3.74659497607546,-1.20690258176533,2.68667937726093
0.820262271709285,7.39096606457045,8,8.52278159775194,0.822670739457972,7.39827795275243
0.254874476951082,6.15874672244797,6,7.29251367394671,0.388904903033922,6.46686490088358
0.199392061803599,6.03127375918886,6,7.1593486085384,0.148875482233624,5.92047601628266
0.524565355246269,6.76492661794119,7,7.90826220043414,0.784653167059819,7.32088539013944
-0.322103521262386,4.81348350085115,5,5.7960623854582,-0.548100084436223,4.30374113652434
-0.48347727934103,4.43702344634158,4,5.33003026483575,-0.594070630671479,4.19713177276987
0.840577607581379,7.43196756588932,8,8.56264427102379,0.600293036776671,6.93270071276095
0.595872448722802,6.92033185932411,7,8.0622940656482,-0.0174407194142224,5.5356704858811
-0.301069155226353,4.86269921030198,4,5.8551579449705,-0.439005022531507,4.55633014791973
1.36041191794248,8.36249140310666,9,9.47904101308099,1.408931936035,8.43710375445415
0.878670265402023,7.50803734403149,8,8.63656701078645,0.838287768946593,7.42977573879991
0.576502840575381,6.87836176642635,7,8.02081848429903,0.818982959228334,7.390814769764
1.71954729863576,8.85137646012049,10,10,3.54947771333817,9.85214077791796
0.851141962366517,7.45317149009533,8,8.58325305256722,0.954902662447168,7.65917895533275
-0.737699706251775,3.84452513434956,3,4.54679858818687,-1.44593747044097,2.04750223646832
-1.61514499008094,1.64713119736915,1,1.48864574919188,-2.570258553219,0.232661734080621
-0.311914350263351,4.8373200112203,5,5.82473472456058,0.0788942420766067,5.75897249552639
0.263653123264626,6.17884553762695,6,7.31338047375246,-0.621809609195319,4.13267443291294
-0.240234785214013,5.00519220094997,5,6.02401699043493,-0.234273417680719,5.03135872460944
-0.301069155226353,4.86269921030198,4,5.8551579449705,-0.872002955581116,3.54027086765515
-0.737699706251775,3.84452513434956,3,4.54679858818687,-0.471393010884349,4.48135001914171
0.595872448722802,6.92033185932411,7,8.0622940656482,0.250568992063171,6.15364320012164
-1.17361913416288,2.77691302702518,2,3.05815283899499,-1.25644599820398,2.55453769437506
0.542290823845633,6.80378265309963,7,7.94689574453637,0.537045520564,6.79530010593919
-0.48347727934103,4.43702344634158,4,5.33003026483575,-1.71981323503537,1.36234619110525
-0.0306078615600133,5.49658875259346,5,6.58346275532282,-0.0889046132708505,5.3695588634652
-0.242249702268983,5.00046958860074,5,6.01847240191622,-0.164848737011316,5.19285885528732
-0.301069155226353,4.86269921030198,4,5.8551579449705,0.0757845123878599,5.75177989905685
0.160451253069382,5.94138502733454,6,7.06455906896999,0.547632376685118,6.81842964143546
-0.022637311617515,5.51523665525912,5,6.60407153686625,0.371379120855707,6.42748770534589
0.223961012697368,6.08781364196072,6,7.21859093418405,0.149722991021525,5.92242727072844
-1.60949966852091,1.6607494033029,1,1.50766321368233,-2.2074557196792,0.519397102005576
0.475448155678996,6.65653097420804,7,7.80002137591834,0.141554233900255,5.90361502011899
1.71954729863576,8.85137646012049,10,10,1.24131766829848,8.17307182883918
-2.14742984530952,0.639887316922247,0,0,-1.38480337354321,2.21033165181273
-0.570895732955109,4.23370483959362,4,5.06775757510589,-0.537119688005189,4.3291787653157
-1.04419951987609,3.10493962588865,3,3.51726794979323,-0.591084249104274,4.20406451101388
-0.227736973686993,5.03448854093441,5,6.05833507518806,-0.79734056736884,3.71998804439165
0.249227859934755,6.14580813560251,6,7.27906238899933,0.00846496907824913,5.59580613364589
0.490935522363066,6.69082126841918,7,7.83433946067148,0.422198960999146,6.54139194878746
-0.240234785214013,5.00519220094997,5,6.02401699043493,-0.411519008007901,4.61998415034572
-1.02650027560836,3.14904138124919,3,3.579111825914,-0.899493453948941,3.47323007299522
-0.301069155226353,4.86269921030198,4,5.8551579449705,-0.35389825773054,4.75353486172551
0.294942012423609,6.25031285768962,6,7.38730321351512,-0.277894286802922,4.92996713342553
0.185241657813729,5.998647458439,6,7.12503052378526,-0.545865243900579,4.30891909088561
-0.301069155226353,4.86269921030198,4,5.8551579449705,0.326408498387577,6.32601744987462
-0.0496547277493116,5.45200555647183,6,6.53402207042244,-0.553782240179583,4.29057440560313
0.823078699460506,7.39666790310474,8,8.52832618627066,1.12215437906538,7.96845001694719
1.71954729863576,8.85137646012049,10,10,1.07132406243515,7.87708643748901
-1.66947506523265,1.51842230752153,1,1.30835935678363,-1.39526209094152,2.18236530010139
-0.00932369848087768,5.54637233454871,5,6.63838962161938,-0.942136792564182,3.36820473494947
0.620960188832158,6.97440675994234,7,8.11560802386744,0.315730973657189,6.30183938595294
-0.501983114713049,4.39396502342342,4,5.27510339853919,-0.734903465825763,3.86804729263413
1.36041191794248,8.36249140310666,9,9.47904101308099,1.44535579808289,8.49070310455579
0.542290823845633,6.80378265309963,7,7.94689574453637,0.30465801763165,6.27673306190799
0.490935522363066,6.69082126841918,7,7.83433946067148,0.164769658233515,5.95704935699579
-1.18447239723542,2.74900618060213,3,3.01919970068352,-0.808964527600059,3.69221647905227
0.176772552658878,5.97909952316537,6,7.10442174224184,0.43634000746709,6.57292998737323
-0.00932369848087768,5.54637233454871,5,6.63838962161938,-0.657804292315627,4.04882268201882
-0.0306078615600133,5.49658875259346,5,6.58346275532282,0.22149032205171,6.08718457615219
-1.1789197412052,2.76329023238899,2,3.03913537450454,-1.49455491844754,1.91956595736341
1.36041191794248,8.36249140310666,9,9.47904101308099,0.815225190960237,7.38320008337596
-0.737699706251775,3.84452513434956,3,4.54679858818687,-1.04041866637833,3.12103509783836
0.176772552658878,5.97909952316537,6,7.10442174224184,0.461802517825814,6.62953375145956
-0.595344784378883,4.176840517344,4,4.99311045673831,-0.61868531148974,4.13994061200573
0.176772552658878,5.97909952316537,6,7.10442174224184,-0.102383213069512,5.33820468759702
-0.0511424732550938,5.44852201327419,5,6.53014879710359,-0.261447264271244,4.96818639838096
-2.14742984530952,0.639887316922247,0,0,-2.01736382521936,0.778645930308328
-0.366291803921496,4.71019977067762,5,5.67070285934651,-0.351474384344603,4.75915660357056
0.263653123264626,6.17884553762695,6,7.31338047375246,-0.32964741446278,4.80979511888351
-0.04597301132529,5.46062557093049,5,6.54360008205097,0.808839355001666,7.3702372165873
1.71954729863576,8.85137646012049,10,10,2.49933627353577,9.50580504644431
-2.14742984530952,0.639887316922247,0,0,-2.38638858324693,0.349404707055083
-1.59684062980767,1.69144149894711,1,1.55048962531266,-1.76776278307622,1.25463502247533
-0.267000990320176,4.942472342014,5,5.95009425067227,-0.269265882002389,4.95001604582897
-0.0343971964599285,5.48772131972999,6,6.57364831645632,-0.578704053005104,4.23279264383528
1.71954729863576,8.85137646012049,10,10,2.30500842359575,9.38597269228339
-0.04597301132529,5.46062557093049,5,6.54360008205097,0.914018088170476,7.57995548815322
-0.805204261200907,3.68535325656038,4,4.32802541780975,-1.01417297925388,3.18775421085625
-1.59684062980767,1.69144149894711,1,1.55048962531266,-2.27775705656492,0.444861066990692
0.620960188832158,6.97440675994234,7,8.11560802386744,-0.149310863311653,5.2290145443457
-0.314782984019555,4.8306083908376,5,5.81667116700163,-0.208100008704624,5.09223109036519
0.792520569254532,7.33450676775282,8,8.46785473145539,0.21566029570423,6.07383815450823
-0.519844456469949,4.35241932222546,4,5.22178944031996,-1.34991509568521,2.30382407206614
-1.59684062980767,1.69144149894711,1,1.55048962531266,-2.02377963758172,0.768438759337824
-0.109794222448249,5.31108520439177,5,6.37611693188952,-0.390456786314265,4.66878211860104
-1.41635091708374,2.14682562086553,2,2.18265406581541,-1.09576253442984,2.97867051633288
0.820262271709285,7.39096606457045,8,8.52278159775194,1.07209622729357,7.87849200509544
0.851141962366517,7.45317149009533,8,8.58325305256722,1.3910333859035,8.41026782453096
-0.978576410744614,3.26749628227002,3,3.74522255476996,-0.55846418597158,4.27972350042916
-0.48347727934103,4.43702344634158,4,5.33003026483575,0.0705916327333974,5.7397664207466
0.185241657813729,5.998647458439,6,7.12503052378526,0.357062465892694,6.39524946245834
-0.737699706251775,3.84452513434956,3,4.54679858818687,-1.2172270590954,2.6592187297254
0.551789325196849,6.82454451464214,7,7.96750452607979,1.26805600044029,8.21708450515198
-1.17361913416288,2.77691302702518,2,3.05815283899499,-1.12629841952226,2.89919556304931
-0.950557257542345,3.3361136931132,3,3.84138451564386,-1.30396589630512,2.42716273188932
-0.495052079039003,4.41008995611005,4,5.29571218008262,-0.476841212470027,4.46873848968068
-0.737699706251775,3.84452513434956,3,4.54679858818687,-1.41727009377411,2.1236472306214
-0.301069155226353,4.86269921030198,4,5.8551579449705,-0.0387841588054014,5.48608860772667
-0.737699706251775,3.84452513434956,3,4.54679858818687,-0.174995374791291,5.16924914469516
-0.48347727934103,4.43702344634158,4,5.33003026483575,-0.274325358837964,4.93825943550164
0.185241657813729,5.998647458439,6,7.12503052378526,0.139784010649328,5.89953683141439
0.570248117263869,6.86476918606246,7,8.00736719935164,0.106999389062233,5.82391989640633
-1.26249501667107,2.5470760288312,3,2.73790954646322,-1.15720279725976,2.81814826146142
-0.04597301132529,5.46062557093049,5,6.54360008205097,-0.627583433182726,4.11924162637468
-0.301069155226353,4.86269921030198,4,5.8551579449705,0.102912307224027,5.81448191049157
-1.60949966852091,1.6607494033029,1,1.50766321368233,-1.00488631573723,3.21123697850823
1.25643008151849,8.19653788245115,9,9.31155786291953,1.16524181370977,8.04401147201358
0.586231973997287,6.89946639054063,7,8.04168528410478,0.142249201255736,5.90521592564929
-0.022637311617515,5.51523665525912,5,6.60407153686625,-0.335053886807077,4.79724963213709
0.269324468589008,6.19181932480786,6,7.32683175869985,-0.368210543247105,4.72034662947183
-0.48347727934103,4.43702344634158,4,5.33003026483575,-0.436560627060726,4.56199001997936
0.490935522363066,6.69082126841918,7,7.83433946067148,1.61810758541683,8.72644302422522
-0.501983114713049,4.39396502342342,4,5.27510339853919,-0.153624603710843,5.21897664891755
1.22003050865431,8.1359089809732,9,9.25108640810426,1.75586107277708,8.89289551730257
0.199392061803599,6.03127375918886,6,7.1593486085384,0.13891167090228,5.8975269729235
-0.747173313816917,3.82227185798205,4,4.51637536777695,-1.27689915596024,2.49976482915993
0.858060207010219,7.46701297743401,8,8.5967043375146,1.82949067793219,8.97429279074514
-0.109794222448249,5.31108520439177,5,6.37611693188952,-0.0308735491871903,5.50446882135486
0.0195875068828541,5.61392321592152,6,6.7124591275154,0.0610346331469168,5.71764818876142
-0.00932369848087768,5.54637233454871,5,6.63838962161938,0.780915206405283,7.31322260139598
-1.61514499008094,1.64713119736915,1,1.48864574919188,-2.10592441153349,0.646893580809236
-1.049044026836,3.09283512413989,4,3.50029601433069,-0.941476213598342,3.36984159379431
0.959892469497417,7.66651662938738,8,8.79059887600052,1.25715986594594,8.19923452322164
-0.48347727934103,4.43702344634158,4,5.33003026483575,-0.797993352448667,3.71843030403999
0.249227859934755,6.14580813560251,6,7.27906238899933,0.625714717440229,6.98737397742453
-1.17361913416288,2.77691302702518,2,3.05815283899499,-1.19766703347672,2.71120368017127
-0.737699706251775,3.84452513434956,3,4.54679858818687,-0.635190400404451,4.10153437536127
0.909605301325165,7.56900870781654,8,8.69580933643211,1.00546865829121,7.75525943207828
1.26460638485041,8.20997764087302,9,9.32500914786692,1.71819460320395,8.84923929708767
-0.737699706251775,3.84452513434956,3,4.54679858818687,-0.878815240922937,3.5237044676806
1.71954729863576,8.85137646012049,10,10,1.69829536858574,8.82561590231442
-1.17361913416288,2.77691302702518,2,3.05815283899499,-1.03130610451224,3.14425902804628
0.46618498524514,6.63597419392793,7,7.77941259437492,-0.169722908716152,5.18151725500716
-1.19084344088244,2.73260034221067,2,2.99630896287422,-1.31863366820837,2.38778888452324
0.909605301325165,7.56900870781654,8,8.69580933643211,1.2758672651398,8.22980812312113
0.263653123264626,6.17884553762695,6,7.31338047375246,-0.694309292031574,3.96346135264573
-0.00932369848087768,5.54637233454871,5,6.63838962161938,-0.323860336358572,4.8232255984839
-1.60949966852091,1.6607494033029,1,1.50766321368233,-1.20176391961614,2.70032954398947
-2.14742984530952,0.639887316922247,0,0,-1.92586249881924,0.935535952268232
-0.737699706251775,3.84452513434956,3,4.54679858818687,-0.453619914166123,4.52249336397677
0.0411844535449099,5.66432177658739,6,6.76738599381196,0.42581096565269,6.54945437101789
-0.550124344745749,4.28200536485342,4,5.13072640793705,-0.605386013935435,4.17085246525135
-0.737699706251775,3.84452513434956,3,4.54679858818687,-1.24228947101303,2.59238349462484
-0.987592536133599,3.24531710732591,3,3.71412622663762,-1.24123909398529,2.59518908107029
-0.793431761642879,3.71322227190331,3,4.36651219577862,-0.780816669991722,3.75934740800283
1.71954729863576,8.85137646012049,10,10,1.72897391829439,8.86187388224066
-1.41790424423958,2.14280776021976,2,2.17708788627235,-1.40321167387325,2.16113338403561
0.472227870890714,6.64938850799629,7,7.7928638793223,0.627092405637595,6.99032733952797
-0.314782984019555,4.8306083908376,5,5.81667116700163,-0.708347065431462,3.93053103540479
-0.109794222448249,5.31108520439177,5,6.37611693188952,0.259832639127013,6.17477495731789
1.26460638485041,8.20997764087302,9,9.32500914786692,2.45037411186149,9.47785916252208
-0.519844456469949,4.35241932222546,4,5.22178944031996,-0.508671927238811,4.39505380909978
-0.00932369848087768,5.54637233454871,5,6.63838962161938,0.324844261683258,6.32247738759691
0.967110172222574,7.68034396310388,8,8.8040501609479,0.661927502679788,7.06466470047382
-1.60949966852091,1.6607494033029,1,1.50766321368233,-1.91269834161064,0.959834502873025
-0.543824384886492,4.29665459464973,4,5.14974387242749,0.497839703526956,6.70921841671223
-0.737699706251775,3.84452513434956,3,4.54679858818687,-0.626747676118548,4.12118639669803
0.551789325196849,6.82454451464214,7,7.96750452607979,-0.337440629403327,4.79171181981111
1.22003050865431,8.1359089809732,9,9.25108640810426,1.64559441176978,8.76116037532579
-0.0306078615600133,5.49658875259346,5,6.58346275532282,-0.539511224342282,4.3236390743543
1.71954729863576,8.85137646012049,10,10,3.46323016007595,9.83658311326695
1.23237061703657,8.15660858681269,9,9.27169518964769,1.47765298494078,8.53709307081684
-0.04597301132529,5.46062557093049,5,6.54360008205097,-0.725221720055389,3.89085715159443
-1.19084344088244,2.73260034221067,2,2.99630896287422,-1.1496347973159,2.83804938646614
0.271665027196098,6.19717108404936,6,7.33237634721856,-0.167696088242156,5.18623339185574
0.286189027990291,6.23034729640166,6,7.36669443197169,0.713887938227489,7.17427371751147
0.475448155678996,6.65653097420804,7,7.80002137591834,0.142251881446567,5.90522209950161
-0.515347334040122,4.36287868933125,4,5.23524072526734,0.153961762978081,5.93218454727589
0.878670265402023,7.50803734403149,8,8.63656701078645,0.388326879650743,6.46556776024222
-0.737699706251775,3.84452513434956,3,4.54679858818687,-0.194348070224903,5.12422230500021
-0.960581021984919,3.31161907071143,3,3.80706643089073,-1.28125199242002,2.48809649432326
-0.737699706251775,3.84452513434956,3,4.54679858818687,-0.825978557527892,3.65143554462958
-0.48347727934103,4.43702344634158,4,5.33003026483575,-1.33066276506936,2.35549501675595
0.286189027990291,6.23034729640166,6,7.36669443197169,0.044113072396216,5.67845990994309
-0.022637311617515,5.51523665525912,5,6.60407153686625,-0.560641309149758,4.27467717167145
-1.17361913416288,2.77691302702518,2,3.05815283899499,-1.11587924651329,2.92638363232888
-0.495052079039003,4.41008995611005,4,5.29571218008262,-0.221668186604064,5.06067236960798
-1.41259874358695,2.15653517220487,2,2.1961053507628,-0.875937182491783,3.53070713576459
-1.38957868490234,2.21621844494459,2,2.27879443566497,-1.5840467242214,1.68978939095896
0.570248117263869,6.86476918606246,7,8.00736719935164,0.575541899729163,6.87915743536227
0.515152259501793,6.74423432648333,7,7.88765341889071,1.16108872713754,8.03680491453206
1.36041191794248,8.36249140310666,9,9.47904101308099,1.32585702539763,8.30978756718753
-2.14742984530952,0.639887316922247,0,0,-3.78089228023815,0.0266876720595748
-0.960581021984919,3.31161907071143,3,3.80706643089073,-1.59528206791815,1.66160996397857
0.602181874834474,6.93396212896296,7,8.07574535059559,0.259011169988595,6.17290187430547
-0.0737624140340306,5.3955393966044,6,6.47105323759129,0.769573589179203,7.28991525089351
0.271665027196098,6.19717108404936,6,7.33237634721856,0.135437150323968,5.88952050623295
0.858060207010219,7.46701297743401,8,8.5967043375146,1.44769406858575,8.49409756100494
-0.28134759259472,4.90887013982555,5,5.91023157740042,0.0284623682246668,5.64218739109972
-0.0306078615600133,5.49658875259346,5,6.58346275532282,0.459075695704987,6.62348357473729
-0.501983114713049,4.39396502342342,4,5.27510339853919,-0.0786099383514162,5.39350271884828
-0.519844456469949,4.35241932222546,4,5.22178944031996,-0.57771984604202,4.23507571837043
-1.19084344088244,2.73260034221067,2,2.99630896287422,-0.428403526740446,4.58087869637588
-1.17361913416288,2.77691302702518,2,3.05815283899499,-1.37589422770288,2.23418016363567
0.602181874834474,6.93396212896296,7,8.07574535059559,1.42770099367892,8.46489291047497
0.586231973997287,6.89946639054063,7,8.04168528410478,0.664942602475491,7.07106750420783
1.71954729863576,8.85137646012049,10,10,0.930430895877679,7.611920490996
-0.022637311617515,5.51523665525912,5,6.60407153686625,-0.872011223066604,3.54025078069236
0.497027359199891,6.70428140855856,7,7.84779074561886,0.608223499138244,6.94979195495863
-0.04597301132529,5.46062557093049,5,6.54360008205097,0.0678431129067273,5.73340651034499
-0.326643400367178,4.80286534199369,5,5.7832591432114,0.13264110423315,5.88307606920622
0.938623422359679,7.62552296521382,8,8.75073620272867,0.436998896427684,6.57439772630758
-0.292316467751173,4.88318741580918,5,5.87963999983279,-0.687015469653136,3.98054695145432
0.472227870890714,6.64938850799629,7,7.7928638793223,-0.181149689852469,5.15492957280708
0.46618498524514,6.63597419392793,7,7.77941259437492,0.593943351872614,6.91899346291914
0.567673771859341,6.85916913508252,7,8.00182261083293,0.210138194025296,6.0611901270386
0.595872448722802,6.92033185932411,7,8.0622940656482,1.32497664925969,8.30840080883557
0.823078699460506,7.39666790310474,8,8.52832618627066,1.03583455757001,7.81190860333503
1.71954729863576,8.85137646012049,10,10,2.07482360566541,9.20984961669744
0.176772552658878,5.97909952316537,6,7.10442174224184,-0.240358642077199,5.01720950775714
0.820262271709285,7.39096606457045,8,8.52278159775194,0.382555255616679,6.45260974666643
0.576502840575381,6.87836176642635,7,8.02081848429903,-0.0315965631956231,5.50278906913185
0.938623422359679,7.62552296521382,8,8.75073620272867,1.26266890348369,8.20827414983727
0.840577607581379,7.43196756588932,8,8.56264427102379,0.737640132599278,7.2238395007703
-0.737699706251775,3.84452513434956,3,4.54679858818687,-0.181152102126035,5.15492396014958
0.160451253069382,5.94138502733454,6,7.06455906896999,0.14237394393723,5.905503270691
0.499541941114457,6.70983284506618,7,7.85333533413758,0.388029115494216,6.46489950617684
-0.495052079039003,4.41008995611005,4,5.29571218008262,-0.142010716323523,5.24600167005458
-0.331406462815973,4.79172682478514,5,5.76980785826402,-1.20216112236899,2.69927485650269
-0.737699706251775,3.84452513434956,3,4.54679858818687,-0.476798088102603,4.46883831372646
1.23237061703657,8.15660858681269,9,9.27169518964769,0.980575163153292,7.70822776827445
-0.570895732955109,4.23370483959362,4,5.06775757510589,0.197707822072829,6.03269645776144
1.23237061703657,8.15660858681269,9,9.27169518964769,1.77945316359752,8.91953972651693
-0.302557264857484,4.85921636135327,5,5.85098925175476,-0.519325596260593,4.37038738497706
0.938623422359679,7.62552296521382,8,8.75073620272867,0.307393104684139,6.28293753683727
-0.48347727934103,4.43702344634158,4,5.33003026483575,-0.63652056330538,4.09843689019144
-0.301069155226353,4.86269921030198,4,5.8551579449705,0.196374858292842,6.02963912679589
-0.301069155226353,4.86269921030198,4,5.8551579449705,-0.321274095306981,4.82922827491227
-1.60949966852091,1.6607494033029,1,1.50766321368233,-1.29314723855348,2.45619378251429
0.199392061803599,6.03127375918886,6,7.1593486085384,0.330077760131507,6.33431875041017
-0.776510061409653,3.75319404844748,4,4.42158582820854,-1.14988102753735,2.83740242402822
-0.515347334040122,4.36287868933125,4,5.23524072526734,-0.229410581931184,5.04266666125909
1.25643008151849,8.19653788245115,9,9.31155786291953,2.31478390609548,9.39259224706636
-1.1789197412052,2.76329023238899,2,3.03913537450454,-1.52335745816529,1.84468801643725
-1.41259874358695,2.15653517220487,2,2.1961053507628,-1.44559984057838,2.04839638305959
0.592520695726839,6.91308278994091,7,8.05513656905216,0.408517247672118,6.51081156404774
-0.966587427432202,3.29691331079787,3,3.7864576493473,-1.15658871893887,2.81976432264684
0.271665027196098,6.19717108404936,6,7.33237634721856,-0.587973503539235,4.21128472559408
0.24059527082913,6.12601179724162,6,7.2584536074559,0.8318809684196,7.41687506772058
-0.555184000454783,4.27024024411411,4,5.11542578767436,-0.651872494946631,4.06266047050796
-0.48347727934103,4.43702344634158,4,5.33003026483575,-0.923819449063188,3.41347638597018
-0.519844456469949,4.35241932222546,4,5.22178944031996,-0.548138085199434,4.303653088675
0.475448155678996,6.65653097420804,7,7.80002137591834,0.483117208870182,6.67672679509937
-0.04597301132529,5.46062557093049,5,6.54360008205097,0.10262369384955,5.81381534809948
-0.301069155226353,4.86269921030198,4,5.8551579449705,-0.396851745537833,4.6539638242961
0.878670265402023,7.50803734403149,8,8.63656701078645,0.27142142653415,6.20118214863181
-1.19084344088244,2.73260034221067,2,2.99630896287422,-1.9577632925203,0.878443898760019
-0.04597301132529,5.46062557093049,5,6.54360008205097,-0.223749259465705,5.05583243006089
1.26460638485041,8.20997764087302,9,9.32500914786692,1.46067699205708,8.51284290439662
-0.515347334040122,4.36287868933125,4,5.23524072526734,-0.971675482364539,3.29468138714494
-0.737699706251775,3.84452513434956,3,4.54679858818687,-0.141470348921096,5.24725907655084
-1.17361913416288,2.77691302702518,2,3.05815283899499,-1.30432069845579,2.42621045793421
-0.737699706251775,3.84452513434956,3,4.54679858818687,-1.26250232515653,2.53832948339475
-0.220209729518988,5.05213605127956,5,6.07894385673149,-0.334748646137341,4.79795788635506
1.36041191794248,8.36249140310666,9,9.47904101308099,2.65352323563833,9.58487800694115
0.515152259501793,6.74423432648333,7,7.88765341889071,-0.109857188015382,5.32081658982472
0.551789325196849,6.82454451464214,7,7.96750452607979,0.790266710228631,7.33237540593801
-0.737699706251775,3.84452513434956,3,4.54679858818687,-0.613233394291672,4.15261611334797
-2.14742984530952,0.639887316922247,0,0,-2.18650059960906,0.543730598383828
-0.960581021984919,3.31161907071143,3,3.80706643089073,-0.995878482008687,3.23395220085255
-0.737699706251775,3.84452513434956,3,4.54679858818687,-0.855353506598283,3.5806346089222
-0.301069155226353,4.86269921030198,4,5.8551579449705,-0.0655651558999623,5.42383713222397
-0.00932369848087768,5.54637233454871,5,6.63838962161938,0.0152303416238208,5.61150161052988
-0.737699706251775,3.84452513434956,3,4.54679858818687,-0.855429936950924,3.58044971445131
-0.336218194860719,4.7804762185194,5,5.75619971218636,0.0780967213426763,5.75712800010815
0.269324468589008,6.19181932480786,6,7.32683175869985,-0.564367244943436,4.26603991053705
-0.48347727934103,4.43702344634158,4,5.33003026483575,-0.761671578798328,3.80478619426052
0.542290823845633,6.80378265309963,7,7.94689574453637,-0.175408255482954,5.16828845712199
1.26460638485041,8.20997764087302,9,9.32500914786692,1.91131484931081,9.05879478380767
0.847468130331882,7.44580689485297,8,8.57609555597118,1.95693495838107,9.10327196841948
0.927697007815168,7.60432165893067,8,8.73012742118524,1.67788660120769,8.80098221221838
0.515152259501793,6.74423432648333,7,7.88765341889071,-0.0293549731872075,5.50799676422021
-1.17361913416288,2.77691302702518,2,3.05815283899499,-0.895849212941786,3.48214637167697
0.820262271709285,7.39096606457045,8,8.52278159775194,0.98525428723648,7.71710820514823
0.927697007815168,7.60432165893067,8,8.73012742118524,0.492492573558735,6.69742782646004
0.269324468589008,6.19181932480786,6,7.32683175869985,1.02401875708535,7.78996099788618
0.959892469497417,7.66651662938738,8,8.79059887600052,-0.0728888079161006,5.406807526008
-0.793431761642879,3.71322227190331,3,4.36651219577862,-0.702040667971392,3.94533273123201
0.576502840575381,6.87836176642635,7,8.02081848429903,0.906567049250537,7.56537385479414
-0.00932369848087768,5.54637233454871,5,6.63838962161938,-0.167904691639546,5.18574799818827
-0.48347727934103,4.43702344634158,4,5.33003026483575,0.0172398132870431,5.61616273807583
-0.543824384886492,4.29665459464973,4,5.14974387242749,-0.702184568889706,3.94499512885397
0.294942012423609,6.25031285768962,6,7.38730321351512,0.229491944594231,6.10549059803243
0.0358829475425118,5.6519555648465,6,6.75393470886457,-0.114364772116665,5.31032919470553
0.515152259501793,6.74423432648333,7,7.88765341889071,0.123386159014117,5.86173614318192
0.497027359199891,6.70428140855856,7,7.84779074561886,0.0699117717313704,5.73819334871385
-0.40397958887016,4.62223181873647,5,5.56246203483072,-0.647793470353039,4.0721713450807
-1.45723942290812,2.04145249574002,2,2.03666416713595,-1.34982759842845,2.30405882299486
-1.17361913416288,2.77691302702518,2,3.05815283899499,-0.765516650685688,3.79567386298017
0.269324468589008,6.19181932480786,6,7.32683175869985,0.616346021463508,6.96726387922587
-1.19084344088244,2.73260034221067,2,2.99630896287422,-1.26797982264387,2.52366243984421
0.851141962366517,7.45317149009533,8,8.58325305256722,-0.0518762129995011,5.45566127830756
-0.737699706251775,3.84452513434956,3,4.54679858818687,-1.10563108910205,2.95305492028158
-0.783274657247418,3.73722685527261,4,4.39960462535961,-0.674043664386321,4.01089457456932
0.246227186021216,6.13892910252213,6,7.27190489240329,-0.160740011903545,5.20241950109239
0.0411844535449099,5.66432177658739,6,6.76738599381196,0.128739648656468,5.87408177397499
-2.14742984530952,0.639887316922247,0,0,-1.28911309775558,2.46701559042067
-1.60949966852091,1.6607494033029,1,1.50766321368233,-1.66456494597647,1.4919167534714
-0.570895732955109,4.23370483959362,4,5.06775757510589,-0.91067960541909,3.44580408825813
0.199392061803599,6.03127375918886,6,7.1593486085384,-0.421652169701066,4.59651391440207
0.542290823845633,6.80378265309963,7,7.94689574453637,-0.173038053618114,5.1738034529869
-0.737699706251775,3.84452513434956,3,4.54679858818687,-1.16142013795731,2.80704364974359
-1.44746682022832,2.06655645876039,2,2.07144861223167,-2.15950634765521,0.576571245407349
-0.515347334040122,4.36287868933125,4,5.23524072526734,-0.65816679902947,4.04797674890941
-0.48347727934103,4.43702344634158,4,5.33003026483575,-0.305304960233607,4.86630090469878
0.294942012423609,6.25031285768962,6,7.38730321351512,-0.181278035143907,5.15463095084689
-1.19084344088244,2.73260034221067,2,2.99630896287422,-0.418566618669147,4.60366018355345
1.36041191794248,8.36249140310666,9,9.47904101308099,0.771542027367075,7.29396657393958
-1.66947506523265,1.51842230752153,1,1.30835935678363,-1.30430291348898,2.42625819227068
-2.14742984530952,0.639887316922247,0,0,-2.02287660616717,0.769869132182118
1.22003050865431,8.1359089809732,9,9.25108640810426,1.94227740713476,9.0891833952224
-1.59684062980767,1.69144149894711,1,1.55048962531266,-2.12724264742608,0.618084129264967
-1.41259874358695,2.15653517220487,2,2.1961053507628,-1.86583057485653,1.04978908296953
0.254874476951082,6.15874672244797,6,7.29251367394671,0.641519318664272,7.0211938935998
0.254874476951082,6.15874672244797,6,7.29251367394671,0.13105192360486,5.87941271035024
-0.0527429766268699,5.44477427222054,6,6.52598010388785,-0.288231735604377,4.90595196003315
-0.561461575580274,4.25564296768307,4,5.09640832318391,-0.794218532046156,3.72743513022196
-0.04597301132529,5.46062557093049,5,6.54360008205097,0.329388153114484,6.3327588799793
0.959892469497417,7.66651662938738,8,8.79059887600052,0.96388346501883,7.67639949119547
-0.240234785214013,5.00519220094997,5,6.02401699043493,-0.238112363031011,5.02243233716514
0.851141962366517,7.45317149009533,8,8.58325305256722,0.674268597611466,7.09083952986896
-0.022637311617515,5.51523665525912,5,6.60407153686625,0.127692505353564,5.87166731614651
-0.327129680760811,4.80172808829375,5,5.7818867219059,-0.15740194639308,5.21018696273163
-1.60949966852091,1.6607494033029,1,1.50766321368233,-1.4406496897052,2.06151366510008
-0.515347334040122,4.36287868933125,4,5.23524072526734,-0.896016044194903,3.48173838627952
0.927697007815168,7.60432165893067,8,8.73012742118524,1.67539713132695,8.79794917054784
1.25643008151849,8.19653788245115,9,9.31155786291953,0.61100202953543,6.95577251221089
-0.04597301132529,5.46062557093049,5,6.54360008205097,0.327440743960286,6.32835317466212
-0.984554133058544,3.25279686680389,3,3.72461377322653,-0.536337849577554,4.33098972371752
0.515152259501793,6.74423432648333,7,7.88765341889071,-0.560859113272992,4.27417230370034
1.71954729863576,8.85137646012049,10,10,2.23950094829323,9.33988013838197
-0.737699706251775,3.84452513434956,3,4.54679858818687,-0.283756651296706,4.91634747051152
0.294942012423609,6.25031285768962,6,7.38730321351512,0.0157636026317046,5.61273858723745
-0.763713629477786,3.78335772557958,4,4.46303981853337,-0.326600861747996,4.81686523481458
1.36041191794248,8.36249140310666,9,9.47904101308099,0.94600840622099,7.64205912711586
0.551789325196849,6.82454451464214,7,7.96750452607979,0.975137352628645,7.69788431865016
0.592520695726839,6.91308278994091,7,8.05513656905216,0.63046600275099,6.99755511995654
0.570248117263869,6.86476918606246,7,8.00736719935164,0.720897205284809,7.18893680787427
-1.19084344088244,2.73260034221067,2,2.99630896287422,-1.41480825025012,2.13020549623364
-0.501983114713049,4.39396502342342,4,5.27510339853919,-0.687879685655222,3.97852338543608
-0.247132989628093,4.98902475200715,5,6.00502111696883,-0.12556282496693,5.28427420737664
1.71954729863576,8.85137646012049,10,10,1.26349960450986,8.20963460709251
-1.1789197412052,2.76329023238899,2,3.03913537450454,-1.77051944126581,1.24858611480657
-0.301069155226353,4.86269921030198,4,5.8551579449705,0.197961347883083,6.03327791356764
-0.0475759075937006,5.45687282729399,6,6.53943138883523,-0.690174546887317,3.97314887207986
1.71954729863576,8.85137646012049,10,10,1.06805099608393,7.87112251541088
0.254874476951082,6.15874672244797,6,7.29251367394671,0.379753324664051,6.44631520455364
0.542290823845633,6.80378265309963,7,7.94689574453637,0.170290574194903,5.96974291420619
-0.737699706251775,3.84452513434956,3,4.54679858818687,-0.594205813459332,4.19681792456481
-0.322103521262386,4.81348350085115,5,5.7960623854582,-0.494595672120125,4.4276402424589
-0.301069155226353,4.86269921030198,4,5.8551579449705,0.302123073106613,6.27098083244551
0.542290823845633,6.80378265309963,7,7.94689574453637,0.59700618792885,6.9256078107343
-0.555184000454783,4.27024024411411,4,5.11542578767436,-0.753415631632666,3.82432967425074
1.23237061703657,8.15660858681269,9,9.27169518964769,1.01843600967706,7.77954874171748
0.199392061803599,6.03127375918886,6,7.1593486085384,0.11705148903629,5.84712216424887
-1.60949966852091,1.6607494033029,1,1.50766321368233,-1.36085069496495,2.27449306514617
0.792520569254532,7.33450676775282,8,8.46785473145539,1.62773614398692,8.73869071998836
-0.301069155226353,4.86269921030198,4,5.8551579449705,-0.213234009158721,5.08028909068918
0.909605301325165,7.56900870781654,8,8.69580933643211,0.838645712830536,7.43049561858081
-0.109794222448249,5.31108520439177,5,6.37611693188952,-0.540261057374483,4.32190211162764
0.199392061803599,6.03127375918886,6,7.1593486085384,0.474964227007115,6.65869622173342
0.46618498524514,6.63597419392793,7,7.77941259437492,0.76648241719423,7.28354802563956
-0.737699706251775,3.84452513434956,3,4.54679858818687,-0.319071584619723,4.83434060518349
1.19962730879912,8.10135956640896,9,9.21676832335113,1.0222973489317,7.78675333074616
-0.737699706251775,3.84452513434956,3,4.54679858818687,-0.582939253096428,4.22296696048034
-2.14742984530952,0.639887316922247,0,0,-1.92437449649675,0.938260992091386
0.223961012697368,6.08781364196072,6,7.21859093418405,1.14559542861658,8.00977566013092
0.959892469497417,7.66651662938738,8,8.79059887600052,0.825862589471118,7.40472971479521
1.36041191794248,8.36249140310666,9,9.47904101308099,1.38448436060553,8.40036685731651
-1.60949966852091,1.6607494033029,1,1.50766321368233,-1.86727677194681,1.04693402092353
0.160451253069382,5.94138502733454,6,7.06455906896999,0.330242866945112,6.33469219713639
-0.322103521262386,4.81348350085115,5,5.7960623854582,-0.654755740829917,4.055935428119
-0.0607433417453693,5.4260379571232,6,6.5051133040821,-0.156796568894796,5.21159564236479
0.829923817547013,7.41050231725914,8,8.54177747121804,0.0841902561302846,5.77121897990961
-0.109794222448249,5.31108520439177,5,6.37611693188952,1.09251856184192,7.9154701902772
-1.17361913416288,2.77691302702518,2,3.05815283899499,-1.00035860177442,3.22266228839689
-0.749824397631541,3.8160400732377,4,4.50784544987541,-0.207251132140859,5.09420569953336
-0.737699706251775,3.84452513434956,3,4.54679858818687,-0.794611810740353,3.72649730477167
-0.501983114713049,4.39396502342342,4,5.27510339853919,-0.580573924951689,4.22845478525187
0.185241657813729,5.998647458439,6,7.12503052378526,0.214955793627493,6.07222488765092
0.851141962366517,7.45317149009533,8,8.58325305256722,0.321959041885463,6.31594598639145
-0.570895732955109,4.23370483959362,4,5.06775757510589,-0.483212623955636,4.45399000474106
0.847468130331882,7.44580689485297,8,8.57609555597118,1.19335728131796,8.09236312979219
1.23237061703657,8.15660858681269,9,9.27169518964769,1.21798078425675,8.13408111957576
-0.314782984019555,4.8306083908376,5,5.81667116700163,-0.906152577241086,3.45691379479782
-0.301069155226353,4.86269921030198,4,5.8551579449705,-0.34069064929446,4.78417151143124
0.499541941114457,6.70983284506618,7,7.85333533413758,-0.0306191035205065,5.50505995776013
-0.799254292248503,3.69944503392746,3,4.34749473128817,-1.68973830055798,1.43219368793644
-0.301069155226353,4.86269921030198,4,5.8551579449705,0.717287407286145,7.18138901349717
0.490935522363066,6.69082126841918,7,7.83433946067148,0.193610039646525,6.02329653453524
-0.302557264857484,4.85921636135327,5,5.85098925175476,0.388324279150954,6.46556192422265
0.269324468589008,6.19181932480786,6,7.32683175869985,-0.494597730469629,4.42763547763575
-0.599730472951028,4.16663760554438,4,4.97965917179093,-1.63339548413655,1.5673448978578
1.71954729863576,8.85137646012049,10,10,1.67408244961488,8.79634494903324
1.36041191794248,8.36249140310666,9,9.47904101308099,1.32001213657218,8.30056610465824
0.0195875068828541,5.61392321592152,6,6.7124591275154,-0.221619361279941,5.06078592409093
-0.501983114713049,4.39396502342342,4,5.27510339853919,-0.765509869496364,3.79568993938942
0.620960188832158,6.97440675994234,7,8.11560802386744,0.674447454039844,7.09121824021657
1.36041191794248,8.36249140310666,9,9.47904101308099,1.11040566796808,7.9475441451856
1.25643008151849,8.19653788245115,9,9.31155786291953,1.95827794332044,9.10455334974448
-1.19084344088244,2.73260034221067,2,2.99630896287422,-1.03179337435459,3.14301877200809
-0.220209729518988,5.05213605127956,5,6.07894385673149,-0.31785138878026,4.83717296359081
-0.515347334040122,4.36287868933125,4,5.23524072526734,-0.967648106510225,3.30474393197933
0.586231973997287,6.89946639054063,7,8.04168528410478,0.678412459983432,7.09960903700903
-1.17361913416288,2.77691302702518,2,3.05815283899499,-1.57522253440736,1.71203789729967
-0.0511424732550938,5.44852201327419,5,6.53014879710359,0.577985446853173,6.88445678238229
-1.60949966852091,1.6607494033029,1,1.50766321368233,-1.50783973825562,1.88493375100704
-0.0511424732550938,5.44852201327419,5,6.53014879710359,-0.967451404247216,3.30523508874013
1.71954729863576,8.85137646012049,10,10,1.85693504040446,9.0033232797071
0.294942012423609,6.25031285768962,6,7.38730321351512,0.127828274048604,5.87198037537958
0.551789325196849,6.82454451464214,7,7.96750452607979,-0.0101354854979014,5.55263366078354
-0.805204261200907,3.68535325656038,4,4.32802541780975,-0.713793071642004,3.91773795158882
-2.14742984530952,0.639887316922247,0,0,-1.68914600071551,1.43358603680108
0.499541941114457,6.70983284506618,7,7.85333533413758,0.441655595656574,6.58476647720402
1.71954729863576,8.85137646012049,10,10,0.946587985857975,7.64317667935332
0.286189027990291,6.23034729640166,6,7.36669443197169,-0.285431176954614,4.91245746875975
-0.737699706251775,3.84452513434956,3,4.54679858818687,-0.840978944202784,3.61534496801085
0.286189027990291,6.23034729640166,6,7.36669443197169,1.29330233210809,8.25798783972482
-0.340967679131034,4.76937288026869,5,5.74274842723897,-0.989032200328052,3.25117547919862
-1.19084344088244,2.73260034221067,2,2.99630896287422,-1.15658871893887,2.81976432264684
-1.17361913416288,2.77691302702518,2,3.05815283899499,-1.01418045571152,3.18773527913146
-0.519844456469949,4.35241932222546,4,5.22178944031996,-0.582909278987522,4.2230365078239
-0.227736973686993,5.03448854093441,5,6.05833507518806,-0.674165757749445,4.01060915610548
-0.570895732955109,4.23370483959362,4,5.06775757510589,-0.419144738628797,4.60232120525674
0.294942012423609,6.25031285768962,6,7.38730321351512,0.193469709529413,6.02297457247718
0.620960188832158,6.97440675994234,7,8.11560802386744,0.492691995310999,6.69786776775537
1.22003050865431,8.1359089809732,9,9.25108640810426,1.46139987904983,8.51388156590911
0.515152259501793,6.74423432648333,7,7.88765341889071,1.65347409543252,8.77097325430201
0.840577607581379,7.43196756588932,8,8.56264427102379,1.10059476426529,7.92998839636817
-0.737699706251775,3.84452513434956,3,4.54679858818687,-1.17986758679626,2.75835300093388
-0.0511424732550938,5.44852201327419,5,6.53014879710359,0.704895985794276,7.1554192376221
-0.00932369848087768,5.54637233454871,5,6.63838962161938,0.0393039403319954,5.66731682095665
1.36041191794248,8.36249140310666,9,9.47904101308099,0.45085163909416,6.60521928182314
0.249227859934755,6.14580813560251,6,7.27906238899933,0.251066974830455,6.15477967925073
-0.737699706251775,3.84452513434956,3,4.54679858818687,-0.0399178648142023,5.48345414125914
0.515152259501793,6.74423432648333,7,7.88765341889071,0.451798134027392,6.60732258768179
-1.60949966852091,1.6607494033029,1,1.50766321368233,-1.03228606053788,3.14176454772797
-0.649521932944239,4.05070332457792,4,4.82562730657686,-0.887941360657719,3.50146341713065
-0.737699706251775,3.84452513434956,3,4.54679858818687,-1.22456499682745,2.63967468231141
-0.737699706251775,3.84452513434956,3,4.54679858818687,-1.16005723937989,2.81063339633812
0.938623422359679,7.62552296521382,8,8.75073620272867,1.4879014635719,8.55159008715229
-0.0306078615600133,5.49658875259346,5,6.58346275532282,0.012319970095703,5.60475012726725
-0.519844456469949,4.35241932222546,4,5.22178944031996,-0.141798002815573,5.24649664331569
1.25643008151849,8.19653788245115,9,9.31155786291953,1.88164677884422,9.02886624271932
0.959892469497417,7.66651662938738,8,8.79059887600052,0.831328404168296,7.41576104822416
-0.968601206541116,3.29197812044263,3,3.77954063952309,-1.32507692843252,2.3704908082356
-0.793431761642879,3.71322227190331,3,4.36651219577862,-1.48033417717692,1.95680501233776
-0.301069155226353,4.86269921030198,4,5.8551579449705,-0.655971733563501,4.05309859336904
-0.109794222448249,5.31108520439177,5,6.37611693188952,-1.03110000136673,3.14478357194978
0.847468130331882,7.44580689485297,8,8.57609555597118,0.673229647204337,7.08863929675572
-0.0889375025670432,5.35997808403329,6,6.43119056431944,-0.0333862391612763,5.49863103669645
-1.60949966852091,1.6607494033029,1,1.50766321368233,-1.29979882796723,2.43834615691883
0.448346006632604,6.59628878248262,7,7.73954992110307,0.793217046282755,7.33840569949522
0.967110172222574,7.68034396310388,8,8.8040501609479,1.78402195332888,8.92463781953066
0.570248117263869,6.86476918606246,7,8.00736719935164,0.212463936356984,6.06651786074127
-1.19084344088244,2.73260034221067,2,2.99630896287422,-0.162346103750954,5.1986822515998
0.160451253069382,5.94138502733454,6,7.06455906896999,1.37597699799404,8.38743987759793
1.23237061703657,8.15660858681269,9,9.27169518964769,1.31179770462378,8.28754792562986
1.23237061703657,8.15660858681269,9,9.27169518964769,1.58636541641845,8.68540447845621
-1.17361913416288,2.77691302702518,2,3.05815283899499,-0.564685626937885,4.26530179692426
0.472227870890714,6.64938850799629,7,7.7928638793223,0.238037012079723,6.12502458245737
-1.1789197412052,2.76329023238899,2,3.03913537450454,-1.52492806844662,1.84062774317643
-0.04597301132529,5.46062557093049,5,6.54360008205097,0.396452086547761,6.48379148782356
0.475448155678996,6.65653097420804,7,7.80002137591834,0.123025189508426,5.86090355607204
-2.14742984530952,0.639887316922247,0,0,-1.6064000627675,1.63389481596255
-1.02650027560836,3.14904138124919,3,3.579111825914,-0.838704979594925,3.62082453523299
1.71954729863576,8.85137646012049,10,10,2.09638469830313,9.22808587370266
0.847468130331882,7.44580689485297,8,8.57609555597118,0.963887238324773,7.67640671245404
-2.14742984530952,0.639887316922247,0,0,-2.63991110162284,0.200038533959917
-0.737699706251775,3.84452513434956,3,4.54679858818687,-1.31668796886817,2.39301238153879
-0.570895732955109,4.23370483959362,4,5.06775757510589,-1.1609382223339,2.80831309177128
-0.737699706251775,3.84452513434956,3,4.54679858818687,-1.02782973693063,3.15310228818676
-0.04597301132529,5.46062557093049,5,6.54360008205097,-0.360055918330779,4.7392547218967
-0.220209729518988,5.05213605127956,5,6.07894385673149,0.054130467149003,5.70166286513425
-2.14742984530952,0.639887316922247,0,0,-1.8829379971161,1.01633692833726
0.199392061803599,6.03127375918886,6,7.1593486085384,0.747078142011699,7.24343661246179
-0.0306078615600133,5.49658875259346,5,6.58346275532282,0.753129917932784,7.25597263675242
-0.737699706251775,3.84452513434956,3,4.54679858818687,-1.02408159324525,3.16262667546368
-0.301069155226353,4.86269921030198,4,5.8551579449705,0.240181279440075,6.12992383878066
-0.983695056183151,3.25491068413424,3,3.72757751158501,-1.07640743537479,3.02871174272099
0.515152259501793,6.74423432648333,7,7.88765341889071,0.652020962372829,7.04359171013619
-0.340967679131034,4.76937288026869,5,5.74274842723897,-0.533652240303151,4.33721009579288
-1.3957567346532,2.20018325945938,2,2.25657680557807,-1.67702173080693,1.46222479934654
1.26460638485041,8.20997764087302,9,9.32500914786692,1.58491612056577,8.68350640830424
-1.60949966852091,1.6607494033029,1,1.50766321368233,-1.32576856492492,2.36863399695149
-0.247132989628093,4.98902475200715,5,6.00502111696883,-0.53947070305567,4.32373293957721
0.0277762817072111,5.63303923826845,6,6.73332592732115,-0.616103159722168,4.14594464307643
0.249227859934755,6.14580813560251,6,7.27906238899933,0.408200670916874,6.51010321316406
0.246227186021216,6.13892910252213,6,7.27190489240329,0.198257963264031,6.03395817825013
-2.14742984530952,0.639887316922247,0,0,-2.72153168651664,0.168121062199378
0.792520569254532,7.33450676775282,8,8.46785473145539,1.11701733549065,7.95932486378829
1.26460638485041,8.20997764087302,9,9.32500914786692,1.83103007287463,8.97593976974286
-0.259560032259945,4.95990481308748,5,5.9707030322157,0.200300282270489,6.03864160820943
-0.495052079039003,4.41008995611005,4,5.29571218008262,-0.619648039365739,4.1377017785127
0.185241657813729,5.998647458439,6,7.12503052378526,-0.376919117340505,4.7001580155216
0.595872448722802,6.92033185932411,7,8.0622940656482,0.930106513108854,7.61129081341316
-0.9960902612009,3.22436834394592,3,3.68475109995468,-0.989371747986968,3.25032211081282
1.71954729863576,8.85137646012049,10,10,2.72669295066838,9.61804289482425
0.847468130331882,7.44580689485297,8,8.57609555597118,1.2128665210063,8.12546497340668
-0.737699706251775,3.84452513434956,3,4.54679858818687,-0.280785259138543,4.9232505037539
0.938623422359679,7.62552296521382,8,8.75073620272867,1.38194563030671,8.39651697245929
0.909605301325165,7.56900870781654,8,8.69580933643211,1.33175916664119,8.31906430953061
0.254874476951082,6.15874672244797,6,7.29251367394671,-0.413068058349087,4.61639600424379
-0.737699706251775,3.84452513434956,3,4.54679858818687,-1.21723903590545,2.65918684809608
-0.259560032259945,4.95990481308748,5,5.9707030322157,0.227074743422457,6.09996200010417
-1.19084344088244,2.73260034221067,2,2.99630896287422,-1.74030240909935,1.31575325664027
0.570248117263869,6.86476918606246,7,8.00736719935164,-0.278338036618687,4.92893613729593
-1.17361913416288,2.77691302702518,2,3.05815283899499,-1.80681438556184,1.17047088800349
1.36041191794248,8.36249140310666,9,9.47904101308099,2.2141081548417,9.32118043738511
0.185241657813729,5.998647458439,6,7.12503052378526,0.573195119520282,6.87406524940202
0.269905125480396,6.19314715209149,7,7.32820765400282,-0.622012852595876,4.13220168992129
0.840577607581379,7.43196756588932,8,8.56264427102379,0.189009705024796,6.01273991243483
1.71954729863576,8.85137646012049,10,10,0.786395678277506,7.32445430927775
0.499541941114457,6.70983284506618,7,7.85333533413758,-0.0443260828917163,5.47320976287712
-0.220209729518988,5.05213605127956,5,6.07894385673149,-0.464137579641216,4.49814528002142
-0.0306078615600133,5.49658875259346,5,6.58346275532282,-0.167512975072331,5.18665947332264
-0.301069155226353,4.86269921030198,4,5.8551579449705,-0.436149087752703,4.56294293535636
-1.19084344088244,2.73260034221067,2,2.99630896287422,-1.24733869778605,2.57889193049467
0.286189027990291,6.23034729640166,6,7.36669443197169,0.0748018524719948,5.74950681944778
0.847468130331882,7.44580689485297,8,8.57609555597118,-0.0958018776263783,5.35351495164007
-0.495052079039003,4.41008995611005,4,5.29571218008262,-0.198000705309157,5.11572472005244
-0.519844456469949,4.35241932222546,4,5.22178944031996,-0.0425193151144818,5.47740869576722
1.19962730879912,8.10135956640896,9,9.21676832335113,0.37178078299189,6.42839125506074
1.71954729863576,8.85137646012049,10,10,1.84541280811634,8.99122058347575
1.25643008151849,8.19653788245115,9,9.31155786291953,2.01704502129197,9.15908960084391
-0.799254292248503,3.69944503392746,3,4.34749473128817,-0.405582853915652,4.63373530802416
-0.48347727934103,4.43702344634158,4,5.33003026483575,-0.126097944039559,5.28302907940179
-0.242249702268983,5.00046958860074,5,6.01847240191622,0.1050949205268,5.81952234849265
1.71954729863576,8.85137646012049,10,10,2.34347597034963,9.41164387021907
-1.19084344088244,2.73260034221067,2,2.99630896287422,-1.28344921803607,2.48220526455594
-0.0306078615600133,5.49658875259346,5,6.58346275532282,-0.453819482813919,4.52203135075509
0.570248117263869,6.86476918606246,7,8.00736719935164,0.563975181123233,6.85403389361511
-2.14742984530952,0.639887316922247,0,0,-2.06342210078267,0.707673854992944
-0.022637311617515,5.51523665525912,5,6.60407153686625,0.0860825810936206,5.77559390385076
-0.262146148024906,4.95384580301628,5,5.96354553561966,-0.266918843189963,4.95547023008878
0.271665027196098,6.19717108404936,6,7.33237634721856,-0.418963282496543,4.60274147274539
1.71954729863576,8.85137646012049,10,10,2.63451469728164,9.57582237660833
-0.301069155226353,4.86269921030198,4,5.8551579449705,-0.405114500680861,4.63482031735292
-0.515347334040122,4.36287868933125,4,5.23524072526734,-0.673675040952227,4.0117562834384
1.23237061703657,8.15660858681269,9,9.27169518964769,0.664482026148975,7.07008976390975
-0.519844456469949,4.35241932222546,4,5.22178944031996,-0.154290117994856,5.21742802754426
1.71954729863576,8.85137646012049,10,10,1.68615217722453,8.81100851249035
1.23237061703657,8.15660858681269,9,9.27169518964769,1.59422739987439,8.69566386346985
0.499541941114457,6.70983284506618,7,7.85333533413758,0.886972018667946,7.5268203129914
0.524565355246269,6.76492661794119,7,7.90826220043414,0.451570981063078,6.60681783775041
-1.38957868490234,2.21621844494459,2,2.27879443566497,-2.28164129650817,0.44104965038229
1.71954729863576,8.85137646012049,10,10,1.49481839883368,8.56131366529201
-1.41259874358695,2.15653517220487,2,2.1961053507628,-1.74292767825003,1.30984355784825
-1.39150157285212,2.21122632160158,2,2.27187742584076,-0.657809740205658,4.04880996924664
-0.495052079039003,4.41008995611005,4,5.29571218008262,-1.17119357637978,2.78127061218735
0.551789325196849,6.82454451464214,7,7.96750452607979,0.248051833810348,6.14789775732903
0.858060207010219,7.46701297743401,8,8.5967043375146,0.720471591290182,7.18804729916944
0.567673771859341,6.85916913508252,7,8.00182261083293,0.360305296447971,6.40255716449525
1.36041191794248,8.36249140310666,9,9.47904101308099,1.15735936111793,8.03031959393214
-0.737699706251775,3.84452513434956,3,4.54679858818687,-0.745103119886339,3.84397757317688
1.26460638485041,8.20997764087302,9,9.32500914786692,0.37886039056858,6.44430870066357
-0.519844456469949,4.35241932222546,4,5.22178944031996,0.116634241727126,5.8461593696435
-0.0306078615600133,5.49658875259346,5,6.58346275532282,0.242566004902931,6.13537129122398
0.24059527082913,6.12601179724162,6,7.2584536074559,0.0542728248139894,5.70199252308771
1.26460638485041,8.20997764087302,9,9.32500914786692,1.7091942436413,8.83860269594598
-0.793431761642879,3.71322227190331,3,4.36651219577862,-0.838693533269587,3.62085210966987
-2.14742984530952,0.639887316922247,0,0,-1.78297204495641,1.22146298296693
0.595872448722802,6.92033185932411,7,8.0622940656482,0.707891999114138,7.16170674865812
0.185241657813729,5.998647458439,6,7.12503052378526,0.661086690223434,7.06287826060711
-0.267000990320176,4.942472342014,5,5.95009425067227,-0.533693636006011,4.33711421856783
-0.32812024616552,4.79941152802418,6,5.77909044999566,-0.319746697942924,4.83277354562822
0.620960188832158,6.97440675994234,7,8.11560802386744,0.753179631058999,7.25607551812031
0.847468130331882,7.44580689485297,8,8.57609555597118,0.585298153744968,6.90029867423031
-1.61514499008094,1.64713119736915,1,1.48864574919188,-1.38845138411986,2.20057300834195
1.25643008151849,8.19653788245115,9,9.31155786291953,0.984533480247519,7.71574139886285
-0.570895732955109,4.23370483959362,4,5.06775757510589,-0.616247394081611,4.14560929867397
1.23237061703657,8.15660858681269,9,9.27169518964769,1.23137117371187,8.15651893423172
1.19962730879912,8.10135956640896,9,9.21676832335113,1.2565961329071,8.1983078094529
0.620960188832158,6.97440675994234,7,8.11560802386744,0.732419320496102,7.21297482478697
1.71954729863576,8.85137646012049,10,10,1.92299793195088,9.07036204865487
0.286189027990291,6.23034729640166,6,7.36669443197169,-0.413953987036761,4.61434392559521
0.286189027990291,6.23034729640166,6,7.36669443197169,0.24748318650935,6.14659961261125
0.620960188832158,6.97440675994234,7,8.11560802386744,0.848418221647825,7.45011370834353
0.246227186021216,6.13892910252213,6,7.27190489240329,0.487682036240397,6.68681047641477
0.524565355246269,6.76492661794119,7,7.90826220043414,0.905827277602919,7.56392375311991
-1.44746682022832,2.06655645876039,2,2.07144861223167,-1.49959282219025,1.90641421319069
0.967110172222574,7.68034396310388,8,8.8040501609479,1.23163686393259,8.15696236079278
-0.811490515814905,3.67045036354263,4,4.30741663626632,-1.36115115390754,2.27368746003006
1.71954729863576,8.85137646012049,10,10,2.33891778331949,9.40865449997056
0.223961012697368,6.08781364196072,6,7.21859093418405,0.255814983352856,6.16561254223549
-0.9781779964681,3.26847523523986,3,3.74659497607546,-0.231923472222607,5.03682313194218
-0.247132989628093,4.98902475200715,5,6.00502111696883,-0.476525538332981,4.46946921054226
0.448346006632604,6.59628878248262,7,7.73954992110307,-0.148915219197856,5.22993519258938
-2.14742984530952,0.639887316922247,0,0,-2.83202921749411,0.133747220692693
-0.022637311617515,5.51523665525912,5,6.60407153686625,-0.281498884442493,4.92159259407045
0.294942012423609,6.25031285768962,6,7.38730321351512,0.291590119756008,6.24706171065753
-1.60949966852091,1.6607494033029,1,1.50766321368233,-2.2448733383536,0.478394968188551
0.249227859934755,6.14580813560251,6,7.27906238899933,-0.363683754846512,4.73084242977915
0.286189027990291,6.23034729640166,6,7.36669443197169,0.652881471504066,7.04542432183955
-0.0889375025670432,5.35997808403329,6,6.43119056431944,1.21775851324813,8.13370718482274
0.592520695726839,6.91308278994091,7,8.05513656905216,1.89192660526376,9.03932689705845
-0.322103521262386,4.81348350085115,5,5.7960623854582,0.274399723049506,6.20796350892452
0.448346006632604,6.59628878248262,7,7.73954992110307,-0.0651321999333567,5.42484380699836
0.199392061803599,6.03127375918886,6,7.1593486085384,-0.346906595734515,4.76975165978509
-0.04597301132529,5.46062557093049,5,6.54360008205097,-0.146272506108502,5.23608468004534
0.878670265402023,7.50803734403149,8,8.63656701078645,-0.13547419768792,5.26121171227453
-2.14742984530952,0.639887316922247,0,0,-3.00381902818412,0.0953495821455503
-0.0576539534618492,5.43327360848475,6,6.51317686164104,0.135398460345644,5.88943134055686
-1.02650027560836,3.14904138124919,3,3.579111825914,-1.64652241105826,1.53538673839064
-0.737699706251775,3.84452513434956,3,4.54679858818687,-1.44065650873324,2.06149558566459
0.475448155678996,6.65653097420804,7,7.80002137591834,-0.200720096340385,5.10939845531138
0.199392061803599,6.03127375918886,6,7.1593486085384,-0.00529681179321636,5.56386711806232
0.847468130331882,7.44580689485297,8,8.57609555597118,0.194419910192574,6.02515456100146
-1.19084344088244,2.73260034221067,2,2.99630896287422,-0.830614715386544,3.64029499356082
-0.501983114713049,4.39396502342342,4,5.27510339853919,-0.687699901343426,3.97894436959573
-0.00932369848087768,5.54637233454871,5,6.63838962161938,-0.275073411986417,4.93652130366068
0.858060207010219,7.46701297743401,8,8.5967043375146,0.856543411726158,7.46637169200021
-0.240234785214013,5.00519220094997,5,6.02401699043493,-0.0158025885621903,5.53947466212369
-2.14742984530952,0.639887316922247,0,0,-1.93992995127926,0.91004604625543
0.586231973997287,6.89946639054063,7,8.04168528410478,0.92632673373649,7.60394746650711
-0.737699706251775,3.84452513434956,3,4.54679858818687,-0.436780130578632,4.56148176372159
-0.0306078615600133,5.49658875259346,5,6.58346275532282,-0.66757417003102,4.02601264251067
-0.570895732955109,4.23370483959362,4,5.06775757510589,-1.09597105328733,2.97812996601765
-0.793431761642879,3.71322227190331,3,4.36651219577862,-1.41919226049096,2.11852856837629
-0.515347334040122,4.36287868933125,4,5.23524072526734,-0.744533803229926,3.84532218711622
-1.59684062980767,1.69144149894711,1,1.55048962531266,-0.942370251897185,3.36762616625412
1.26460638485041,8.20997764087302,9,9.32500914786692,2.12797618861137,9.25412959359704
-0.109794222448249,5.31108520439177,5,6.37611693188952,-0.304882091477429,4.86728279189388
1.19962730879912,8.10135956640896,9,9.21676832335113,0.604898760599136,6.94263056016738
-0.022637311617515,5.51523665525912,5,6.60407153686625,0.548057755947542,6.81935792569524
-0.737699706251775,3.84452513434956,3,4.54679858818687,-0.888741298709869,3.49951126722059
-0.968601206541116,3.29197812044263,3,3.77954063952309,-0.708076183991835,3.93116709204292
1.36041191794248,8.36249140310666,9,9.47904101308099,2.24403523620033,9.34316955028479
-1.23016627557591,2.63098836445357,3,2.85468028888055,-1.44699856861664,2.04469257471255
0.602181874834474,6.93396212896296,7,8.07574535059559,0.30060434304676,6.26753375788489
-0.227736973686993,5.03448854093441,5,6.05833507518806,-1.05940213151827,3.0724551286538
0.570248117263869,6.86476918606246,7,8.00736719935164,0.141717775561763,5.90399175680355
0.858060207010219,7.46701297743401,8,8.5967043375146,0.731999750354716,7.21210094426951
-0.793431761642879,3.71322227190331,3,4.36651219577862,-0.913020263542809,3.44005431213724
-2.14742984530952,0.639887316922247,0,0,-2.27727984511403,0.445331480330957
-0.48347727934103,4.43702344634158,4,5.33003026483575,-0.278490269369071,4.92858244615616
1.71954729863576,8.85137646012049,10,10,1.77029738409184,8.9092630231226
-1.17361913416288,2.77691302702518,2,3.05815283899499,-1.95334501810702,0.88619906832899
-0.301069155226353,4.86269921030198,4,5.8551579449705,-0.323902715380392,4.82312723970112
0.199392061803599,6.03127375918886,6,7.1593486085384,0.793440573204473,7.33886233235485
0.294942012423609,6.25031285768962,6,7.38730321351512,0.393591226203609,6.47737744067374
-0.00932369848087768,5.54637233454871,5,6.63838962161938,-0.790713336132975,3.7357902748443
0.959892469497417,7.66651662938738,8,8.79059887600052,0.489737401100032,6.69134802606465
0.586231973997287,6.89946639054063,7,8.04168528410478,0.283232828875058,6.22806297459371
0.269324468589008,6.19181932480786,6,7.32683175869985,-0.238451046909474,5.0216448499057
-0.247132989628093,4.98902475200715,5,6.00502111696883,-0.0911421690451189,5.36435418166413
-0.109794222448249,5.31108520439177,5,6.37611693188952,0.224371001565558,6.09377654021671
-1.83902507766838,1.1498868791728,1,0.783231676648875,-2.57177733687336,0.231891181878862
-1.27198027887709,2.52240837191796,3,2.70361305273443,-1.1156817129095,2.92689838949682
-0.00932369848087768,5.54637233454871,5,6.63838962161938,0.121219301544753,5.85673792230584
-0.314782984019555,4.8306083908376,5,5.81667116700163,-0.456245301942254,4.51641549641436
0.269324468589008,6.19181932480786,6,7.32683175869985,0.58822472245836,6.90663134572608
-1.59684062980767,1.69144149894711,1,1.55048962531266,-2.24004253465551,0.483515668481792
-0.022637311617515,5.51523665525912,5,6.60407153686625,-0.102381581770994,5.33820848264964
-0.322103521262386,4.81348350085115,5,5.7960623854582,0.334410625865702,6.34411647692961
0.567673771859341,6.85916913508252,7,8.00182261083293,0.385419968441502,6.45904272664062
0.847468130331882,7.44580689485297,8,8.57609555597118,0.789830159500087,7.33148262232085
-0.022637311617515,5.51523665525912,5,6.60407153686625,0.645200512534969,7.02905195166349
-0.737699706251775,3.84452513434956,3,4.54679858818687,-1.00063720348133,3.2219597089602
-0.555184000454783,4.27024024411411,4,5.11542578767436,-0.674044478595218,4.01089267120121
1.25643008151849,8.19653788245115,9,9.31155786291953,2.7492978372837,9.62776489464128
0.497027359199891,6.70428140855856,7,7.84779074561886,0.618954869257914,6.97286841697445
0.829923817547013,7.41050231725914,8,8.54177747121804,0.085969995790879,5.77533362757104
1.22003050865431,8.1359089809732,9,9.25108640810426,1.26991964686794,8.22012568823812
1.71954729863576,8.85137646012049,10,10,1.12467150205214,7.97291230564682
0.840577607581379,7.43196756588932,8,8.56264427102379,1.17454672375269,8.06009774800836
1.71954729863576,8.85137646012049,10,10,2.08185846470612,9.21584123609262
-0.109794222448249,5.31108520439177,5,6.37611693188952,0.0843398686658837,5.77156489074163
-0.495052079039003,4.41008995611005,4,5.29571218008262,-0.186823400447403,5.14172876400981
-1.45950180201603,2.03564905731787,2,2.02862220060135,-1.40915802410905,2.14526757472467
-0.793431761642879,3.71322227190331,3,4.36651219577862,-0.768742127357626,3.78802474058452
1.26460638485041,8.20997764087302,9,9.32500914786692,1.20258424259034,8.10806488654588
-0.109794222448249,5.31108520439177,5,6.37611693188952,-0.0399430012392677,5.48339572924699
1.71954729863576,8.85137646012049,10,10,0.723187132576656,7.19372071126108
-1.17361913416288,2.77691302702518,2,3.05815283899499,-1.12100005349612,2.91303017536205
-0.519844456469949,4.35241932222546,4,5.22178944031996,-0.553311228455617,4.29166592902235
0.840577607581379,7.43196756588932,8,8.56264427102379,1.01546982828362,7.77400556987067
-0.0306078615600133,5.49658875259346,5,6.58346275532282,-0.18360971997433,5.14920584749942
0.595872448722802,6.92033185932411,7,8.0622940656482,1.00802301157306,7.76005549458199
0.847468130331882,7.44580689485297,8,8.57609555597118,1.23224953445113,8.15798461917101
-0.322103521262386,4.81348350085115,5,5.7960623854582,-1.25167119839422,2.56730920366772
-1.59684062980767,1.69144149894711,1,1.55048962531266,-1.09176348395745,2.98903150432407
0.263653123264626,6.17884553762695,6,7.31338047375246,0.987843233063103,7.72201378964625
1.25643008151849,8.19653788245115,9,9.31155786291953,1.62650551919891,8.737130538375
0.851141962366517,7.45317149009533,8,8.58325305256722,1.63315396504531,8.74554132868602
0.592520695726839,6.91308278994091,7,8.05513656905216,0.307685570741339,6.28360087054528
-1.27723862699652,2.50872602694729,3,2.68459558824398,-1.7410354955604,1.31410162253905
0.481509261633539,6.66996267405657,7,7.81347266086573,-0.00249044518860135,5.57038153236144
-0.0511424732550938,5.44852201327419,5,6.53014879710359,-0.00095355946812069,5.57394883491051
-1.1789197412052,2.76329023238899,2,3.03913537450454,-0.821936667594022,3.66113811413669
0.524565355246269,6.76492661794119,7,7.90826220043414,-0.0835751031909443,5.38195495506126
-0.242249702268983,5.00046958860074,5,6.01847240191622,0.288270206821685,6.23951663417757
0.829923817547013,7.41050231725914,8,8.54177747121804,0.95110464655004,7.65187637504923
0.515152259501793,6.74423432648333,7,7.88765341889071,0.882012559496564,7.5170156641231
-0.240234785214013,5.00519220094997,5,6.02401699043493,0.123532484564405,5.86207364182278
1.26460638485041,8.20997764087302,9,9.32500914786692,0.705465061573469,7.1566139295791
1.26460638485041,8.20997764087302,9,9.32500914786692,1.19782694385191,8.09997958504047
1.23237061703657,8.15660858681269,9,9.27169518964769,1.70104376609626,8.82890183906053
0.176772552658878,5.97909952316537,6,7.10442174224184,0.236343439893485,6.12115435990345
0.199392061803599,6.03127375918886,6,7.1593486085384,0.734464902188568,7.21723378352699
-0.301069155226353,4.86269921030198,4,5.8551579449705,0.107117305473977,5.82419215638646
-2.14742984530952,0.639887316922247,0,0,-1.80922293613955,1.16538957525106
0.223961012697368,6.08781364196072,6,7.21859093418405,0.623089583902577,6.98174369558821
0.263653123264626,6.17884553762695,6,7.31338047375246,0.697362527375684,7.13958560296742
0.254874476951082,6.15874672244797,6,7.29251367394671,1.71766445689936,8.84861497270852
0.481509261633539,6.66996267405657,7,7.81347266086573,0.336792512403872,6.34950025458619
0.271665027196098,6.19717108404936,6,7.33237634721856,-0.379675559026636,4.6937687315603
0.524565355246269,6.76492661794119,7,7.90826220043414,0.20963394266462,6.06003485836351
0.515152259501793,6.74423432648333,7,7.88765341889071,0.524166596771779,6.76709572098772
-0.0322178928507181,5.49282126026852,6,6.57929406210708,0.344404588768486,6.36669484785332
0.286189027990291,6.23034729640166,6,7.36669443197169,0.0475280620967974,5.68637117362222
-2.14742984530952,0.639887316922247,0,0,-1.8432211334309,1.09506837580719
-0.301069155226353,4.86269921030198,4,5.8551579449705,-0.527180334832493,4.35219871587205
1.22003050865431,8.1359089809732,9,9.25108640810426,0.430922935519489,6.56085700182373
-0.737699706251775,3.84452513434956,3,4.54679858818687,-0.771927006551837,3.7804672114889
-0.109794222448249,5.31108520439177,5,6.37611693188952,-0.173033901227601,5.17381311484634
-0.555184000454783,4.27024024411411,4,5.11542578767436,-0.842195215174378,3.61241286128467
0.802895791564057,7.35568466505492,8,8.48846351299881,0.144277415619079,5.90988760442181
1.71954729863576,8.85137646012049,10,10,1.81653236314597,8.96034062291472
1.71954729863576,8.85137646012049,10,10,1.44688424006756,8.49292257079589
1.22003050865431,8.1359089809732,9,9.25108640810426,1.5258397618984,8.60432031657138
1.23237061703657,8.15660858681269,9,9.27169518964769,0.48988374844298,6.69167104622597
-0.570895732955109,4.23370483959362,4,5.06775757510589,0.459503668038728,6.62443333202089
0.341367474194451,6.35583441056594,7,7.49569080416427,-0.487759448456354,4.4434650102302
-0.737699706251775,3.84452513434956,3,4.54679858818687,-0.796800670306039,3.72127623443684
-1.17361913416288,2.77691302702518,2,3.05815283899499,0.144674352332765,5.91080180750325
0.586231973997287,6.89946639054063,7,8.04168528410478,0.713887938227489,7.17427371751147
-0.022637311617515,5.51523665525912,5,6.60407153686625,-0.693935409065389,3.96433755979522
0.576502840575381,6.87836176642635,7,8.02081848429903,0.0447972703092639,5.68004504346178
0.802895791564057,7.35568466505492,8,8.48846351299881,0.806402705798594,7.36528347023099
0.448346006632604,6.59628878248262,7,7.73954992110307,0.658871955627414,7.0581708158895
-1.04419951987609,3.10493962588865,3,3.51726794979323,-1.10177603630102,2.963069394467
1.26460638485041,8.20997764087302,9,9.32500914786692,0.898337009778513,7.54921730462835
0.840577607581379,7.43196756588932,8,8.56264427102379,0.513526692734444,6.74374024143694
-2.14742984530952,0.639887316922247,0,0,-1.41873908618853,2.11973520144379
-1.60949966852091,1.6607494033029,1,1.50766321368233,-1.41840257309427,2.12063127128485
-0.737699706251775,3.84452513434956,3,4.54679858818687,-0.527174501206524,4.35221222536435
1.71954729863576,8.85137646012049,10,10,1.72197259672089,8.85368046693974
0.576502840575381,6.87836176642635,7,8.02081848429903,0.332200693493386,6.33911991692575
0.967110172222574,7.68034396310388,8,8.8040501609479,0.989727206950652,7.72558001625178
0.176772552658878,5.97909952316537,6,7.10442174224184,-0.09187786929752,5.36264286742297
-0.950557257542345,3.3361136931132,3,3.84138451564386,-1.46087698099354,2.00800963796099
-1.85804662514878,1.11215368442787,1,0.728304810352315,-1.54341037101187,1.79304111797365
-0.322103521262386,4.81348350085115,5,5.7960623854582,0.194162413800241,6.0245638198161
0.490935522363066,6.69082126841918,7,7.83433946067148,0.882484843863321,7.51795015884345
0.967110172222574,7.68034396310388,8,8.8040501609479,1.01095980181395,7.76556268158971
-0.301069155226353,4.86269921030198,4,5.8551579449705,-0.318684960044504,4.83523804182235
1.25643008151849,8.19653788245115,9,9.31155786291953,1.19729051126374,8.09906650868707
-2.14742984530952,0.639887316922247,0,0,-1.63409955297608,1.56562392848874
-0.737699706251775,3.84452513434956,3,4.54679858818687,-0.710950032765658,3.92441773773371
-0.501983114713049,4.39396502342342,4,5.27510339853919,-1.16029941986939,2.80999559354485
-0.121261952599748,5.28419562433433,6,6.34569371147959,-0.383029423243786,4.68599517878332
-1.19084344088244,2.73260034221067,2,2.99630896287422,-0.734844568255174,3.86818616225855
-2.14742984530952,0.639887316922247,0,0,-2.56492746166892,0.23538852922748
-2.14742984530952,0.639887316922247,0,0,-2.12882486195684,0.615990011379987
-0.022637311617515,5.51523665525912,5,6.60407153686625,0.523796684912741,6.76628455315713
-0.259560032259945,4.95990481308748,5,5.9707030322157,-0.247634062909401,5.00029477935076
0.472227870890714,6.64938850799629,7,7.7928638793223,-0.288613123985288,4.9050660517922
0.878670265402023,7.50803734403149,8,8.63656701078645,0.864253060687929,7.48175312507994
0.909605301325165,7.56900870781654,8,8.69580933643211,0.0755170934203954,5.75116132000786
-1.60949966852091,1.6607494033029,1,1.50766321368233,-1.66378666356315,1.4937806807678
0.959892469497417,7.66651662938738,8,8.79059887600052,0.82222261165723,7.39737156290865
-0.00932369848087768,5.54637233454871,5,6.63838962161938,0.485038669401665,6.68097231193057
1.19962730879912,8.10135956640896,9,9.21676832335113,1.53549358047882,8.61750330862955
-1.60949966852091,1.6607494033029,1,1.50766321368233,-1.80813344180645,1.1676864714176
-0.022637311617515,5.51523665525912,5,6.60407153686625,-0.0402702989541436,5.48263515157113
-1.19084344088244,2.73260034221067,2,2.99630896287422,-0.373359419612739,4.70840978709611
0.959892469497417,7.66651662938738,8,8.79059887600052,1.02802115482026,7.79740906051348
-0.737699706251775,3.84452513434956,3,4.54679858818687,-0.805363780433147,3.70082687619106
1.36041191794248,8.36249140310666,9,9.47904101308099,0.723661654843404,7.19471163497969
-0.247132989628093,4.98902475200715,5,6.00502111696883,-0.622848623716449,4.13025761324109
1.25643008151849,8.19653788245115,9,9.31155786291953,0.317887670872403,6.30672552054866
0.620960188832158,6.97440675994234,7,8.11560802386744,1.36980674833971,8.37801798442529
1.36041191794248,8.36249140310666,9,9.47904101308099,1.02277482037608,7.78764330844963
0.185241657813729,5.998647458439,6,7.12503052378526,-0.536502191356848,4.33060906464089
0.24059527082913,6.12601179724162,6,7.2584536074559,0.971789490091092,7.69150392445997
-0.48347727934103,4.43702344634158,4,5.33003026483575,-0.329646833062354,4.80979646808629
-0.0737624140340306,5.3955393966044,6,6.47105323759129,0.0027767605763013,5.58260656738778
-0.00932369848087768,5.54637233454871,5,6.63838962161938,0.419049816644578,6.53435895086219
-1.17361913416288,2.77691302702518,2,3.05815283899499,-1.15715430874614,2.81827587597576
0.269324468589008,6.19181932480786,6,7.32683175869985,0.569464404577662,6.86596470455817
-0.301069155226353,4.86269921030198,4,5.8551579449705,-0.321313506147741,4.82913679938747
-0.737699706251775,3.84452513434956,3,4.54679858818687,-0.639060866668078,4.0925204056525
1.22003050865431,8.1359089809732,9,9.25108640810426,1.30382471352782,8.2748473415947
-0.570895732955109,4.23370483959362,4,5.06775757510589,-0.701820206899686,3.94584993640474
-0.515347334040122,4.36287868933125,4,5.23524072526734,-1.21926393776567,2.65379582300046
-0.82361518475093,3.64166219729612,4,4.26755396299447,-1.15715288257986,2.81827962941136
0.286189027990291,6.23034729640166,6,7.36669443197169,0.0753751098645928,5.75083288770665
-0.109794222448249,5.31108520439177,5,6.37611693188952,0.23807440561195,6.12511002856015
1.71954729863576,8.85137646012049,10,10,1.59499760481997,8.69666556776038
-0.109794222448249,5.31108520439177,5,6.37611693188952,-0.0128509285694031,5.54632870762126
-0.301069155226353,4.86269921030198,4,5.8551579449705,-0.506157764253513,4.40087437485221
-0.737699706251775,3.84452513434956,3,4.54679858818687,-0.32221997941215,4.82703283065756
-1.17361913416288,2.77691302702518,2,3.05815283899499,-1.26367230257423,2.53519725436979
-0.737699706251775,3.84452513434956,3,4.54679858818687,-0.762593309994927,3.80260241189595
0.223961012697368,6.08781364196072,6,7.21859093418405,0.489881768284434,6.69166667564677
1.19962730879912,8.10135956640896,9,9.21676832335113,0.971441013276384,7.69083925591574
-0.737699706251775,3.84452513434956,3,4.54679858818687,-0.952056697097438,3.34358559359848
-1.19084344088244,2.73260034221067,2,2.99630896287422,-1.58650173725577,1.68361757024138
0.570248117263869,6.86476918606246,7,8.00736719935164,0.734308508959199,7.21690826097659
0.46618498524514,6.63597419392793,7,7.77941259437492,-0.356975224518195,4.74639885325009
0.254874476951082,6.15874672244797,6,7.29251367394671,-0.123609925959752,5.28881823013257
-0.501983114713049,4.39396502342342,4,5.27510339853919,-0.853107825404261,3.5860655780352
-0.737699706251775,3.84452513434956,3,4.54679858818687,-0.714346079374784,3.91643832074207
1.26460638485041,8.20997764087302,9,9.32500914786692,0.075236898488584,5.75051317867954
1.22003050865431,8.1359089809732,9,9.25108640810426,0.88673285905866,7.52634793515406
0.185241657813729,5.998647458439,6,7.12503052378526,-0.245124911133861,5.00612810026119
0.959892469497417,7.66651662938738,8,8.79059887600052,1.31692574691033,8.29568279798949
-0.240234785214013,5.00519220094997,5,6.02401699043493,-0.88701920473479,3.50371329361301
-1.17361913416288,2.77691302702518,2,3.05815283899499,-1.34884329053604,2.30669973969512
-0.109794222448249,5.31108520439177,5,6.37611693188952,-0.106743502150807,5.32806068732493
0.271665027196098,6.19717108404936,6,7.33237634721856,0.488444633690667,6.68849423270913
-0.9781779964681,3.26847523523986,3,3.74659497607546,-0.781141118083972,3.75857588072892
0.176772552658878,5.97909952316537,6,7.10442174224184,-0.272396983898079,4.9427402183745
-0.519844456469949,4.35241932222546,4,5.22178944031996,-0.874740259936736,3.53361780384909
0.286189027990291,6.23034729640166,6,7.36669443197169,0.294107736731448,6.25278154656195
0.199392061803599,6.03127375918886,6,7.1593486085384,0.797744251659681,7.34764746378752
-0.737699706251775,3.84452513434956,3,4.54679858818687,-0.386209289717146,4.67862544067264
0.222226252177084,6.08382613841178,7,7.21442224096831,0.178576549228171,5.98878346489449
0.909605301325165,7.56900870781654,8,8.69580933643211,1.28721261048842,8.24817980904903
0.199452706281452,6.03141348999354,7,7.15949537467175,-0.276911592268768,4.93225033358378
-0.515347334040122,4.36287868933125,4,5.23524072526734,-0.472273010748486,4.47931297928979
0.199392061803599,6.03127375918886,6,7.1593486085384,-0.319293172524781,4.83382625697444
-0.00932369848087768,5.54637233454871,5,6.63838962161938,-0.268956948710219,4.95073394796256
-0.950557257542345,3.3361136931132,3,3.84138451564386,-1.36260141349163,2.26979918467261
-0.793431761642879,3.71322227190331,3,4.36651219577862,-0.0544621639378481,5.44965015053879
0.472227870890714,6.64938850799629,7,7.7928638793223,1.24290282726349,8.17570082704824
-0.950557257542345,3.3361136931132,3,3.84138451564386,-1.26950303673135,2.5195824966105
0.592520695726839,6.91308278994091,7,8.05513656905216,-0.0789320350245194,5.39275362771366
0.46618498524514,6.63597419392793,7,7.77941259437492,0.090778075413146,5.78644752036005
0.499541941114457,6.70983284506618,7,7.85333533413758,0.74172256983404,7.23232322140691
-0.48347727934103,4.43702344634158,4,5.33003026483575,-0.638461293030094,4.09391696050325
0.792520569254532,7.33450676775282,8,8.46785473145539,1.88245587838327,9.02969307404653
-1.61514499008094,1.64713119736915,1,1.48864574919188,-2.15004047135709,0.588492879599319
-0.04597301132529,5.46062557093049,5,6.54360008205097,-0.264397344540435,4.96133012196511
0.551789325196849,6.82454451464214,7,7.96750452607979,0.717085166923022,7.18096590932203
-1.60949966852091,1.6607494033029,1,1.50766321368233,-1.43881666102609,2.06637458050995
0.271665027196098,6.19717108404936,6,7.33237634721856,-0.319749193592578,4.8327677528231
-0.331406462815973,4.79172682478514,5,5.76980785826402,-0.835667442541948,3.62813931766676
0.199392061803599,6.03127375918886,6,7.1593486085384,0.05252983299222,5.69795611594865
1.36041191794248,8.36249140310666,9,9.47904101308099,1.67309195674543,8.79513518105922
-0.966123986275811,3.29804873185517,3,3.78804896640028,-0.967969584142077,3.30394115440223
-0.0306078615600133,5.49658875259346,5,6.58346275532282,-0.450620127168256,4.52943814513054
0.586231973997287,6.89946639054063,7,8.04168528410478,0.548842176457876,6.82106951181802
-0.340967679131034,4.76937288026869,5,5.74274842723897,0.337829150632227,6.35184285895086
-0.737699706251775,3.84452513434956,3,4.54679858818687,-1.1662199705089,2.7943929323107
0.524565355246269,6.76492661794119,7,7.90826220043414,0.343682552417571,6.36506459440314
-0.00932369848087768,5.54637233454871,5,6.63838962161938,-0.15391929751708,5.21829090974155
-0.022637311617515,5.51523665525912,5,6.60407153686625,0.720053663181157,7.18717374526342
-0.301069155226353,4.86269921030198,4,5.8551579449705,-0.398298788159947,4.65061102862279
0.959892469497417,7.66651662938738,8,8.79059887600052,2.01708309338143,9.15912397038479
0.472227870890714,6.64938850799629,7,7.7928638793223,1.15198146612838,8.02094420401125
1.71954729863576,8.85137646012049,10,10,1.51660623067333,8.59162220400316
0.271665027196098,6.19717108404936,6,7.33237634721856,-0.594067741158237,4.19713848120472
-0.737699706251775,3.84452513434956,3,4.54679858818687,-0.992470289169064,3.24253067029494
-1.17361913416288,2.77691302702518,2,3.05815283899499,-1.50050110686568,1.90404544403543
0.160451253069382,5.94138502733454,6,7.06455906896999,-0.274028035587478,4.93895028571255
-1.60949966852091,1.6607494033029,1,1.50766321368233,-1.48767358165336,1.93756504496309
1.71954729863576,8.85137646012049,10,10,0.891229605890509,7.5352223832208
0.286189027990291,6.23034729640166,6,7.36669443197169,0.910473478782461,7.57302414413395
0.294942012423609,6.25031285768962,6,7.38730321351512,0.50846490497916,6.73261222067351
0.448346006632604,6.59628878248262,7,7.73954992110307,-0.438853253036911,4.55668155735812
-1.40104893267737,2.1864570260833,2,2.23755934108763,-0.783622908327147,3.75267257460101
0.620960188832158,6.97440675994234,7,8.11560802386744,-0.200722828594792,5.10939209920983
-0.570895732955109,4.23370483959362,4,5.06775757510589,-0.974141955734452,3.28851281009225
0.847468130331882,7.44580689485297,8,8.57609555597118,0.635892076355446,7.00916756716165
-0.0454438053825861,5.46186452004503,6,6.54497597735395,0.149168039308201,5.92114959615636
0.490935522363066,6.69082126841918,7,7.83433946067148,0.070596677394645,5.73977809294406
-0.301069155226353,4.86269921030198,4,5.8551579449705,-0.210049887821466,5.08769546498593
1.26460638485041,8.20997764087302,9,9.32500914786692,0.748220273198378,7.24580429180284
-0.737699706251775,3.84452513434956,3,4.54679858818687,-0.468239770475432,4.48864924650271
0.959892469497417,7.66651662938738,8,8.79059887600052,0.44576455972082,6.59390903496481
-0.570895732955109,4.23370483959362,4,5.06775757510589,0.0682475662794761,5.73434244882636
0.185241657813729,5.998647458439,6,7.12503052378526,0.67001749720235,7.08183289215966
-0.737699706251775,3.84452513434956,3,4.54679858818687,-0.349365844080181,4.76404725120608
-0.109794222448249,5.31108520439177,5,6.37611693188952,-0.711691998602383,3.92267474117086
0.294942012423609,6.25031285768962,6,7.38730321351512,0.34424864501604,6.36634276237475
0.160451253069382,5.94138502733454,6,7.06455906896999,-0.851822317923077,3.58917305907137
-0.515347334040122,4.36287868933125,4,5.23524072526734,-0.151242302902548,5.22452016156284
1.71954729863576,8.85137646012049,10,10,1.18438942537694,8.07702329699536
-0.00932369848087768,5.54637233454871,5,6.63838962161938,0.259536343921207,6.17409937447165
-0.501983114713049,4.39396502342342,4,5.27510339853919,-0.619085209625239,4.13901066440442
0.840577607581379,7.43196756588932,8,8.56264427102379,0.98972377396762,7.72557352059622
-0.737699706251775,3.84452513434956,3,4.54679858818687,-1.21753161677031,2.65840799511776
0.927697007815168,7.60432165893067,8,8.73012742118524,1.53080601909615,8.61111398424608
0.620960188832158,6.97440675994234,7,8.11560802386744,0.341820677641802,6.36086004842203
-0.737699706251775,3.84452513434956,3,4.54679858818687,-0.532497876767738,4.3398836988477
-0.543824384886492,4.29665459464973,4,5.14974387242749,-1.12669925490021,2.89814819507225
0.927697007815168,7.60432165893067,8,8.73012742118524,-0.0938764035560764,5.35799399012756
-2.14742984530952,0.639887316922247,0,0,-2.37901255021908,0.355191506683091
-0.00932369848087768,5.54637233454871,5,6.63838962161938,0.673455669924787,7.08911800787345
-0.0511424732550938,5.44852201327419,5,6.53014879710359,-0.123785966977791,5.28840861830945
-0.737699706251775,3.84452513434956,3,4.54679858818687,-1.09264224315706,2.98675572116521
0.823078699460506,7.39666790310474,8,8.52832618627066,0.305218569894458,6.27800482253417
-1.40149194139875,2.18530843602964,2,2.23596802403465,-1.31209146457342,2.40535189491273
-0.741261440619681,3.83616157082615,4,4.53537124124305,-0.476800790381088,4.4688320585071
-0.022637311617515,5.51523665525912,5,6.60407153686625,0.114577447743994,5.84141295657432
-2.14742984530952,0.639887316922247,0,0,-2.51623374757243,0.261951105998292
-1.60949966852091,1.6607494033029,1,1.50766321368233,-1.47824527201701,1.96228878447916
-2.14742984530952,0.639887316922247,0,0,-1.97730661430455,0.844730248250725
-0.0511424732550938,5.44852201327419,5,6.53014879710359,0.450848960099923,6.60521332807346
-0.501983114713049,4.39396502342342,4,5.27510339853919,-0.42801074119587,4.58178829001144
0.820262271709285,7.39096606457045,8,8.52278159775194,0.0834687655991502,5.76955082082568
0.858060207010219,7.46701297743401,8,8.5967043375146,0.80980647186687,7.37220223569321
-1.17361913416288,2.77691302702518,2,3.05815283899499,-0.787676956117827,3.7430229407047
-0.0306078615600133,5.49658875259346,5,6.58346275532282,-0.0809499564840651,5.38806051756867
1.26460638485041,8.20997764087302,9,9.32500914786692,0.765232803613476,7.28097227619786
0.620960188832158,6.97440675994234,7,8.11560802386744,0.479552003190596,6.66884547486158
-1.60949966852091,1.6607494033029,1,1.50766321368233,-1.81697088645136,1.14913208598769
-0.737699706251775,3.84452513434956,3,4.54679858818687,-0.723350658693841,3.8952612339138
0.263653123264626,6.17884553762695,6,7.31338047375246,-0.128121273065716,5.27832111888371
-0.501983114713049,4.39396502342342,4,5.27510339853919,-0.315537546683932,4.84254415600748
0.524565355246269,6.76492661794119,7,7.90826220043414,0.627090117548283,6.99032243535977
-0.0306078615600133,5.49658875259346,5,6.58346275532282,0.570328668363725,6.86784188014684
-0.501983114713049,4.39396502342342,4,5.27510339853919,-0.000560791263861441,5.57486046792152
-0.301069155226353,4.86269921030198,4,5.8551579449705,-0.696524752020125,3.95826845393597
-1.19084344088244,2.73260034221067,2,2.99630896287422,-1.23146855235968,2.62126851769491
-0.582312081143229,4.20715485385826,4,5.03297313001016,-0.600071701908434,4.18319692132176
0.222226252177084,6.08382613841178,7,7.21442224096831,0.497427929951619,6.7083108601508
-1.60949966852091,1.6607494033029,1,1.50766321368233,-2.09570930920517,0.661092908971952
0.847468130331882,7.44580689485297,8,8.57609555597118,0.989494076063192,7.72513887925536
0.802895791564057,7.35568466505492,8,8.48846351299881,1.23190500122582,8.15740980101979
-0.737699706251775,3.84452513434956,3,4.54679858818687,-0.558786393477093,4.27897668463883
0.602181874834474,6.93396212896296,7,8.07574535059559,0.454459192445156,6.61323420714101
0.160451253069382,5.94138502733454,6,7.06455906896999,-0.00285000062858388,5.56954693203292
-0.737699706251775,3.84452513434956,3,4.54679858818687,-0.00301830413560298,5.56915626225193
-0.737699706251775,3.84452513434956,3,4.54679858818687,-0.523560683258225,4.36058080541391
-1.19084344088244,2.73260034221067,2,2.99630896287422,-0.725220976502402,3.89085890201835
-0.0511424732550938,5.44852201327419,5,6.53014879710359,0.563312328348129,6.85259222449351
0.254874476951082,6.15874672244797,6,7.29251367394671,-0.0605650131180429,5.43546254452393
-1.85087499775981,1.12628775041368,1,0.748913591895741,-2.37465311923371,0.358656726078838
-1.37432475129787,2.25585585073253,2,2.33372130196153,-1.14040986915769,2.86226114114067
-1.19084344088244,2.73260034221067,2,2.99630896287422,-1.48508346384236,1.94435000283598
0.0358829475425118,5.6519555648465,6,6.75393470886457,-0.772118137316855,3.78001352014142
-0.0686266654566834,5.40757166235436,6,6.48450452253867,-0.332396002682654,4.80341693331101
0.592520695726839,6.91308278994091,7,8.05513656905216,0.261359420815215,6.17825584441348
-0.984554133058544,3.25279686680389,3,3.72461377322653,-0.473734005632662,4.47593105216152
0.515152259501793,6.74423432648333,7,7.88765341889071,1.40338511440056,8.42882222459815
0.263653123264626,6.17884553762695,6,7.31338047375246,0.912903007657084,7.57777605745427
-1.1789197412052,2.76329023238899,2,3.03913537450454,-1.67686540406532,1.46259575503737
0.448346006632604,6.59628878248262,7,7.73954992110307,-0.721086624369585,3.90058857008999
1.36041191794248,8.36249140310666,9,9.47904101308099,1.85999318390444,9.00651481375153
-1.19084344088244,2.73260034221067,2,2.99630896287422,-0.755930181203317,3.81838037437034
0.620960188832158,6.97440675994234,7,8.11560802386744,0.295648938284346,6.25628223314787
0.592520695726839,6.91308278994091,7,8.05513656905216,1.13539414286524,7.99185466781339
-1.60949966852091,1.6607494033029,1,1.50766321368233,-1.75549017243087,1.28175801353782
-0.322103521262386,4.81348350085115,5,5.7960623854582,-0.118293258478214,5.30118883580605
-0.523659978535467,4.34354565397676,5,5.21036209337613,-0.199636063095307,5.11192027897837
-0.960581021984919,3.31161907071143,3,3.80706643089073,-0.910909790613554,3.44523881314454
-0.301069155226353,4.86269921030198,4,5.8551579449705,0.506122833350989,6.72745966562716
-2.14742984530952,0.639887316922247,0,0,-2.97537282590768,0.10069174397186
0.851141962366517,7.45317149009533,8,8.58325305256722,0.29649695024848,6.2582081457598
0.499541941114457,6.70983284506618,7,7.85333533413758,0.644848170562374,7.02830014328798
-0.301069155226353,4.86269921030198,4,5.8551579449705,0.629409739958677,6.9952927714903
-0.501983114713049,4.39396502342342,4,5.27510339853919,-0.329477114442909,4.81019031936985
1.71954729863576,8.85137646012049,10,10,1.71107611842245,8.84083326178293
-1.59684062980767,1.69144149894711,1,1.55048962531266,-1.86329118109604,1.05481437876269
0.567673771859341,6.85916913508252,7,8.00182261083293,0.604255702209034,6.94124478278171
0.160451253069382,5.94138502733454,6,7.06455906896999,-0.564502405871027,4.26572656442666
0.472227870890714,6.64938850799629,7,7.7928638793223,0.0749417570735522,5.74983045282118
0.840577607581379,7.43196756588932,8,8.56264427102379,0.905830097412185,7.56392928132659
-0.340967679131034,4.76937288026869,5,5.74274842723897,0.120849623956055,5.85588512751329
-0.501983114713049,4.39396502342342,4,5.27510339853919,-0.585000729039688,4.21818357114729
-0.0306078615600133,5.49658875259346,5,6.58346275532282,0.0836121358831866,5.76988231281289
-0.968601206541116,3.29197812044263,3,3.77954063952309,-0.307174221000784,4.86196065965704
1.22003050865431,8.1359089809732,9,9.25108640810426,0.761776101257925,7.27384186460494
0.938623422359679,7.62552296521382,8,8.75073620272867,-0.0781474077635455,5.39457840637548
0.851141962366517,7.45317149009533,8,8.58325305256722,1.60892399859948,8.71467438973542
-0.737699706251775,3.84452513434956,3,4.54679858818687,-1.13445740321725,2.87785612224176
-0.737699706251775,3.84452513434956,3,4.54679858818687,-0.516029301517403,4.37801967806223
0.551789325196849,6.82454451464214,7,7.96750452607979,-0.845446807320325,3.60456979003328
-0.737699706251775,3.84452513434956,3,4.54679858818687,-0.656151168213909,4.05267995383032
-1.60949966852091,1.6607494033029,1,1.50766321368233,-2.38815715948899,0.348031321934082
-1.61514499008094,1.64713119736915,1,1.48864574919188,-1.92851211397056,0.930697226090235
-0.39931934963663,4.63310325842808,5,5.5759133197781,-0.841966500481892,3.61296429907533
1.71954729863576,8.85137646012049,10,10,1.54483766439207,8.63017277571085
-2.14742984530952,0.639887316922247,0,0,-1.53067232467648,1.82579936658147
-0.022637311617515,5.51523665525912,5,6.60407153686625,0.831331749155049,7.41576779267802
-1.59684062980767,1.69144149894711,1,1.55048962531266,-1.87908374039941,1.02381219153125
-0.737699706251775,3.84452513434956,3,4.54679858818687,-0.418865270621517,4.60296847692226
-0.737699706251775,3.84452513434956,3,4.54679858818687,-0.160741816269822,5.20241530246511
0.294942012423609,6.25031285768962,6,7.38730321351512,0.0566812569346361,5.70756938597224
0.592520695726839,6.91308278994091,7,8.05513656905216,0.627485906470594,6.99117070710764
1.19962730879912,8.10135956640896,9,9.21676832335113,0.252703922280623,6.15851506163598
0.620960188832158,6.97440675994234,7,8.11560802386744,0.996715426628699,7.73878190569797
-0.827696342206071,3.63195864218653,4,4.25410267804709,-0.76913768210702,3.7870863670356
-0.793431761642879,3.71322227190331,3,4.36651219577862,-1.04091279714263,3.11977399189988
-0.737699706251775,3.84452513434956,3,4.54679858818687,-0.851825718066361,3.58916484118046
-0.332318332882852,4.7895945914588,6,5.76723048210126,0.349163713611313,6.3774364301854
-0.737699706251775,3.84452513434956,3,4.54679858818687,-0.477575546766621,4.46703865748939
-0.48347727934103,4.43702344634158,4,5.33003026483575,-0.0263547019073405,5.5149665254028
1.26460638485041,8.20997764087302,9,9.32500914786692,0.951933641524585,7.65347132103565
-0.109794222448249,5.31108520439177,5,6.37611693188952,-0.772991994469151,3.77793900920376
-2.14742984530952,0.639887316922247,0,0,-2.44294743567017,0.308091318122288
1.71954729863576,8.85137646012049,10,10,1.75435549753735,8.89117695687223
0.570248117263869,6.86476918606246,7,8.00736719935164,0.816245814315956,7.38526924177303
-0.227736973686993,5.03448854093441,5,6.05833507518806,0.227042483260503,6.09988820646997
0.249227859934755,6.14580813560251,6,7.27906238899933,0.266697205646107,6.1904210277056
0.959892469497417,7.66651662938738,8,8.79059887600052,0.152070865462011,5.92783224593616
-0.00932369848087768,5.54637233454871,5,6.63838962161938,0.266401702056051,6.189747732544
0.154961527267157,5.92868739763336,6,7.0511077840226,-0.0102715090510811,5.55231784266108
1.71954729863576,8.85137646012049,10,10,1.97630833751577,9.12160368817038
0.475448155678996,6.65653097420804,7,7.80002137591834,1.53602643974162,8.6182281967614
1.71954729863576,8.85137646012049,10,10,2.62063411345055,9.56909121454516
0.199392061803599,6.03127375918886,6,7.1593486085384,0.474460599411119,6.65758157222708
-1.17361913416288,2.77691302702518,2,3.05815283899499,-1.1766228099885,2.76693073667659
0.878670265402023,7.50803734403149,8,8.63656701078645,0.534773279139948,6.79032929804062
0.586231973997287,6.89946639054063,7,8.04168528410478,0.444743828250012,6.59163845935389
0.878670265402023,7.50803734403149,8,8.63656701078645,0.748368037497374,7.24611055157878
-1.63448004750023,1.6008254207529,2,1.42390444402882,-1.434263629028,2.07845671318193
-0.515347334040122,4.36287868933125,4,5.23524072526734,-0.152148652955807,5.22241112242262
-0.737699706251775,3.84452513434956,3,4.54679858818687,-1.12964104236871,2.89045824176071
0.602181874834474,6.93396212896296,7,8.07574535059559,0.7972871255834,7.34671493057469
-0.0511424732550938,5.44852201327419,5,6.53014879710359,0.218859465766011,6.08116275661918
-0.302557264857484,4.85921636135327,5,5.85098925175476,0.575207866455778,6.87843279081546
-1.17361913416288,2.77691302702518,2,3.05815283899499,-1.7410354955604,1.31410162253905
-1.41259874358695,2.15653517220487,2,2.1961053507628,-1.42076632191017,2.11433818189603
0.878670265402023,7.50803734403149,8,8.63656701078645,0.289141073264091,6.2414961010913
0.551789325196849,6.82454451464214,7,7.96750452607979,0.693759301344643,7.1320005196168
0.823078699460506,7.39666790310474,8,8.52832618627066,0.327288086522488,6.32800776624417
0.847468130331882,7.44580689485297,8,8.57609555597118,0.471709421259864,6.65149079535347
-0.48347727934103,4.43702344634158,4,5.33003026483575,-0.863896490851675,3.55994551262639
0.497027359199891,6.70428140855856,7,7.84779074561886,-0.0402387515825547,5.48270846194145
-0.495052079039003,4.41008995611005,4,5.29571218008262,0.170092624941872,5.96928788860882
0.570248117263869,6.86476918606246,7,8.00736719935164,1.52348200399428,8.60108616823922
-0.301069155226353,4.86269921030198,4,5.8551579449705,0.0449441853400522,5.68038540616204
0.576502840575381,6.87836176642635,7,8.02081848429903,0.823425583990691,7.3998043906293
0.254874476951082,6.15874672244797,6,7.29251367394671,1.1386913540313,7.99765773679906
0.851141962366517,7.45317149009533,8,8.58325305256722,0.638353572133056,7.01443027643965
0.254874476951082,6.15874672244797,6,7.29251367394671,-0.307479564116519,4.86125170015462
-0.570895732955109,4.23370483959362,4,5.06775757510589,-0.567041562850162,4.25983967471248
-0.04597301132529,5.46062557093049,5,6.54360008205097,-0.0361819502791597,5.49213523709322
1.25643008151849,8.19653788245115,9,9.31155786291953,1.17191242711756,8.05555200812952
0.475448155678996,6.65653097420804,7,7.80002137591834,0.0282905708822731,5.64178909114927
-0.519844456469949,4.35241932222546,4,5.22178944031996,0.638150033941381,7.01399523251058
1.22003050865431,8.1359089809732,9,9.25108640810426,0.498210387804164,6.71003535193113
-1.17361913416288,2.77691302702518,2,3.05815283899499,-1.5242682245717,1.84233323969481
1.26460638485041,8.20997764087302,9,9.32500914786692,1.19840887329854,8.10096978709785
-0.301069155226353,4.86269921030198,4,5.8551579449705,0.24060259259891,6.13088634130302
0.249227859934755,6.14580813560251,6,7.27906238899933,-0.162812378230676,5.19759727062508
-0.48347727934103,4.43702344634158,4,5.33003026483575,-0.732140323922696,3.87456081832446
-0.301069155226353,4.86269921030198,4,5.8551579449705,-0.524873384030903,4.35754102698473
-0.570895732955109,4.23370483959362,4,5.06775757510589,-1.04968381218479,3.09735847051697
-0.301069155226353,4.86269921030198,4,5.8551579449705,-0.309656507839087,4.85619732086068
-1.2408760681242,2.60322177289339,2,2.81602257046596,-1.24686446902244,2.58015941306246
-1.17361913416288,2.77691302702518,2,3.05815283899499,-0.453777469631382,4.52212861369267
0.515152259501793,6.74423432648333,7,7.88765341889071,0.45674929923252,6.61831961387302
-0.982081107070795,3.25888071766916,3,3.73314369112807,-0.506677138459239,4.39967197861297
0.246227186021216,6.13892910252213,6,7.27190489240329,0.451797363180771,6.60732087483879
-0.570895732955109,4.23370483959362,4,5.06775757510589,-1.14078635972901,2.86127402374275
-0.737699706251775,3.84452513434956,3,4.54679858818687,-0.458668157615935,4.51080660744998
1.71954729863576,8.85137646012049,10,10,1.46234142386159,8.51523359737055
-0.301069155226353,4.86269921030198,4,5.8551579449705,-0.518393975000852,4.37254451446638
-0.555184000454783,4.27024024411411,4,5.11542578767436,-0.491600502562081,4.43457363633659
-1.59684062980767,1.69144149894711,1,1.55048962531266,-1.78050268838015,1.22681510843475
0.829923817547013,7.41050231725914,8,8.54177747121804,0.604901304559283,6.94263604193241
0.847468130331882,7.44580689485297,8,8.57609555597118,1.17491198394416,8.06072751502514
-0.04597301132529,5.46062557093049,5,6.54360008205097,0.431336394810874,6.56177884669065
1.23237061703657,8.15660858681269,9,9.27169518964769,1.40937877999087,8.43776953305087
-0.340967679131034,4.76937288026869,5,5.74274842723897,0.315754945523831,6.30189370272835
-2.14742984530952,0.639887316922247,0,0,-1.53276510878088,1.82040549272325
0.959892469497417,7.66651662938738,8,8.79059887600052,0.0999038056195837,5.80753309908059
0.472227870890714,6.64938850799629,7,7.7928638793223,-0.0791510959766119,5.39224416163602
-1.17361913416288,2.77691302702518,2,3.05815283899499,-1.64256196355813,1.54499985688141
-0.742988162460586,3.83210570020311,4,4.52982665272433,-0.271795161319591,4.94413865352769
-1.40149194139875,2.18530843602964,2,2.23596802403465,-1.67852168081668,1.45866766712662
1.19962730879912,8.10135956640896,9,9.21676832335113,1.15092486185195,8.01909897667989
-0.950557257542345,3.3361136931132,3,3.84138451564386,-1.02325713741578,3.16472027087801
-0.109794222448249,5.31108520439177,5,6.37611693188952,0.47382066442583,6.65616509789539
0.592520695726839,6.91308278994091,7,8.05513656905216,1.00404273983993,7.75257968475974
1.71954729863576,8.85137646012049,10,10,1.60893388319502,8.7146871024013
-0.519844456469949,4.35241932222546,4,5.22178944031996,0.428121018275478,6.55460826635932
0.524565355246269,6.76492661794119,7,7.90826220043414,0.274697597546683,6.20864162767063
-0.301069155226353,4.86269921030198,4,5.8551579449705,0.322294997726887,6.31670662366762
1.71954729863576,8.85137646012049,10,10,3.35566990086429,9.81488098329985
-0.570895732955109,4.23370483959362,4,5.06775757510589,-0.494694136638429,4.42741230928391
0.0411844535449099,5.66432177658739,6,6.76738599381196,0.926937060894758,7.60513398159911
-1.60949966852091,1.6607494033029,1,1.50766321368233,-1.86138152081384,1.05860357885754
0.567673771859341,6.85916913508252,7,8.00182261083293,0.694577789887934,7.13372417743945
1.26460638485041,8.20997764087302,9,9.32500914786692,0.819027189933606,7.3909043390176
0.0569435325023238,5.7010592708761,6,6.80724866708381,-0.264130692705379,4.96194983058722
1.25643008151849,8.19653788245115,9,9.31155786291953,0.950659061806936,7.65101885944714
-0.737699706251775,3.84452513434956,3,4.54679858818687,-1.05159145781129,3.0924756256547
-0.730552908002727,3.86129699598771,4,4.56968932599618,-1.37197390128365,2.24468084421386
0.602181874834474,6.93396212896296,7,8.07574535059559,-0.188980839786183,5.1367092786795
-0.0686266654566834,5.40757166235436,6,6.48450452253867,0.383476099676224,6.45467787564064
-0.301069155226353,4.86269921030198,4,5.8551579449705,-0.456071316615489,4.51681827479256
-0.302557264857484,4.85921636135327,5,5.85098925175476,-0.0814397946793536,5.38692127118046
-0.022637311617515,5.51523665525912,5,6.60407153686625,0.0126472836953816,5.60550946760717
-1.19084344088244,2.73260034221067,2,2.99630896287422,-1.49470414274143,1.91917608324952
-0.999975315416341,3.2147762687171,3,3.6712998150073,-1.48034564875092,1.9567749066552
-1.38621592521213,2.22495129052021,2,2.29089489033121,-1.51467517906608,1.86717723123823
-0.301069155226353,4.86269921030198,4,5.8551579449705,-1.14390952949832,2.85308204229759
0.246227186021216,6.13892910252213,6,7.27190489240329,0.801031918794658,7.35435004881734
-0.022637311617515,5.51523665525912,5,6.60407153686625,0.358936548611844,6.39947308702328
1.25643008151849,8.19653788245115,9,9.31155786291953,1.25263232520149,8.19178285360138
-0.76004308595243,3.79200039183799,4,4.47489978642777,-0.128491758377136,5.27745905441782
0.246227186021216,6.13892910252213,6,7.27190489240329,0.244901947815228,6.14070606951332
-0.301069155226353,4.86269921030198,4,5.8551579449705,-0.41065954383905,4.62197501487734
0.199392061803599,6.03127375918886,6,7.1593486085384,0.401037614514262,6.49406658131653
-0.48347727934103,4.43702344634158,4,5.33003026483575,-0.0993512226923431,5.3452581950173
1.36041191794248,8.36249140310666,9,9.47904101308099,1.72849841231455,8.86131892853961
-1.17361913416288,2.77691302702518,2,3.05815283899499,-0.813127911902228,3.6822519758278
0.294942012423609,6.25031285768962,6,7.38730321351512,0.139202976387804,5.89819815039623
0.967110172222574,7.68034396310388,8,8.8040501609479,1.15039895056992,8.01818014363158
-0.220209729518988,5.05213605127956,5,6.07894385673149,-0.214747320184514,5.07676918071537
0.576502840575381,6.87836176642635,7,8.02081848429903,0.885393511943163,7.52370170585371
-0.730552908002727,3.86129699598771,4,4.56968932599618,-0.619472879038889,4.13810912766114
-0.00932369848087768,5.54637233454871,5,6.63838962161938,0.146600080719655,5.9152366697988
0.620960188832158,6.97440675994234,7,8.11560802386744,0.6843629459993,7.11218455757238
-0.737699706251775,3.84452513434956,3,4.54679858818687,-1.16036874139656,2.8098130232416
0.263653123264626,6.17884553762695,6,7.31338047375246,0.139932844633485,5.89987973047177
-0.302557264857484,4.85921636135327,5,5.85098925175476,-0.0174468526356006,5.53565624254283
0.595872448722802,6.92033185932411,7,8.0622940656482,0.80030661549521,7.3528720079804
-0.978576410744614,3.26749628227002,3,3.74522255476996,-0.922560091848354,3.41658005236885
-0.793431761642879,3.71322227190331,3,4.36651219577862,-0.996112686845574,3.23336238090184
-1.1789197412052,2.76329023238899,2,3.03913537450454,-1.76990258425037,1.24993828352918
-1.17361913416288,2.77691302702518,2,3.05815283899499,-1.22380022251769,2.6417125976443
1.71954729863576,8.85137646012049,10,10,1.09975589411089,7.92848318997752
-0.109794222448249,5.31108520439177,5,6.37611693188952,-0.752845927802921,3.82567718803387
-2.14742984530952,0.639887316922247,0,0,-2.44796456791837,0.304677090467538
-0.575553180767877,4.22287383653347,4,5.05358191155359,-1.12543050481145,2.90146303535135
0.263653123264626,6.17884553762695,6,7.31338047375246,0.494657101295583,6.70220208979196
-0.336218194860719,4.7804762185194,5,5.75619971218636,-1.03172745395771,3.14318657075894
0.176772552658878,5.97909952316537,6,7.10442174224184,-0.24998289376174,4.99483441153321
-0.301069155226353,4.86269921030198,4,5.8551579449705,-0.181482603160174,5.15415498142424
-0.04597301132529,5.46062557093049,5,6.54360008205097,0.0365795318919042,5.66100310368533
-0.515347334040122,4.36287868933125,4,5.23524072526734,-0.39592335087547,4.65611496480379
-1.24614184207103,2.58955731123366,2,2.79700510597552,-1.63300165112281,1.56830788716298
-1.60949966852091,1.6607494033029,1,1.50766321368233,-1.263936983326,2.53448861202772
0.0330653132883201,5.64538174177679,6,6.74677721226853,-0.0107833729072768,5.55112938969412
1.71954729863576,8.85137646012049,10,10,2.3832831092829,9.43716287736988
0.185241657813729,5.998647458439,6,7.12503052378526,-0.205410016312984,5.09848846605361
0.792520569254532,7.33450676775282,8,8.46785473145539,1.00117197073292,7.74717932233717
-0.737699706251775,3.84452513434956,3,4.54679858818687,-0.369246933228204,4.71794381275577
-0.515347334040122,4.36287868933125,4,5.23524072526734,-0.258865538767654,4.97418690693467
-0.564266131270581,4.24912140609092,4,5.08789999630672,-0.697409934782424,3.95619321014932
-0.0527429766268699,5.44477427222054,6,6.52598010388785,-0.70406145221111,3.94059119886447
-0.0475759075937006,5.45687282729399,6,6.53943138883523,-0.684253878940631,3.98701175084267
-0.00932369848087768,5.54637233454871,5,6.63838962161938,0.0285781317715193,5.64245577903574
0.286189027990291,6.23034729640166,6,7.36669443197169,1.3060914042892,8.27846457988896
0.927697007815168,7.60432165893067,8,8.73012742118524,0.704381134831734,7.15433821548848
-0.109794222448249,5.31108520439177,5,6.37611693188952,0.253154745374244,6.15954369494228
-0.302557264857484,4.85921636135327,5,5.85098925175476,-1.19176936977972,2.72684352984469
-0.04597301132529,5.46062557093049,5,6.54360008205097,0.725822632888671,7.19922255029325
0.254874476951082,6.15874672244797,6,7.29251367394671,-0.25942997689452,4.97287500061726
-1.19084344088244,2.73260034221067,2,2.99630896287422,-1.74291667933567,1.30986828835363
0.246227186021216,6.13892910252213,6,7.27190489240329,-0.396739788261342,4.6542232332061
-0.240234785214013,5.00519220094997,5,6.02401699043493,-0.451838227316711,4.52661810956147
0.295004431090761,6.25045515690401,7,7.38744997964848,0.951367191137859,7.65238155888736
1.36041191794248,8.36249140310666,9,9.47904101308099,2.09869373247252,9.23001650246696
0.223961012697368,6.08781364196072,6,7.21859093418405,-0.112760084418578,5.3140627232061
0.823078699460506,7.39666790310474,8,8.52832618627066,0.536244991454923,6.79354911207231
-1.38621592521213,2.22495129052021,2,2.29089489033121,-1.09169874399287,2.98919914440825
-0.301069155226353,4.86269921030198,4,5.8551579449705,-1.02765787389277,3.15353924056346
-0.737699706251775,3.84452513434956,3,4.54679858818687,-0.796650549007323,3.72163439602787
0.967110172222574,7.68034396310388,8,8.8040501609479,1.24072214452022,8.17208350704284
0.499541941114457,6.70983284506618,7,7.85333533413758,0.697711366179433,7.14031952923973
-0.109794222448249,5.31108520439177,5,6.37611693188952,0.438606087176951,6.57797723901765
1.22003050865431,8.1359089809732,9,9.25108640810426,2.44144211511621,9.47260416126599
-0.827696342206071,3.63195864218653,4,4.25410267804709,-0.951617914891374,3.34467608966816
1.26460638485041,8.20997764087302,9,9.32500914786692,1.38374248164923,8.39924250710317
0.294942012423609,6.25031285768962,6,7.38730321351512,-0.0860055902513292,5.37630191839873
0.448346006632604,6.59628878248262,7,7.73954992110307,-0.000883232591196233,5.57411206773993
0.595872448722802,6.92033185932411,7,8.0622940656482,0.63006655992987,6.99669964586153
0.959892469497417,7.66651662938738,8,8.79059887600052,0.728951925044421,7.20574963707488
0.199392061803599,6.03127375918886,6,7.1593486085384,0.01748196054617,5.61672439275605
-0.301069155226353,4.86269921030198,4,5.8551579449705,0.506571798116357,6.72844756610335
1.71954729863576,8.85137646012049,10,10,1.64302426726736,8.7579462477814
-1.04419951987609,3.10493962588865,3,3.51726794979323,-1.07815069721515,3.02421561234202
0.967110172222574,7.68034396310388,8,8.8040501609479,1.20772523696626,8.11677756191095
0.967110172222574,7.68034396310388,8,8.8040501609479,0.70213696272036,7.14962431974085
-0.109794222448249,5.31108520439177,5,6.37611693188952,0.613920943747275,6.96205097430909
0.802895791564057,7.35568466505492,8,8.48846351299881,0.989137903890748,7.72446483108551
-0.519844456469949,4.35241932222546,4,5.22178944031996,-0.0677133659169327,5.41884216213383
-0.0242510579157772,5.51146158276458,6,6.59990284365051,-0.25337895271881,4.98693994642569
0.829923817547013,7.41050231725914,8,8.54177747121804,1.01184574082511,7.76722256985708
-0.301069155226353,4.86269921030198,4,5.8551579449705,-0.236549202350498,5.02606696052883
-1.17361913416288,2.77691302702518,2,3.05815283899499,-1.56831246220906,1.72952945101806
-1.60949966852091,1.6607494033029,1,1.50766321368233,-2.03813044755786,0.745984124974225
-0.48347727934103,4.43702344634158,4,5.33003026483575,-0.0332241515413348,5.4990076302927
-0.340967679131034,4.76937288026869,5,5.74274842723897,-0.390571859627162,4.66851545529039
-0.00932369848087768,5.54637233454871,5,6.63838962161938,0.0387489367798548,5.66603068295264
1.26460638485041,8.20997764087302,9,9.32500914786692,0.551348413505277,6.82653617552222
1.26460638485041,8.20997764087302,9,9.32500914786692,1.81805133234044,8.9619842675245
-0.570895732955109,4.23370483959362,4,5.06775757510589,-0.365636492235485,4.72631468256941
-0.515347334040122,4.36287868933125,4,5.23524072526734,-0.548722559768018,4.30229884703706
-0.519844456469949,4.35241932222546,4,5.22178944031996,-0.3019902414356,4.87399783078199
0.567673771859341,6.85916913508252,7,8.00182261083293,0.783678634565627,7.31888851190054
-0.022637311617515,5.51523665525912,5,6.60407153686625,0.337137958111539,6.35028093025268
-0.737699706251775,3.84452513434956,3,4.54679858818687,-0.809011676625085,3.69210368652254
-0.00932369848087768,5.54637233454871,5,6.63838962161938,0.783671712715316,7.31887432630803
0.586231973997287,6.89946639054063,7,8.04168528410478,1.18461403924767,8.07740845519645
-0.0306078615600133,5.49658875259346,5,6.58346275532282,0.444303906634494,6.59065975318681
0.24059527082913,6.12601179724162,6,7.2584536074559,0.0357540743973925,5.65908998475398
0.840577607581379,7.43196756588932,8,8.56264427102379,1.23608602390576,8.16437751149549
1.25643008151849,8.19653788245115,9,9.31155786291953,1.65619040148303,8.7743416048932
0.938623422359679,7.62552296521382,8,8.75073620272867,0.0336257819102169,5.65415703334177
1.22003050865431,8.1359089809732,9,9.25108640810426,1.20301807104432,8.10880110873059
1.36041191794248,8.36249140310666,9,9.47904101308099,0.68728681856124,7.11835623658291
0.246227186021216,6.13892910252213,6,7.27190489240329,0.030836144475407,5.64769052489745
-0.301069155226353,4.86269921030198,4,5.8551579449705,-0.256020095328222,4.98080070031493
0.551789325196849,6.82454451464214,7,7.96750452607979,1.36979694438578,8.37800298304375
0.490935522363066,6.69082126841918,7,7.83433946067148,0.532413270366694,6.78516406203313
-0.966587427432202,3.29691331079787,3,3.7864576493473,-1.50226464182041,1.89944830882498
-0.0306078615600133,5.49658875259346,5,6.58346275532282,-0.147088380501447,5.23418617360975
1.23237061703657,8.15660858681269,9,9.27169518964769,1.58375991312643,8.68199065531212
0.938623422359679,7.62552296521382,8,8.75073620272867,1.03068540353864,7.80235919562427
0.802895791564057,7.35568466505492,8,8.48846351299881,0.790767040172271,7.33339846436575
-0.570895732955109,4.23370483959362,4,5.06775757510589,-0.765516650685688,3.79567386298017
-0.0306078615600133,5.49658875259346,5,6.58346275532282,0.186482606478403,6.00693911920171
-0.737699706251775,3.84452513434956,3,4.54679858818687,-0.271795161319591,4.94413865352769
0.847468130331882,7.44580689485297,8,8.57609555597118,0.677947290394289,7.09862510586644
0.576502840575381,6.87836176642635,7,8.02081848429903,0.991818650630167,7.72953544555266
1.71954729863576,8.85137646012049,10,10,1.7506554682497,8.88694419052191
-0.00932369848087768,5.54637233454871,5,6.63838962161938,-0.252485266435769,4.98901735821531
-0.737699706251775,3.84452513434956,3,4.54679858818687,-0.776762029363813,3.76898495219664
0.499541941114457,6.70983284506618,7,7.85333533413758,0.891226510575621,7.53521627987219
-0.950557257542345,3.3361136931132,3,3.84138451564386,-1.80480568287733,1.17471855087779
0.223961012697368,6.08781364196072,6,7.21859093418405,0.569758766718767,6.86660409714109
-2.14742984530952,0.639887316922247,0,0,-2.1821962694511,0.548853474886894
-0.301069155226353,4.86269921030198,4,5.8551579449705,-0.329857724459956,4.8093070729544
1.26460638485041,8.20997764087302,9,9.32500914786692,0.520924037404632,6.75998319713455
-0.737699706251775,3.84452513434956,3,4.54679858818687,-0.954619516738792,3.33721343171295
-0.301069155226353,4.86269921030198,4,5.8551579449705,-0.453822727842295,4.52202383832891
-0.737699706251775,3.84452513434956,3,4.54679858818687,-0.992826022427753,3.24163569580056
1.71954729863576,8.85137646012049,10,10,2.86761273763624,9.67488632674095
-1.47226018011801,2.00298281472843,2,1.98335020891671,-1.40871445066627,2.14645060424068
1.25643008151849,8.19653788245115,9,9.31155786291953,2.2712490585006,9.36259988255072
-0.737699706251775,3.84452513434956,3,4.54679858818687,-0.468422573102003,4.48822608647634
-0.501983114713049,4.39396502342342,4,5.27510339853919,-0.221780780683924,5.06041050656123
-1.59684062980767,1.69144149894711,1,1.55048962531266,-1.38255973418837,2.21633548459299
-0.737699706251775,3.84452513434956,3,4.54679858818687,-0.891967787905304,3.49163306023183
-1.1789197412052,2.76329023238899,2,3.03913537450454,-1.4999373766844,1.90551554338123
0.967110172222574,7.68034396310388,8,8.8040501609479,0.962390362181409,7.67354110376483
1.71954729863576,8.85137646012049,10,10,1.84836107333153,8.99432911613816
0.269905125480396,6.19314715209149,7,7.32820765400282,0.0391537511092064,5.6669687829909
-0.823273637567855,3.64247396359858,4,4.26867891970486,-0.989032200328052,3.25117547919862
-2.14742984530952,0.639887316922247,0,0,-1.75330953455136,1.28661003080071
-0.0511424732550938,5.44852201327419,5,6.53014879710359,-0.294005463531316,4.892541261707
-0.022637311617515,5.51523665525912,5,6.60407153686625,-0.724662827585127,3.89217280185287
0.620960188832158,6.97440675994234,7,8.11560802386744,0.816200290080609,7.38517696390907
-0.301069155226353,4.86269921030198,4,5.8551579449705,-0.784104164109744,3.75152748927761
0.568312389960335,6.86055864119243,8,8.0031985061359,-0.086822723900976,5.37440131377276
0.542290823845633,6.80378265309963,7,7.94689574453637,0.276992553798168,6.21386542140076
-0.495052079039003,4.41008995611005,4,5.29571218008262,-0.550783452233017,4.29752351448258
-1.17361913416288,2.77691302702518,2,3.05815283899499,-1.73977091847309,1.31695137288504
0.499541941114457,6.70983284506618,7,7.85333533413758,0.237922207548391,6.12476224638698
-0.0737624140340306,5.3955393966044,6,6.47105323759129,0.388595523512589,6.46617063668109
1.25643008151849,8.19653788245115,9,9.31155786291953,1.28769558668934,8.24895904150725
0.341367474194451,6.35583441056594,7,7.49569080416427,-0.231795153294543,5.03712152206084
-0.247132989628093,4.98902475200715,5,6.00502111696883,0.487798318998302,6.68706723494303
-0.314782984019555,4.8306083908376,5,5.81667116700163,-1.04658688915658,3.10527964067317
-0.9781779964681,3.26847523523986,3,3.74659497607546,-1.61780925037455,1.60563660620187
0.620960188832158,6.97440675994234,7,8.11560802386744,-0.00743966646405701,5.55889249400909
0.515152259501793,6.74423432648333,7,7.88765341889071,-0.116846434702274,5.30455517231777
-0.242249702268983,5.00046958860074,5,6.01847240191622,-0.232123894283003,5.03635707591798
-0.311914350263351,4.8373200112203,5,5.82473472456058,-1.44595746593366,2.04744928447761
-0.0306078615600133,5.49658875259346,5,6.58346275532282,-0.245414079692583,5.00545582289395
0.792520569254532,7.33450676775282,8,8.46785473145539,-0.293288105745767,4.89420738137588
1.26460638485041,8.20997764087302,9,9.32500914786692,1.28264139398052,8.24079305506595
-0.519844456469949,4.35241932222546,4,5.22178944031996,-1.07121390069149,3.04209362191013
0.595872448722802,6.92033185932411,7,8.0622940656482,-0.231589518490264,5.03759970212128
0.620960188832158,6.97440675994234,7,8.11560802386744,0.385699772040711,6.45967091007176
-0.0322178928507181,5.49282126026852,6,6.57929406210708,-0.430883571794469,4.57513564864126
0.927697007815168,7.60432165893067,8,8.73012742118524,0.616655030381937,6.96792790124419
-0.301069155226353,4.86269921030198,4,5.8551579449705,0.138905228018463,5.89751212815058
0.0121498131734589,5.59655376284067,6,6.6934632540493,-0.264282997352244,4.9615958686123
1.36041191794248,8.36249140310666,9,9.47904101308099,1.25723933402394,8.19936513444648
-0.737699706251775,3.84452513434956,3,4.54679858818687,-1.28158085113062,2.48721480702228
0.524565355246269,6.76492661794119,7,7.90826220043414,0.203127426550709,6.04512342462473
-1.17361913416288,2.77691302702518,2,3.05815283899499,-0.775439180011272,3.77212756083537
0.481509261633539,6.66996267405657,7,7.81347266086573,0.819778435307486,7.39242543537403
0.154961527267157,5.92868739763336,6,7.0511077840226,-0.391339802587317,4.66673589132531
0.967110172222574,7.68034396310388,8,8.8040501609479,0.883117449342735,7.51920161004784
0.878670265402023,7.50803734403149,8,8.63656701078645,1.31961039833472,8.29993101606228
-0.314782984019555,4.8306083908376,5,5.81667116700163,-0.319293172524781,4.83382625697444
-1.59684062980767,1.69144149894711,1,1.55048962531266,-1.20417599145159,2.69392368773227
1.71954729863576,8.85137646012049,10,10,2.20849701926274,9.3169839908382
-1.60949966852091,1.6607494033029,1,1.50766321368233,-2.37894691184042,0.355243431893953
-0.570895732955109,4.23370483959362,4,5.06775757510589,-0.731580211126322,3.87588080621082
0.472227870890714,6.64938850799629,7,7.7928638793223,0.109674769117031,5.83009665169178
-0.301069155226353,4.86269921030198,4,5.8551579449705,0.0723614293098572,5.74386113529475
1.36041191794248,8.36249140310666,9,9.47904101308099,0.967130030069166,7.68260832467392
0.0358829475425118,5.6519555648465,6,6.75393470886457,-0.594205232737513,4.19681927280754
-0.501983114713049,4.39396502342342,4,5.27510339853919,-0.838951017534746,3.62023180597282
-1.17361913416288,2.77691302702518,2,3.05815283899499,-1.09139339245769,2.98998979335965
1.71954729863576,8.85137646012049,10,10,1.22889026511206,8.15237504486202
0.567673771859341,6.85916913508252,7,8.00182261083293,0.0393067653253314,5.6673233673754
0.592520695726839,6.91308278994091,7,8.05513656905216,0.29651144888705,6.25824107186836
0.524565355246269,6.76492661794119,7,7.90826220043414,0.45661940580163,6.61803122573196
-0.629624975222403,4.09705768556357,4,4.88747118269764,-0.0820878118779243,5.38541412508444
0.851141962366517,7.45317149009533,8,8.58325305256722,1.10588956437343,7.9394740223523
1.71954729863576,8.85137646012049,10,10,1.10551140296522,7.93879740489392
0.185241657813729,5.998647458439,6,7.12503052378526,-0.609929695204648,4.1602946944535
-1.3957567346532,2.20018325945938,2,2.25657680557807,-2.00395989812818,0.800306913110408
-0.301069155226353,4.86269921030198,4,5.8551579449705,0.107364845712802,5.82476370137918
0.851141962366517,7.45317149009533,8,8.58325305256722,1.53044108973486,8.61061563072296
0.497027359199891,6.70428140855856,7,7.84779074561886,1.03930923160657,7.81833940930335
0.851141962366517,7.45317149009533,8,8.58325305256722,1.25336313242583,8.19298703111854
-0.301069155226353,4.86269921030198,4,5.8551579449705,-0.641796129741854,4.08614834876184
-1.17361913416288,2.77691302702518,2,3.05815283899499,-1.09205313911669,2.98828142435573
-0.737699706251775,3.84452513434956,3,4.54679858818687,-0.572858297298884,4.24635156433677
0.176772552658878,5.97909952316537,6,7.10442174224184,-0.604992006664694,4.17176783711242
-1.02650027560836,3.14904138124919,3,3.579111825914,-0.888484003844107,3.50013921026326
-0.737699706251775,3.84452513434956,3,4.54679858818687,-0.480058369502488,4.46129144283355
0.570248117263869,6.86476918606246,7,8.00736719935164,0.690738246839565,7.12563505771271
-0.022637311617515,5.51523665525912,5,6.60407153686625,-0.341165828761437,4.78306910628827
0.269324468589008,6.19181932480786,6,7.32683175869985,0.0284571232380439,5.64217523101322
0.223961012697368,6.08781364196072,6,7.21859093418405,-0.143770240013688,5.24190734436352
-1.60949966852091,1.6607494033029,1,1.50766321368233,-1.25891285785031,2.54793693682046
-0.00932369848087768,5.54637233454871,5,6.63838962161938,0.26375593998219,6.18371851897214
-0.301069155226353,4.86269921030198,4,5.8551579449705,-0.756311949562829,3.81747689061694
0.497027359199891,6.70428140855856,7,7.84779074561886,1.38405729431942,8.39971968816025
-0.737699706251775,3.84452513434956,3,4.54679858818687,-0.29615414928332,4.88755093294789
0.294942012423609,6.25031285768962,6,7.38730321351512,1.16665374043128,8.04645773654753
-0.799254292248503,3.69944503392746,3,4.34749473128817,-0.255599164556091,4.98177911918024
0.490935522363066,6.69082126841918,7,7.83433946067148,-0.0127315631560225,5.54660587231162
1.22003050865431,8.1359089809732,9,9.25108640810426,0.600629830601967,6.93342719571439
1.71954729863576,8.85137646012049,10,10,1.62388773066585,8.73380665393011
-0.575102566980359,4.22392177147174,4,5.05495433285909,-0.107778163611723,5.32565353465944
-0.109794222448249,5.31108520439177,5,6.37611693188952,0.57793728906373,6.88435236983576
-0.00932369848087768,5.54637233454871,5,6.63838962161938,-1.09081737978851,2.99148108857707
-0.301069155226353,4.86269921030198,4,5.8551579449705,-0.728740205184716,3.88257184770253
0.448346006632604,6.59628878248262,7,7.73954992110307,1.39138823061181,8.41080303630428
-0.737699706251775,3.84452513434956,3,4.54679858818687,-0.971839263627713,3.29427191653637
-0.227736973686993,5.03448854093441,5,6.05833507518806,-0.697041607959681,3.95705675449607
-1.02650027560836,3.14904138124919,3,3.579111825914,-1.53291088857164,1.82002993587774
1.71954729863576,8.85137646012049,10,10,1.28769558668934,8.24895904150725
0.586231973997287,6.89946639054063,7,8.04168528410478,0.464698946201334,6.63595713123681
0.570248117263869,6.86476918606246,7,8.00736719935164,-0.207806741528462,5.09291326986766
0.938623422359679,7.62552296521382,8,8.75073620272867,0.451789887151722,6.60730426287921
0.542290823845633,6.80378265309963,7,7.94689574453637,0.054132835055784,5.70166834851984
-2.14742984530952,0.639887316922247,0,0,-1.7178493331712,1.36685521292049
-0.00932369848087768,5.54637233454871,5,6.63838962161938,-0.390605526765264,4.66843743740514
0.542290823845633,6.80378265309963,7,7.94689574453637,0.433605698586751,6.5668373738332
0.847468130331882,7.44580689485297,8,8.57609555597118,0.537374263851095,6.79601908197396
-2.14742984530952,0.639887316922247,0,0,-2.21685920028125,0.508800861068263
0.592520695726839,6.91308278994091,7,8.05513656905216,0.191776634814673,6.01908981748785
0.294942012423609,6.25031285768962,6,7.38730321351512,0.67553148669992,7.09351317833776
-1.04419951987609,3.10493962588865,3,3.51726794979323,-0.696789232796355,3.95764842475364
1.36041191794248,8.36249140310666,9,9.47904101308099,0.800867911133939,7.35401586168179
1.26460638485041,8.20997764087302,9,9.32500914786692,0.343563245019731,6.36479520090867
-0.575553180767877,4.22287383653347,4,5.05358191155359,0.756582965841027,7.26311492874362
0.938623422359679,7.62552296521382,8,8.75073620272867,1.31564636451516,8.29365573211679
-0.48347727934103,4.43702344634158,4,5.33003026483575,-0.551432899199866,4.29601860452342
0.524565355246269,6.76492661794119,7,7.90826220043414,0.942209698910155,7.63472765554699
-0.737699706251775,3.84452513434956,3,4.54679858818687,-0.638601496582719,4.09359039853737
-0.022637311617515,5.51523665525912,5,6.60407153686625,0.464180874708938,6.63480844573363
-0.595344784378883,4.176840517344,4,4.99311045673831,-1.20384737722607,2.69479656056922
0.199392061803599,6.03127375918886,6,7.1593486085384,0.515171856054304,6.74735468693343
0.878670265402023,7.50803734403149,8,8.63656701078645,0.610960165375847,6.95568243235803
0.199392061803599,6.03127375918886,6,7.1593486085384,0.000155057003666993,5.57652195217452
-0.301069155226353,4.86269921030198,4,5.8551579449705,0.160779479290248,5.94787186254063
-0.0511424732550938,5.44852201327419,5,6.53014879710359,-0.79466779441753,3.72636379782936
-0.301069155226353,4.86269921030198,4,5.8551579449705,-0.349204721128024,4.76442097752347
-0.982081107070795,3.25888071766916,3,3.73314369112807,-0.960021276913516,3.32376663448294
0.0569435325023238,5.7010592708761,6,6.80724866708381,0.267164065855687,6.19148471049641
-0.220209729518988,5.05213605127956,5,6.07894385673149,-0.0402432239862501,5.48269806888992
-0.109794222448249,5.31108520439177,5,6.37611693188952,0.0338358455685098,5.65464393888082
-0.48347727934103,4.43702344634158,4,5.33003026483575,-0.436149087752703,4.56294293535636
-0.763713629477786,3.78335772557958,4,4.46303981853337,-1.05474374674591,3.08440104417365
-0.495052079039003,4.41008995611005,4,5.29571218008262,-0.312900203745141,4.84866666166842
1.26460638485041,8.20997764087302,9,9.32500914786692,0.886246453831905,7.52538707339777
-1.17361913416288,2.77691302702518,2,3.05815283899499,-0.582941751290043,4.22296116404872
0.46618498524514,6.63597419392793,7,7.77941259437492,-0.118986426949501,5.29957602329636
0.269324468589008,6.19181932480786,6,7.32683175869985,-0.0123638583110737,5.54745967073098
-1.60949966852091,1.6607494033029,1,1.50766321368233,-1.81927524590586,1.14432300205613
1.71954729863576,8.85137646012049,10,10,1.77205774893126,8.91124515351826
-0.259560032259945,4.95990481308748,5,5.9707030322157,-0.741460803498475,3.85257772073242
0.472227870890714,6.64938850799629,7,7.7928638793223,1.02422671734712,7.79034833559386
1.36041191794248,8.36249140310666,9,9.47904101308099,0.717764003500771,7.18238599474871
0.595872448722802,6.92033185932411,7,8.0622940656482,0.65604804954013,7.05216461193158
-1.85804662514878,1.11215368442787,1,0.728304810352315,-0.772610857926904,3.77884385982679
-0.737699706251775,3.84452513434956,3,4.54679858818687,-0.288721518522444,4.90481426884478
-1.02650027560836,3.14904138124919,3,3.579111825914,-1.24115152438707,2.59542296556981
0.840577607581379,7.43196756588932,8,8.56264427102379,0.783678634565627,7.31888851190054
-1.59684062980767,1.69144149894711,1,1.55048962531266,-1.17446284697871,2.77263760807295
1.22003050865431,8.1359089809732,9,9.25108640810426,2.18732084264206,9.30093438292818
0.542290823845633,6.80378265309963,7,7.94689574453637,0.299395928815142,6.2647905769588
0.160451253069382,5.94138502733454,6,7.06455906896999,-0.0653159173544181,5.42441664289085
-0.109794222448249,5.31108520439177,5,6.37611693188952,0.290862302764667,6.24540786182727
0.271665027196098,6.19717108404936,6,7.33237634721856,0.575210701212109,6.87843894069968
0.24059527082913,6.12601179724162,6,7.2584536074559,0.56080906156003,6.84714589719278
-0.022637311617515,5.51523665525912,5,6.60407153686625,-0.454062647069492,4.52146841216983
0.176772552658878,5.97909952316537,6,7.10442174224184,0.288279915636645,6.23953870323876
0.851141962366517,7.45317149009533,8,8.58325305256722,0.561190132865748,6.84797517854735
-1.17361913416288,2.77691302702518,2,3.05815283899499,-0.938608080895111,3.37694489473389
-0.301069155226353,4.86269921030198,4,5.8551579449705,-0.898153924515752,3.47650852854515
-2.14742984530952,0.639887316922247,0,0,-2.8632664035807,0.125562855965554
1.25643008151849,8.19653788245115,9,9.31155786291953,2.00367985422673,9.14694795759462
-0.737699706251775,3.84452513434956,3,4.54679858818687,-0.717819599300291,3.90827269361017
1.36041191794248,8.36249140310666,9,9.47904101308099,2.27082904921074,9.36230403272273
1.71954729863576,8.85137646012049,10,10,1.89808780887613,9.04555034217409
-0.737699706251775,3.84452513434956,3,4.54679858818687,-0.841802440133163,3.61335983413498
0.570248117263869,6.86476918606246,7,8.00736719935164,0.577939273066889,6.8843566714428
0.176772552658878,5.97909952316537,6,7.10442174224184,-0.186987687264192,5.14134653229216
-1.17361913416288,2.77691302702518,2,3.05815283899499,-1.21723903590545,2.65918684809608
1.36041191794248,8.36249140310666,9,9.47904101308099,1.47764579678421,8.53708286503405
0.938623422359679,7.62552296521382,8,8.75073620272867,0.558324751945953,6.84173792244156
0.878670265402023,7.50803734403149,8,8.63656701078645,1.46219088310435,8.51501748614962
-0.301069155226353,4.86269921030198,4,5.8551579449705,0.59458730346181,6.92038449630877
0.959892469497417,7.66651662938738,8,8.79059887600052,0.554027943782342,6.83237764493751
-2.14742984530952,0.639887316922247,0,0,-1.80756878966548,1.16887792848075
0.586231973997287,6.89946639054063,7,8.04168528410478,0.31489281781619,6.29994014777439
1.71954729863576,8.85137646012049,10,10,1.83408174599469,8.97919815286269
-0.0306078615600133,5.49658875259346,5,6.58346275532282,-0.304879390079741,4.86728906448067
0.263653123264626,6.17884553762695,6,7.31338047375246,-0.236254720144875,5.02675169379555
1.71954729863576,8.85137646012049,10,10,3.46393575412132,9.83671678274666
0.176772552658878,5.97909952316537,6,7.10442174224184,0.0966564097119036,5.80003109226583
-0.495052079039003,4.41008995611005,4,5.29571218008262,-0.165689764368252,5.19090187292924
-0.301069155226353,4.86269921030198,4,5.8551579449705,-0.492408659118128,4.4327028777211
-2.14742984530952,0.639887316922247,0,0,-1.77051495002858,1.24859595682075
0.263653123264626,6.17884553762695,6,7.31338047375246,1.07113285984233,7.87673830921367
-1.02650027560836,3.14904138124919,3,3.579111825914,-0.632140327526274,4.10863559237358
-0.301069155226353,4.86269921030198,4,5.8551579449705,-0.633177948802788,4.10621999696873
0.927697007815168,7.60432165893067,8,8.73012742118524,0.641351400714811,7.02083527267141
-0.0306078615600133,5.49658875259346,5,6.58346275532282,-0.229123025836521,5.04333536471772
1.71954729863576,8.85137646012049,10,10,1.14446525813678,8.00779508384989
0.570248117263869,6.86476918606246,7,8.00736719935164,-0.520876312877364,4.36679669524753
-0.301069155226353,4.86269921030198,4,5.8551579449705,0.167801046807322,5.96401972828958
1.71954729863576,8.85137646012049,10,10,0.755485109379885,7.26084495575332
0.878670265402023,7.50803734403149,8,8.63656701078645,0.753122375218567,7.25595702695807
0.592520695726839,6.91308278994091,7,8.05513656905216,1.15173702892291,8.02051741915317
-0.570895732955109,4.23370483959362,4,5.06775757510589,-0.567547632721353,4.25866630827072
1.36041191794248,8.36249140310666,9,9.47904101308099,1.02728081330572,7.79603241382463
-0.737699706251775,3.84452513434956,3,4.54679858818687,-0.892392025631698,3.49059666611101
0.823078699460506,7.39666790310474,8,8.52832618627066,1.34197254933045,8.33503395953549
0.802895791564057,7.35568466505492,8,8.48846351299881,0.599949572894943,6.9319597834292
-0.812327905150029,3.66846399626542,3,4.30466831965785,-0.94487774069665,3.36140949007943
-0.04597301132529,5.46062557093049,5,6.54360008205097,0.105235306180073,5.81984652623328
0.878670265402023,7.50803734403149,8,8.63656701078645,0.80600634854387,7.36447727981762
0.0143190988962793,5.60162040559337,6,6.69900784256801,-0.885335742672284,3.50781914187991
0.938623422359679,7.62552296521382,8,8.75073620272867,0.657856818938807,7.05601221781137
0.0569435325023238,5.7010592708761,6,6.80724866708381,0.03805123389121,5.66441381501318
0.263653123264626,6.17884553762695,6,7.31338047375246,0.105196627113396,5.81975720903581
0.294942012423609,6.25031285768962,6,7.38730321351512,0.281294140006557,6.2236532086733
-0.0475759075937006,5.45687282729399,6,6.53943138883523,-0.993802106995787,3.23917951315653
0.207979270151344,6.05105120795878,7,7.18010415621518,-0.09187786929752,5.36264286742297
0.595872448722802,6.92033185932411,7,8.0622940656482,1.27807085840104,8.23338650341347
1.71954729863576,8.85137646012049,10,10,1.75313656271741,8.88978398065328
0.524565355246269,6.76492661794119,7,7.90826220043414,0.038705107321202,5.66592911334756
0.294942012423609,6.25031285768962,6,7.38730321351512,0.892207273801059,7.53714978229042
0.246227186021216,6.13892910252213,6,7.27190489240329,-0.0268989124254742,5.51370234484167
-0.301069155226353,4.86269921030198,4,5.8551579449705,-0.247452539431938,5.00071677968834
-0.737699706251775,3.84452513434956,3,4.54679858818687,-0.515871986157178,4.37838391919758
-0.0686266654566834,5.40757166235436,6,6.48450452253867,-0.0940262675515074,5.35764538025677
-0.04597301132529,5.46062557093049,5,6.54360008205097,0.560564050082313,6.8466126712761
0.185241657813729,5.998647458439,6,7.12503052378526,0.0548168037048968,5.70325219506616
0.475448155678996,6.65653097420804,7,7.80002137591834,0.58014937123646,6.88914730498666
-0.570895732955109,4.23370483959362,4,5.06775757510589,-0.734835575752218,3.86820736480505
-0.227736973686993,5.03448854093441,5,6.05833507518806,-0.344338729346179,4.77570837555167
-0.420691046302433,4.58326116208761,5,5.51406944365733,-0.70148535583776,3.94663547206531
-0.00932369848087768,5.54637233454871,5,6.63838962161938,0.516324594005333,6.74988657916364
0.938623422359679,7.62552296521382,8,8.75073620272867,1.36024277317403,8.36333728373821
0.620960188832158,6.97440675994234,7,8.11560802386744,0.61345459910649,6.96104818041195
0.160451253069382,5.94138502733454,6,7.06455906896999,0.626895908028512,6.9899061670113
1.19962730879912,8.10135956640896,9,9.21676832335113,1.31152126922761,8.28710864905961
-0.737699706251775,3.84452513434956,3,4.54679858818687,-1.35537117283353,2.28918772682432
0.524565355246269,6.76492661794119,7,7.90826220043414,0.283385536303526,6.22841028479024
-0.48347727934103,4.43702344634158,4,5.33003026483575,-0.632338086349182,4.10817522368271
-0.737699706251775,3.84452513434956,3,4.54679858818687,-0.834698161954391,3.63047233124191
-2.14742984530952,0.639887316922247,0,0,-1.85594362957966,1.06944097253186
1.36041191794248,8.36249140310666,9,9.47904101308099,0.717287407286145,7.18138901349717
0.286189027990291,6.23034729640166,6,7.36669443197169,1.05918181544434,7.85491333192716
-0.978576410744614,3.26749628227002,3,3.74522255476996,-0.139857032587157,5.25101317181762
-0.737699706251775,3.84452513434956,3,4.54679858818687,-0.0772074920864847,5.39676430301004
1.22003050865431,8.1359089809732,9,9.25108640810426,0.874619311825723,7.5023648075112
0.199392061803599,6.03127375918886,6,7.1593486085384,0.438604004904465,6.57797260201646
-0.00932369848087768,5.54637233454871,5,6.63838962161938,-0.453816460832036,4.52203834681607
0.176772552658878,5.97909952316537,6,7.10442174224184,0.402060772432665,6.49635828149224
-0.501983114713049,4.39396502342342,4,5.27510339853919,-0.31071950508976,4.85372937177811
-0.737699706251775,3.84452513434956,3,4.54679858818687,-0.324464161420896,4.82182417167866
-0.515347334040122,4.36287868933125,4,5.23524072526734,-0.0545667658993455,5.44940699261564
-1.60949966852091,1.6607494033029,1,1.50766321368233,-1.80463439967871,1.17508116757112
-2.14742984530952,0.639887316922247,0,0,-1.58591206756202,1.68509925440742
1.71954729863576,8.85137646012049,10,10,2.63540464521203,9.576250511455
0.927697007815168,7.60432165893067,8,8.73012742118524,1.21805132826118,8.13419978826228
-0.299685914046881,4.86593675251821,5,5.85903121828936,-0.224038203199146,5.05516044652299
-0.737699706251775,3.84452513434956,3,4.54679858818687,-0.149100682705712,5.22950362632235
0.475448155678996,6.65653097420804,7,7.80002137591834,0.58014937123646,6.88914730498666
-1.59684062980767,1.69144149894711,1,1.55048962531266,-1.59511327404875,1.66203205664822
-0.48347727934103,4.43702344634158,4,5.33003026483575,0.548467003987774,6.82025092978098
-0.0511424732550938,5.44852201327419,5,6.53014879710359,0.717085166923022,7.18096590932203
-2.14742984530952,0.639887316922247,0,0,-1.97243088937745,0.853051030749002
1.71954729863576,8.85137646012049,10,10,0.834232314918164,7.42161314599256
-0.48347727934103,4.43702344634158,4,5.33003026483575,-0.741835977597353,3.85169211827999
1.71954729863576,8.85137646012049,10,10,1.15652156384014,8.02886085342316
-0.570895732955109,4.23370483959362,4,5.06775757510589,-0.0216907231564628,5.52579995103525
0.592520695726839,6.91308278994091,7,8.05513656905216,0.229038342983655,6.10445322126292
1.36041191794248,8.36249140310666,9,9.47904101308099,0.97540069086877,7.69838579433643
-0.04597301132529,5.46062557093049,5,6.54360008205097,0.42102361908349,6.53876745800295
0.160451253069382,5.94138502733454,6,7.06455906896999,0.269787751893645,6.19746147485289
0.497027359199891,6.70428140855856,7,7.84779074561886,1.60698401346544,8.71217744985121
0.176772552658878,5.97909952316537,6,7.10442174224184,0.290859838782676,6.24540226258792
0.271665027196098,6.19717108404936,6,7.33237634721856,0.135436666872006,5.88951939206164
-0.793431761642879,3.71322227190331,3,4.36651219577862,-0.413017663986184,4.61651273378362
0.160451253069382,5.94138502733454,6,7.06455906896999,0.142081981335023,5.90483073018902
-1.18364715605702,2.75112994868518,3,3.022163439042,-1.19707859463954,2.71276489344983
-0.302557264857484,4.85921636135327,5,5.85098925175476,-0.937897591545863,3.37870358801879
-2.14742984530952,0.639887316922247,0,0,-2.14641519462145,0.593115096819822
0.515152259501793,6.74423432648333,7,7.88765341889071,0.809869780128166,7.37233084473144
-1.19084344088244,2.73260034221067,2,2.99630896287422,-1.13602916761132,2.87374038287704
-0.0306078615600133,5.49658875259346,5,6.58346275532282,-0.787897771404205,3.74249711291308
-1.60949966852091,1.6607494033029,1,1.50766321368233,-1.73124871849644,1.33623959766675
1.36041191794248,8.36249140310666,9,9.47904101308099,1.93756143355989,9.08461006153865
0.497027359199891,6.70428140855856,7,7.84779074561886,0.434074102093844,6.56788126636515
0.448346006632604,6.59628878248262,7,7.73954992110307,0.236464917409175,6.12143198657602
0.909605301325165,7.56900870781654,8,8.69580933643211,1.09133401584222,7.91333575479107
-0.0511424732550938,5.44852201327419,5,6.53014879710359,-0.951421436012766,3.34516434839408
0.271665027196098,6.19717108404936,6,7.33237634721856,0.566496572000641,6.85951589545232
-0.570895732955109,4.23370483959362,4,5.06775757510589,-0.566456055203928,4.26119719410706
0.176772552658878,5.97909952316537,6,7.10442174224184,0.223970178031951,6.09285942685085
0.24059527082913,6.12601179724162,6,7.2584536074559,0.594939613109606,6.92114545149025
-0.0306078615600133,5.49658875259346,5,6.58346275532282,-0.277590339618371,4.93067332159079
-0.495052079039003,4.41008995611005,4,5.29571218008262,-0.524126641354795,4.35927024356709
0.524565355246269,6.76492661794119,7,7.90826220043414,0.104693321503781,5.81859496285555
-0.737699706251775,3.84452513434956,3,4.54679858818687,-1.1599833046921,2.81082810287375
1.22003050865431,8.1359089809732,9,9.25108640810426,0.875669428001259,7.50444829472605
1.71954729863576,8.85137646012049,10,10,1.35042493798855,8.34817012528077
-0.495052079039003,4.41008995611005,4,5.29571218008262,0.0258512877319298,5.63613347511153
-0.109794222448249,5.31108520439177,5,6.37611693188952,0.0747990324916869,5.74950029612227
-0.737699706251775,3.84452513434956,3,4.54679858818687,-0.679075738150612,3.99912766370164
0.294942012423609,6.25031285768962,6,7.38730321351512,0.461979442945636,6.62992620866106
-0.301069155226353,4.86269921030198,4,5.8551579449705,-0.966163583421092,3.30845000515953
1.19962730879912,8.10135956640896,9,9.21676832335113,0.243389364390566,6.13725180308433
-0.580882964960406,4.21047862195472,5,5.03733435469596,-1.38247863638178,2.21655252414575
0.499541941114457,6.70983284506618,7,7.85333533413758,0.498210387804164,6.71003535193113
0.223961012697368,6.08781364196072,6,7.21859093418405,0.52684369048062,6.7729644581978
0.829923817547013,7.41050231725914,8,8.54177747121804,1.40185719225376,8.42653547594104
-0.0889375025670432,5.35997808403329,6,6.43119056431944,-1.07918435142525,3.0215486321905
-1.1789197412052,2.76329023238899,2,3.03913537450454,-1.36958165026063,2.25109031414324
-0.301069155226353,4.86269921030198,4,5.8551579449705,-0.345870874413277,4.77215419284113
0.497027359199891,6.70428140855856,7,7.84779074561886,-0.395789319103372,4.6564255269872
0.851141962366517,7.45317149009533,8,8.58325305256722,0.65538443357078,7.050752516431
-0.0306078615600133,5.49658875259346,5,6.58346275532282,0.264173262585709,6.18466963290267
0.176772552658878,5.97909952316537,6,7.10442174224184,0.280697324319922,6.22229549504397
-0.00932369848087768,5.54637233454871,5,6.63838962161938,0.188790296089689,6.01223632167383
-0.00932369848087768,5.54637233454871,5,6.63838962161938,-0.487723377438442,4.44354850786485
-0.82361518475093,3.64166219729612,4,4.26755396299447,-1.05504539994676,3.08362797378075
-2.14742984530952,0.639887316922247,0,0,-1.68630628300193,1.44027026831649
0.269324468589008,6.19181932480786,6,7.32683175869985,0.0684948394918853,5.7349146496905
0.515152259501793,6.74423432648333,7,7.88765341889071,1.13492471009878,7.99102763750511
-0.519844456469949,4.35241932222546,4,5.22178944031996,-1.03249919535204,3.14122191675479
1.25643008151849,8.19653788245115,9,9.31155786291953,1.4791246757564,8.53918147049144
0.847468130331882,7.44580689485297,8,8.57609555597118,0.31337212515263,6.2964938117441
1.26460638485041,8.20997764087302,9,9.32500914786692,1.19335179085399,8.09235376195288
0.46618498524514,6.63597419392793,7,7.77941259437492,0.947232573415554,7.64441925939143
-0.00932369848087768,5.54637233454871,5,6.63838962161938,0.115270419176697,5.84301217990239
0.271665027196098,6.19717108404936,6,7.33237634721856,-0.533693636006011,4.33711421856783
-0.495052079039003,4.41008995611005,4,5.29571218008262,-0.518810086532913,4.371581029763
-1.60949966852091,1.6607494033029,1,1.50766321368233,-1.52321586226514,1.84505418605207
0.847468130331882,7.44580689485297,8,8.57609555597118,0.898090621832208,7.54873280440977
0.847468130331882,7.44580689485297,8,8.57609555597118,1.18614276877412,8.080028561971
0.524565355246269,6.76492661794119,7,7.90826220043414,0.184235592446359,6.00178022091073
1.25643008151849,8.19653788245115,9,9.31155786291953,0.68409688812432,7.11162271882485
-0.495052079039003,4.41008995611005,4,5.29571218008262,-0.128631122904496,5.277134773423
0.154961527267157,5.92868739763336,6,7.0511077840226,0.368470580422126,6.42094336553051
1.26460638485041,8.20997764087302,9,9.32500914786692,1.20915865635858,8.1192022536672
0.620960188832158,6.97440675994234,7,8.11560802386744,0.919954445416873,7.59154161400864
0.620960188832158,6.97440675994234,7,8.11560802386744,0.8859418207905,7.5247851986156
-0.022637311617515,5.51523665525912,5,6.60407153686625,-0.146270688167787,5.23608891031832
-0.267000990320176,4.942472342014,5,5.95009425067227,-0.215087811686865,5.07597721840292
-0.495052079039003,4.41008995611005,4,5.29571218008262,-0.959182238813259,3.32585670297215
-0.0737624140340306,5.3955393966044,6,6.47105323759129,0.72564256539928,7.19884678023605
0.515152259501793,6.74423432648333,7,7.88765341889071,0.0965362411893501,5.79975345571001
-0.314782984019555,4.8306083908376,5,5.81667116700163,-0.438724388891566,4.5569799319111
-0.737699706251775,3.84452513434956,3,4.54679858818687,-0.250820092452573,4.9928882172044
-0.515347334040122,4.36287868933125,4,5.23524072526734,-0.963364606348142,3.31543310125772
0.269324468589008,6.19181932480786,6,7.32683175869985,0.805074874873058,7.36258223423618
-0.737699706251775,3.84452513434956,3,4.54679858818687,-0.985335308330096,3.26046105518767
0.620960188832158,6.97440675994234,7,8.11560802386744,1.15095508426599,8.01915177106236
0.246227186021216,6.13892910252213,6,7.27190489240329,0.329220271897243,6.33237911736302
1.22003050865431,8.1359089809732,9,9.25108640810426,2.24091022442802,9.34090410441969
-0.950557257542345,3.3361136931132,3,3.84138451564386,-1.41840917252161,2.12061369777059
0.792520569254532,7.33450676775282,8,8.46785473145539,0.946339287560794,7.64269716987683
-0.0511424732550938,5.44852201327419,5,6.53014879710359,0.632240994531262,7.00135553996746
0.246227186021216,6.13892910252213,6,7.27190489240329,0.327137356009067,6.32766671133589
0.160451253069382,5.94138502733454,6,7.06455906896999,0.72089061849457,7.18892304271043
-0.737699706251775,3.84452513434956,3,4.54679858818687,-0.805010793623623,3.70167059541739
-1.59684062980767,1.69144149894711,1,1.55048962531266,-1.415207792103,2.12914094534876
0.481509261633539,6.66996267405657,7,7.81347266086573,0.302071828608998,6.27086453227219
0.286189027990291,6.23034729640166,6,7.36669443197169,1.44583253659285,8.4913956382742
0.602181874834474,6.93396212896296,7,8.07574535059559,1.30474503206403,8.2763166308937
0.840577607581379,7.43196756588932,8,8.56264427102379,1.0719670054826,7.87825682085431
-0.0306078615600133,5.49658875259346,5,6.58346275532282,0.081148236810317,5.76418506624672
-1.60949966852091,1.6607494033029,1,1.50766321368233,-1.63425333299788,1.56524814343058
-0.022637311617515,5.51523665525912,5,6.60407153686625,-0.352082675725873,4.75774574969446
-0.322103521262386,4.81348350085115,5,5.7960623854582,-0.382688764184007,4.68678472887533
0.294942012423609,6.25031285768962,6,7.38730321351512,0.240892866501253,6.13154945763025
0.497027359199891,6.70428140855856,7,7.84779074561886,0.0574153663120856,5.7092691267611
0.802895791564057,7.35568466505492,8,8.48846351299881,-0.228413665206775,5.04498497495463
-0.314782984019555,4.8306083908376,5,5.81667116700163,-0.293177440884232,4.89446441159556
0.286189027990291,6.23034729640166,6,7.36669443197169,-0.120974904064351,5.2949493429297
0.271665027196098,6.19717108404936,6,7.33237634721856,0.0997581029695165,5.8071965338715
-0.570895732955109,4.23370483959362,4,5.06775757510589,-0.453822093319384,4.5220253072857
-0.301069155226353,4.86269921030198,4,5.8551579449705,0.0779869284926949,5.75687406633413
0.959892469497417,7.66651662938738,8,8.79059887600052,1.25898915619458,8.20223949804769
0.515152259501793,6.74423432648333,7,7.88765341889071,1.15595171999903,8.02786828164031
-0.0475759075937006,5.45687282729399,6,6.53943138883523,-0.673361506047058,4.01248918615822
0.286189027990291,6.23034729640166,6,7.36669443197169,-0.229413008070976,5.04266101935291
-0.322103521262386,4.81348350085115,5,5.7960623854582,-0.179051903264805,5.15981054405325
0.938623422359679,7.62552296521382,8,8.75073620272867,0.655689657213641,7.05140202615605
-0.737699706251775,3.84452513434956,3,4.54679858818687,-1.05874845535869,3.07413237624597
-0.515347334040122,4.36287868933125,4,5.23524072526734,-0.518537832843129,4.37221141978722
0.199392061803599,6.03127375918886,6,7.1593486085384,-5.53853260660296e-05,5.57603351975372
1.71954729863576,8.85137646012049,10,10,1.41589037627601,8.44744835955247
0.802895791564057,7.35568466505492,8,8.48846351299881,0.318938792270839,6.30910644076702
1.22003050865431,8.1359089809732,9,9.25108640810426,2.08336793776754,9.21712159880001
1.71954729863576,8.85137646012049,10,10,1.10517083318141,7.93818793439115
0.602181874834474,6.93396212896296,7,8.07574535059559,0.55105820348488,6.82590330969636
0.792520569254532,7.33450676775282,8,8.46785473145539,1.13962983249353,7.99930758066247
-1.17361913416288,2.77691302702518,2,3.05815283899499,-0.694540350083038,3.96291983871896
1.25643008151849,8.19653788245115,9,9.31155786291953,1.86182981851862,9.00842740188873
-0.301069155226353,4.86269921030198,4,5.8551579449705,0.459069279707459,6.62346933580963
-0.336218194860719,4.7804762185194,5,5.75619971218636,-0.577898138363799,4.23466213986437
0.878670265402023,7.50803734403149,8,8.63656701078645,0.852021020388547,7.4573286645196
0.567673771859341,6.85916913508252,7,8.00182261083293,0.542104233878809,6.8063583813389
-0.984554133058544,3.25279686680389,3,3.72461377322653,-0.761887114652793,3.80427557668001
-0.51165475014069,4.3714673327962,5,5.24627149518224,-0.0427354972507715,5.47690629778625
1.71954729863576,8.85137646012049,10,10,1.11701408186103,7.95931907643634
0.271665027196098,6.19717108404936,6,7.33237634721856,0.399392454197023,6.4903809676301
-0.737699706251775,3.84452513434956,3,4.54679858818687,-0.147266676132843,5.23377128685391
0.249227859934755,6.14580813560251,6,7.27906238899933,0.0606769528694758,5.71682018129853
-0.109794222448249,5.31108520439177,5,6.37611693188952,-0.079484750539248,5.39146818385808
-0.515347334040122,4.36287868933125,4,5.23524072526734,-0.52165178151116,4.36500106049981
-0.519844456469949,4.35241932222546,4,5.22178944031996,-0.554441905280556,4.28904566761358
0.515152259501793,6.74423432648333,7,7.88765341889071,0.503453794102311,6.72158497950446
-0.00932369848087768,5.54637233454871,5,6.63838962161938,-0.450892247587339,4.52880815375959
-1.1789197412052,2.76329023238899,2,3.03913537450454,-1.21700165974858,2.65981871974057
-0.737699706251775,3.84452513434956,3,4.54679858818687,-0.783324192796561,3.75338327234436
-0.301069155226353,4.86269921030198,4,5.8551579449705,-0.464425663277167,4.49747839796509
0.586231973997287,6.89946639054063,7,8.04168528410478,0.775268725913517,7.30162961626798
0.24059527082913,6.12601179724162,6,7.2584536074559,0.374016775165712,6.43342025617597
-0.301069155226353,4.86269921030198,4,5.8551579449705,-0.172352823902226,5.17539786092812
1.25643008151849,8.19653788245115,9,9.31155786291953,1.21346676880101,8.12647755200924
-0.737699706251775,3.84452513434956,3,4.54679858818687,-0.697050514112544,3.95703587447585
-0.48347727934103,4.43702344634158,4,5.33003026483575,-0.183793403410163,5.14877847718296
0.269324468589008,6.19181932480786,6,7.32683175869985,0.359363756429099,6.40043573738324
-1.60949966852091,1.6607494033029,1,1.50766321368233,-1.19294114976766,2.72373745767995
-1.59684062980767,1.69144149894711,1,1.55048962531266,-1.53764132909566,1.8078556517976
-2.14742984530952,0.639887316922247,0,0,-3.03012592788523,0.0907113093060699
-0.495052079039003,4.41008995611005,4,5.29571218008262,-0.93456931528139,3.38693728104565
0.823078699460506,7.39666790310474,8,8.52832618627066,0.865257004377699,7.48375282994594
-1.61514499008094,1.64713119736915,1,1.48864574919188,-1.09999135258014,2.96770210030879
-0.737699706251775,3.84452513434956,3,4.54679858818687,-0.425317430629972,4.5880254710461
0.263653123264626,6.17884553762695,6,7.31338047375246,0.489699775507064,6.69126497685998
-0.022637311617515,5.51523665525912,5,6.60407153686625,-0.234281228782895,5.03134056152857
0.497027359199891,6.70428140855856,7,7.84779074561886,0.233941108913922,6.11566336563366
-0.0306078615600133,5.49658875259346,5,6.58346275532282,-0.00529065475490266,5.56388141107008
1.71954729863576,8.85137646012049,10,10,1.64287761619968,8.7577626520442
0.24059527082913,6.12601179724162,6,7.2584536074559,0.604747784205158,6.94230522800631
0.254874476951082,6.15874672244797,6,7.29251367394671,0.282819089216363,6.22712195623498
-0.793431761642879,3.71322227190331,3,4.36651219577862,-0.696995385905808,3.95716511933645
0.602181874834474,6.93396212896296,7,8.07574535059559,1.08295945662823,7.89820903131863
-0.966587427432202,3.29691331079787,3,3.7864576493473,-0.718087036661726,3.90764381846307
0.286189027990291,6.23034729640166,6,7.36669443197169,-0.238184136638647,5.02226545314849
-0.022637311617515,5.51523665525912,5,6.60407153686625,1.11674017548782,7.95883183367287
0.258842758614996,6.16783465131707,7,7.30195312680863,1.03602638482067,7.81226390792612
-0.737699706251775,3.84452513434956,3,4.54679858818687,-0.358859143961709,4.74202998090104
-0.240234785214013,5.00519220094997,5,6.02401699043493,-0.202895563736852,5.1043376767417
0.878670265402023,7.50803734403149,8,8.63656701078645,0.801031918794658,7.35435004881734
-0.9960902612009,3.22436834394592,3,3.68475109995468,-0.845080106792536,3.60545461539716
0.878670265402023,7.50803734403149,8,8.63656701078645,1.47801071118627,8.53760090557492
-1.60949966852091,1.6607494033029,1,1.50766321368233,-1.8327654080651,1.11641251223739
1.22003050865431,8.1359089809732,9,9.25108640810426,1.01839863076348,7.77947893583352
0.586231973997287,6.89946639054063,7,8.04168528410478,0.221742400631189,6.0877614871115
0.475448155678996,6.65653097420804,7,7.80002137591834,0.186311344494649,6.00654595417491
-0.501983114713049,4.39396502342342,4,5.27510339853919,-0.919029386649172,3.4252754104205
-0.737699706251775,3.84452513434956,3,4.54679858818687,-0.919629594437562,3.42379785310613
0.878670265402023,7.50803734403149,8,8.63656701078645,0.219375442139335,6.0823439002156
-0.495052079039003,4.41008995611005,4,5.29571218008262,0.37362702745224,6.43254378198789
-2.14742984530952,0.639887316922247,0,0,-2.24490292803775,0.478363758414594
0.185241657813729,5.998647458439,6,7.12503052378526,0.453540365641409,6.61119330681726
-1.19084344088244,2.73260034221067,2,2.99630896287422,-0.909541976653876,3.44859726637211
1.23237061703657,8.15660858681269,9,9.27169518964769,1.49937781438903,8.56769634438378
0.967110172222574,7.68034396310388,8,8.8040501609479,0.735163349921031,7.21868737071255
-0.501983114713049,4.39396502342342,4,5.27510339853919,-0.521783353421142,4.36469639711296
1.36041191794248,8.36249140310666,9,9.47904101308099,1.23086278048159,8.15567025232914
0.829923817547013,7.41050231725914,8,8.54177747121804,0.312294382699082,6.2940509509634
-0.336218194860719,4.7804762185194,5,5.75619971218636,-1.24732655901122,2.57892437495177
-0.737699706251775,3.84452513434956,3,4.54679858818687,-0.63845505602838,4.09393148762644
-0.227736973686993,5.03448854093441,5,6.05833507518806,-0.492239009877561,4.43309559026651
0.294942012423609,6.25031285768962,6,7.38730321351512,0.128524780335656,5.8735863538147
1.19962730879912,8.10135956640896,9,9.21676832335113,1.99856157361879,9.14225781454967
-0.0306078615600133,5.49658875259346,5,6.58346275532282,0.0777397272594311,5.75630232276573
0.154961527267157,5.92868739763336,6,7.0511077840226,0.629942109304922,6.99643309660862
0.244480774273897,6.13492440644527,7,7.26773619918755,0.0814778375233817,5.76494724372747
-0.884455996641522,3.49623364520603,4,4.06528636773729,-0.813326779772305,3.68177577700775
-1.17361913416288,2.77691302702518,2,3.05815283899499,-0.955980889551178,3.33382655618157
0.499541941114457,6.70983284506618,7,7.85333533413758,0.453380194482128,6.61083750178005
-1.17361913416288,2.77691302702518,2,3.05815283899499,-1.51683103304086,1.8615861623888
-0.0889375025670432,5.35997808403329,6,6.43119056431944,0.550487365347657,6.82465836087424
-0.495052079039003,4.41008995611005,4,5.29571218008262,-1.37830496869457,2.22772484056912
-0.582312081143229,4.20715485385826,4,5.03297313001016,-0.489186645909638,4.44016130911928
-0.737699706251775,3.84452513434956,3,4.54679858818687,-1.12664667258775,2.89828559662856
0.254874476951082,6.15874672244797,6,7.29251367394671,0.360657661371988,6.4033510247898
-0.267000990320176,4.942472342014,5,5.95009425067227,0.0311589935514156,5.64843894386229
-0.950557257542345,3.3361136931132,3,3.84138451564386,-1.18657257920031,2.74061064019891
-0.340967679131034,4.76937288026869,5,5.74274842723897,-1.1047691770307,2.9552948388453
0.829923817547013,7.41050231725914,8,8.54177747121804,0.153667391394355,5.93150702876355
0.524565355246269,6.76492661794119,7,7.90826220043414,0.448741682127186,6.60052932173972
-0.04597301132529,5.46062557093049,5,6.54360008205097,-0.0103932505194031,5.55203518334704
0.907416332695068,7.56471865790739,9,8.69164064321637,1.20906510796314,8.11904407354373
0.497027359199891,6.70428140855856,7,7.84779074561886,0.356276489676958,6.39347779018879
0.959892469497417,7.66651662938738,8,8.79059887600052,0.255806708431996,6.16559366706748
0.24059527082913,6.12601179724162,6,7.2584536074559,0.23840539509602,6.12586634264716
0.269324468589008,6.19181932480786,6,7.32683175869985,0.608044042415963,6.94940555369064
-0.301069155226353,4.86269921030198,4,5.8551579449705,-0.31872952941977,4.83513458654162
-0.747173313816917,3.82227185798205,4,4.51637536777695,-0.934793527863992,3.38638286243795
0.542290823845633,6.80378265309963,7,7.94689574453637,1.38903361903343,8.40724917481446
1.26460638485041,8.20997764087302,9,9.32500914786692,1.45309648692139,8.50191880297596
0.515152259501793,6.74423432648333,7,7.88765341889071,1.45984264328822,8.51164342624585
-1.19084344088244,2.73260034221067,2,2.99630896287422,-1.00931151515094,3.20005533291859
-1.17361913416288,2.77691302702518,2,3.05815283899499,-1.16205329484466,2.80537561260261
-0.0737624140340306,5.3955393966044,6,6.47105323759129,0.560566829992279,6.84661872143568
1.22003050865431,8.1359089809732,9,9.25108640810426,2.16588018068096,9.28433813606654
-0.501983114713049,4.39396502342342,4,5.27510339853919,-0.652068780897151,4.06220270366101
1.36041191794248,8.36249140310666,9,9.47904101308099,0.83400393159737,7.421153116508
-2.14742984530952,0.639887316922247,0,0,-2.3059273117011,0.417915871256792
0.847468130331882,7.44580689485297,8,8.57609555597118,0.411437435617087,6.51734396991915
-0.575102566980359,4.22392177147174,4,5.05495433285909,-0.396147784442236,4.65559493642348
-1.17361913416288,2.77691302702518,2,3.05815283899499,-1.67919152170132,1.45708041437454
-0.966587427432202,3.29691331079787,3,3.7864576493473,-1.7410245296387,1.31412632065788
0.524565355246269,6.76492661794119,7,7.90826220043414,0.126052753542093,5.86788610483779
-0.04597301132529,5.46062557093049,5,6.54360008205097,-0.738204833762648,3.86026109388962
-0.301069155226353,4.86269921030198,4,5.8551579449705,-0.319283283033678,4.83384921233002
-0.0306078615600133,5.49658875259346,5,6.58346275532282,-0.0317389713939917,5.50245821338646
-0.793431761642879,3.71322227190331,3,4.36651219577862,-0.996342240483741,3.23278423417147
-0.301069155226353,4.86269921030198,4,5.8551579449705,0.401747870689723,6.49565747187489
0.481509261633539,6.66996267405657,7,7.81347266086573,0.33282370046502,6.34052864916195
0.967110172222574,7.68034396310388,8,8.8040501609479,0.848653794767497,7.45058575707575
-2.14742984530952,0.639887316922247,0,0,-2.07973471229165,0.68381526852702
0.595872448722802,6.92033185932411,7,8.0622940656482,0.578924959263102,6.8864935474338
1.26460638485041,8.20997764087302,9,9.32500914786692,0.371727459554447,6.4282713054644
1.26460638485041,8.20997764087302,9,9.32500914786692,2.38754769436141,9.43983506638391
1.25643008151849,8.19653788245115,9,9.31155786291953,1.28721261048842,8.24817980904903
0.269324468589008,6.19181932480786,6,7.32683175869985,1.6365892019435,8.74986978477504
0.878670265402023,7.50803734403149,8,8.63656701078645,1.21346676880101,8.12647755200924
0.967110172222574,7.68034396310388,8,8.8040501609479,0.906023254595496,7.56430794918934
1.26460638485041,8.20997764087302,9,9.32500914786692,2.07481815430782,9.20984495806575
-0.0511424732550938,5.44852201327419,5,6.53014879710359,-0.459319610273835,4.50929851709064
0.286189027990291,6.23034729640166,6,7.36669443197169,1.10431774094093,7.93666080327127
0.64710564517863,7.03040535577215,8,8.17068165629735,0.48988374844298,6.69167104622597
-0.501983114713049,4.39396502342342,4,5.27510339853919,0.245748065848476,6.14263811218516
0.185241657813729,5.998647458439,6,7.12503052378526,1.46852512815446,8.52409064706567
0.595872448722802,6.92033185932411,7,8.0622940656482,-0.170333657962839,5.18009613216098
0.515152259501793,6.74423432648333,7,7.88765341889071,0.662113048229598,7.06505886827765
0.620960188832158,6.97440675994234,7,8.11560802386744,0.681898950657196,7.10697972929493
0.802895791564057,7.35568466505492,8,8.48846351299881,0.625220279282959,6.98631380260506
-0.0306078615600133,5.49658875259346,5,6.58346275532282,0.0604643531157435,5.71632801909223
0.570248117263869,6.86476918606246,7,8.00736719935164,-0.123064445115103,5.2900874510887
-0.00932369848087768,5.54637233454871,5,6.63838962161938,-0.0706673564300264,5.41197328252249
1.71954729863576,8.85137646012049,10,10,1.70779816494372,8.83694569162592
0.0121498131734589,5.59655376284067,6,6.6934632540493,-1.12228680607366,2.90967200983841
1.71954729863576,8.85137646012049,10,10,1.74383135676662,8.87910274727126
0.967110172222574,7.68034396310388,8,8.8040501609479,0.642405269090545,7.023085757968
-0.240234785214013,5.00519220094997,5,6.02401699043493,-0.0499660726018331,5.46010123787985
1.25643008151849,8.19653788245115,9,9.31155786291953,1.60906407223215,8.71485453047901
0.967110172222574,7.68034396310388,8,8.8040501609479,1.06755171117655,7.87021190871848
0.475448155678996,6.65653097420804,7,7.80002137591834,0.693526395232677,7.131509969683
1.71954729863576,8.85137646012049,10,10,0.761778543719837,7.27384690562093
0.286189027990291,6.23034729640166,6,7.36669443197169,0.390365933877339,6.47014311125154
0.263653123264626,6.17884553762695,6,7.31338047375246,0.354047661676794,6.38845276850454
-2.14742984530952,0.639887316922247,0,0,-2.05798755585004,0.715770174180196
-1.17361913416288,2.77691302702518,2,3.05815283899499,-0.989795677424859,3.24925654746428
0.263653123264626,6.17884553762695,6,7.31338047375246,-0.143808343008849,5.24181868045491
-0.04597301132529,5.46062557093049,5,6.54360008205097,0.337137958111539,6.35028093025268
0.160451253069382,5.94138502733454,6,7.06455906896999,-0.708114395839536,3.93107736831525
-0.341223257241024,4.76877543900382,5,5.74202404863405,-0.488486196876659,4.44178272228704
-2.14742984530952,0.639887316922247,0,0,-1.89270673188584,0.997551794065074
-0.00932369848087768,5.54637233454871,5,6.63838962161938,0.227081808978909,6.09997816220915
-0.109794222448249,5.31108520439177,5,6.37611693188952,-0.0778617491244415,5.3952427463827
0.286189027990291,6.23034729640166,6,7.36669443197169,0.371429432579751,6.4276008856754
-0.0511424732550938,5.44852201327419,5,6.53014879710359,0.2532724052541,6.1598121492043
-1.60949966852091,1.6607494033029,1,1.50766321368233,-1.38941582238493,2.19799376548203
-0.805204261200907,3.68535325656038,4,4.32802541780975,-1.43424944525852,2.07849436974562
-1.39150157285212,2.21122632160158,2,2.27187742584076,-1.48723026409917,1.93872595237887
0.246227186021216,6.13892910252213,6,7.27190489240329,0.0362903943530757,5.66033299295053
1.36041191794248,8.36249140310666,9,9.47904101308099,0.561189581191355,6.84797397805128
1.23237061703657,8.15660858681269,9,9.27169518964769,1.8961604644291,9.04360723500333
1.26460638485041,8.20997764087302,9,9.32500914786692,1.40837860866146,8.43627903704068
0.967110172222574,7.68034396310388,8,8.8040501609479,0.727949530068296,7.20365950046536
-1.17361913416288,2.77691302702518,2,3.05815283899499,-1.02380058214994,3.16334032333387
-0.00932369848087768,5.54637233454871,5,6.63838962161938,0.951998636468761,7.65359634437446
0.475448155678996,6.65653097420804,7,7.80002137591834,0.152023615264564,5.92772348180085
0.967110172222574,7.68034396310388,8,8.8040501609479,0.891223773989453,7.53521088385951
-1.61514499008094,1.64713119736915,1,1.48864574919188,-2.18647424775556,0.543761831413859
0.620960188832158,6.97440675994234,7,8.11560802386744,1.13590121941246,7.99274778478885
-1.60949966852091,1.6607494033029,1,1.50766321368233,-1.00391375421573,3.21369246766336
1.71954729863576,8.85137646012049,10,10,1.99860499283739,9.14229769629553
-1.60949966852091,1.6607494033029,1,1.50766321368233,-1.24123909398529,2.59518908107029
-0.501983114713049,4.39396502342342,4,5.27510339853919,-0.98160843688173,3.26981148366208
-0.737699706251775,3.84452513434956,3,4.54679858818687,-1.1658049717007,2.7954872403386
1.36041191794248,8.36249140310666,9,9.47904101308099,1.28254863524194,8.24064294720668
-0.570895732955109,4.23370483959362,4,5.06775757510589,-0.418375947541454,4.60410179801256
-1.1789197412052,2.76329023238899,2,3.03913537450454,-1.29472459961011,2.45196184824684
-0.812327905150029,3.66846399626542,3,4.30466831965785,-0.383431739943201,4.68506273149244
-1.59684062980767,1.69144149894711,1,1.55048962531266,-1.37661276015296,2.23225596895651
-0.495052079039003,4.41008995611005,4,5.29571218008262,-0.941973833673647,3.3686085629073
1.25643008151849,8.19653788245115,9,9.31155786291953,2.01813813916127,9.16007592242933
0.909605301325165,7.56900870781654,8,8.69580933643211,1.49431644831237,8.56060968966064
1.25643008151849,8.19653788245115,9,9.31155786291953,1.76972666015624,8.90861976180898
-2.14742984530952,0.639887316922247,0,0,-1.49295324408012,1.92375180294826
-0.812327905150029,3.66846399626542,3,4.30466831965785,-0.896238716310811,3.4811938127146
-0.812327905150029,3.66846399626542,3,4.30466831965785,-0.319918366593143,4.83237507582692
1.25643008151849,8.19653788245115,9,9.31155786291953,1.03118210895453,7.80328137925318
-0.329093538799232,4.79713543320016,5,5.77634213338719,0.357064284960791,6.39525356261116
-0.345482094456072,4.75882069013537,5,5.72994518499217,-0.226657672570978,5.04906859155603
0.294942012423609,6.25031285768962,6,7.38730321351512,-0.179645597958885,5.15842917347631
0.24059527082913,6.12601179724162,6,7.2584536074559,0.121421714733908,5.85720485260268
1.71954729863576,8.85137646012049,10,10,1.88161669032647,9.02883548324755
-0.570895732955109,4.23370483959362,4,5.06775757510589,-0.752693314936119,3.82603813790584
-0.960581021984919,3.31161907071143,3,3.80706643089073,-0.724601732098932,3.89231661550254
-0.04597301132529,5.46062557093049,5,6.54360008205097,0.114470879609736,5.84116701481157
-0.793431761642879,3.71322227190331,3,4.36651219577862,-0.39684887835094,4.65397046766071
-0.737699706251775,3.84452513434956,3,4.54679858818687,-0.87255481188575,3.53892996201328
-0.570895732955109,4.23370483959362,4,5.06775757510589,-1.06768863191893,3.05116581770177
-0.240234785214013,5.00519220094997,5,6.02401699043493,0.12314060791983,5.8611697743042
0.851141962366517,7.45317149009533,8,8.58325305256722,1.70857415405616,8.83786694864113
1.71954729863576,8.85137646012049,10,10,2.82602501504588,9.65902013791886
-0.00932369848087768,5.54637233454871,5,6.63838962161938,-0.151234882505537,5.22453742852454
-0.0306078615600133,5.49658875259346,5,6.58346275532282,0.14221555665313,5.9051384247959
1.22003050865431,8.1359089809732,9,9.25108640810426,1.33858518282179,8.32974918666052
-2.14742984530952,0.639887316922247,0,0,-2.02177303333866,0.771619956265322
-0.519844456469949,4.35241932222546,4,5.22178944031996,-0.462345363204051,4.50229408853264
-0.501983114713049,4.39396502342342,4,5.27510339853919,-0.958475042334485,3.32761794390084
0.246227186021216,6.13892910252213,6,7.27190489240329,1.61797632256147,8.72627541121378
-0.737699706251775,3.84452513434956,3,4.54679858818687,-0.798042093461553,3.71831398459695
-0.737699706251775,3.84452513434956,3,4.54679858818687,-0.144493087895317,5.24022531013537
-0.561986301110555,4.2544228061733,4,5.09481700613094,-1.37661888284525,2.23223957324957
-0.570895732955109,4.23370483959362,4,5.06775757510589,-0.762598549675093,3.8025899968673
-0.0511424732550938,5.44852201327419,5,6.53014879710359,0.580289231642599,6.88945038850457
0.271665027196098,6.19717108404936,6,7.33237634721856,0.334971994469674,6.34538548466452
-1.18447239723542,2.74900618060213,3,3.01919970068352,-0.923559708733639,3.41411660448047
-1.17361913416288,2.77691302702518,2,3.05815283899499,-1.08303683547334,3.01160190532847
-0.501983114713049,4.39396502342342,4,5.27510339853919,-0.363569551603276,4.73110723541349
0.602181874834474,6.93396212896296,7,8.07574535059559,0.902941355780608,7.55826268159928
-0.515347334040122,4.36287868933125,4,5.23524072526734,-0.416049937890434,4.60948919590457
0.286189027990291,6.23034729640166,6,7.36669443197169,0.296374945693092,6.25793107377222
1.71954729863576,8.85137646012049,10,10,1.34839246648585,8.34501800949757
-1.60949966852091,1.6607494033029,1,1.50766321368233,-1.57710843207561,1.70727455167514
0.829923817547013,7.41050231725914,8,8.54177747121804,0.786388915152344,7.32444046136458
0.263653123264626,6.17884553762695,6,7.31338047375246,0.0569646573422721,5.70822557239587
0.472227870890714,6.64938850799629,7,7.7928638793223,0.516445264024204,6.75015158788517
0.64710564517863,7.03040535577215,8,8.17068165629735,1.57882296181729,8.67550321633493
0.249227859934755,6.14580813560251,6,7.27906238899933,0.0633152850772777,5.72292740234334
-0.00124666944676247,5.5652531792447,6,6.65914516929616,-0.262165429125259,4.96651727600038
0.294942012423609,6.25031285768962,6,7.38730321351512,1.28760353468903,8.24881054308903
1.36041191794248,8.36249140310666,9,9.47904101308099,3.00719788437375,9.72307212084089
0.567673771859341,6.85916913508252,7,8.00182261083293,0.720563050090401,7.18823845217505
-0.301069155226353,4.86269921030198,4,5.8551579449705,-0.769689098194959,3.78577812402148
1.71954729863576,8.85137646012049,10,10,2.19046915551871,9.30334189216897
1.71954729863576,8.85137646012049,10,10,2.49556107515272,9.5037012543635
1.36041191794248,8.36249140310666,9,9.47904101308099,1.57040651401358,8.66438651481341
0.840577607581379,7.43196756588932,8,8.56264427102379,1.48691999531008,8.55020640576151
-1.60949966852091,1.6607494033029,1,1.50766321368233,-1.86797039592925,1.04556644924995
1.71954729863576,8.85137646012049,10,10,0.913398842260844,7.57874528964612
-0.966587427432202,3.29691331079787,3,3.7864576493473,-1.74050152811416,1.31530453732139
0.820262271709285,7.39096606457045,8,8.52278159775194,1.31719864618458,8.29611496853922
-1.60949966852091,1.6607494033029,1,1.50766321368233,-1.11639997915561,2.92502651911111
1.26460638485041,8.20997764087302,9,9.32500914786692,1.50889026392825,8.5809442369639
0.46618498524514,6.63597419392793,7,7.77941259437492,0.572188628351213,6.87188049666485
0.851141962366517,7.45317149009533,8,8.58325305256722,0.142246750284565,5.90521027980622
-0.737699706251775,3.84452513434956,3,4.54679858818687,-0.609920719302378,4.16031555419101
1.26460638485041,8.20997764087302,9,9.32500914786692,0.438964575423075,6.57877553102334
-0.0306078615600133,5.49658875259346,5,6.58346275532282,0.398557887120998,6.48851096183072
-0.301069155226353,4.86269921030198,4,5.8551579449705,-0.475002525457191,4.4729946776257
0.263653123264626,6.17884553762695,6,7.31338047375246,-0.237257107076893,5.02442094608573
0.0143190988962793,5.60162040559337,6,6.69900784256801,0.131052485967608,5.87941400677214
-0.022637311617515,5.51523665525912,5,6.60407153686625,-0.710533748501064,3.92539557330374
-1.17361913416288,2.77691302702518,2,3.05815283899499,-1.19767093276382,2.71119333425223
-0.262146148024906,4.95384580301628,5,5.96354553561966,-0.69362867938556,3.96505635862611
-0.570895732955109,4.23370483959362,4,5.06775757510589,-0.400963802647885,4.6444364464211
-0.322103521262386,4.81348350085115,5,5.7960623854582,-0.274328037389,4.93825321173094
-0.950557257542345,3.3361136931132,3,3.84138451564386,-1.22782974626525,2.63097248466192
-0.0475759075937006,5.45687282729399,6,6.53943138883523,-0.693619989010702,3.96507672346705
0.154961527267157,5.92868739763336,6,7.0511077840226,0.208177183249901,6.05669704766572
0.967110172222574,7.68034396310388,8,8.8040501609479,0.505787074536887,6.72672080789682
0.176772552658878,5.97909952316537,6,7.10442174224184,-0.234168647808843,5.03160234520427
-0.326643400367178,4.80286534199369,5,5.7832591432114,0.101933612499215,5.81222153420872
-0.515347334040122,4.36287868933125,4,5.23524072526734,-0.310525486761347,4.85417981738815
0.246227186021216,6.13892910252213,6,7.27190489240329,-0.0658502473162966,5.4231742557622
1.22003050865431,8.1359089809732,9,9.25108640810426,0.578921757398353,6.88648660684821
0.497027359199891,6.70428140855856,7,7.84779074561886,0.269042416758985,6.19576376834587
0.475448155678996,6.65653097420804,7,7.80002137591834,0.554151361790792,6.8326466209205
-0.966587427432202,3.29691331079787,3,3.7864576493473,-0.67836262659313,4.00079561869944
-0.812327905150029,3.66846399626542,3,4.30466831965785,-1.19679279001104,2.71352311517072
0.858060207010219,7.46701297743401,8,8.5967043375146,0.765232803613476,7.28097227619786
-0.501983114713049,4.39396502342342,4,5.27510339853919,-0.506491697982375,4.40010129009608
-0.301069155226353,4.86269921030198,4,5.8551579449705,-0.495532885788499,4.42547070383255
-1.17361913416288,2.77691302702518,2,3.05815283899499,-0.484671533436829,4.45061292858058
-0.570895732955109,4.23370483959362,4,5.06775757510589,0.148733984149016,5.92015022764392
-0.262146148024906,4.95384580301628,5,5.96354553561966,-0.0181382254943763,5.53405063219834
-0.629624975222403,4.09705768556357,4,4.88747118269764,-1.1977556193369,2.71096863488493
-1.04785460313924,3.09580834427184,3,3.50446470754643,-1.57660683696447,1.70854102378172
-0.519844456469949,4.35241932222546,4,5.22178944031996,-0.288043689782079,4.90638876515407
0.823078699460506,7.39666790310474,8,8.52832618627066,0.151906989631563,5.92745502233447
0.847468130331882,7.44580689485297,8,8.57609555597118,0.401931761883414,6.49606933906215
0.271665027196098,6.19717108404936,6,7.33237634721856,0.461759187554456,6.62943763396191
-0.776510061409653,3.75319404844748,4,4.42158582820854,-0.891967787905304,3.49163306023183
-0.501983114713049,4.39396502342342,4,5.27510339853919,-0.0885129859214339,5.37046979475239
0.64710564517863,7.03040535577215,8,8.17068165629735,-0.0315949062852814,5.50279291860981
0.481509261633539,6.66996267405657,7,7.81347266086573,0.98433373289094,7.71536255702221
0.524565355246269,6.76492661794119,7,7.90826220043414,1.07131980263391,7.87707868190124
-0.737699706251775,3.84452513434956,3,4.54679858818687,-1.24576030999985,2.58311025549098
-0.301069155226353,4.86269921030198,4,5.8551579449705,-0.500154566147166,4.41477187752688
0.967110172222574,7.68034396310388,8,8.8040501609479,1.05498469947287,7.84721815989946
0.0569435325023238,5.7010592708761,6,6.80724866708381,-0.013416565923009,5.54501529178506
-1.60949966852091,1.6607494033029,1,1.50766321368233,-1.50205436938475,1.89999629564709
0.286189027990291,6.23034729640166,6,7.36669443197169,0.868596675254501,7.49039953444686
-0.04597301132529,5.46062557093049,5,6.54360008205097,-0.278276701038515,4.92907864211622
-0.737699706251775,3.84452513434956,3,4.54679858818687,-0.725357588891191,3.89053729459806
0.576502840575381,6.87836176642635,7,8.02081848429903,0.360483501768937,6.40295865676402
-0.811005555466059,3.67160061003309,4,4.3090079533193,-0.526384016046015,4.35404281417606
0.595872448722802,6.92033185932411,7,8.0622940656482,1.11601069593735,7.95753384679369
-2.14742984530952,0.639887316922247,0,0,-1.90840671850154,0.967848602618715
0.967110172222574,7.68034396310388,8,8.8040501609479,0.461759187554456,6.62943763396191
-0.022637311617515,5.51523665525912,5,6.60407153686625,-0.334626725226262,4.79824078261915
-0.515347334040122,4.36287868933125,4,5.23524072526734,-0.697407595883176,3.95619869384748
1.22003050865431,8.1359089809732,9,9.25108640810426,1.63589155351701,8.74899169362073
0.271665027196098,6.19717108404936,6,7.33237634721856,-0.130762116170283,5.2721762375434
-1.60949966852091,1.6607494033029,1,1.50766321368233,-1.89173617578034,0.999407785834697
0.46618498524514,6.63597419392793,7,7.77941259437492,-0.112058106150323,5.31569595792374
-0.109794222448249,5.31108520439177,5,6.37611693188952,-0.69679224226018,3.95764136946216
-0.737699706251775,3.84452513434956,3,4.54679858818687,-0.382643667240215,4.68688925110903
-0.242249702268983,5.00046958860074,5,6.01847240191622,0.305521656113156,6.27869241877495
-1.02650027560836,3.14904138124919,3,3.579111825914,-0.895750514594976,3.48238772932281
-0.109794222448249,5.31108520439177,5,6.37611693188952,-0.208250161413758,5.091881815559
-1.22901086730042,2.63398180765183,2,2.85884898209629,-1.39149400615653,2.19243699084286
1.36041191794248,8.36249140310666,9,9.47904101308099,0.439322608760341,6.5795727633502
0.829923817547013,7.41050231725914,8,8.54177747121804,1.71748866713129,8.84840789391537
-0.737699706251775,3.84452513434956,3,4.54679858818687,-0.572690599259489,4.2467404777354
0.878670265402023,7.50803734403149,8,8.63656701078645,1.08392554421544,7.89995731255337
1.71954729863576,8.85137646012049,10,10,2.16582724151315,9.28429672271115
1.71954729863576,8.85137646012049,10,10,1.88184019670143,9.02906395388943
1.22003050865431,8.1359089809732,9,9.25108640810426,2.04174888950244,9.18113361651193
0.490935522363066,6.69082126841918,7,7.83433946067148,0.791200698753575,7.33428505775869
1.71954729863576,8.85137646012049,10,10,1.17102329635219,8.054016222841
-1.04419951987609,3.10493962588865,3,3.51726794979323,-0.818718395950712,3.66885702607686
0.286189027990291,6.23034729640166,6,7.36669443197169,0.0891949655935147,5.78278849566646
0.176772552658878,5.97909952316537,6,7.10442174224184,0.741880381024472,7.23265095742015
-0.9960902612009,3.22436834394592,3,3.68475109995468,-0.433358841894169,4.56940385904542
0.271665027196098,6.19717108404936,6,7.33237634721856,0.0237017617060873,5.63114920005743
-0.495052079039003,4.41008995611005,4,5.29571218008262,-0.208104600345817,5.0922204095992
-0.314782984019555,4.8306083908376,5,5.81667116700163,-0.24742216535958,5.00078739255415
-0.737699706251775,3.84452513434956,3,4.54679858818687,-0.30487738479931,4.86729372069856
0.286189027990291,6.23034729640166,6,7.36669443197169,0.0179344162224447,5.61777383824554
0.592520695726839,6.91308278994091,7,8.05513656905216,1.45514929871163,8.50488287910325
0.592520695726839,6.91308278994091,7,8.05513656905216,1.17519934241667,8.06122287699264
-1.1789197412052,2.76329023238899,2,3.03913537450454,-1.49370567001069,1.92178512705198
0.160451253069382,5.94138502733454,6,7.06455906896999,-0.0441888511605796,5.47352869630038
0.858060207010219,7.46701297743401,8,8.5967043375146,1.31796739154601,8.29733197010392
0.199392061803599,6.03127375918886,6,7.1593486085384,0.0606064974215592,5.71665707958338
1.71954729863576,8.85137646012049,10,10,2.19198918197386,9.30450157049395
-0.0511424732550938,5.44852201327419,5,6.53014879710359,-0.26708582034277,4.95508219036822
-0.353218460077746,4.74074105185801,5,5.70796398214325,0.0490336741901918,5.68985871498628
-0.32812024616552,4.79941152802418,6,5.77909044999566,-0.207560373466193,5.09348635741966
-1.17361913416288,2.77691302702518,2,3.05815283899499,-0.825817835496317,3.65182153483382
-0.737699706251775,3.84452513434956,3,4.54679858818687,-0.923383427863383,3.41455108133829
0.823078699460506,7.39666790310474,8,8.52832618627066,0.500851898485342,6.71585522078055
-0.301069155226353,4.86269921030198,4,5.8551579449705,-0.861191777985276,3.56650064041548
-0.0511424732550938,5.44852201327419,5,6.53014879710359,0.502886384532999,6.72033569989072
-2.14742984530952,0.639887316922247,0,0,-2.64379698572758,0.198373337226037
0.802895791564057,7.35568466505492,8,8.48846351299881,1.61599352751977,8.72374141768153
1.19962730879912,8.10135956640896,9,9.21676832335113,1.2823076937593,8.24025300076312
0.620960188832158,6.97440675994234,7,8.11560802386744,0.479232822983802,6.66813964167579
0.294942012423609,6.25031285768962,6,7.38730321351512,0.768534280158887,7.28777517464434
-0.0322178928507181,5.49282126026852,6,6.57929406210708,-0.102875187242237,5.33706015600516
-0.737699706251775,3.84452513434956,3,4.54679858818687,-1.4615981839078,2.00610684504841
-0.301069155226353,4.86269921030198,4,5.8551579449705,0.315455343234571,6.30121483609968
1.23237061703657,8.15660858681269,9,9.27169518964769,1.84365902647649,8.9893676285162
-0.0475759075937006,5.45687282729399,6,6.53943138883523,-0.407981925983783,4.62817765345581
0.858060207010219,7.46701297743401,8,8.5967043375146,0.865498671100082,7.48423408142874
-0.501983114713049,4.39396502342342,4,5.27510339853919,-0.283718039828033,4.91643716844886
1.71954729863576,8.85137646012049,10,10,1.50975206963831,8.58213989213561
-1.17361913416288,2.77691302702518,2,3.05815283899499,-1.37838206496906,2.22751842212741
0.249227859934755,6.14580813560251,6,7.27906238899933,-0.165102337920715,5.1922687520041
-0.022637311617515,5.51523665525912,5,6.60407153686625,0.00571815129306571,5.5894324490656
-0.240234785214013,5.00519220094997,5,6.02401699043493,-1.08304116989927,3.01159070829678
-0.220209729518988,5.05213605127956,5,6.07894385673149,-0.485722618034205,4.44817987875903
1.71954729863576,8.85137646012049,10,10,2.02319447518631,9.1646250800335
-0.570895732955109,4.23370483959362,4,5.06775757510589,-0.582266819862301,4.22452714652953
1.71954729863576,8.85137646012049,10,10,1.79701871441171,8.93903128334369
0.499541941114457,6.70983284506618,7,7.85333533413758,0.941702297531172,7.63374748876183
0.938623422359679,7.62552296521382,8,8.75073620272867,0.996473239099932,7.7383250687963
-0.846394596750483,3.58740996509858,4,4.19225880192631,-0.771828409830597,3.78070124607568
0.335569657946212,6.34269215466961,7,7.48223951921689,0.492854561150235,6.69822638978215
0.0277762817072111,5.63303923826845,6,6.73332592732115,0.26477324378855,6.18603696857512
-1.60949966852091,1.6607494033029,1,1.50766321368233,-1.86957963654983,1.04239804489688
0.176772552658878,5.97909952316537,6,7.10442174224184,0.878681792555171,7.51042036369182
0.160451253069382,5.94138502733454,6,7.06455906896999,0.59960837004698,6.93122367300698
0.249227859934755,6.14580813560251,6,7.27906238899933,-0.513066747164239,4.3848789135934
0.199392061803599,6.03127375918886,6,7.1593486085384,0.487638191041555,6.68671366246148
0.269324468589008,6.19181932480786,6,7.32683175869985,0.321379054577233,6.31463276411959
0.254874476951082,6.15874672244797,6,7.29251367394671,0.593730042713769,6.91853263726509
0.263653123264626,6.17884553762695,6,7.31338047375246,-0.922752082492666,3.41610696735488
-0.301069155226353,4.86269921030198,4,5.8551579449705,-0.123496902724345,5.28908121211573
1.22003050865431,8.1359089809732,9,9.25108640810426,1.10036784648396,7.92958129586752
0.160451253069382,5.94138502733454,6,7.06455906896999,-0.200178503208123,5.1106583784685
0.524565355246269,6.76492661794119,7,7.90826220043414,-0.253486933715913,4.98668894233332
0.223961012697368,6.08781364196072,6,7.21859093418405,-0.68824884305435,3.97765893374162
-1.59684062980767,1.69144149894711,1,1.55048962531266,-1.26796451982752,2.52370342591165
-0.812327905150029,3.66846399626542,3,4.30466831965785,-0.564362002554338,4.26605206403225
0.286189027990291,6.23034729640166,6,7.36669443197169,0.474459977994775,6.65758019682108
0.595872448722802,6.92033185932411,7,8.0622940656482,0.90559181787919,7.56346211488
0.341367474194451,6.35583441056594,7,7.49569080416427,-0.374278871090822,4.70627833384898
0.851141962366517,7.45317149009533,8,8.58325305256722,1.03627389410518,7.81272229954723
-0.793431761642879,3.71322227190331,3,4.36651219577862,-1.16580855984397,2.79547777919727
-0.0306078615600133,5.49658875259346,5,6.58346275532282,0.604057037449329,6.94081662205457
0.576502840575381,6.87836176642635,7,8.02081848429903,0.585300223430257,6.90030315421205
-0.109794222448249,5.31108520439177,5,6.37611693188952,0.526634254871584,6.77250544519459
-0.737699706251775,3.84452513434956,3,4.54679858818687,-0.295692483024224,4.88862313357239
-0.737699706251775,3.84452513434956,3,4.54679858818687,-1.19328499894876,2.72282587932081
-0.757825856819461,3.79721909706604,4,4.48205728302381,-1.10051679953906,2.96633836645242
1.26460638485041,8.20997764087302,9,9.32500914786692,1.07874177552953,7.89056655456042
-0.570895732955109,4.23370483959362,4,5.06775757510589,-0.547719534199146,4.3046228666566
-0.737699706251775,3.84452513434956,3,4.54679858818687,-1.13026108510136,2.88883671502087
1.22003050865431,8.1359089809732,9,9.25108640810426,1.12948739582362,7.98143328278553
-0.0306078615600133,5.49658875259346,5,6.58346275532282,0.49445544456579,6.70175737975945
0.938623422359679,7.62552296521382,8,8.75073620272867,0.588826574610688,6.90793314564757
-0.515347334040122,4.36287868933125,4,5.23524072526734,-0.368244523904393,4.72026784616177
-1.60949966852091,1.6607494033029,1,1.50766321368233,-1.43841454610682,2.06744118460183
-1.17361913416288,2.77691302702518,2,3.05815283899499,-0.886836557136799,3.50415884992637
1.71954729863576,8.85137646012049,10,10,0.826414866285815,7.40584531034919
-0.247132989628093,4.98902475200715,5,6.00502111696883,-0.264809310089848,4.96037270541963
-0.314782984019555,4.8306083908376,5,5.81667116700163,-0.326455602846462,4.81720234921429
0.154961527267157,5.92868739763336,6,7.0511077840226,-1.02838613572746,3.15168752170346
0.851141962366517,7.45317149009533,8,8.58325305256722,0.280364446038696,6.22153818181307
0.847468130331882,7.44580689485297,8,8.57609555597118,0.744056244586388,7.23716809277174
-0.501983114713049,4.39396502342342,4,5.27510339853919,-0.371688749621434,4.71228281318166
-0.743415422906479,3.83110198903329,4,4.52845423141883,-1.13472890584979,2.87714529102443
-1.44746682022832,2.06655645876039,2,2.07144861223167,-1.1521197224798,2.83151866018802
-0.301069155226353,4.86269921030198,4,5.8551579449705,-0.542942441980472,4.31569049317554
-0.301069155226353,4.86269921030198,4,5.8551579449705,-0.202352250556037,5.10560157249648
0.570248117263869,6.86476918606246,7,8.00736719935164,0.540029032036825,6.8018234071852
0.938623422359679,7.62552296521382,8,8.75073620272867,1.05379286824344,7.84503013611123
0.0411844535449099,5.66432177658739,6,6.76738599381196,-0.184599099812411,5.14690389605684
1.26460638485041,8.20997764087302,9,9.32500914786692,1.55291946775238,8.6410589699432
0.542290823845633,6.80378265309963,7,7.94689574453637,0.173403624086637,5.97689794259117
0.551789325196849,6.82454451464214,7,7.96750452607979,-0.805761476439369,3.69987621262907
-0.0511424732550938,5.44852201327419,5,6.53014879710359,-0.554448406785727,4.28903060056015
-1.2408760681242,2.60322177289339,2,2.81602257046596,-1.25859229082269,2.54879479354125
0.176772552658878,5.97909952316537,6,7.10442174224184,0.120849623956055,5.85588512751329
0.938623422359679,7.62552296521382,8,8.75073620272867,0.610030851015873,6.95368257919148
0.851141962366517,7.45317149009533,8,8.58325305256722,0.675349699491921,7.09312837482963
0.620960188832158,6.97440675994234,7,8.11560802386744,-0.771489139580783,3.78150652203781
1.23237061703657,8.15660858681269,9,9.27169518964769,1.56788662659121,8.66104418093988
-1.60949966852091,1.6607494033029,1,1.50766321368233,-1.62697258992077,1.58307980596972
1.23237061703657,8.15660858681269,9,9.27169518964769,0.459227370479922,6.6238201797472
-0.0306078615600133,5.49658875259346,5,6.58346275532282,-0.644234213611566,4.08046725774736
-2.14742984530952,0.639887316922247,0,0,-2.82276753569799,0.136292956450657
-0.570895732955109,4.23370483959362,4,5.06775757510589,-0.800922458660057,3.71143786649138
-0.525967322861123,4.33817969428912,5,5.20344508355192,-0.54543968151682,4.30990504775812
-0.737699706251775,3.84452513434956,3,4.54679858818687,0.240558196084325,6.13078491800667
0.820262271709285,7.39096606457045,8,8.52278159775194,0.725261129542027,7.1980507225495
0.602181874834474,6.93396212896296,7,8.07574535059559,0.967002916948295,7.6823653939609
-1.40678841793418,2.17158164765186,2,2.2169505595442,-1.857766377026,1.06580054460799
0.515152259501793,6.74423432648333,7,7.88765341889071,0.207852612833302,6.05595331442461
0.858060207010219,7.46701297743401,8,8.5967043375146,0.690890238554461,7.12595543734434
-0.570895732955109,4.23370483959362,4,5.06775757510589,-0.477284354954307,4.46771270621606
0.907416332695068,7.56471865790739,9,8.69164064321637,0.373427999355972,6.43209618434218
1.25643008151849,8.19653788245115,9,9.31155786291953,0.71461730878914,7.17580092785342
0.472227870890714,6.64938850799629,7,7.7928638793223,1.00566703575467,7.75563210713698
0.246227186021216,6.13892910252213,6,7.27190489240329,-0.0450063897736671,5.47162867984902
-0.254694545072305,4.97130508093837,5,5.98415431716308,-0.218413786959526,5.06824138887489
0.246227186021216,6.13892910252213,6,7.27190489240329,-0.0237899224229221,5.52092414356241
0.294942012423609,6.25031285768962,6,7.38730321351512,-0.127793487769037,5.27908382551643
-0.319332755633964,4.81996468309439,5,5.80386792475483,-0.761936586597599,3.80415837170959
0.0121498131734589,5.59655376284067,6,6.6934632540493,0.0335840045208622,5.65406019720027
0.524565355246269,6.76492661794119,7,7.90826220043414,1.06004239470634,7.85648920728535
0.246227186021216,6.13892910252213,6,7.27190489240329,0.878440076923668,7.50994141141291
0.542290823845633,6.80378265309963,7,7.94689574453637,0.8318809684196,7.41687506772058
-0.561986301110555,4.2544228061733,4,5.09481700613094,-0.725165223499474,3.89099015151377
-0.982081107070795,3.25888071766916,3,3.73314369112807,-1.48069730487521,1.95585207996986
0.199392061803599,6.03127375918886,6,7.1593486085384,-0.00281873670013254,5.56961950229698
0.820262271709285,7.39096606457045,8,8.52278159775194,1.60801188035196,8.71350088226042
-0.00932369848087768,5.54637233454871,5,6.63838962161938,0.00277434636163244,5.58260096458833
0.472227870890714,6.64938850799629,7,7.7928638793223,-0.663921613156714,4.03454319032278
-1.60949966852091,1.6607494033029,1,1.50766321368233,-1.1248148186192,2.90307125115235
-0.515347334040122,4.36287868933125,4,5.23524072526734,-0.652721444487272,4.06068053489419
0.570248117263869,6.86476918606246,7,8.00736719935164,0.0777397272594311,5.75630232276573
0.967110172222574,7.68034396310388,8,8.8040501609479,0.670684604860775,7.0832469462492
0.472227870890714,6.64938850799629,7,7.7928638793223,1.48487586782499,8.5473214125836
1.26460638485041,8.20997764087302,9,9.32500914786692,0.349581119633501,6.37837821749836
-0.495052079039003,4.41008995611005,4,5.29571218008262,-0.19628804459919,5.11970906159376
0.586231973997287,6.89946639054063,7,8.04168528410478,0.269590421700633,6.19701201395662
-0.00932369848087768,5.54637233454871,5,6.63838962161938,-0.228536571301911,5.04469915693855
-1.20266636041418,2.70211082040372,3,2.95378528779806,-0.951626885635834,3.34465379629056
1.71954729863576,8.85137646012049,10,10,1.77206913493108,8.91125796420235
-0.301069155226353,4.86269921030198,4,5.8551579449705,-0.816302061121221,3.67464873876867
-1.17361913416288,2.77691302702518,2,3.05815283899499,-0.696170018011054,3.95910003153391
-0.109794222448249,5.31108520439177,5,6.37611693188952,0.107854194662303,5.82589353193759
0.176772552658878,5.97909952316537,6,7.10442174224184,-0.158087078339461,5.20859270080201
-1.1789197412052,2.76329023238899,2,3.03913537450454,-0.954786564553202,3.33679791759303
0.294942012423609,6.25031285768962,6,7.38730321351512,0.611011880278073,6.95579370809765
0.570248117263869,6.86476918606246,7,8.00736719935164,0.353706951150261,6.38768448551571
0.294942012423609,6.25031285768962,6,7.38730321351512,0.300004169823995,6.26617137248853
-1.59684062980767,1.69144149894711,1,1.55048962531266,-1.54327528874777,1.79338758307898
-1.1789197412052,2.76329023238899,2,3.03913537450454,-1.34785372566538,2.3093548800108
0.185241657813729,5.998647458439,6,7.12503052378526,-0.550971167347009,4.29708854091505
-0.109794222448249,5.31108520439177,5,6.37611693188952,-0.0157981107277107,5.53948506058139
1.19962730879912,8.10135956640896,9,9.21676832335113,1.50248786797511,8.57203787085151
0.475448155678996,6.65653097420804,7,7.80002137591834,0.610317700477768,6.95429991671377
-1.17361913416288,2.77691302702518,2,3.05815283899499,-0.909368589792328,3.44902289751586
0.909605301325165,7.56900870781654,8,8.69580933643211,1.37634350272784,8.38799830479243
0.792520569254532,7.33450676775282,8,8.46785473145539,-0.10238559777203,5.33819913982532
-0.515347334040122,4.36287868933125,4,5.23524072526734,-0.127765663929263,5.27914856731495
0.269324468589008,6.19181932480786,6,7.32683175869985,-0.464257519820666,4.49786763152181
-1.02650027560836,3.14904138124919,3,3.579111825914,-1.46007876834923,2.01011602310264
0.515152259501793,6.74423432648333,7,7.88765341889071,0.910962018106269,7.57398005023647
-0.812327905150029,3.66846399626542,3,4.30466831965785,-0.468827851765107,4.48728792966885
-0.737699706251775,3.84452513434956,3,4.54679858818687,-0.575786459919713,4.23956030425295
-0.109794222448249,5.31108520439177,5,6.37611693188952,-0.261611829879366,4.96780392125519
-1.19084344088244,2.73260034221067,2,2.99630896287422,-1.49209348443012,1.92599961258777
0.475448155678996,6.65653097420804,7,7.80002137591834,0.491682475378199,6.69564051455973
1.71954729863576,8.85137646012049,10,10,1.81826404293656,8.96221426357592
-1.17361913416288,2.77691302702518,2,3.05815283899499,-1.36122175777845,2.2734981558566
-1.20883757978285,2.6861741704725,3,2.93156765771116,-1.64540345950633,1.53810019720931
0.0121498131734589,5.59655376284067,6,6.6934632540493,0.196206458978437,6.02925285556785
-1.41259874358695,2.15653517220487,2,2.1961053507628,-1.51512300166496,1.86601546334047
0.263653123264626,6.17884553762695,6,7.31338047375246,-0.0147185874673035,5.54199189408203
0.499541941114457,6.70983284506618,7,7.85333533413758,0.234499306680921,6.11693934835582
0.254874476951082,6.15874672244797,6,7.29251367394671,0.169926555775747,5.96890614025439
1.23237061703657,8.15660858681269,9,9.27169518964769,1.16213702411594,8.03862550318571
0.551789325196849,6.82454451464214,7,7.96750452607979,0.629889860558896,6.99632118741952
-2.14742984530952,0.639887316922247,0,0,-2.0580015366166,0.715749250764186
-0.0322178928507181,5.49282126026852,6,6.57929406210708,-0.462349635784106,4.50228419787049
-0.301069155226353,4.86269921030198,4,5.8551579449705,-0.512597070683224,4.38596633580539
1.36041191794248,8.36249140310666,9,9.47904101308099,0.963424060115017,7.67552020552502
0.271665027196098,6.19717108404936,6,7.33237634721856,0.151329788455787,5.92612633431518
0.491851350778671,6.69284583381464,8,7.83636339867503,0.425673766566663,6.54914821044002
-0.0511424732550938,5.44852201327419,5,6.53014879710359,0.783869589349964,7.31927984060968
0.567673771859341,6.85916913508252,7,8.00182261083293,0.431379118683757,6.56187409994123
-0.109794222448249,5.31108520439177,5,6.37611693188952,-0.43912016114651,4.55606355462381
0.271665027196098,6.19717108404936,6,7.33237634721856,0.70438172448269,7.1543394536575
0.927697007815168,7.60432165893067,8,8.73012742118524,0.0916456220030082,5.78845252905902
0.490935522363066,6.69082126841918,7,7.83433946067148,0.280871115221167,6.22269086627077
0.341367474194451,6.35583441056594,7,7.49569080416427,0.930106513108854,7.61129081341316
-1.60949966852091,1.6607494033029,1,1.50766321368233,-1.70000254142866,1.40816632374453
1.36041191794248,8.36249140310666,9,9.47904101308099,1.13111141353847,7.98430183199014
1.71954729863576,8.85137646012049,10,10,1.23546463964576,8.16334305831547
0.176772552658878,5.97909952316537,6,7.10442174224184,0.42113545336603,6.53901720023633
-0.811005555466059,3.67160061003309,4,4.3090079533193,-1.11693510173673,2.92363171543496
-0.022637311617515,5.51523665525912,5,6.60407153686625,-0.62500297932135,4.12524581079149
0.959892469497417,7.66651662938738,8,8.79059887600052,1.29934087880036,8.26767671172645
-0.322103521262386,4.81348350085115,5,5.7960623854582,-1.25818890776776,2.54987423223436
1.26460638485041,8.20997764087302,9,9.32500914786692,1.16044637783342,8.0356888218105
-0.495052079039003,4.41008995611005,4,5.29571218008262,-0.768594842057809,3.78837412679062
0.570248117263869,6.86476918606246,7,8.00736719935164,0.527627652418913,6.77468247106873
0.820262271709285,7.39096606457045,8,8.52278159775194,0.15683150615351,5.9387887002971
-0.501983114713049,4.39396502342342,4,5.27510339853919,-1.05159145781129,3.0924756256547
0.851141962366517,7.45317149009533,8,8.58325305256722,0.157918825203074,5.94129058192315
0.269324468589008,6.19181932480786,6,7.32683175869985,0.351659288718599,6.38306639111743
-0.737699706251775,3.84452513434956,3,4.54679858818687,-0.32390211581141,4.82312863125862
1.36041191794248,8.36249140310666,9,9.47904101308099,0.349163713611313,6.3774364301854
-2.14742984530952,0.639887316922247,0,0,-2.31119537661952,0.413053815358597
-0.570895732955109,4.23370483959362,4,5.06775757510589,-0.160741816269822,5.20241530246511
1.36041191794248,8.36249140310666,9,9.47904101308099,2.57266430511873,9.54503936286297
-0.48347727934103,4.43702344634158,4,5.33003026483575,0.269906234404534,6.19773133908584
-0.301069155226353,4.86269921030198,4,5.8551579449705,-0.495522298114259,4.42549521310745
-0.301069155226353,4.86269921030198,4,5.8551579449705,-0.317546841066022,4.83787990256548
0.238851819652795,6.12201141873974,7,7.25428491424016,-0.126097944039559,5.28302907940179
0.335569657946212,6.34269215466961,7,7.48223951921689,0.537543796563436,6.79638983863306
-0.515347334040122,4.36287868933125,4,5.23524072526734,-0.638461293030094,4.09391696050325
-0.515347334040122,4.36287868933125,4,5.23524072526734,-0.454542969840198,4.52035644196126
-0.301069155226353,4.86269921030198,4,5.8551579449705,0.856246584326457,7.46577861474353
1.19962730879912,8.10135956640896,9,9.21676832335113,1.17063264289998,8.05334121209636
1.71954729863576,8.85137646012049,10,10,1.95751049953667,9.10382130325529
-0.519844456469949,4.35241932222546,4,5.22178944031996,-0.236428858675655,5.02634678457117
0.448346006632604,6.59628878248262,7,7.73954992110307,1.49531206398981,8.56200576929727
0.567673771859341,6.85916913508252,7,8.00182261083293,0.605286899636444,6.9434668902997
-1.83902507766838,1.1498868791728,1,0.783231676648875,-1.31009569893453,2.41070934139251
0.481509261633539,6.66996267405657,7,7.81347266086573,0.404924489816575,6.50277065458656
-0.737699706251775,3.84452513434956,3,4.54679858818687,-0.888535006895016,3.50001473788276
1.19962730879912,8.10135956640896,9,9.21676832335113,1.0766336945825,7.88674063585033
0.959892469497417,7.66651662938738,8,8.79059887600052,0.801026576013452,7.35433916249131
0.497027359199891,6.70428140855856,7,7.84779074561886,0.793550527609058,7.33908694064544
1.26460638485041,8.20997764087302,9,9.32500914786692,1.4330079303288,8.47268487215391
1.26460638485041,8.20997764087302,9,9.32500914786692,0.844515979734653,7.44228837803901
0.490935522363066,6.69082126841918,7,7.83433946067148,0.454021728818839,6.6122625514552
1.71954729863576,8.85137646012049,10,10,0.775043905203881,7.30116758894164
-0.262146148024906,4.95384580301628,5,5.96354553561966,-0.0127308401153443,5.54660755119794
0.851141962366517,7.45317149009533,8,8.58325305256722,0.841563032859316,7.43635933758154
0.335569657946212,6.34269215466961,7,7.48223951921689,0.934292504157017,7.61940999201573
0.263653123264626,6.17884553762695,6,7.31338047375246,-0.196582279710789,5.11902454703234
0.294942012423609,6.25031285768962,6,7.38730321351512,0.393021561676464,6.47609993133269
1.71954729863576,8.85137646012049,10,10,1.26934371358792,8.21918622355096
0.878670265402023,7.50803734403149,8,8.63656701078645,0.753132271312735,7.25597750711067
-0.737699706251775,3.84452513434956,3,4.54679858818687,-1.56050923917178,1.74935258792854
-0.333853125650722,4.78600591392709,5,5.7628908484398,-0.126213100088019,5.28276113108649
-0.0306078615600133,5.49658875259346,5,6.58346275532282,-0.489186645909638,4.44016130911928
0.967110172222574,7.68034396310388,8,8.8040501609479,1.19342870881485,8.09248499685335
-0.04597301132529,5.46062557093049,5,6.54360008205097,0.269592913419267,6.19701768942713
0.341367474194451,6.35583441056594,7,7.49569080416427,-0.356933925729458,4.74649462870582
-0.109794222448249,5.31108520439177,5,6.37611693188952,0.240347266801912,6.13030304661264
0.586231973997287,6.89946639054063,7,8.04168528410478,-0.152144108258677,5.22242169774221
-1.17361913416288,2.77691302702518,2,3.05815283899499,-1.65549449442047,1.51370296143516
-0.501983114713049,4.39396502342342,4,5.27510339853919,-0.199842254525696,5.11144060664173
0.938623422359679,7.62552296521382,8,8.75073620272867,0.147140933471867,5.91648211740907
1.22003050865431,8.1359089809732,9,9.25108640810426,1.95472119118275,9.10115628564781
0.199392061803599,6.03127375918886,6,7.1593486085384,-0.0158010732761166,5.53947818093149
0.592520695726839,6.91308278994091,7,8.05513656905216,0.411279966936587,6.51699178972176
-0.737699706251775,3.84452513434956,3,4.54679858818687,-1.01589606282548,3.18338993556704
-0.737699706251775,3.84452513434956,3,4.54679858818687,-1.00905035608783,3.20071564505598
1.36041191794248,8.36249140310666,9,9.47904101308099,0.868869874735015,7.49094289424759
0.24059527082913,6.12601179724162,6,7.2584536074559,-0.118396149967135,5.30094943606893
0.286189027990291,6.23034729640166,6,7.36669443197169,1.18497373690602,8.07802514790794
-0.0306078615600133,5.49658875259346,5,6.58346275532282,-0.418870163199125,4.60295714527076
-0.28134759259472,4.90887013982555,5,5.91023157740042,0.243093877877013,6.13657694423475
0.592520695726839,6.91308278994091,7,8.05513656905216,-0.00768812232266602,5.55831568207267
-0.301069155226353,4.86269921030198,4,5.8551579449705,-0.680762946961264,3.99518074182821
-0.737699706251775,3.84452513434956,3,4.54679858818687,-1.3386683793012,2.33400532642193
0.472227870890714,6.64938850799629,7,7.7928638793223,0.115011148072067,5.84241384841439
-0.0306078615600133,5.49658875259346,5,6.58346275532282,-0.523879744007243,4.35984197347967
-1.59684062980767,1.69144149894711,1,1.55048962531266,-2.31383142818195,0.41064148059455
-0.301069155226353,4.86269921030198,4,5.8551579449705,-0.189520592839744,5.13545350610783
1.71954729863576,8.85137646012049,10,10,1.31659210337675,8.29515432911627
0.592520695726839,6.91308278994091,7,8.05513656905216,0.12051970270707,5.85512402757899
1.26460638485041,8.20997764087302,9,9.32500914786692,1.68052675695667,8.80419212714813
-0.322103521262386,4.81348350085115,5,5.7960623854582,-0.198070952057231,5.1155612991213
-0.00932369848087768,5.54637233454871,5,6.63838962161938,-0.464421205806375,4.49748871651388
1.26460638485041,8.20997764087302,9,9.32500914786692,0.800133624294478,7.35251942878785
-1.40149194139875,2.18530843602964,2,2.23596802403465,-1.19211659429645,2.72592320143799
0.254874476951082,6.15874672244797,6,7.29251367394671,-0.179498708487626,5.15877094595748
1.25643008151849,8.19653788245115,9,9.31155786291953,1.13962983249353,7.99930758066247
-0.960581021984919,3.31161907071143,3,3.80706643089073,-0.642503380159366,4.08450048357137
-0.737699706251775,3.84452513434956,3,4.54679858818687,-0.242313541973569,5.01266432506193
-1.59684062980767,1.69144149894711,1,1.55048962531266,-1.64574124332789,1.53728085870448
0.448346006632604,6.59628878248262,7,7.73954992110307,0.00571815129306571,5.5894324490656
-0.0306078615600133,5.49658875259346,5,6.58346275532282,-0.258899322807599,4.97410838331982
-0.301069155226353,4.86269921030198,4,5.8551579449705,-1.04588557767942,3.10707243010023
1.36041191794248,8.36249140310666,9,9.47904101308099,1.13457686641374,7.99041468496583
0.294942012423609,6.25031285768962,6,7.38730321351512,1.10589064016745,7.93947594700594
0.497027359199891,6.70428140855856,7,7.84779074561886,0.231833554962239,6.11084509842488
-0.301069155226353,4.86269921030198,4,5.8551579449705,-0.742044181166157,3.85120062695407
0.847468130331882,7.44580689485297,8,8.57609555597118,-0.141963501446988,5.24611153662862
-2.14742984530952,0.639887316922247,0,0,-1.67573978508356,1.4652680544024
-0.968601206541116,3.29197812044263,3,3.77954063952309,-0.923383427863383,3.41455108133829
-0.333853125650722,4.78600591392709,5,5.7628908484398,-0.237134529708914,5.02470596064689
-1.60949966852091,1.6607494033029,1,1.50766321368233,-1.4319924442445,2.08448787758833
-0.301069155226353,4.86269921030198,4,5.8551579449705,-0.249931857091509,4.99495305490942
-0.582312081143229,4.20715485385826,4,5.03297313001016,-0.123348986461956,5.28942538279263
-0.737699706251775,3.84452513434956,3,4.54679858818687,-1.41715488097711,2.12395409227463
-0.240234785214013,5.00519220094997,5,6.02401699043493,1.20410410177531,8.11064333854651
-1.59684062980767,1.69144149894711,1,1.55048962531266,-1.20751361786944,2.68505545242707
0.927697007815168,7.60432165893067,8,8.73012742118524,1.92540797248941,9.07273296004393
0.24059527082913,6.12601179724162,6,7.2584536074559,0.652478309251683,7.0445657647853
-0.387877374464002,4.65980249346703,5,5.60885898322574,-0.341725015665611,4.78177182205839
-0.737699706251775,3.84452513434956,3,4.54679858818687,-1.44560758433273,2.04837587447243
0.269324468589008,6.19181932480786,6,7.32683175869985,1.01521024900769,7.77352010773891
-0.0511424732550938,5.44852201327419,5,6.53014879710359,-0.518682023019703,4.37187755486048
0.199392061803599,6.03127375918886,6,7.1593486085384,0.00747871048117867,5.59351770517552
-0.515347334040122,4.36287868933125,4,5.23524072526734,-1.00063229647602,3.2219720839844
0.602181874834474,6.93396212896296,7,8.07574535059559,0.391223237888877,6.47206637611247
-0.259560032259945,4.95990481308748,5,5.9707030322157,-1.08304116989927,3.01159070829678
0.160451253069382,5.94138502733454,6,7.06455906896999,0.293063485282134,6.25040928409253
1.71954729863576,8.85137646012049,10,10,1.74087977474527,8.87569714877554
-0.00932369848087768,5.54637233454871,5,6.63838962161938,-0.17499202057162,5.16925694927617
1.25643008151849,8.19653788245115,9,9.31155786291953,2.2387771602281,9.33935367856705
-0.220209729518988,5.05213605127956,5,6.07894385673149,-0.0837179173733971,5.38162279109233
-1.02650027560836,3.14904138124919,3,3.579111825914,-1.07886795894128,3.02236505297421
-0.0322178928507181,5.49282126026852,6,6.57929406210708,-0.310831006875859,4.8534705028906
-0.737699706251775,3.84452513434956,3,4.54679858818687,-1.22449241638019,2.63986809919728
-0.0511424732550938,5.44852201327419,5,6.53014879710359,-1.09570404480542,2.97882213547065
0.294942012423609,6.25031285768962,6,7.38730321351512,0.160286794733476,5.94673848383017
0.620960188832158,6.97440675994234,7,8.11560802386744,0.118253721064336,5.84989615887777
-1.59684062980767,1.69144149894711,1,1.55048962531266,-0.984661740406955,3.26215176049394
-0.570895732955109,4.23370483959362,4,5.06775757510589,-1.23181704812075,2.62033889395667
0.967110172222574,7.68034396310388,8,8.8040501609479,0.996473239099932,7.7383250687963
1.25643008151849,8.19653788245115,9,9.31155786291953,0.459475911329735,6.6243717363743
-1.60949966852091,1.6607494033029,1,1.50766321368233,-1.53764132909566,1.8078556517976
0.269324468589008,6.19181932480786,6,7.32683175869985,1.75263082646205,8.88920561272892
-0.793431761642879,3.71322227190331,3,4.36651219577862,-0.815619990690279,3.67628301039982
0.263653123264626,6.17884553762695,6,7.31338047375246,0.442051983666663,6.58564872160341
-0.109794222448249,5.31108520439177,5,6.37611693188952,-0.104330498943074,5.33367447642852
1.26460638485041,8.20997764087302,9,9.32500914786692,1.23540691787327,8.16324694633925
0.602181874834474,6.93396212896296,7,8.07574535059559,0.0546694762662408,5.7029110376252
-1.44746682022832,2.06655645876039,2,2.07144861223167,-1.37764204806364,2.22949981611492
0.286189027990291,6.23034729640166,6,7.36669443197169,0.532127054563719,6.78453746792577
-0.737699706251775,3.84452513434956,3,4.54679858818687,-0.645302891824009,4.07797667616401
-0.501983114713049,4.39396502342342,4,5.27510339853919,-0.938788635510985,3.37649790457863
-1.59684062980767,1.69144149894711,1,1.55048962531266,-1.8592123052825,1.06291829874237
-1.2408760681242,2.60322177289339,2,2.81602257046596,-1.1712752849421,2.78105491919034
-0.022637311617515,5.51523665525912,5,6.60407153686625,0.055074486276889,5.70384888944938
0.858060207010219,7.46701297743401,8,8.5967043375146,0.830923203562532,7.4149439881673
1.71954729863576,8.85137646012049,10,10,1.71946178571836,8.85073047365542
0.858060207010219,7.46701297743401,8,8.5967043375146,0.645055941672753,7.02874348228821
-0.9960902612009,3.22436834394592,3,3.68475109995468,-1.65589628832964,1.51273499309739
0.176772552658878,5.97909952316537,6,7.10442174224184,0.668010385310702,7.07757693887713
0.223961012697368,6.08781364196072,6,7.21859093418405,-0.0607849638350982,5.43495118003164
1.25643008151849,8.19653788245115,9,9.31155786291953,1.07171800543886,7.87780359716976
-1.19084344088244,2.73260034221067,2,2.99630896287422,-0.57230696192703,4.24763017136236
0.254874476951082,6.15874672244797,6,7.29251367394671,1.00136077713081,7.74753471333013
0.176772552658878,5.97909952316537,6,7.10442174224184,0.82296049747293,7.39886394581623
1.71954729863576,8.85137646012049,10,10,1.83315774918106,8.97821248805981
0.222226252177084,6.08382613841178,7,7.21442224096831,-0.681588594554777,3.99324899294203
-0.515347334040122,4.36287868933125,4,5.23524072526734,-0.285994772639256,4.91114824168565
-0.570895732955109,4.23370483959362,4,5.06775757510589,-0.970474194449322,3.29768412017332
-0.543824384886492,4.29665459464973,4,5.14974387242749,-1.0308297077576,3.14547143559227
0.515152259501793,6.74423432648333,7,7.88765341889071,0.506306344839864,6.72786347387039
1.19962730879912,8.10135956640896,9,9.21676832335113,1.61608655353176,8.72386039256401
0.959892469497417,7.66651662938738,8,8.79059887600052,2.63092250127924,9.57409005943817
0.286189027990291,6.23034729640166,6,7.36669443197169,0.518442474381041,6.75453684279183
1.23237061703657,8.15660858681269,9,9.27169518964769,1.65194435311351,8.76907305840182
-1.17361913416288,2.77691302702518,2,3.05815283899499,-1.12068879244401,2.91384234082155
0.524565355246269,6.76492661794119,7,7.90826220043414,0.509044081512141,6.73388605253888
0.246227186021216,6.13892910252213,6,7.27190489240329,-0.250819355280085,4.99288993085973
-0.982081107070795,3.25888071766916,3,3.73314369112807,-1.58574560089585,1.68551762439021
-1.17361913416288,2.77691302702518,2,3.05815283899499,-1.43437607730396,2.07815817754031
-0.966123986275811,3.29804873185517,3,3.78804896640028,-1.40348395680237,2.16040658324048
1.26460638485041,8.20997764087302,9,9.32500914786692,1.38989911288059,8.40855613969672
-1.19084344088244,2.73260034221067,2,2.99630896287422,-1.487686626527,1.93753088703363
-0.580882964960406,4.21047862195472,5,5.03733435469596,0.49758953689803,6.70866705317177
1.36041191794248,8.36249140310666,9,9.47904101308099,1.42760216788927,8.46474753500335
0.475448155678996,6.65653097420804,7,7.80002137591834,1.10013900106899,7.92917068908052
-0.0607433417453693,5.4260379571232,6,6.5051133040821,-0.0962021125611029,5.35258391184429
-0.109794222448249,5.31108520439177,5,6.37611693188952,-0.319411764823588,4.83355098252668
-0.48347727934103,4.43702344634158,4,5.33003026483575,-0.283343989951227,4.9173061240912
0.286189027990291,6.23034729640166,6,7.36669443197169,0.0940868821079903,5.79409404172552
0.540373147130337,6.79958587580629,8,7.94272705132063,0.864069908203647,7.4813882318146
0.0143190988962793,5.60162040559337,6,6.69900784256801,0.36905775671724,6.42226474915156
0.160451253069382,5.94138502733454,6,7.06455906896999,0.732371520932144,7.21287527342986
-0.022637311617515,5.51523665525912,5,6.60407153686625,0.557562212619005,6.84007741123597
1.25643008151849,8.19653788245115,9,9.31155786291953,0.839111341129452,7.43143192955918
1.36041191794248,8.36249140310666,9,9.47904101308099,0.941195895573202,7.63276904459993
-0.301069155226353,4.86269921030198,4,5.8551579449705,-0.318724813149613,4.8351455340323
-0.737699706251775,3.84452513434956,3,4.54679858818687,-1.1921892011174,2.72573074754315
0.490935522363066,6.69082126841918,7,7.83433946067148,0.506447014592602,6.72817300136359
0.254874476951082,6.15874672244797,6,7.29251367394671,0.151485359153429,5.92648445578161
-0.301069155226353,4.86269921030198,4,5.8551579449705,-0.945047118673038,3.36098939484792
-1.60949966852091,1.6607494033029,1,1.50766321368233,-1.58762308958304,1.68080117967076
0.851141962366517,7.45317149009533,8,8.58325305256722,1.28319244774828,8.2416846264956
-0.04597301132529,5.46062557093049,5,6.54360008205097,-0.0398075804766709,5.48371041950639
1.71954729863576,8.85137646012049,10,10,1.77306501406988,8.91237797200354
0.568312389960335,6.86055864119243,8,8.0031985061359,-0.00842569095404776,5.55660332404131
-2.14742984530952,0.639887316922247,0,0,-2.24223630879593,0.481183980543292
1.36041191794248,8.36249140310666,9,9.47904101308099,1.74457248914263,8.87995655302171
-1.17361913416288,2.77691302702518,2,3.05815283899499,-1.62803722519873,1.58046727353969
0.448346006632604,6.59628878248262,7,7.73954992110307,0.120846198520367,5.85587722541259
-1.66947506523265,1.51842230752153,1,1.30835935678363,-2.02260731482047,0.77029608022459
0.472227870890714,6.64938850799629,7,7.7928638793223,-0.622217636204088,4.13172535694251
1.71954729863576,8.85137646012049,10,10,2.84179971348267,9.66512459235842
-1.60949966852091,1.6607494033029,1,1.50766321368233,-1.418059023973,2.12154613081055
0.524632496121552,6.76507406747954,8,7.9084089665675,0.604057037449329,6.94081662205457
-1.19084344088244,2.73260034221067,2,2.99630896287422,-1.02807610796758,3.15247586439659
0.829923817547013,7.41050231725914,8,8.54177747121804,1.39494447867175,8.41615981723109
0.481509261633539,6.66996267405657,7,7.81347266086573,0.853007103164248,7.45930173109887
-2.14742984530952,0.639887316922247,0,0,-1.91154595943626,0.961981982209584
0.909605301325165,7.56900870781654,8,8.69580933643211,0.489148795885697,6.69004875971288
0.499541941114457,6.70983284506618,7,7.85333533413758,0.534164371372293,6.78899684752418
-0.322103521262386,4.81348350085115,5,5.7960623854582,-0.693663095761947,3.96497570778689
0.286189027990291,6.23034729640166,6,7.36669443197169,-0.394214370834169,4.66007486975901
-1.19084344088244,2.73260034221067,2,2.99630896287422,-0.321315999324974,4.82913101253855
0.490935522363066,6.69082126841918,7,7.83433946067148,0.430488461723639,6.55988823736408
-0.109794222448249,5.31108520439177,5,6.37611693188952,0.0747990324916869,5.74950029612227
0.602181874834474,6.93396212896296,7,8.07574535059559,0.23736045722166,6.12347856697939
1.25643008151849,8.19653788245115,9,9.31155786291953,1.0500396020652,7.83813142754713
0.524632496121552,6.76507406747954,8,7.9084089665675,0.0811533277386919,5.76419683875152
-0.737699706251775,3.84452513434956,3,4.54679858818687,-0.686879513699468,3.98086527279072
0.481509261633539,6.66996267405657,7,7.81347266086573,-0.219595972571467,5.06549184573581
-1.17361913416288,2.77691302702518,2,3.05815283899499,-0.790129426627588,3.73718150665976
0.481509261633539,6.66996267405657,7,7.81347266086573,1.03564701375537,7.81156120126292
-0.301069155226353,4.86269921030198,4,5.8551579449705,-0.503901768215746,4.40609712989712
-0.00932369848087768,5.54637233454871,5,6.63838962161938,0.0356121448889805,5.65876103524171
0.286189027990291,6.23034729640166,6,7.36669443197169,-0.237960739831606,5.02278488367805
0.199392061803599,6.03127375918886,6,7.1593486085384,-0.365599847017289,4.72639964872486
-1.1789197412052,2.76329023238899,2,3.03913537450454,-1.56209882170715,1.74530847047497
0.294942012423609,6.25031285768962,6,7.38730321351512,0.930743179681871,7.61252660295198
0.294942012423609,6.25031285768962,6,7.38730321351512,0.0291520969031845,5.64378644889667
0.602181874834474,6.93396212896296,7,8.07574535059559,0.482726515870961,6.67586336801939
0.592520695726839,6.91308278994091,7,8.05513656905216,-0.33277901821877,4.80252816729893
0.269324468589008,6.19181932480786,6,7.32683175869985,0.398829137841654,6.48911877593619
-0.242249702268983,5.00046958860074,5,6.01847240191622,-0.310378350699403,4.85452141944549
0.959892469497417,7.66651662938738,8,8.79059887600052,1.16495133762709,8.04350796502983
-0.109794222448249,5.31108520439177,5,6.37611693188952,-0.25337895271881,4.98693994642569
-0.301069155226353,4.86269921030198,4,5.8551579449705,-0.125391308121522,5.28467329618832
-0.48347727934103,4.43702344634158,4,5.33003026483575,0.519231208165001,6.75626818594937
0.254874476951082,6.15874672244797,6,7.29251367394671,-0.600720984331569,4.18168894453059
1.36041191794248,8.36249140310666,9,9.47904101308099,0.600803802542633,6.93380244050068
-0.48347727934103,4.43702344634158,4,5.33003026483575,-0.844876930487293,3.60594483221876
-0.301069155226353,4.86269921030198,4,5.8551579449705,-0.402471579403008,4.6409432157746
-0.04597301132529,5.46062557093049,5,6.54360008205097,-0.349359149405912,4.76406277954204
0.602181874834474,6.93396212896296,7,8.07574535059559,0.0290303722692506,5.64350424752784
-0.109794222448249,5.31108520439177,5,6.37611693188952,0.373427999355972,6.43209618434218
-0.501983114713049,4.39396502342342,4,5.27510339853919,-0.52972147001525,4.34631381326179
-0.022637311617515,5.51523665525912,5,6.60407153686625,-0.215493855399863,5.07503279020719
-0.737699706251775,3.84452513434956,3,4.54679858818687,-0.0355357985761396,5.49363660544979
-0.737699706251775,3.84452513434956,3,4.54679858818687,-0.551208364906853,4.29653890287595
0.592520695726839,6.91308278994091,7,8.05513656905216,0.00342964041515667,5.58412172329352
-0.7642058040242,3.78219853545366,4,4.46144850148039,-1.11742345049641,2.92235866226154
-1.60949966852091,1.6607494033029,1,1.50766321368233,-1.5167311854467,1.86184501146272
0.499541941114457,6.70983284506618,7,7.85333533413758,0.548431900401864,6.82017433461705
0.592520695726839,6.91308278994091,7,8.05513656905216,1.58561753106864,8.68442527619709
0.524565355246269,6.76492661794119,7,7.90826220043414,0.416598762922819,6.5288826105236
-0.515347334040122,4.36287868933125,4,5.23524072526734,-0.53368847933294,4.33712616202269
0.592520695726839,6.91308278994091,7,8.05513656905216,0.346997673598539,6.37254839704488
-0.495052079039003,4.41008995611005,4,5.29571218008262,-0.530519524184732,4.34446557149815
-1.19084344088244,2.73260034221067,2,2.99630896287422,-1.22379665709634,2.64172209798865
0.927697007815168,7.60432165893067,8,8.73012742118524,1.81653236314597,8.96034062291472
-1.3957567346532,2.20018325945938,2,2.25657680557807,-1.43471012923733,2.07727135345904
-0.999975315416341,3.2147762687171,3,3.6712998150073,-1.07178318328168,3.04062773851666
-0.582312081143229,4.20715485385826,4,5.03297313001016,-0.553640350772218,4.29090322217287
-0.04597301132529,5.46062557093049,5,6.54360008205097,0.580534090800362,6.88998098602218
-0.543775716949883,4.29676776247534,5,5.14989063856085,-0.536952728116548,4.32956549442432
-1.45950180201603,2.03564905731787,2,2.02862220060135,-1.24114989256602,2.59542732388088
1.26460638485041,8.20997764087302,9,9.32500914786692,1.07547049645303,7.8846278428719
-1.87680009734296,1.07572813337534,1,0.674990852133082,-2.35309661883731,0.376293161480237
0.927697007815168,7.60432165893067,8,8.73012742118524,0.730908613529701,7.20982781003555
-0.340967679131034,4.76937288026869,5,5.74274842723897,-0.910346058622304,3.44662312700847
-1.60949966852091,1.6607494033029,1,1.50766321368233,-1.57796254657102,1.70511874735455
0.909605301325165,7.56900870781654,8,8.69580933643211,0.675710082568344,7.09389120807194
-0.0306078615600133,5.49658875259346,5,6.58346275532282,-0.324030116512539,4.82283155107585
-0.737699706251775,3.84452513434956,3,4.54679858818687,-0.970239631860594,3.29827030538383
0.847468130331882,7.44580689485297,8,8.57609555597118,0.291365738266225,6.24655185374346
-0.220209729518988,5.05213605127956,5,6.07894385673149,-0.392981365126283,4.66293197301785
-0.501983114713049,4.39396502342342,4,5.27510339853919,0.336945530364373,6.34984606539892
0.823078699460506,7.39666790310474,8,8.52832618627066,0.193465041151949,6.02296386166407
-0.302557264857484,4.85921636135327,5,5.85098925175476,-0.630381740734012,4.11272912355548
0.524565355246269,6.76492661794119,7,7.90826220043414,0.365382508921554,6.41399220188139
-0.314782984019555,4.8306083908376,5,5.81667116700163,-1.1166663188137,2.92433232527154
-1.17361913416288,2.77691302702518,2,3.05815283899499,-1.30364945385931,2.42801204147504
0.238851819652795,6.12201141873974,7,7.25428491424016,0.078892323374224,5.75896805807386
0.160451253069382,5.94138502733454,6,7.06455906896999,0.0630685665426839,5.72235633210254
-0.227736973686993,5.03448854093441,5,6.05833507518806,-0.378816715939591,4.69575944179672
1.71954729863576,8.85137646012049,10,10,1.77227664975454,8.91149142270457
0.570248117263869,6.86476918606246,7,8.00736719935164,-0.373709904377331,4.70759729539281
-1.19084344088244,2.73260034221067,2,2.99630896287422,-1.62360767661223,1.59134835063956
0.551789325196849,6.82454451464214,7,7.96750452607979,0.834986431333267,7.42313188628594
0.0121498131734589,5.59655376284067,6,6.6934632540493,-0.0727691875267121,5.40708569605643
0.246227186021216,6.13892910252213,6,7.27190489240329,0.59700618792885,6.9256078107343
-0.737699706251775,3.84452513434956,3,4.54679858818687,-1.067829769016,3.05080277880986
-0.301069155226353,4.86269921030198,4,5.8551579449705,-0.783380749524385,3.75324871710029
1.36041191794248,8.36249140310666,9,9.47904101308099,0.967309769780758,7.68295180916764
-0.812327905150029,3.66846399626542,3,4.30466831965785,-0.436420438062453,4.56231462571178
-0.242249702268983,5.00046958860074,5,6.01847240191622,-0.386201141590949,4.67864432432825
0.185241657813729,5.998647458439,6,7.12503052378526,-0.687879685655222,3.97852338543608
-1.60949966852091,1.6607494033029,1,1.50766321368233,-2.18064160573105,0.550714318489121
-0.629624975222403,4.09705768556357,4,4.88747118269764,-1.02292254550668,3.16556977567443
-0.48347727934103,4.43702344634158,4,5.33003026483575,-0.459319610273835,4.50929851709064
-0.301069155226353,4.86269921030198,4,5.8551579449705,0.14208127907113,5.90482911249611
0.269324468589008,6.19181932480786,6,7.32683175869985,0.111820140827002,5.83504900634827
-2.14742984530952,0.639887316922247,0,0,-2.18373798582966,0.547013653291356
-0.0306078615600133,5.49658875259346,5,6.58346275532282,0.00245164059655047,5.58185203936987
-1.17361913416288,2.77691302702518,2,3.05815283899499,-0.728419001900025,3.88332840809054
0.602181874834474,6.93396212896296,7,8.07574535059559,1.02728537684338,7.79604090107778
-2.14742984530952,0.639887316922247,0,0,-2.56062047802575,0.237616804540788
-0.0454438053825861,5.46186452004503,6,6.54497597735395,-0.717454299029079,3.90913165074842
-0.00932369848087768,5.54637233454871,5,6.63838962161938,0.456926391409659,6.61871278193547
0.271665027196098,6.19717108404936,6,7.33237634721856,-0.0285075201540197,5.50996549471727
1.71954729863576,8.85137646012049,10,10,0.527623306711686,6.77467294841253
-1.17361913416288,2.77691302702518,2,3.05815283899499,-1.26878693541329,2.52150064594448
-1.17361913416288,2.77691302702518,2,3.05815283899499,-1.09576253442984,2.97867051633288
-0.0306078615600133,5.49658875259346,5,6.58346275532282,0.594554679400943,6.92031402833113
0.551789325196849,6.82454451464214,7,7.96750452607979,0.786994525845623,7.3256803638532
-1.04419951987609,3.10493962588865,3,3.51726794979323,-0.923995191336687,3.41304318199957
0.967110172222574,7.68034396310388,8,8.8040501609479,1.44105333049618,8.48444259600129
-1.60949966852091,1.6607494033029,1,1.50766321368233,-1.54460891740274,1.78996791847405
-2.14742984530952,0.639887316922247,0,0,-2.86122115734282,0.126080366656237
-0.519844456469949,4.35241932222546,4,5.22178944031996,-0.454542969840198,4.52035644196126
-0.322103521262386,4.81348350085115,5,5.7960623854582,-0.00269249831432027,5.56991252778941
-0.737699706251775,3.84452513434956,3,4.54679858818687,-1.63355288723132,1.5669600875637
-0.737699706251775,3.84452513434956,3,4.54679858818687,-1.20275677056646,2.69769310355326
-1.93274821747983,0.971746815267821,1,0.520958986919015,-2.07972872158533,0.683823908594725
1.25643008151849,8.19653788245115,9,9.31155786291953,2.14571587554224,9.26840719700477
-0.737699706251775,3.84452513434956,3,4.54679858818687,-0.842495835957705,3.61168800830939
1.25643008151849,8.19653788245115,9,9.31155786291953,1.306021706025,8.27835343080991
-2.14742984530952,0.639887316922247,0,0,-3.36622272557289,0.0501843042910802
-0.48347727934103,4.43702344634158,4,5.33003026483575,-1.18447410932947,2.74616597046613
-0.322103521262386,4.81348350085115,5,5.7960623854582,0.152236593169859,5.92821372771145
0.840577607581379,7.43196756588932,8,8.56264427102379,0.886490327545564,7.52586885260243
0.286189027990291,6.23034729640166,6,7.36669443197169,-0.597633056442933,4.18886020796675
-1.19084344088244,2.73260034221067,2,2.99630896287422,-1.64461090070713,1.540023371074
-0.741261440619681,3.83616157082615,4,4.53537124124305,-1.05811078815932,3.07576824313372
-1.40066688476658,2.18744761738488,2,2.23893176239312,-1.89658949889652,0.990149757000994
0.909605301325165,7.56900870781654,8,8.69580933643211,1.31633558648765,8.29474794727848
-1.40066688476658,2.18744761738488,2,2.23893176239312,-0.993546104153105,3.23982377891192
-0.737699706251775,3.84452513434956,3,4.54679858818687,-0.594846493146799,4.19533045196853
0.497027359199891,6.70428140855856,7,7.84779074561886,0.0499284139025691,5.69193113725748
0.24059527082913,6.12601179724162,6,7.2584536074559,1.22465893680155,8.14529345829286
-0.737699706251775,3.84452513434956,3,4.54679858818687,-0.962500016537727,3.31758896291209
-0.48347727934103,4.43702344634158,4,5.33003026483575,-0.149461603125309,5.22866377875148
0.802895791564057,7.35568466505492,8,8.48846351299881,1.22250148936759,8.14167597308696
-0.793431761642879,3.71322227190331,3,4.36651219577862,-0.753031479960984,3.82523831892843
0.224533776106363,6.08913003163202,7,7.21996682948703,0.0730553353686825,5.74546649537056
1.36041191794248,8.36249140310666,9,9.47904101308099,0.906263281093649,7.56477845966006
-0.48347727934103,4.43702344634158,4,5.33003026483575,-0.822841382557233,3.65896714336144
1.26460638485041,8.20997764087302,9,9.32500914786692,1.35621536839938,8.35712736922945
-2.14742984530952,0.639887316922247,0,0,-2.71664898276269,0.169859875461713
1.36041191794248,8.36249140310666,9,9.47904101308099,1.5426879856093,8.62726595158572
-0.582312081143229,4.20715485385826,4,5.03297313001016,-0.868960976950597,3.54765877415349
1.36041191794248,8.36249140310666,9,9.47904101308099,2.55827416175669,9.53757968356725
-0.9960902612009,3.22436834394592,3,3.68475109995468,-0.436738820227796,4.56157741695097
1.23237061703657,8.15660858681269,9,9.27169518964769,0.868029852259335,7.48927201564323
0.620960188832158,6.97440675994234,7,8.11560802386744,0.170504108123554,5.97023375633411
-0.301069155226353,4.86269921030198,4,5.8551579449705,0.318022616319403,6.30703120568446
-1.45950180201603,2.03564905731787,2,2.02862220060135,-1.33838781187044,2.33475839429334
0.176772552658878,5.97909952316537,6,7.10442174224184,1.14838253309804,8.01465477938053
1.71954729863576,8.85137646012049,10,10,1.55843761055307,8.64845370371662
-1.19084344088244,2.73260034221067,2,2.99630896287422,-2.16453244542549,0.570327377357127
-0.570895732955109,4.23370483959362,4,5.06775757510589,-0.34436541612479,4.77564646796397
0.576502840575381,6.87836176642635,7,8.02081848429903,0.728093017494714,7.20395873052981
0.269324468589008,6.19181932480786,6,7.32683175869985,0.469469353819449,6.64652937292881
-1.02650027560836,3.14904138124919,3,3.579111825914,-0.931304169014206,3.3950070105464
-0.495052079039003,4.41008995611005,4,5.29571218008262,0.212214474329246,6.06594645461247
-0.960581021984919,3.31161907071143,3,3.80706643089073,-1.26276315595767,2.53763122430077
0.246227186021216,6.13892910252213,6,7.27190489240329,0.160495960996654,5.94721965812384
0.967110172222574,7.68034396310388,8,8.8040501609479,0.550868263337988,6.82548908315867
0.592520695726839,6.91308278994091,7,8.05513656905216,0.468320531398904,6.64398414205928
-1.17361913416288,2.77691302702518,2,3.05815283899499,-0.704428431531052,3.93972998107419
0.497027359199891,6.70428140855856,7,7.84779074561886,0.806255090070337,7.36498323266371
0.602181874834474,6.93396212896296,7,8.07574535059559,0.31831697140299,6.30769797611191
-2.14742984530952,0.639887316922247,0,0,-1.9258584056183,0.935543440771026
0.254874476951082,6.15874672244797,6,7.29251367394671,0.291077629104986,6.24589717097163
0.0330653132883201,5.64538174177679,6,6.74677721226853,0.00586794082043794,5.58978003564798
-0.0306078615600133,5.49658875259346,5,6.58346275532282,-0.288385371904794,4.9055950849523
0.938623422359679,7.62552296521382,8,8.75073620272867,1.32001213657218,8.30056610465824
-0.331406462815973,4.79172682478514,5,5.76980785826402,0.0682413655017184,5.73432809986435
0.551789325196849,6.82454451464214,7,7.96750452607979,0.675703713907684,7.09387772798938
0.515152259501793,6.74423432648333,7,7.88765341889071,0.868863897311164,7.49093100649316
1.36041191794248,8.36249140310666,9,9.47904101308099,0.322063803533782,6.3161831804896
-0.999975315416341,3.2147762687171,3,3.6712998150073,-0.376305772127535,4.70157977022811
1.36041191794248,8.36249140310666,9,9.47904101308099,1.5702286491597,8.66415080959056
-2.14742984530952,0.639887316922247,0,0,-2.33701682412474,0.390005191156268
-0.515347334040122,4.36287868933125,4,5.23524072526734,-0.508507977560492,4.39543337555304
1.36041191794248,8.36249140310666,9,9.47904101308099,2.85035584103427,9.66839128329594
-0.109794222448249,5.31108520439177,5,6.37611693188952,-0.191477894595688,5.13089975647351
-0.301069155226353,4.86269921030198,4,5.8551579449705,-0.0156626689261165,5.53979958376399
-0.737699706251775,3.84452513434956,3,4.54679858818687,-0.652581584944864,4.06100672936702
-0.04597301132529,5.46062557093049,5,6.54360008205097,-0.659034460542101,4.04595187456609
0.858060207010219,7.46701297743401,8,8.5967043375146,1.29961384963746,8.26811382936163
-0.582312081143229,4.20715485385826,4,5.03297313001016,-1.104652204193,2.95559878618666
0.967110172222574,7.68034396310388,8,8.8040501609479,1.41588379707213,8.44743860212893
-0.594895841445211,4.17788488882469,5,4.99448635204129,-0.315652150007083,4.84227811683453
-0.515347334040122,4.36287868933125,4,5.23524072526734,-0.337895563919757,4.79065629940898
-0.48347727934103,4.43702344634158,4,5.33003026483575,0.0154769575032235,5.61207367525077
-2.14742984530952,0.639887316922247,0,0,-2.39373564774653,0.343734868717698
0.0121498131734589,5.59655376284067,6,6.6934632540493,1.12596055942133,7.97519521989997
1.71954729863576,8.85137646012049,10,10,0.872133209920478,7.49742893276801
0.199392061803599,6.03127375918886,6,7.1593486085384,-0.00265439972900492,5.5700009622612
-1.38385224007798,2.2310915018794,2,2.2994032172084,-1.09675471176896,2.97609819134143
-0.00932369848087768,5.54637233454871,5,6.63838962161938,-0.251033003362092,4.99239327849056
-0.00932369848087768,5.54637233454871,5,6.63838962161938,-0.135766128295865,5.26053241444111
0.499541941114457,6.70983284506618,7,7.85333533413758,1.28722450479638,8.24819900209859
-1.60949966852091,1.6607494033029,1,1.50766321368233,-1.71182540843498,1.38073192712233
1.23237061703657,8.15660858681269,9,9.27169518964769,0.947056003717798,7.64407891728133
0.515152259501793,6.74423432648333,7,7.88765341889071,1.66425590630383,8.78429986770214
-0.301069155226353,4.86269921030198,4,5.8551579449705,-0.50279012739419,4.40867059949656
-0.966587427432202,3.29691331079787,3,3.7864576493473,-1.01851058147915,3.17676351155466
-0.301069155226353,4.86269921030198,4,5.8551579449705,-0.294005463531316,4.892541261707
-0.022637311617515,5.51523665525912,5,6.60407153686625,-0.0703008779446055,5.41282547079481
0.246227186021216,6.13892910252213,6,7.27190489240329,0.340953078062957,6.35890046207484
-0.0306078615600133,5.49658875259346,5,6.58346275532282,-0.498411208999001,4.41880765096371
0.481509261633539,6.66996267405657,7,7.81347266086573,-0.0400619607408485,5.48311929070923
0.524565355246269,6.76492661794119,7,7.90826220043414,1.00952668432894,7.76287617061201
0.223961012697368,6.08781364196072,6,7.21859093418405,-0.299591054326181,4.87956922025773
-0.109794222448249,5.31108520439177,5,6.37611693188952,-0.610904721671072,4.15802868458505
0.820262271709285,7.39096606457045,8,8.52278159775194,0.923624757868564,7.5986910845057
-0.0306078615600133,5.49658875259346,5,6.58346275532282,-0.454094930461517,4.52139367443307
-0.561986301110555,4.2544228061733,4,5.09481700613094,-0.801369603886864,3.7103700373939
-1.61514499008094,1.64713119736915,1,1.48864574919188,-1.05997214062229,3.0709923026227
-0.48347727934103,4.43702344634158,4,5.33003026483575,-0.553607818262688,4.29097861326291
0.840577607581379,7.43196756588932,8,8.56264427102379,0.290692060293788,6.24502099319047
-0.314782984019555,4.8306083908376,5,5.81667116700163,-0.684253878940631,3.98701175084267
0.840577607581379,7.43196756588932,8,8.56264427102379,0.909428021981489,7.57097790983759
0.909605301325165,7.56900870781654,8,8.69580933643211,1.05459569878675,7.8465041522192
1.26460638485041,8.20997764087302,9,9.32500914786692,0.756364270594598,7.26266280773687
-1.17361913416288,2.77691302702518,2,3.05815283899499,-1.89561613132454,0.992001912715008
-0.04597301132529,5.46062557093049,5,6.54360008205097,1.41743336024239,8.44973549024619
-0.960581021984919,3.31161907071143,3,3.80706643089073,-0.887304151704848,3.50301814050818
0.185241657813729,5.998647458439,6,7.12503052378526,-0.0572892341468538,5.44307814373982
-0.519844456469949,4.35241932222546,4,5.22178944031996,-0.221452195171763,5.06117470777785
0.959892469497417,7.66651662938738,8,8.79059887600052,0.55162240815362,6.82713364478018
-0.737699706251775,3.84452513434956,3,4.54679858818687,-0.938733685517338,3.37663394407703
1.36041191794248,8.36249140310666,9,9.47904101308099,0.773092403758531,7.2971556622109
1.23237061703657,8.15660858681269,9,9.27169518964769,2.74921788530752,9.62773093104276
1.25643008151849,8.19653788245115,9,9.31155786291953,0.619306249537396,6.97362301065317
-0.301069155226353,4.86269921030198,4,5.8551579449705,-0.607781829797922,4.16528590897071
-0.0511424732550938,5.44852201327419,5,6.53014879710359,-0.0079843516159804,5.55762795369009
1.25643008151849,8.19653788245115,9,9.31155786291953,0.805261356138997,7.36296167097381
-2.14742984530952,0.639887316922247,0,0,-1.87991602120056,1.02219496179941
0.335569657946212,6.34269215466961,7,7.48223951921689,0.0359015561088466,5.65943180040173
0.567673771859341,6.85916913508252,7,8.00182261083293,0.448098984029252,6.59910041919729
-0.956115343428202,3.32253887925511,3,3.82236705115342,-0.0342292675769898,5.49667232195384
0.878670265402023,7.50803734403149,8,8.63656701078645,0.651964984772898,7.04347248147244
-1.59684062980767,1.69144149894711,1,1.55048962531266,-0.984666401757419,3.26214006133673
-0.28134759259472,4.90887013982555,5,5.91023157740042,-0.425589052331064,4.58739643674438
-0.9960902612009,3.22436834394592,3,3.68475109995468,-1.54508506842421,1.78874746047699
-0.0511424732550938,5.44852201327419,5,6.53014879710359,-0.505742927773378,4.40183475269478
0.160451253069382,5.94138502733454,6,7.06455906896999,0.687291593909867,7.11836631226692
-0.737699706251775,3.84452513434956,3,4.54679858818687,-0.841677986851392,3.61365986933618
0.263653123264626,6.17884553762695,6,7.31338047375246,0.222075603542012,6.08852403982009
-0.227736973686993,5.03448854093441,5,6.05833507518806,-0.687702023775955,3.97893939974957
1.26460638485041,8.20997764087302,9,9.32500914786692,2.5027925479432,9.50772376108164
-0.519844456469949,4.35241932222546,4,5.22178944031996,-1.40165935398307,2.1652775128592
1.71954729863576,8.85137646012049,10,10,2.04271826888335,9.18198816663693
-2.14742984530952,0.639887316922247,0,0,-1.76777113833204,1.25461666438901
0.185241657813729,5.998647458439,6,7.12503052378526,-0.114225556454158,5.31065310111531
0.199392061803599,6.03127375918886,6,7.1593486085384,-0.221662487965378,5.0606856230945
-0.022637311617515,5.51523665525912,5,6.60407153686625,-0.444221456595381,4.54425231996848
0.938623422359679,7.62552296521382,8,8.75073620272867,0.674706071717601,7.09176580461394
0.858060207010219,7.46701297743401,8,8.5967043375146,1.83200934033228,8.97698631976596
1.71954729863576,8.85137646012049,10,10,0.963884211929211,7.67640092061482
1.71954729863576,8.85137646012049,10,10,1.83333223931628,8.97839868495822
-0.737699706251775,3.84452513434956,3,4.54679858818687,-1.02243648224433,3.16680370447838
0.829923817547013,7.41050231725914,8,8.54177747121804,-0.205404827635722,5.09850053597573
1.36041191794248,8.36249140310666,9,9.47904101308099,1.47716543194541,8.53640072053288
-0.301069155226353,4.86269921030198,4,5.8551579449705,-0.421647740037603,4.59652417343661
-0.737699706251775,3.84452513434956,3,4.54679858818687,-0.636338029513666,4.09886196892559
0.851141962366517,7.45317149009533,8,8.58325305256722,0.288124940415019,6.23918642693506
0.286189027990291,6.23034729640166,6,7.36669443197169,-0.335054561948585,4.79724806560254
0.249227859934755,6.14580813560251,6,7.27906238899933,-0.165016518597739,5.19246844470247
-0.737699706251775,3.84452513434956,3,4.54679858818687,-1.09117957371621,2.99054339674368
-0.982081107070795,3.25888071766916,3,3.73314369112807,-0.550767842082298,4.29755968621573
0.595872448722802,6.92033185932411,7,8.0622940656482,0.533042919994468,6.78654238660785
-0.00932369848087768,5.54637233454871,5,6.63838962161938,-0.152314857828561,5.22202437067812
0.878670265402023,7.50803734403149,8,8.63656701078645,0.327250367470434,6.3279224207004
0.294942012423609,6.25031285768962,6,7.38730321351512,0.213020414756572,6.06779245807014
-0.48347727934103,4.43702344634158,4,5.33003026483575,-0.645501529337399,4.07751371890564
0.160451253069382,5.94138502733454,6,7.06455906896999,0.172312668414473,5.97439069235839
1.23237061703657,8.15660858681269,9,9.27169518964769,0.714249208907157,7.17503021338611
-0.0511424732550938,5.44852201327419,5,6.53014879710359,-0.0727715688787223,5.40708015837069
-1.04419951987609,3.10493962588865,3,3.51726794979323,-1.24299821599746,2.59049021376407
0.249227859934755,6.14580813560251,6,7.27906238899933,0.533035050685385,6.78652516150291
0.570248117263869,6.86476918606246,7,8.00736719935164,0.808664440831315,7.36988175082233
-0.950557257542345,3.3361136931132,3,3.84138451564386,-0.808339744254603,3.69371100803363
-0.495052079039003,4.41008995611005,4,5.29571218008262,-0.337895563919757,4.79065629940898
-0.501983114713049,4.39396502342342,4,5.27510339853919,-0.48300749792654,4.45446482895224
1.71954729863576,8.85137646012049,10,10,1.5378895751701,8.6207604815461
0.620960188832158,6.97440675994234,7,8.11560802386744,0.522031320289862,6.76241252389123
-0.022637311617515,5.51523665525912,5,6.60407153686625,0.615758007632975,6.96600017373037
0.967110172222574,7.68034396310388,8,8.8040501609479,1.37042212654322,8.37895940073187
-1.02650027560836,3.14904138124919,3,3.579111825914,-1.90864892744478,0.967395097929208
0.568312389960335,6.86055864119243,8,8.0031985061359,0.438770645543613,6.57834368815683
1.22003050865431,8.1359089809732,9,9.25108640810426,0.759150645092774,7.26842091655564
-0.022637311617515,5.51523665525912,5,6.60407153686625,-0.53368847933294,4.33712616202269
-1.59684062980767,1.69144149894711,1,1.55048962531266,-1.81781261077824,1.14737405456814
-2.14742984530952,0.639887316922247,0,0,-2.83803283406347,0.132126737268645
0.185241657813729,5.998647458439,6,7.12503052378526,-0.454065267927102,4.52146234474699
-0.48347727934103,4.43702344634158,4,5.33003026483575,-0.590760287083105,4.20481650272808
-0.737699706251775,3.84452513434956,3,4.54679858818687,-1.04732905940158,3.10338200259833
1.71954729863576,8.85137646012049,10,10,2.65211900705174,9.58421538769303
0.576502840575381,6.87836176642635,7,8.02081848429903,1.30540111681693,8.27736355043561
1.26460638485041,8.20997764087302,9,9.32500914786692,1.18085214329921,8.07095130479722
1.71954729863576,8.85137646012049,10,10,2.00339645841301,9.14668885447869
-0.495052079039003,4.41008995611005,4,5.29571218008262,-1.12154182142894,2.91161640239065
0.959892469497417,7.66651662938738,8,8.79059887600052,1.86376839469314,9.01044276681635
0.878670265402023,7.50803734403149,8,8.63656701078645,1.69811012678827,8.82539416267766
-1.17361913416288,2.77691302702518,2,3.05815283899499,-0.867706566544732,3.550703570605
-0.00124666944676247,5.5652531792447,6,6.65914516929616,-0.282897751654104,4.91834278999749
-0.04597301132529,5.46062557093049,5,6.54360008205097,0.453976472231971,6.61216202740192
0.858060207010219,7.46701297743401,8,8.5967043375146,0.293786217241221,6.25205116948452
-1.66947506523265,1.51842230752153,1,1.30835935678363,-1.18061143376724,2.75638582251582
0.967110172222574,7.68034396310388,8,8.8040501609479,1.09191582049361,7.91438427020093
0.967110172222574,7.68034396310388,8,8.8040501609479,1.16044637783342,8.0356888218105
1.71954729863576,8.85137646012049,10,10,1.97527573018874,9.12063486975443
-0.022637311617515,5.51523665525912,5,6.60407153686625,0.104372713414425,5.81785458768024
-0.322103521262386,4.81348350085115,5,5.7960623854582,-0.641474704818271,4.08689722074788
0.481509261633539,6.66996267405657,7,7.81347266086573,0.505831993075732,6.72681965661572
0.497027359199891,6.70428140855856,7,7.84779074561886,-0.313451436042849,4.84738696215121
0.620960188832158,6.97440675994234,7,8.11560802386744,0.36322669584152,6.40913778451833
-1.60949966852091,1.6607494033029,1,1.50766321368233,-1.26394634445254,2.53446354872516
1.71954729863576,8.85137646012049,10,10,1.23694388405602,8.16580501414217
-0.737699706251775,3.84452513434956,3,4.54679858818687,-0.822906061592887,3.6588119207283
1.25643008151849,8.19653788245115,9,9.31155786291953,1.28329466532954,8.24184997491324
-0.515347334040122,4.36287868933125,4,5.23524072526734,-0.743762917402107,3.84714265587216
-0.737699706251775,3.84452513434956,3,4.54679858818687,-0.667888632035459,4.02527805568426
-0.827696342206071,3.63195864218653,4,4.25410267804709,-0.927052280989876,3.40550394005574
-0.515347334040122,4.36287868933125,4,5.23524072526734,-0.670281835791525,4.01968665682331
-0.570895732955109,4.23370483959362,4,5.06775757510589,-0.0567567166524434,5.44431610199607
-2.14742984530952,0.639887316922247,0,0,-1.90641959378413,0.971574684349357
0.499541941114457,6.70983284506618,7,7.85333533413758,0.181896371677114,5.99640861246265
-1.17361913416288,2.77691302702518,2,3.05815283899499,-1.14078635972901,2.86127402374275
0.595872448722802,6.92033185932411,7,8.0622940656482,0.536420005116722,6.79393194308311
1.71954729863576,8.85137646012049,10,10,0.922883497780129,7.59724803253012
-0.570895732955109,4.23370483959362,4,5.06775757510589,-0.454253229781075,4.52102720354011
-0.956115343428202,3.32253887925511,3,3.82236705115342,-0.918743877244928,3.42597817168992
-0.0306078615600133,5.49658875259346,5,6.58346275532282,-0.248309804768938,4.99872384694585
-0.737699706251775,3.84452513434956,3,4.54679858818687,-0.731199360657997,3.87677826724859
1.19962730879912,8.10135956640896,9,9.21676832335113,2.27825511529463,9.36751639521168
-0.501983114713049,4.39396502342342,4,5.27510339853919,-0.238297676196434,5.02200145766148
0.851141962366517,7.45317149009533,8,8.58325305256722,0.927656314466381,7.60653187485999
-0.109794222448249,5.31108520439177,5,6.37611693188952,0.081850043083597,5.76580792497978
-0.0511424732550938,5.44852201327419,5,6.53014879710359,0.0749417570735522,5.74983045282118
0.271665027196098,6.19717108404936,6,7.33237634721856,0.938236178797223,7.62704627924861
0.602181874834474,6.93396212896296,7,8.07574535059559,-0.340657582872226,4.78424822522034
1.25643008151849,8.19653788245115,9,9.31155786291953,1.78399695658868,8.92460998119164
-1.40149194139875,2.18530843602964,2,2.23596802403465,-1.49306277199345,1.92346549119232
0.595872448722802,6.92033185932411,7,8.0622940656482,0.4744095535583,6.65746858986594
1.22003050865431,8.1359089809732,9,9.25108640810426,0.787499020311166,7.32671305584145
0.24059527082913,6.12601179724162,6,7.2584536074559,0.0154769575032235,5.61207367525077
-1.02650027560836,3.14904138124919,3,3.579111825914,-0.864599091585045,3.55824193683363
-0.301069155226353,4.86269921030198,4,5.8551579449705,-0.445012399118571,4.54242108006139
0.0358829475425118,5.6519555648465,6,6.75393470886457,-0.275034877107655,4.93661084034752
-0.737699706251775,3.84452513434956,3,4.54679858818687,-0.44449645670776,4.54361562061401
1.36041191794248,8.36249140310666,9,9.47904101308099,0.644193943089554,7.02690400892979
-0.515347334040122,4.36287868933125,4,5.23524072526734,-0.534117020040108,4.33613360707505
0.909605301325165,7.56900870781654,8,8.69580933643211,0.806259800238372,7.36499281296976
-0.301069155226353,4.86269921030198,4,5.8551579449705,0.240605652609406,6.13089333184346
-0.314782984019555,4.8306083908376,5,5.81667116700163,0.0818864050622013,5.76589200678917
-0.302557264857484,4.85921636135327,5,5.85098925175476,-0.0567567166524434,5.44431610199607
0.847468130331882,7.44580689485297,8,8.57609555597118,0.210552836435423,6.06214005749712
0.249227859934755,6.14580813560251,6,7.27906238899933,0.465139579721237,6.6369340374344
-0.570895732955109,4.23370483959362,4,5.06775757510589,-0.887515948467228,3.50250140861002
-0.322103521262386,4.81348350085115,5,5.7960623854582,-0.741080735951393,3.85347481621012
0.263653123264626,6.17884553762695,6,7.31338047375246,-0.414138639117259,4.61391621957181
-0.0686266654566834,5.40757166235436,6,6.48450452253867,-0.704997171034355,3.93839518960918
-0.301069155226353,4.86269921030198,4,5.8551579449705,-0.741299467248656,3.85295853916702
0.249227859934755,6.14580813560251,6,7.27906238899933,-0.553613757829995,4.29096484886964
-2.14742984530952,0.639887316922247,0,0,-2.57494223353433,0.230294372356957
-0.04597301132529,5.46062557093049,5,6.54360008205097,-0.240852924882537,5.01606027581234
0.959892469497417,7.66651662938738,8,8.79059887600052,1.33575241603124,8.32532073849888
-0.757825856819461,3.79721909706604,4,4.48205728302381,-1.20276723025573,2.6976653262354
0.271665027196098,6.19717108404936,6,7.33237634721856,0.322299714858623,6.31671730349793
-0.737699706251775,3.84452513434956,3,4.54679858818687,-0.582944568624428,4.22295462713013
-0.978576410744614,3.26749628227002,3,3.74522255476996,-1.36177322658723,2.27201958039246
0.524565355246269,6.76492661794119,7,7.90826220043414,0.578951746578198,6.88655161329436
0.620960188832158,6.97440675994234,7,8.11560802386744,-0.205523016680009,5.09822560431437
-1.19084344088244,2.73260034221067,2,2.99630896287422,-1.21220559708162,2.6725803223333
0.263653123264626,6.17884553762695,6,7.31338047375246,0.128743928177281,5.87409164115854
-0.561986301110555,4.2544228061733,4,5.09481700613094,-0.625169632323444,4.12485808089367
0.515152259501793,6.74423432648333,7,7.88765341889071,0.14953347863119,5.92199095902374
0.927697007815168,7.60432165893067,8,8.73012742118524,1.94205962206211,9.08897263193262
-0.9781779964681,3.26847523523986,3,3.74659497607546,-0.697198899835484,3.95668798804272
1.71954729863576,8.85137646012049,10,10,0.815065006757438,7.38287526791093
-0.04597301132529,5.46062557093049,5,6.54360008205097,-0.334881287587293,4.79765011589196
0.524565355246269,6.76492661794119,7,7.90826220043414,0.321951821595289,6.31592963859641
-1.60949966852091,1.6607494033029,1,1.50766321368233,-1.47741258581883,1.96447568398461
-0.254694545072305,4.97130508093837,5,5.98415431716308,-0.327629418839551,4.81447821069192
1.19962730879912,8.10135956640896,9,9.21676832335113,1.67350539193747,8.79564026088096
-0.519844456469949,4.35241932222546,4,5.22178944031996,-0.675801629555314,4.00678457512807
-1.60949966852091,1.6607494033029,1,1.50766321368233,-0.480104597377788,4.46118443503566
0.263653123264626,6.17884553762695,6,7.31338047375246,0.229043530782934,6.10446508589598
1.26460638485041,8.20997764087302,9,9.32500914786692,2.71343572271282,9.61222834169833
0.959892469497417,7.66651662938738,8,8.79059887600052,1.85999318390444,9.00651481375153
0.448346006632604,6.59628878248262,7,7.73954992110307,0.852528661238077,7.45834449934227
-0.568250487552039,4.23985621795833,4,5.07579954164049,-0.545681137194998,4.30934563682511
0.490935522363066,6.69082126841918,7,7.83433946067148,0.200426018095795,6.03892991759166
-0.314782984019555,4.8306083908376,5,5.81667116700163,-0.887729472667644,3.50198043184478
-0.319332755633964,4.81996468309439,5,5.80386792475483,-0.655599570683602,4.05396686328695
-0.61456726330965,4.13211287162964,5,4.93401489722601,-1.08665989573477,3.00223785957876
0.967110172222574,7.68034396310388,8,8.8040501609479,0.716663551974511,7.1800837743654
-1.19084344088244,2.73260034221067,2,2.99630896287422,-1.53276328711167,1.82041018583592
-1.19084344088244,2.73260034221067,2,2.99630896287422,-1.00063322778176,3.22196973531685
0.0143190988962793,5.60162040559337,6,6.69900784256801,-0.321998252253431,4.82754746599584
0.497027359199891,6.70428140855856,7,7.84779074561886,0.485032969731651,6.68095972055061
-0.301069155226353,4.86269921030198,4,5.8551579449705,-0.357234894009882,4.74579665943095
-0.737699706251775,3.84452513434956,3,4.54679858818687,-1.12692580196265,2.89755619003259
0.524565355246269,6.76492661794119,7,7.90826220043414,0.434032987709471,6.56778964126521
0.223961012697368,6.08781364196072,6,7.21859093418405,0.000457184524957145,5.57722317773307
-0.555184000454783,4.27024024411411,4,5.11542578767436,-0.80630945328469,3.69856617602083
-0.737699706251775,3.84452513434956,3,4.54679858818687,-0.464618103860472,4.49703291966293
0.335569657946212,6.34269215466961,7,7.48223951921689,0.1997621628301,6.03740767712131
0.620960188832158,6.97440675994234,7,8.11560802386744,0.55105820348488,6.82590330969636
0.823078699460506,7.39666790310474,8,8.52832618627066,0.48767877673198,6.68680327916779
-1.59684062980767,1.69144149894711,1,1.55048962531266,-2.21311783009025,0.512993035739806
-1.61514499008094,1.64713119736915,1,1.48864574919188,-1.87743614167196,1.02701861428573
0.154961527267157,5.92868739763336,6,7.0511077840226,0.988968559178595,7.72414431217755
-1.60949966852091,1.6607494033029,1,1.50766321368233,-2.51024127196633,0.265435401540522
0.199392061803599,6.03127375918886,6,7.1593486085384,0.771976710339024,7.29486086734118
-0.982081107070795,3.25888071766916,3,3.73314369112807,-1.10148719596076,2.96381931910662
-2.14742984530952,0.639887316922247,0,0,-1.51513049691551,1.86599602035798
0.620960188832158,6.97440675994234,7,8.11560802386744,0.938480816223139,7.62751956681709
0.271665027196098,6.19717108404936,6,7.33237634721856,-0.607605693510919,4.16569518281796
1.26460638485041,8.20997764087302,9,9.32500914786692,1.66329835853531,8.78312099926142
-1.02650027560836,3.14904138124919,3,3.579111825914,-1.69642069361834,1.41652912108717
-0.724104702482216,3.87641834608323,4,4.59029810753961,-0.632980680431215,4.1066792565632
-0.0527429766268699,5.44477427222054,6,6.52598010388785,-0.497928046107648,4.41992613707003
0.472227870890714,6.64938850799629,7,7.7928638793223,0.112840331964812,5.8374037695338
0.294942012423609,6.25031285768962,6,7.38730321351512,0.619967369008506,6.97504259921104
-0.00932369848087768,5.54637233454871,5,6.63838962161938,0.0636434408380741,5.72368696115512
0.481509261633539,6.66996267405657,7,7.81347266086573,0.595112589479615,6.92151904132142
0.160451253069382,5.94138502733454,6,7.06455906896999,0.221540721804208,6.08729992288612
-0.378287291471738,4.68218849632696,5,5.63638477459338,-0.489369152232128,4.43973883931115
-0.978576410744614,3.26749628227002,3,3.74522255476996,-1.31200608372034,2.40558109577267
1.36041191794248,8.36249140310666,9,9.47904101308099,0.207734680389259,6.05568307414276
-0.793431761642879,3.71322227190331,3,4.36651219577862,-0.199643050642069,5.11190402351973
0.24059527082913,6.12601179724162,6,7.2584536074559,0.714258106062103,7.17504884290561
0.792520569254532,7.33450676775282,8,8.46785473145539,0.591183672778224,6.91302980670213
-0.0511424732550938,5.44852201327419,5,6.53014879710359,-0.473734005632662,4.47593105216152
-1.60949966852091,1.6607494033029,1,1.50766321368233,-1.37616160730133,2.23346411891905
-0.301069155226353,4.86269921030198,4,5.8551579449705,-0.613055689595922,4.15302918638689
1.36041191794248,8.36249140310666,9,9.47904101308099,1.19694191882562,8.09847301047562
-0.737699706251775,3.84452513434956,3,4.54679858818687,-0.820093103500624,3.66556054503141
0.224533776106363,6.08913003163202,7,7.21996682948703,0.0179348073094834,5.61777474534177
-0.0306078615600133,5.49658875259346,5,6.58346275532282,-0.302154533938872,4.87361632223583
-0.220209729518988,5.05213605127956,5,6.07894385673149,-0.498411208999001,4.41880765096371
0.851141962366517,7.45317149009533,8,8.58325305256722,1.79216594022922,8.93367584016321
0.199392061803599,6.03127375918886,6,7.1593486085384,-0.0909821517516073,5.36472639612111
1.22003050865431,8.1359089809732,9,9.25108640810426,0.763191263565343,7.27676197613461
1.26460638485041,8.20997764087302,9,9.32500914786692,0.948369144847991,7.64660941854912
0.927697007815168,7.60432165893067,8,8.73012742118524,0.15995554362863,5.94597644513433
0.0411844535449099,5.66432177658739,6,6.76738599381196,-0.0469186136058759,5.46718439267664
-1.60949966852091,1.6607494033029,1,1.50766321368233,-1.61636814659203,1.6091954606282
0.542290823845633,6.80378265309963,7,7.94689574453637,0.878200180445737,7.50946601996155
-0.301069155226353,4.86269921030198,4,5.8551579449705,0.539224888583816,6.80006557906313
0.602181874834474,6.93396212896296,7,8.07574535059559,0.300269539262583,6.26677376931383
-0.757825856819461,3.79721909706604,4,4.48205728302381,-0.28628445245317,4.91047532473291
0.542290823845633,6.80378265309963,7,7.94689574453637,0.0334249922010853,5.65369161967088
-1.59684062980767,1.69144149894711,1,1.55048962531266,-1.70019830831849,1.40770993421784
-0.0306078615600133,5.49658875259346,5,6.58346275532282,-0.324032320268399,4.82282643632911
0.0195875068828541,5.61392321592152,6,6.7124591275154,-0.153773603506604,5.21862993309714
-0.501983114713049,4.39396502342342,4,5.27510339853919,0.238076155925456,6.12511402810698
-0.301069155226353,4.86269921030198,4,5.8551579449705,0.317755870082925,6.30642695402465
-0.301069155226353,4.86269921030198,4,5.8551579449705,-0.512970601845309,4.38510151534757
0.524565355246269,6.76492661794119,7,7.90826220043414,1.1852610057213,8.07851757352572
-0.561986301110555,4.2544228061733,4,5.09481700613094,-0.307735382047783,4.86065773438438
-0.519844456469949,4.35241932222546,4,5.22178944031996,0.495290609467249,6.70359904584316
-0.00932369848087768,5.54637233454871,5,6.63838962161938,0.891833893651927,7.53641377805164
-1.17361913416288,2.77691302702518,2,3.05815283899499,-1.02361550108979,3.16381031736992
0.244480774273897,6.13492440644527,7,7.26773619918755,0.442062660370552,6.58567248404451
-0.793431761642879,3.71322227190331,3,4.36651219577862,-0.731577075272037,3.87588819597116
-1.60949966852091,1.6607494033029,1,1.50766321368233,-1.21814844866742,2.65676586779136
1.36041191794248,8.36249140310666,9,9.47904101308099,1.23547961845774,8.16336799885696
-1.60949966852091,1.6607494033029,1,1.50766321368233,-1.19352574374734,2.7221876067309
-0.022637311617515,5.51523665525912,5,6.60407153686625,-0.00253357233984232,5.57028142613769
0.286189027990291,6.23034729640166,6,7.36669443197169,0.766138185878136,7.28283858571168
0.341367474194451,6.35583441056594,7,7.49569080416427,0.819023805823699,7.39089748608499
0.0195875068828541,5.61392321592152,6,6.7124591275154,0.592071005935838,6.91494774175775
0.592520695726839,6.91308278994091,7,8.05513656905216,0.319884654502709,6.31124867616221
-0.00932369848087768,5.54637233454871,5,6.63838962161938,0.374240028192489,6.43392229154353
-0.109794222448249,5.31108520439177,5,6.37611693188952,0.558695980534404,6.84254621476948
0.967110172222574,7.68034396310388,8,8.8040501609479,0.354746125516105,6.39002765620062
0.160451253069382,5.94138502733454,6,7.06455906896999,0.0233784032867147,5.6303993651402
1.22003050865431,8.1359089809732,9,9.25108640810426,1.53090599106333,8.6112504838827
-0.737699706251775,3.84452513434956,3,4.54679858818687,-1.21700316195418,2.65981472109218
-0.737699706251775,3.84452513434956,3,4.54679858818687,-0.673352149060631,4.012511058149
-0.48347727934103,4.43702344634158,4,5.33003026483575,-0.527055255283456,4.35248837435239
-0.04597301132529,5.46062557093049,5,6.54360008205097,-0.468234769799017,4.48866082230558
-0.302557264857484,4.85921636135327,5,5.85098925175476,-0.236675414465092,5.02577349173286
-0.495052079039003,4.41008995611005,4,5.29571218008262,-1.35681446788208,2.28531670596001
0.286189027990291,6.23034729640166,6,7.36669443197169,-0.378974253166941,4.69539428381582
-0.301069155226353,4.86269921030198,4,5.8551579449705,-0.272517195231468,4.94246088938105
-1.61514499008094,1.64713119736915,1,1.48864574919188,-2.08261249484109,0.679675124080622
-0.301069155226353,4.86269921030198,4,5.8551579449705,-0.00826694519708712,5.5569718757643
-0.242249702268983,5.00046958860074,5,6.01847240191622,-0.0314160713629548,5.50320840239639
0.154961527267157,5.92868739763336,6,7.0511077840226,-0.0208593432035243,5.52773091180313
0.246227186021216,6.13892910252213,6,7.27190489240329,0.334496079171609,6.34430965511871
-0.793431761642879,3.71322227190331,3,4.36651219577862,-0.536717830040008,4.33010958605345
1.71954729863576,8.85137646012049,10,10,1.8684098224228,9.01525395744745
-0.737699706251775,3.84452513434956,3,4.54679858818687,-0.871535822254616,3.54140575895292
-1.3957567346532,2.20018325945938,2,2.25657680557807,-1.0791763072316,3.02156939035991
-0.109794222448249,5.31108520439177,5,6.37611693188952,-0.480247931931331,4.46085264572603
1.71954729863576,8.85137646012049,10,10,1.50137987063581,8.57049228013848
0.286189027990291,6.23034729640166,6,7.36669443197169,1.72851255923353,8.86133544231592
-1.67075021624742,1.51545575703753,2,1.30419066356789,-2.44788146937126,0.30473332042034
0.199392061803599,6.03127375918886,6,7.1593486085384,0.205450443449664,6.0504482259264
-1.17361913416288,2.77691302702518,2,3.05815283899499,-1.17012678431864,2.78408637781576
-0.0511424732550938,5.44852201327419,5,6.53014879710359,-0.0106413795704304,5.55145907388684
-0.737699706251775,3.84452513434956,3,4.54679858818687,-0.913343430343517,3.43926015849066
-0.301069155226353,4.86269921030198,4,5.8551579449705,-0.687750753263461,3.97882529537321
-0.00932369848087768,5.54637233454871,5,6.63838962161938,0.710422677509475,7.16701348425805
-0.065890797020076,5.41398073779464,6,6.49166201913471,0.221710435131108,6.08768833111568
1.36041191794248,8.36249140310666,9,9.47904101308099,1.52258210195201,8.5998502708281
0.515152259501793,6.74423432648333,7,7.88765341889071,0.186184306402677,6.00625431004557
-0.322103521262386,4.81348350085115,5,5.7960623854582,-0.291284417573579,4.89886124709689
1.25643008151849,8.19653788245115,9,9.31155786291953,1.86513715823007,9.01186365895327
0.878670265402023,7.50803734403149,8,8.63656701078645,1.04576957164612,7.83026764088662
0.820262271709285,7.39096606457045,8,8.52278159775194,1.17592575158705,8.06247474150788
0.263653123264626,6.17884553762695,6,7.31338047375246,-0.157879053090446,5.20907676316155
0.858060207010219,7.46701297743401,8,8.5967043375146,1.7937881671639,8.93546859809799
-2.14742984530952,0.639887316922247,0,0,-1.67514375186513,1.46668397471805
0.820262271709285,7.39096606457045,8,8.52278159775194,0.212463678937157,6.06651727111399
0.199392061803599,6.03127375918886,6,7.1593486085384,-0.503948522180241,4.40598889302106
-0.760468053916492,3.79099997254996,4,4.47352736512227,-1.01922403257799,3.17495439058418
0.592520695726839,6.91308278994091,7,8.05513656905216,0.777977271740177,7.30719328259596
-0.508140074734724,4.37964260207445,5,5.25675904177115,-0.271624681984402,4.94453479387072
1.22003050865431,8.1359089809732,9,9.25108640810426,1.21407892404149,8.12750985524598
-0.301069155226353,4.86269921030198,4,5.8551579449705,-0.77285813711226,3.77825680569906
0.542290823845633,6.80378265309963,7,7.94689574453637,-0.077613073597923,5.39582107436019
0.524565355246269,6.76492661794119,7,7.90826220043414,0.775597754949655,7.30230574071919
0.586231973997287,6.89946639054063,7,8.04168528410478,0.551498996788556,6.82686453978255
-0.515347334040122,4.36287868933125,4,5.23524072526734,-1.12153704546621,2.91162886636785
-0.301069155226353,4.86269921030198,4,5.8551579449705,-0.33205410196592,4.80421030164277
0.269324468589008,6.19181932480786,6,7.32683175869985,1.38363095565249,8.39907343598475
1.26460638485041,8.20997764087302,9,9.32500914786692,2.00372299364946,9.14698739307607
0.176772552658878,5.97909952316537,6,7.10442174224184,0.215247631346414,6.07289319077278
0.472227870890714,6.64938850799629,7,7.7928638793223,0.421174216392048,6.5391037626953
-1.17361913416288,2.77691302702518,2,3.05815283899499,-0.800693390492576,3.71198486458339
-0.501983114713049,4.39396502342342,4,5.27510339853919,-0.948236926602853,3.35307402859758
-0.322103521262386,4.81348350085115,5,5.7960623854582,-0.620089683118411,4.13667467730418
-0.799254292248503,3.69944503392746,3,4.34749473128817,-0.766388531596082,3.793606690095
-0.240234785214013,5.00519220094997,5,6.02401699043493,-0.956390121216315,3.33280818561629
0.576502840575381,6.87836176642635,7,8.02081848429903,0.77581884964064,7.3027600295341
-0.570895732955109,4.23370483959362,4,5.06775757510589,-0.302924619377401,4.87182810313665
-1.59684062980767,1.69144149894711,1,1.55048962531266,-2.18647424775556,0.543761831413859
0.499541941114457,6.70983284506618,7,7.85333533413758,0.189489706597394,6.01384158721134
0.263653123264626,6.17884553762695,6,7.31338047375246,-0.335146394859247,4.79703498543423
0.294942012423609,6.25031285768962,6,7.38730321351512,-0.283870417066125,4.91608318276953
-0.301069155226353,4.86269921030198,4,5.8551579449705,-0.444815750736621,4.54287637130269
-0.794708984142297,3.71020117520784,4,4.36234350256288,-0.696787445509173,3.95765261481163
-1.61514499008094,1.64713119736915,1,1.48864574919188,-1.1089750306496,2.94435996333528
-1.17361913416288,2.77691302702518,2,3.05815283899499,-1.37615006534705,2.23349502799309
0.46618498524514,6.63597419392793,7,7.77941259437492,0.946086246345375,7.64220923524788
-0.301069155226353,4.86269921030198,4,5.8551579449705,-0.0393683346437773,5.48473112984175
0.341367474194451,6.35583441056594,7,7.49569080416427,0.228452426102185,6.10311317653542
-0.737699706251775,3.84452513434956,3,4.54679858818687,-1.07583244457727,3.03019424862795
-0.04597301132529,5.46062557093049,5,6.54360008205097,0.154798065995614,5.93410928118717
-0.109794222448249,5.31108520439177,5,6.37611693188952,-0.32648895594455,4.8171249438045
0.238851819652795,6.12201141873974,7,7.25428491424016,-0.488823665209429,4.44100154440722
-1.59684062980767,1.69144149894711,1,1.55048962531266,-1.202506416104,2.69835794349109
-0.301069155226353,4.86269921030198,4,5.8551579449705,-0.542019082212839,4.31782957245962
-0.366291803921496,4.71019977067762,5,5.67070285934651,-0.550781051365796,4.29752907775665
-0.793431761642879,3.71322227190331,3,4.36651219577862,-0.771838513709332,3.78067726316264
-1.1789197412052,2.76329023238899,2,3.03913537450454,-0.985325448589653,3.26048580633639
0.567673771859341,6.85916913508252,7,8.00182261083293,0.780157860428539,7.31166890559818
-0.830281695381916,3.62580798303989,4,4.24557276014555,-0.744670527500536,3.84499928343667
-0.00932369848087768,5.54637233454871,5,6.63838962161938,0.829885570230776,7.41285113384527
0.802895791564057,7.35568466505492,8,8.48846351299881,1.60553518248294,8.7103101938377
0.0330653132883201,5.64538174177679,6,6.74677721226853,0.717034449326753,7.18085979984362
-0.960581021984919,3.31161907071143,3,3.80706643089073,-1.42076632191017,2.11433818189603
1.71954729863576,8.85137646012049,10,10,1.63395096753527,8.74654661957493
-0.042340717909062,5.46912887933554,6,6.55303953491289,-0.12797822045202,5.2786539807448
1.36041191794248,8.36249140310666,9,9.47904101308099,2.1237745092144,9.25071160704415
0.858060207010219,7.46701297743401,8,8.5967043375146,1.41499697234019,8.44612297310645
0.232930039588173,6.10841815032336,7,7.24010925068786,-0.641923841889279,4.08585079246198
0.823078699460506,7.39666790310474,8,8.52832618627066,0.142081981335023,5.90483073018902
0.269324468589008,6.19181932480786,6,7.32683175869985,-0.210468809644757,5.08672102217928
-0.960581021984919,3.31161907071143,3,3.80706643089073,-0.421219955326964,4.59751491989225
-0.322103521262386,4.81348350085115,5,5.7960623854582,-0.446447647501967,4.5390981423089
-1.66947506523265,1.51842230752153,1,1.30835935678363,-2.44212829093885,0.308652499575199
0.475448155678996,6.65653097420804,7,7.80002137591834,1.56186291066031,8.65302828342877
-1.19084344088244,2.73260034221067,2,2.99630896287422,-1.0014355763841,3.2199460414869
0.620960188832158,6.97440675994234,7,8.11560802386744,1.34226557636983,8.33549057657384
-0.737699706251775,3.84452513434956,3,4.54679858818687,-0.43034639441101,4.57637957456267
-0.04597301132529,5.46062557093049,5,6.54360008205097,-0.0514308698691957,5.45669645792804
0.246227186021216,6.13892910252213,6,7.27190489240329,0.461446357797006,6.62874367717411
0.271665027196098,6.19717108404936,6,7.33237634721856,0.0315569716804514,5.649361510413
0.927697007815168,7.60432165893067,8,8.73012742118524,1.10933276306234,7.94562861057302
-0.501983114713049,4.39396502342342,4,5.27510339853919,-0.474375960680672,4.47444505120538
-0.793431761642879,3.71322227190331,3,4.36651219577862,-0.64210377622616,4.08543155787852
0.858060207010219,7.46701297743401,8,8.5967043375146,1.27653174128011,8.23088766609099
-0.242249702268983,5.00046958860074,5,6.01847240191622,-0.197666755193935,5.11650161789567
0.542290823845633,6.80378265309963,7,7.94689574453637,0.144712801880042,5.91089036102789
-0.114106110876461,5.30097513960181,6,6.36468958494569,0.0401681097463845,5.6693193406781
-1.44746682022832,2.06655645876039,2,2.07144861223167,-2.07554638750606,0.689877673544664
0.249227859934755,6.14580813560251,6,7.27906238899933,-0.362841970757655,4.73279431009885
-0.0322178928507181,5.49282126026852,6,6.57929406210708,-0.00809439442047007,5.55737247567346
0.927697007815168,7.60432165893067,8,8.73012742118524,1.8835580250458,9.03081841148308
0.959892469497417,7.66651662938738,8,8.79059887600052,1.30989356622953,8.2845205453571
1.71954729863576,8.85137646012049,10,10,3.05985734493107,9.73937801351173
-1.17361913416288,2.77691302702518,2,3.05815283899499,-1.45215969817941,2.03103641401138
-1.17361913416288,2.77691302702518,2,3.05815283899499,-1.0999972867638,2.96768669992021
-1.17361913416288,2.77691302702518,2,3.05815283899499,-0.864970717457417,3.55734073973964
0.840577607581379,7.43196756588932,8,8.56264427102379,0.840931652522775,7.43509080623014
0.851141962366517,7.45317149009533,8,8.58325305256722,0.829647259852953,7.41237036504331
-0.00932369848087768,5.54637233454871,5,6.63838962161938,0.175246017415781,5.98113166428689
0.169813944510722,5.96302664712105,7,7.08744980677929,-0.0314097521932983,5.50322308356611
-2.14742984530952,0.639887316922247,0,0,-1.74365019353882,1.30821955353419
0.286189027990291,6.23034729640166,6,7.36669443197169,1.36141138123518,8.36513608967404
1.36041191794248,8.36249140310666,9,9.47904101308099,2.00372299364946,9.14698739307607
0.46618498524514,6.63597419392793,7,7.77941259437492,0.612793437382514,6.95962627415889
0.0330653132883201,5.64538174177679,6,6.74677721226853,0.102416295179602,5.81333634657549
0.851141962366517,7.45317149009533,8,8.58325305256722,0.69001013208957,7.12410009457313
0.176772552658878,5.97909952316537,6,7.10442174224184,0.142089553576808,5.90484817314511
0.567673771859341,6.85916913508252,7,8.00182261083293,0.959638116767847,7.66826739404588
1.36041191794248,8.36249140310666,9,9.47904101308099,1.55881138390008,8.64895346809394
0.24059527082913,6.12601179724162,6,7.2584536074559,0.221540721804208,6.08729992288612
-1.17361913416288,2.77691302702518,2,3.05815283899499,-0.474816656361377,4.47342492765069
-0.0511424732550938,5.44852201327419,5,6.53014879710359,0.0316954220191781,5.6496824531106
0.154961527267157,5.92868739763336,6,7.0511077840226,-0.0526066312894283,5.4539634321181
0.499541941114457,6.70983284506618,7,7.85333533413758,0.360303426608542,6.40255295174112
-0.999975315416341,3.2147762687171,3,3.6712998150073,-0.737495681470518,3.86193397597677
-1.19084344088244,2.73260034221067,2,2.99630896287422,-1.57746850690273,1.7063656008185
-0.301069155226353,4.86269921030198,4,5.8551579449705,-0.0448691469336536,5.47194764436544
0.524565355246269,6.76492661794119,7,7.90826220043414,-0.102660515478326,5.33755957037349
-0.737699706251775,3.84452513434956,3,4.54679858818687,-0.0176062255822814,5.53528612568786
0.851141962366517,7.45317149009533,8,8.58325305256722,0.852963506262089,7.45921451256321
-0.966587427432202,3.29691331079787,3,3.7864576493473,-0.834062527256101,3.63200197664534
0.515152259501793,6.74423432648333,7,7.88765341889071,0.477650077330506,6.66463897109349
0.909605301325165,7.56900870781654,8,8.69580933643211,0.775821701324919,7.30276588874887
0.592520695726839,6.91308278994091,7,8.05513656905216,0.228938559459531,6.10422501259227
1.71954729863576,8.85137646012049,10,10,1.69077418888094,8.81658562715176
-1.38621592521213,2.22495129052021,2,2.29089489033121,-2.18019981794909,0.551244135140812
-0.570895732955109,4.23370483959362,4,5.06775757510589,-1.12481029650976,2.90308306231013
-0.301069155226353,4.86269921030198,4,5.8551579449705,-0.746978976798637,3.83954622245432
-0.519844456469949,4.35241932222546,4,5.22178944031996,-0.28374947431519,4.91636414328361
-0.04597301132529,5.46062557093049,5,6.54360008205097,0.49451592228044,6.70189075194548
-0.301069155226353,4.86269921030198,4,5.8551579449705,-0.728044125619614,3.88421134022066
1.22003050865431,8.1359089809732,9,9.25108640810426,0.595115415824803,6.92152514546405
-0.811490515814905,3.67045036354263,4,4.30741663626632,-0.690532904381272,3.9723094635851
-0.307123572076765,4.84853007447002,5,5.83818600950796,-0.373712485885538,4.70759131097971
0.472227870890714,6.64938850799629,7,7.7928638793223,0.797495312120056,7.34713964706244
-0.737699706251775,3.84452513434956,3,4.54679858818687,-1.46197171762521,2.00512146849654
-0.737699706251775,3.84452513434956,3,4.54679858818687,-0.710735644668769,3.92492133446888
-0.0306078615600133,5.49658875259346,5,6.58346275532282,0.133509333960538,5.88507733241621
0.858060207010219,7.46701297743401,8,8.5967043375146,0.755875948862247,7.26165316091249
0.475448155678996,6.65653097420804,7,7.80002137591834,0.512364581150649,6.74118637265621
1.26460638485041,8.20997764087302,9,9.32500914786692,1.20376304890795,8.11006493542813
0.472227870890714,6.64938850799629,7,7.7928638793223,1.15117682258886,8.0195390907862
-0.515347334040122,4.36287868933125,4,5.23524072526734,-0.264691940185711,4.96064547472888
-0.737699706251775,3.84452513434956,3,4.54679858818687,0.471303154002965,6.65059111782062
-0.737699706251775,3.84452513434956,3,4.54679858818687,-0.86818303641159,3.5495471667664
-0.737699706251775,3.84452513434956,3,4.54679858818687,-0.332584324067277,4.80297994310098
0.524565355246269,6.76492661794119,7,7.90826220043414,0.125640531491602,5.86693546948584
-0.501983114713049,4.39396502342342,4,5.27510339853919,-0.661887765665305,4.03929177338932
-0.515347334040122,4.36287868933125,4,5.23524072526734,-0.0107788868427297,5.55113980559053
0.269324468589008,6.19181932480786,6,7.32683175869985,-0.0241950164630062,5.51998319733105
0.254874476951082,6.15874672244797,6,7.29251367394671,0.157008666125058,5.93919635289345
-0.242249702268983,5.00046958860074,5,6.01847240191622,-0.012410910327723,5.54735041807734
-1.60949966852091,1.6607494033029,1,1.50766321368233,-2.07510523107879,0.690518771862608
0.858060207010219,7.46701297743401,8,8.5967043375146,1.37156308932068,8.38070384472971
0.515152259501793,6.74423432648333,7,7.88765341889071,0.43931945929055,6.57956575063372
-1.59684062980767,1.69144149894711,1,1.55048962531266,-1.84386081024884,1.09377079708589
-0.48347727934103,4.43702344634158,4,5.33003026483575,-0.462122059455508,4.50281101820872
1.25643008151849,8.19653788245115,9,9.31155786291953,0.505649185436407,6.72641736084753
0.840577607581379,7.43196756588932,8,8.56264427102379,0.391579782246713,6.47286617243387
0.46618498524514,6.63597419392793,7,7.77941259437492,0.865022210447117,7.48328522309487
-0.00932369848087768,5.54637233454871,5,6.63838962161938,0.399084375260719,6.4896906853457
0.246227186021216,6.13892910252213,6,7.27190489240329,0.5880526960786,6.90625922173946
0.0569435325023238,5.7010592708761,6,6.80724866708381,-0.0290791108965236,5.5086376290832
-0.960581021984919,3.31161907071143,3,3.80706643089073,-0.708522600245942,3.93011884890341
0.246227186021216,6.13892910252213,6,7.27190489240329,-0.229227788761727,5.04309174119977
0.499541941114457,6.70983284506618,7,7.85333533413758,1.58561753106864,8.68442527619709
0.269324468589008,6.19181932480786,6,7.32683175869985,-0.0125200771756061,5.54709693695832
-0.827696342206071,3.63195864218653,4,4.25410267804709,-0.606964173188038,4.16718579178181
0.176772552658878,5.97909952316537,6,7.10442174224184,0.156997348228802,5.939170310097
0.858060207010219,7.46701297743401,8,8.5967043375146,1.13040219397928,7.98304942127951
-0.00932369848087768,5.54637233454871,5,6.63838962161938,-1.03652300104475,3.13097108339962
-0.022637311617515,5.51523665525912,5,6.60407153686625,0.215121578789647,6.07260453485801
-0.353218460077746,4.74074105185801,5,5.70796398214325,-0.922564130055743,3.41657010207384
-0.302557264857484,4.85921636135327,5,5.85098925175476,0.0449423515265858,5.68038115772268
-0.302557264857484,4.85921636135327,5,5.85098925175476,-0.178652794285263,5.16073916799457
-1.17361913416288,2.77691302702518,2,3.05815283899499,-1.49372656354375,1.92173052281725
-1.17361913416288,2.77691302702518,2,3.05815283899499,-1.21210494320222,2.67284804297623
-0.336218194860719,4.7804762185194,5,5.75619971218636,0.139205400881611,5.89820373645238
-1.60949966852091,1.6607494033029,1,1.50766321368233,-1.76913295019429,1.25162647221172
1.26460638485041,8.20997764087302,9,9.32500914786692,1.59424778542502,8.69569038400484
0.185241657813729,5.998647458439,6,7.12503052378526,-0.534303026494711,4.3357027893564
0.254874476951082,6.15874672244797,6,7.29251367394671,0.402053366260407,6.49634169418251
-1.60949966852091,1.6607494033029,1,1.50766321368233,-1.56247099282865,1.7443620539655
1.25643008151849,8.19653788245115,9,9.31155786291953,2.27346604452434,9.36415942404606
-0.00932369848087768,5.54637233454871,5,6.63838962161938,-0.0392643382583201,5.48497279280239
-0.561986301110555,4.2544228061733,4,5.09481700613094,-0.0283820553554555,5.51025695982246
-0.570895732955109,4.23370483959362,4,5.06775757510589,-0.459311989800874,4.50931615818275
-1.02650027560836,3.14904138124919,3,3.579111825914,-0.966801104613241,3.30685865194276
-0.322103521262386,4.81348350085115,5,5.7960623854582,-0.622851144954456,4.1302517484311
-0.04597301132529,5.46062557093049,5,6.54360008205097,0.687832546635188,7.11950760226028
-0.495052079039003,4.41008995611005,4,5.29571218008262,-0.326600861747996,4.81686523481458
-0.956115343428202,3.32253887925511,3,3.82236705115342,-1.52504877703236,1.84031579571004
-0.109794222448249,5.31108520439177,5,6.37611693188952,-0.44568397725953,4.54086621234157
-0.737699706251775,3.84452513434956,3,4.54679858818687,-0.586167967234553,4.21547491899323
0.223961012697368,6.08781364196072,6,7.21859093418405,-0.500163072869829,4.41475218481776
-0.9781779964681,3.26847523523986,3,3.74659497607546,-0.607607978713221,4.16568987290643
-0.301069155226353,4.86269921030198,4,5.8551579449705,-0.735110618820672,3.86755885324379
0.199392061803599,6.03127375918886,6,7.1593486085384,-0.490147976443539,4.43793599629134
-0.501983114713049,4.39396502342342,4,5.27510339853919,-0.258905304144332,4.97409448101557
0.185241657813729,5.998647458439,6,7.12503052378526,-0.132896405473733,5.2672099898917
1.71954729863576,8.85137646012049,10,10,1.47765485248137,8.53709572235221
0.472227870890714,6.64938850799629,7,7.7928638793223,0.156465577085608,5.93794666486562
-0.00932369848087768,5.54637233454871,5,6.63838962161938,-0.551540333990507,4.29576965171767
-0.04597301132529,5.46062557093049,5,6.54360008205097,-0.293702875609354,4.89324404256776
1.19962730879912,8.10135956640896,9,9.21676832335113,0.544821333027607,6.81229317165556
0.967110172222574,7.68034396310388,8,8.8040501609479,1.41817289019382,8.45083081524383
0.223961012697368,6.08781364196072,6,7.21859093418405,0.280236013310484,6.22124598413182
1.71954729863576,8.85137646012049,10,10,1.31844495413713,8.29808769958038
-0.0306078615600133,5.49658875259346,5,6.58346275532282,-0.31011747797495,4.85512708393953
-1.45950180201603,2.03564905731787,2,2.02862220060135,-1.161421392683,2.80704034442419
-0.00932369848087768,5.54637233454871,5,6.63838962161938,-0.772553037666708,3.77898112412918
-1.02650027560836,3.14904138124919,3,3.579111825914,-0.823125342686172,3.65828565249152
-1.60949966852091,1.6607494033029,1,1.50766321368233,-2.1577966456856,0.578708783306193
0.294942012423609,6.25031285768962,6,7.38730321351512,-0.0498234086997091,5.46043284025631
-0.48347727934103,4.43702344634158,4,5.33003026483575,-0.675449891133432,4.00760698265205
-1.87680009734296,1.07572813337534,1,0.674990852133082,-1.61570108947622,1.61084381546481
-0.495052079039003,4.41008995611005,4,5.29571218008262,-0.503783680263921,4.40637050695875
0.497027359199891,6.70428140855856,7,7.84779074561886,1.29357184191024,8.25842104962267
-0.0686266654566834,5.40757166235436,6,6.48450452253867,-0.0284191861030012,5.51017070213226
-1.17361913416288,2.77691302702518,2,3.05815283899499,-0.941478974421664,3.36983475337027
-0.302557264857484,4.85921636135327,5,5.85098925175476,-0.428642880983383,4.58032441404937
1.23237061703657,8.15660858681269,9,9.27169518964769,0.655205046879597,7.05037076113758
0.223961012697368,6.08781364196072,6,7.21859093418405,0.102212214055589,5.81286500123938
-0.737699706251775,3.84452513434956,3,4.54679858818687,-0.188651681342301,5.13747509113419
-2.14742984530952,0.639887316922247,0,0,-1.07789225619339,3.02488230818002
-1.19084344088244,2.73260034221067,2,2.99630896287422,-1.15658948263617,2.81976231297196
-1.27198027887709,2.52240837191796,3,2.70361305273443,-1.92403311293915,0.93888695731156
0.909605301325165,7.56900870781654,8,8.69580933643211,0.0833540962639172,5.76928568749243
1.22003050865431,8.1359089809732,9,9.25108640810426,1.14900156928044,8.01573746909727
0.551789325196849,6.82454451464214,7,7.96750452607979,-0.0151483770210537,5.54099386110152
-0.737699706251775,3.84452513434956,3,4.54679858818687,-1.03479001890075,3.13538743031179
-0.48347727934103,4.43702344634158,4,5.33003026483575,-0.20216809096456,5.10602997997027
0.620960188832158,6.97440675994234,7,8.11560802386744,0.734948692466295,7.21824066504026
-0.301069155226353,4.86269921030198,4,5.8551579449705,-0.621801229427981,4.13269392404563
1.25643008151849,8.19653788245115,9,9.31155786291953,0.914441751387856,7.58078328341877
-0.9960902612009,3.22436834394592,3,3.68475109995468,-1.05911246333126,3.07319841825083
-0.515347334040122,4.36287868933125,4,5.23524072526734,-0.521621136770244,4.36507202030954
0.472227870890714,6.64938850799629,7,7.7928638793223,0.3567615140791,6.39457110773241
-0.28134759259472,4.90887013982555,5,5.91023157740042,-0.3967391015467,4.65422482434965
0.448346006632604,6.59628878248262,7,7.73954992110307,0.687981203002014,7.11982120423986
0.620960188832158,6.97440675994234,7,8.11560802386744,0.373316666856768,6.43184580138374
0.24059527082913,6.12601179724162,6,7.2584536074559,0.063118114610025,5.72247101975342
-0.227736973686993,5.03448854093441,5,6.05833507518806,-0.18445263499294,5.14724466899562
0.540373147130337,6.79958587580629,8,7.94272705132063,0.127835817136306,5.87199776835691
-0.799254292248503,3.69944503392746,3,4.34749473128817,-1.18649566681688,2.74081429165241
-0.00932369848087768,5.54637233454871,5,6.63838962161938,0.605138159221918,6.94314640568963
0.620960188832158,6.97440675994234,7,8.11560802386744,0.806208593928838,7.36488866042098
0.820262271709285,7.39096606457045,8,8.52278159775194,1.19227797940116,8.09052106192008
-0.515347334040122,4.36287868933125,4,5.23524072526734,-0.753223629378318,3.82478383043602
-1.59684062980767,1.69144149894711,1,1.55048962531266,-2.0365179608532,0.748481239898776
0.576502840575381,6.87836176642635,7,8.02081848429903,0.453420430797358,6.61092688384367
-0.48347727934103,4.43702344634158,4,5.33003026483575,-0.359552694361426,4.74042166320157
-0.240234785214013,5.00519220094997,5,6.02401699043493,0.00293753055024909,5.58297967392514
0.176772552658878,5.97909952316537,6,7.10442174224184,0.974614467644981,7.69688841553267
-0.737699706251775,3.84452513434956,3,4.54679858818687,-0.934738847089897,3.38651807693113
-0.0454438053825861,5.46186452004503,6,6.54497597735395,0.492452635858645,6.69733971855845
1.19962730879912,8.10135956640896,9,9.21676832335113,1.99853770101639,9.14223588621855
-0.109794222448249,5.31108520439177,5,6.37611693188952,-0.16041762960895,5.20316966122164
1.71954729863576,8.85137646012049,10,10,2.34982948274032,9.41578738559701
-0.00932369848087768,5.54637233454871,5,6.63838962161938,-0.360740978797007,4.73766613663531
-0.495052079039003,4.41008995611005,4,5.29571218008262,-0.633391794753685,4.10572213449038
0.490935522363066,6.69082126841918,7,7.83433946067148,0.434032987709471,6.56778964126521
0.481509261633539,6.66996267405657,7,7.81347266086573,1.42460577250476,8.46033500627392
-1.60949966852091,1.6607494033029,1,1.50766321368233,-1.78455382773658,1.21804151285808
-0.543824384886492,4.29665459464973,4,5.14974387242749,-0.564496304880332,4.2657407085037
0.847468130331882,7.44580689485297,8,8.57609555597118,0.4572918809683,6.61952417959561
0.0411844535449099,5.66432177658739,6,6.76738599381196,0.255936145165314,6.16588891157702
-0.501983114713049,4.39396502342342,4,5.27510339853919,-0.2713358678874,4.94520591016032
0.269324468589008,6.19181932480786,6,7.32683175869985,0.12386179891074,5.86283319057669
0.595872448722802,6.92033185932411,7,8.0622940656482,1.00856470370605,7.76107185628264
-0.543824384886492,4.29665459464973,4,5.14974387242749,-0.162631146205332,5.19801898192889
-0.956115343428202,3.32253887925511,3,3.82236705115342,-1.28271683428795,2.48416903293479
0.286189027990291,6.23034729640166,6,7.36669443197169,0.761845447205864,7.273984986728
-0.00932369848087768,5.54637233454871,5,6.63838962161938,-0.00827122427569328,5.55696194127676
0.185241657813729,5.998647458439,6,7.12503052378526,-0.905643393686665,3.45816248357491
0.48325676557656,6.67383239365549,8,7.81734593418459,0.55893784358861,6.84307279936052
-0.724104702482216,3.87641834608323,4,4.59029810753961,-1.00176591342515,3.21911271935827
1.22003050865431,8.1359089809732,9,9.25108640810426,0.930679759830215,7.61240351762073
0.0569435325023238,5.7010592708761,6,6.80724866708381,0.160121489623778,5.94635820405105
1.23237061703657,8.15660858681269,9,9.27169518964769,1.86198948476835,9.0085935238196
0.295004431090761,6.25045515690401,7,7.38744997964848,-0.264542073012641,4.96099376907612
-0.0607433417453693,5.4260379571232,6,6.5051133040821,-0.186527312252375,5.14241764765136
-0.525509648912078,4.33924405088349,5,5.20481750485741,-0.563548150916404,4.26793879597722
0.567673771859341,6.85916913508252,7,8.00182261083293,1.61810758541683,8.72644302422522
-1.19084344088244,2.73260034221067,2,2.99630896287422,-1.4397234741664,2.06396960873805
0.858060207010219,7.46701297743401,8,8.5967043375146,1.31692707095645,8.29568489496556
0.840577607581379,7.43196756588932,8,8.56264427102379,0.293210970554855,6.25074434858559
-1.19084344088244,2.73260034221067,2,2.99630896287422,-0.902013451215311,3.46705912953811
0.154961527267157,5.92868739763336,6,7.0511077840226,-0.242651008518368,5.01187972365515
0.294942012423609,6.25031285768962,6,7.38730321351512,-0.28628445245317,4.91047532473291
0.318448688143961,6.3038224831599,7,7.44237684594504,0.91046215498771,7.57300198507881
-0.982081107070795,3.25888071766916,3,3.73314369112807,-1.00964297618731,3.19921719544701
0.802895791564057,7.35568466505492,8,8.48846351299881,0.905961710316303,7.56418730014448
0.269324468589008,6.19181932480786,6,7.32683175869985,0.524169003545352,6.76710099852945
0.185241657813729,5.998647458439,6,7.12503052378526,1.18034970080409,8.07008784954555
0.927697007815168,7.60432165893067,8,8.73012742118524,1.02305005817328,7.78815624471581
-2.14742984530952,0.639887316922247,0,0,-1.89147791702543,0.999902039666495
0.576502840575381,6.87836176642635,7,8.02081848429903,0.459998606533777,6.62553161389829
0.0358829475425118,5.6519555648465,6,6.75393470886457,0.123530055927231,5.86206804021848
-0.737699706251775,3.84452513434956,3,4.54679858818687,-0.886062033286004,3.50604800059689
-1.19084344088244,2.73260034221067,2,2.99630896287422,-1.39558701993616,2.18149702618973
0.551789325196849,6.82454451464214,7,7.96750452607979,0.512679637776111,6.74187880115012
0.927697007815168,7.60432165893067,8,8.73012742118524,0.578283614881661,6.8851032257566
-0.022637311617515,5.51523665525912,5,6.60407153686625,-0.197853303782476,5.11606763301525
-0.04597301132529,5.46062557093049,5,6.54360008205097,-0.120644142207623,5.29571894569083
1.71954729863576,8.85137646012049,10,10,1.49936214413228,8.5676744441892
0.24059527082913,6.12601179724162,6,7.2584536074559,0.543190694879722,6.80873187026467
0.909605301325165,7.56900870781654,8,8.69580933643211,0.594409417505518,6.92000025618588
-1.93274821747983,0.971746815267821,1,0.520958986919015,-1.36948487452033,2.2513496288469
-2.14742984530952,0.639887316922247,0,0,-3.0345589266048,0.0899568841648374
-1.41259874358695,2.15653517220487,2,2.1961053507628,-0.642326284541836,4.08491311930633
-1.02650027560836,3.14904138124919,3,3.579111825914,-1.62678928015951,1.58352980804498
-0.48347727934103,4.43702344634158,4,5.33003026483575,-1.38204277068006,2.21771904993425
-0.301069155226353,4.86269921030198,4,5.8551579449705,-0.31048272891554,4.85427908707027
0.967110172222574,7.68034396310388,8,8.8040501609479,0.594333303351857,6.91983584204558
0.586231973997287,6.89946639054063,7,8.04168528410478,-0.0402404311224499,5.48270455899681
0.568312389960335,6.86055864119243,8,8.0031985061359,0.0156216746090758,5.61240936700429
-1.60949966852091,1.6607494033029,1,1.50766321368233,-1.55141111057015,1.77255693821569
0.46618498524514,6.63597419392793,7,7.77941259437492,1.18642102229394,8.08050522122338
1.23237061703657,8.15660858681269,9,9.27169518964769,0.63033019599805,6.99726427640376
-0.960581021984919,3.31161907071143,3,3.80706643089073,-0.586167967234553,4.21547491899323
0.851141962366517,7.45317149009533,8,8.58325305256722,1.28231918369997,8.24027159772342
-0.109794222448249,5.31108520439177,5,6.37611693188952,0.221036928143436,6.08614689795158
-0.737699706251775,3.84452513434956,3,4.54679858818687,-0.687239684681609,3.98002197219364
1.26460638485041,8.20997764087302,9,9.32500914786692,1.17005706592984,8.05234640530383
0.927697007815168,7.60432165893067,8,8.73012742118524,1.31685416183334,8.29556942151583
0.499541941114457,6.70983284506618,7,7.85333533413758,-0.557981627460106,4.28084196319257
0.499541941114457,6.70983284506618,7,7.85333533413758,0.526594877908482,6.77241914188455
1.26460638485041,8.20997764087302,9,9.32500914786692,1.46067699205708,8.51284290439662
-0.48347727934103,4.43702344634158,4,5.33003026483575,-0.277745872771396,4.93031195668548
0.878670265402023,7.50803734403149,8,8.63656701078645,1.92718953545655,9.07448225694632
-0.812327905150029,3.66846399626542,3,4.30466831965785,-1.14391928334597,2.85305644886324
-1.59684062980767,1.69144149894711,1,1.55048962531266,-1.22875813213163,2.62849713234505
0.46618498524514,6.63597419392793,7,7.77941259437492,0.307778770813135,6.28381225009662
0.602181874834474,6.93396212896296,7,8.07574535059559,0.102947838497287,5.81456397036174
-0.737699706251775,3.84452513434956,3,4.54679858818687,-0.278337546126125,4.92893727688748
-0.220209729518988,5.05213605127956,5,6.07894385673149,-0.352256991929241,4.75734144938481
0.840577607581379,7.43196756588932,8,8.56264427102379,1.22952157988927,8.15343011093688
-0.48347727934103,4.43702344634158,4,5.33003026483575,-0.49176036238371,4.43420358585377
1.71954729863576,8.85137646012049,10,10,1.60594771230066,8.7108420787249
0.499541941114457,6.70983284506618,7,7.85333533413758,0.405198455240736,6.50338396722881
0.199392061803599,6.03127375918886,6,7.1593486085384,-0.351183272918042,4.75983180645639
-2.14742984530952,0.639887316922247,0,0,-1.81777374779527,1.14745518875156
-0.48347727934103,4.43702344634158,4,5.33003026483575,-0.387980018962889,4.67452177258312
-0.00932369848087768,5.54637233454871,5,6.63838962161938,0.591676957895071,6.9140960707789
0.967110172222574,7.68034396310388,8,8.8040501609479,0.790614122768768,7.33308580186584
-0.302557264857484,4.85921636135327,5,5.85098925175476,-0.38824348753112,4.67391119694941
-1.19084344088244,2.73260034221067,2,2.99630896287422,-0.860778767399512,3.56750120516027
-1.60949966852091,1.6607494033029,1,1.50766321368233,-1.80576183744334,1.17269551569571
-0.109794222448249,5.31108520439177,5,6.37611693188952,-0.0935865241601823,5.35866829846332
0.254874476951082,6.15874672244797,6,7.29251367394671,0.231328063307382,6.10968930456276
-0.302557264857484,4.85921636135327,5,5.85098925175476,-1.12608288029865,2.89975871604539
-1.60949966852091,1.6607494033029,1,1.50766321368233,-1.49960021588199,1.90639492780466
0.967110172222574,7.68034396310388,8,8.8040501609479,1.78491104115915,8.92562758936318
0.286189027990291,6.23034729640166,6,7.36669443197169,0.294227660332651,6.25305396317869
-0.0242510579157772,5.51146158276458,6,6.59990284365051,-0.607361184736847,4.16626332037811
-1.61514499008094,1.64713119736915,1,1.48864574919188,-1.61531485961644,1.61179852081312
0.909605301325165,7.56900870781654,8,8.69580933643211,0.871185039433982,7.49554522180088
-1.17361913416288,2.77691302702518,2,3.05815283899499,-1.13034243115884,2.88862396172975
0.858060207010219,7.46701297743401,8,8.5967043375146,1.07804403056473,7.88930067605476
-0.109794222448249,5.31108520439177,5,6.37611693188952,-0.312384995400475,4.84986274580482
1.71954729863576,8.85137646012049,10,10,1.07931485297204,7.89160592534879
-0.240234785214013,5.00519220094997,5,6.02401699043493,-0.0287040923079215,5.50950883926677
0.840577607581379,7.43196756588932,8,8.56264427102379,0.431194357572136,6.56146216872176
0.223961012697368,6.08781364196072,6,7.21859093418405,-0.391461614715594,4.66645361715659
1.71954729863576,8.85137646012049,10,10,2.44710213658363,9.47593985240537
0.586231973997287,6.89946639054063,7,8.04168528410478,1.0713168167104,7.87707324558339
0.176772552658878,5.97909952316537,6,7.10442174224184,0.678980875092283,7.10081118520556
-0.262146148024906,4.95384580301628,5,5.96354553561966,0.0683312789676291,5.73453616442191
-0.301069155226353,4.86269921030198,4,5.8551579449705,-0.283006429210745,4.91809031787043
-0.392084444677726,4.64998430803044,5,5.5967585285595,-0.71032620132532,3.92588307137547
-0.629624975222403,4.09705768556357,4,4.88747118269764,-0.0520327726661365,5.45529736009316
-0.519844456469949,4.35241932222546,4,5.22178944031996,-0.398469314738287,4.65021592517955
-0.314782984019555,4.8306083908376,5,5.81667116700163,-0.756529849944336,3.81696118450738
0.851141962366517,7.45317149009533,8,8.58325305256722,0.958348385519283,7.6657939281117
0.820262271709285,7.39096606457045,8,8.52278159775194,0.881791795347189,7.5165787866075
0.154961527267157,5.92868739763336,6,7.0511077840226,0.214666807716386,6.07156309769054
1.71954729863576,8.85137646012049,10,10,1.46172557932683,8.51434936496924
-0.495052079039003,4.41008995611005,4,5.29571218008262,-0.614195045620919,4.15038067280987
1.25643008151849,8.19653788245115,9,9.31155786291953,1.46852512815446,8.52409064706567
-1.17361913416288,2.77691302702518,2,3.05815283899499,-1.39150102178972,2.1924182343892
-0.022637311617515,5.51523665525912,5,6.60407153686625,0.537541457278689,6.79638472286165
-0.220209729518988,5.05213605127956,5,6.07894385673149,-0.672996416710789,4.01334256629207
-0.00932369848087768,5.54637233454871,5,6.63838962161938,-0.849522602653954,3.59472967726552
-0.04597301132529,5.46062557093049,5,6.54360008205097,0.365680723939594,6.41466360407496
-0.242249702268983,5.00046958860074,5,6.01847240191622,-0.488207357181293,4.44242818493045
0.595872448722802,6.92033185932411,7,8.0622940656482,1.13540380610465,7.9918716899955
0.490935522363066,6.69082126841918,7,7.83433946067148,1.05074548471461,7.83942983635808
-0.737699706251775,3.84452513434956,3,4.54679858818687,-1.01082640777704,3.19622407239186
0.249227859934755,6.14580813560251,6,7.27906238899933,-0.041869223910166,5.47891946348359
-0.00932369848087768,5.54637233454871,5,6.63838962161938,-0.128239186016981,5.27804675306194
0.263653123264626,6.17884553762695,6,7.31338047375246,0.418784627011843,6.53376654369512
0.576502840575381,6.87836176642635,7,8.02081848429903,0.408205451308719,6.51011390970112
0.286189027990291,6.23034729640166,6,7.36669443197169,0.0518338886848919,5.69634435817545
0.475448155678996,6.65653097420804,7,7.80002137591834,-0.186980591155113,5.14136304217629
1.71954729863576,8.85137646012049,10,10,2.71507833040712,9.61295335912628
0.542290823845633,6.80378265309963,7,7.94689574453637,0.997594422055018,7.74043952943116
1.71954729863576,8.85137646012049,10,10,1.89735666636726,9.04481361705636
-0.301069155226353,4.86269921030198,4,5.8551579449705,-0.402014906027332,4.64200122991398
1.22003050865431,8.1359089809732,9,9.25108640810426,1.45473752784819,8.50428866510301
0.271665027196098,6.19717108404936,6,7.33237634721856,0.753122375218567,7.25595702695807
0.223961012697368,6.08781364196072,6,7.21859093418405,-0.107774318327721,5.32566248080308
1.71954729863576,8.85137646012049,10,10,2.18997656982444,9.30296570766506
0.160451253069382,5.94138502733454,6,7.06455906896999,-0.537466189460468,4.32837615910342
0.792520569254532,7.33450676775282,8,8.46785473145539,0.0817272680381253,5.76552402420859
-0.737699706251775,3.84452513434956,3,4.54679858818687,-0.864369475942665,3.55879871368315
-0.0322178928507181,5.49282126026852,6,6.57929406210708,-0.376919117340505,4.7001580155216
0.592520695726839,6.91308278994091,7,8.05513656905216,0.74822618851895,7.24581655230453
0.909605301325165,7.56900870781654,8,8.69580933643211,1.17168463055275,8.05515860995443
0.176772552658878,5.97909952316537,6,7.10442174224184,0.163401562887319,5.95390302547227
-1.19084344088244,2.73260034221067,2,2.99630896287422,-1.14932539456293,2.83886228130932
-0.00932369848087768,5.54637233454871,5,6.63838962161938,-0.540267069022874,4.32188818571161
-0.00932369848087768,5.54637233454871,5,6.63838962161938,-0.305451064377869,4.86596165798652
-1.17361913416288,2.77691302702518,2,3.05815283899499,-1.93992995127926,0.91004604625543
0.602181874834474,6.93396212896296,7,8.07574535059559,-0.285900624894678,4.91136694481356
-0.301069155226353,4.86269921030198,4,5.8551579449705,-0.515255079677673,4.37981226972683
0.286189027990291,6.23034729640166,6,7.36669443197169,-0.482639506676601,4.45531665214118
-1.04419951987609,3.10493962588865,3,3.51726794979323,-0.489649397761747,4.43909012005391
-1.17361913416288,2.77691302702518,2,3.05815283899499,-1.16622566123515,2.79437792579638
-0.737699706251775,3.84452513434956,3,4.54679858818687,-0.149356609720164,5.22890809425898
-0.0306078615600133,5.49658875259346,5,6.58346275532282,-0.724789065229131,3.89187564464545
-0.501983114713049,4.39396502342342,4,5.27510339853919,-0.35147490617877,4.75915539323433
-1.59684062980767,1.69144149894711,1,1.55048962531266,-1.74442313353889,1.30648337695916
-1.60949966852091,1.6607494033029,1,1.50766321368233,-1.48474944643668,1.94522537573046
1.71954729863576,8.85137646012049,10,10,2.07476425768958,9.20979889768031
1.71954729863576,8.85137646012049,10,10,1.08245817595484,7.89730155340162
-0.00932369848087768,5.54637233454871,5,6.63838962161938,0.160403688809912,5.94700739250089
-0.00932369848087768,5.54637233454871,5,6.63838962161938,0.0748447748476264,5.74960610960291
0.269324468589008,6.19181932480786,6,7.32683175869985,0.0677896320998128,5.73328274986354
0.802895791564057,7.35568466505492,8,8.48846351299881,0.989733812426011,7.72559251465213
0.567673771859341,6.85916913508252,7,8.00182261083293,0.903368488113841,7.55910096067971
-0.48347727934103,4.43702344634158,4,5.33003026483575,-0.196744935306118,5.11864614256657
0.46618498524514,6.63597419392793,7,7.77941259437492,-0.582909278987522,4.2230365078239
0.878670265402023,7.50803734403149,8,8.63656701078645,-0.0809157061571511,5.38814017530694
0.840577607581379,7.43196756588932,8,8.56264427102379,0.926603022085531,7.6044846255854
0.185241657813729,5.998647458439,6,7.12503052378526,0.197564845039248,6.0323685375276
-0.9781779964681,3.26847523523986,3,3.74659497607546,-1.50262731740396,1.89850324024575
1.23237061703657,8.15660858681269,9,9.27169518964769,1.17654252071273,8.06353725890023
0.792520569254532,7.33450676775282,8,8.46785473145539,0.797495312120056,7.34713964706244
-0.48347727934103,4.43702344634158,4,5.33003026483575,-0.0262458041940035,5.51521948831959
-0.0306078615600133,5.49658875259346,5,6.58346275532282,-0.537503948669514,4.32828869650021
0.620960188832158,6.97440675994234,7,8.11560802386744,1.77027593059861,8.90923884861524
0.967110172222574,7.68034396310388,8,8.8040501609479,1.85713924107309,9.00353665691431
0.858060207010219,7.46701297743401,8,8.5967043375146,1.29799853445679,8.26552608006385
-0.227736973686993,5.03448854093441,5,6.05833507518806,-0.136055644565718,5.25985873400321
0.448346006632604,6.59628878248262,7,7.73954992110307,0.394169628572581,6.47867443602514
1.22003050865431,8.1359089809732,9,9.25108640810426,2.30494443987712,9.38592914761261
0.160451253069382,5.94138502733454,6,7.06455906896999,0.720007672455205,7.18707760883609
-0.00932369848087768,5.54637233454871,5,6.63838962161938,0.0260263928522636,5.6365394855166
-0.515347334040122,4.36287868933125,4,5.23524072526734,-0.221120874152404,5.06194527458104
0.481509261633539,6.66996267405657,7,7.81347266086573,0.388945598058243,6.46695622037958
0.840577607581379,7.43196756588932,8,8.56264427102379,0.737633460847305,7.22382562757581
-1.60949966852091,1.6607494033029,1,1.50766321368233,-1.18059874352357,2.75641938557028
-1.59684062980767,1.69144149894711,1,1.55048962531266,-1.41985730683099,2.11675797340935
-0.737699706251775,3.84452513434956,3,4.54679858818687,-0.864609921175665,3.55821567618864
-0.737699706251775,3.84452513434956,3,4.54679858818687,-1.00123284349363,3.2204574230411
0.263653123264626,6.17884553762695,6,7.31338047375246,0.197226351029354,6.03159217976483
0.286189027990291,6.23034729640166,6,7.36669443197169,0.334675880274466,6.3447161118206
-0.495052079039003,4.41008995611005,4,5.29571218008262,-0.159831995932252,5.20453238964155
-1.17361913416288,2.77691302702518,2,3.05815283899499,-1.11769529826899,2.92164992664467
-2.14742984530952,0.639887316922247,0,0,-2.21370444916725,0.512333662972517
0.294942012423609,6.25031285768962,6,7.38730321351512,0.305675973601543,6.27904250160324
-0.00932369848087768,5.54637233454871,5,6.63838962161938,0.0753771882565044,5.7508376954016
0.542290823845633,6.80378265309963,7,7.94689574453637,1.06681842272589,7.86887411413405
0.967110172222574,7.68034396310388,8,8.8040501609479,1.14496902668298,8.00867806623282
-0.0306078615600133,5.49658875259346,5,6.58346275532282,0.819978389701508,7.3928302291914
0.247479866991626,6.14180114776805,7,7.27489369578359,0.00532712211379173,5.58852505689445
0.567673771859341,6.85916913508252,7,8.00182261083293,0.639152937155561,7.01613862922017
-0.519844456469949,4.35241932222546,4,5.22178944031996,-0.168048885784755,5.18541247692249
-0.109794222448249,5.31108520439177,5,6.37611693188952,0.266955236554868,6.19100892544372
-0.737699706251775,3.84452513434956,3,4.54679858818687,-0.641876725858133,4.08596056842164
1.23237061703657,8.15660858681269,9,9.27169518964769,1.55953355848443,8.6499186697592
-0.737699706251775,3.84452513434956,3,4.54679858818687,-0.385732600631799,4.67973019501194
0.586231973997287,6.89946639054063,7,8.04168528410478,1.61864367065957,8.72712738559082
0.586231973997287,6.89946639054063,7,8.04168528410478,1.1252791818447,7.97398869714274
0.792520569254532,7.33450676775282,8,8.46785473145539,1.36105354217904,8.36458542553195
0.602181874834474,6.93396212896296,7,8.07574535059559,0.992614370305413,7.73103937052071
1.25643008151849,8.19653788245115,9,9.31155786291953,0.723935613059819,7.1952836664559
-0.519844456469949,4.35241932222546,4,5.22178944031996,-0.537257577484997,4.328859370787
-0.737699706251775,3.84452513434956,3,4.54679858818687,0.114475387189442,5.8411774175997
-1.17361913416288,2.77691302702518,2,3.05815283899499,-0.923312720199041,3.41472534725302
-1.17361913416288,2.77691302702518,2,3.05815283899499,-1.56967257407433,1.72608187361544
0.938623422359679,7.62552296521382,8,8.75073620272867,0.720471591290182,7.18804729916944
0.602181874834474,6.93396212896296,7,8.07574535059559,0.399392454197023,6.4903809676301
-0.109794222448249,5.31108520439177,5,6.37611693188952,0.624913585731178,6.98565612542465
0.246227186021216,6.13892910252213,6,7.27190489240329,-0.0780242332213367,5.3948648667621
-0.220209729518988,5.05213605127956,5,6.07894385673149,-0.40344710741699,4.63868315814241
0.176772552658878,5.97909952316537,6,7.10442174224184,-0.660996840079786,4.04137156158524
0.592520695726839,6.91308278994091,7,8.05513656905216,0.369059574384769,6.42226883947085
-0.737699706251775,3.84452513434956,3,4.54679858818687,-0.428759900149484,4.58005342872768
0.0358829475425118,5.6519555648465,6,6.75393470886457,0.233833442109601,6.11541724251628
-0.570895732955109,4.23370483959362,4,5.06775757510589,-0.477734885132579,4.46666982225979
-0.76004308595243,3.79200039183799,4,4.47489978642777,-1.1812516621676,2.75469244265567
0.286189027990291,6.23034729640166,6,7.36669443197169,0.88719569212787,7.52726206365068
-2.14742984530952,0.639887316922247,0,0,-2.7121738244412,0.171471533702362
-0.301069155226353,4.86269921030198,4,5.8551579449705,-1.12940603803477,2.8910727572933
0.829923817547013,7.41050231725914,8,8.54177747121804,0.0232595196617536,5.63012368373465
0.878670265402023,7.50803734403149,8,8.63656701078645,0.0216151523331745,5.62631039270973
-0.950557257542345,3.3361136931132,3,3.84138451564386,-1.1253581983783,2.9016519176195
-0.972121455932585,3.2833452378587,3,3.76744018485686,-1.44674115902499,2.04537410190238
-0.737699706251775,3.84452513434956,3,4.54679858818687,-0.445721137360594,4.54078017793992
0.246227186021216,6.13892910252213,6,7.27190489240329,-0.148657821915203,5.23053414591031
0.481509261633539,6.66996267405657,7,7.81347266086573,0.0756672899436467,5.75150874756143
-0.220209729518988,5.05213605127956,5,6.07894385673149,-0.577854884944602,4.23476247364008
1.71954729863576,8.85137646012049,10,10,2.38081359360853,9.43561007645792
0.515152259501793,6.74423432648333,7,7.88765341889071,0.775310855713061,7.30171619315759
-0.301069155226353,4.86269921030198,4,5.8551579449705,-0.567245401967485,4.25936705915606
-0.267000990320176,4.942472342014,5,5.95009425067227,0.285771216040813,6.23383539441445
-1.17361913416288,2.77691302702518,2,3.05815283899499,-1.14441347541962,2.8517596462593
-0.737699706251775,3.84452513434956,3,4.54679858818687,-0.801423444177744,3.710241454162
-1.3957567346532,2.20018325945938,2,2.25657680557807,-0.910133463824951,3.44714512231895
1.22003050865431,8.1359089809732,9,9.25108640810426,1.21942276051085,8.13650583536985
0.269324468589008,6.19181932480786,6,7.32683175869985,0.318931572212872,6.30909008747675
-0.022637311617515,5.51523665525912,5,6.60407153686625,0.474136913891126,6.65686512541655
-0.519844456469949,4.35241932222546,4,5.22178944031996,-0.065559423203551,5.4238504614885
-1.61514499008094,1.64713119736915,1,1.48864574919188,-1.01905581250886,3.17538098636882
-0.742988162460586,3.83210570020311,4,4.52982665272433,-0.959242680484301,3.32570615848475
-0.495052079039003,4.41008995611005,4,5.29571218008262,-0.319749193592578,4.8327677528231
-0.04597301132529,5.46062557093049,5,6.54360008205097,-0.0234990162078203,5.52159984914859
-0.04597301132529,5.46062557093049,5,6.54360008205097,0.383129626614435,6.45389976172627
0.586231973997287,6.89946639054063,7,8.04168528410478,1.43950676441845,8.48218755836277
0.592520695726839,6.91308278994091,7,8.05513656905216,0.123530055927231,5.86206804021848
-0.04597301132529,5.46062557093049,5,6.54360008205097,-0.318895236869225,4.8347499442286
0.244480774273897,6.13492440644527,7,7.26773619918755,0.765233448971568,7.28097360669817
-0.301069155226353,4.86269921030198,4,5.8551579449705,0.0887565952418738,5.78177523588219
0.269324468589008,6.19181932480786,6,7.32683175869985,0.169797863013433,5.96861030677923
0.567673771859341,6.85916913508252,7,8.00182261083293,-0.18197710806977,5.15300441708827
-2.14742984530952,0.639887316922247,0,0,-3.42534373053339,0.0455901812506309
0.472227870890714,6.64938850799629,7,7.7928638793223,1.08295357501944,7.89819838505699
-0.793431761642879,3.71322227190331,3,4.36651219577862,-0.909641644288043,3.44835259216304
0.927697007815168,7.60432165893067,8,8.73012742118524,0.91046215498771,7.57300198507881
-0.982081107070795,3.25888071766916,3,3.73314369112807,-0.530519524184732,4.34446557149815
-0.267000990320176,4.942472342014,5,5.95009425067227,-0.132726747673597,5.26760476566378
0.475448155678996,6.65653097420804,7,7.80002137591834,1.06366078307858,7.86310786039622
0.294942012423609,6.25031285768962,6,7.38730321351512,0.41085971795394,6.51605185734941
0.199392061803599,6.03127375918886,6,7.1593486085384,0.808441568009729,7.36942879122078
-0.519844456469949,4.35241932222546,4,5.22178944031996,-1.05473488628743,3.08442375054858
0.176772552658878,5.97909952316537,6,7.10442174224184,0.179454485788662,5.99080015684363
0.176772552658878,5.97909952316537,6,7.10442174224184,-0.741829274160246,3.85170794231442
1.25643008151849,8.19653788245115,9,9.31155786291953,1.43983746458781,8.4826699560196
0.823078699460506,7.39666790310474,8,8.52832618627066,0.673949475245714,7.09016377526521
1.19962730879912,8.10135956640896,9,9.21676832335113,1.17461717598366,8.06021922889687
1.19962730879912,8.10135956640896,9,9.21676832335113,1.40260251926414,8.42765125994896
-0.812327905150029,3.66846399626542,3,4.30466831965785,-0.966152614092549,3.30847738367205
0.576502840575381,6.87836176642635,7,8.02081848429903,-0.0705242127303338,5.41230614142875
0.490935522363066,6.69082126841918,7,7.83433946067148,0.99374503975836,7.73317543160376
-2.14742984530952,0.639887316922247,0,0,-1.8605890111776,1.06017864132051
0.858060207010219,7.46701297743401,8,8.5967043375146,0.0238635283800026,5.63152431659087
-0.301069155226353,4.86269921030198,4,5.8551579449705,-1.68646289205281,1.43990125927435
1.25643008151849,8.19653788245115,9,9.31155786291953,0.758987528003217,7.26808397015717
0.858060207010219,7.46701297743401,8,8.5967043375146,0.657710375210215,7.05570077094182
-1.2408760681242,2.60322177289339,2,2.81602257046596,-1.2759720178089,2.5022496795959
1.71954729863576,8.85137646012049,10,10,1.09531194481548,7.92049849916834
-0.301069155226353,4.86269921030198,4,5.8551579449705,-0.191146281296246,5.13167126425618
0.0569435325023238,5.7010592708761,6,6.80724866708381,-0.503578702514369,4.40684503575049
-0.242249702268983,5.00046958860074,5,6.01847240191622,0.35909324630602,6.39982618879821
0.567673771859341,6.85916913508252,7,8.00182261083293,0.485807092430566,6.68266974800129
-0.242249702268983,5.00046958860074,5,6.01847240191622,-1.07892646094736,3.02221409951864
-0.737699706251775,3.84452513434956,3,4.54679858818687,-0.638455922395159,4.09392946969948
-1.17361913416288,2.77691302702518,2,3.05815283899499,-1.41999028673127,2.1164039575185
-1.85804662514878,1.11215368442787,1,0.728304810352315,-2.01761865241332,0.778238529748158
-0.109794222448249,5.31108520439177,5,6.37611693188952,-0.806151343098957,3.69894418306303
-1.19084344088244,2.73260034221067,2,2.99630896287422,-1.1056929769293,2.95289406799149
-0.109794222448249,5.31108520439177,5,6.37611693188952,0.393641425153927,6.4774900099353
-0.501983114713049,4.39396502342342,4,5.27510339853919,0.205779567073542,6.05120255263474
1.23237061703657,8.15660858681269,9,9.27169518964769,0.826068492758236,7.40514566346365
0.570248117263869,6.86476918606246,7,8.00736719935164,0.382897693151841,6.45337886087163
-0.956115343428202,3.32253887925511,3,3.82236705115342,-0.410922783187767,4.62136524344885
1.22003050865431,8.1359089809732,9,9.25108640810426,0.90191876478313,7.5562551935064
0.249227859934755,6.14580813560251,6,7.27906238899933,-0.209762656616499,5.08836358861001
-0.737699706251775,3.84452513434956,3,4.54679858818687,-0.318535373186148,4.83558526648638
-1.17361913416288,2.77691302702518,2,3.05815283899499,-1.67801600430453,1.45986643851705
0.515152259501793,6.74423432648333,7,7.88765341889071,0.459114637419475,6.62356999716803
-0.301069155226353,4.86269921030198,4,5.8551579449705,-0.747557400927891,3.83817951269609
-0.301069155226353,4.86269921030198,4,5.8551579449705,-0.548138085199434,4.303653088675
-0.262146148024906,4.95384580301628,5,5.96354553561966,-0.118404837302061,5.30092922306096
-0.515347334040122,4.36287868933125,4,5.23524072526734,0.349170268161771,6.37745121952402
-0.242249702268983,5.00046958860074,5,6.01847240191622,0.675039837564857,7.09247242176974
0.185241657813729,5.998647458439,6,7.12503052378526,0.468503210284505,6.64438890371819
-0.00926665063717429,5.54650571228798,6,6.63853638775274,0.107362922318435,5.82475926049303
-0.00932369848087768,5.54637233454871,5,6.63838962161938,-0.332170161569268,4.80394098876765
-0.00932369848087768,5.54637233454871,5,6.63838962161938,0.835334439202917,7.42383261301899
-0.022637311617515,5.51523665525912,5,6.60407153686625,-0.237252996688976,5.02443050347216
-1.17361913416288,2.77691302702518,2,3.05815283899499,-1.53291088857164,1.82002993587774
-0.302557264857484,4.85921636135327,5,5.85098925175476,-0.561530685117581,4.2726155803495
0.620960188832158,6.97440675994234,7,8.11560802386744,-0.202642944260291,5.10492533814927
-0.737699706251775,3.84452513434956,3,4.54679858818687,-0.515423366944152,4.37942262810144
0.840577607581379,7.43196756588932,8,8.56264427102379,1.85611502111288,9.00246602081209
-0.984554133058544,3.25279686680389,3,3.72461377322653,-0.872318634561892,3.53950385197883
1.36041191794248,8.36249140310666,9,9.47904101308099,1.25715986594594,8.19923452322164
-0.515347334040122,4.36287868933125,4,5.23524072526734,-0.615713055155662,4.14685161727948
-0.960581021984919,3.31161907071143,3,3.80706643089073,-1.13528370053548,2.87569261767186
0.802895791564057,7.35568466505492,8,8.48846351299881,-0.272012289844235,4.94363411716867
-0.575553180767877,4.22287383653347,4,5.05358191155359,-0.694539730164647,3.96292129159876
0.927697007815168,7.60432165893067,8,8.73012742118524,0.312296877180305,6.29405660543279
1.23237061703657,8.15660858681269,9,9.27169518964769,1.72898628972989,8.86188831775542
-0.022637311617515,5.51523665525912,5,6.60407153686625,0.670174390785849,7.08216547889421
0.823078699460506,7.39666790310474,8,8.52832618627066,0.31792804960258,6.3068169889797
-0.336218194860719,4.7804762185194,5,5.75619971218636,-0.450803320638975,4.52901403012439
0.160451253069382,5.94138502733454,6,7.06455906896999,0.0148986807732641,5.61073226179453
-0.0454438053825861,5.46186452004503,6,6.54497597735395,-0.630384694401258,4.11272224869195
-1.41259874358695,2.15653517220487,2,2.1961053507628,-1.41850494879682,2.12035865886143
0.269905125480396,6.19314715209149,7,7.32820765400282,0.151322215981505,5.92610890248569
0.576502840575381,6.87836176642635,7,8.02081848429903,0.349427475658982,6.3780315587741
-0.0511424732550938,5.44852201327419,5,6.53014879710359,0.267428784972836,6.19208781671582
-1.19084344088244,2.73260034221067,2,2.99630896287422,-0.834698161954391,3.63047233124191
0.160451253069382,5.94138502733454,6,7.06455906896999,0.56950950166475,6.86606266392291
-1.38957868490234,2.21621844494459,2,2.27879443566497,-1.46801482425674,1.98919334179356
0.0195875068828541,5.61392321592152,6,6.7124591275154,0.622958194148433,6.98146180116564
-0.0306078615600133,5.49658875259346,5,6.58346275532282,-0.419498509113679,4.60150184702538
-0.48347727934103,4.43702344634158,4,5.33003026483575,-0.0524096270904447,5.45442136811825
0.185241657813729,5.998647458439,6,7.12503052378526,0.477323568661254,6.66391668544912
-0.301069155226353,4.86269921030198,4,5.8551579449705,-0.73228738359495,3.87421423062296
0.823078699460506,7.39666790310474,8,8.52832618627066,0.0422849736425644,5.67422436835799
1.26460638485041,8.20997764087302,9,9.32500914786692,1.23199716266196,8.15756357431199
-2.14742984530952,0.639887316922247,0,0,-2.15149441257018,0.586647908043433
-0.629624975222403,4.09705768556357,4,4.88747118269764,-1.20751229042897,2.68505898048896
0.286189027990291,6.23034729640166,6,7.36669443197169,0.365814824990972,6.41496551065735
-1.04419951987609,3.10493962588865,3,3.51726794979323,-1.06812052179246,3.05005484622153
1.71954729863576,8.85137646012049,10,10,2.64132553496743,9.57908846724589
1.71954729863576,8.85137646012049,10,10,2.50275209219035,9.50770134305388
-0.04597301132529,5.46062557093049,5,6.54360008205097,0.131007441238201,5.87931016443435
0.840577607581379,7.43196756588932,8,8.56264427102379,1.0282496920585,7.79783392300791
0.909605301325165,7.56900870781654,8,8.69580933643211,0.786551462131567,7.32477327771199
0.249227859934755,6.14580813560251,6,7.27906238899933,0.497839190381989,6.70921728577473
0.46618498524514,6.63597419392793,7,7.77941259437492,0.5725263469668,6.87261362374751
1.22003050865431,8.1359089809732,9,9.25108640810426,1.33215536422717,8.31968577411599
-0.0306078615600133,5.49658875259346,5,6.58346275532282,0.172420372073677,5.97463822811916
-0.737699706251775,3.84452513434956,3,4.54679858818687,-0.00543727907933671,5.56354103514589
-0.501983114713049,4.39396502342342,4,5.27510339853919,-0.0268989124254742,5.51370234484167
0.24059527082913,6.12601179724162,6,7.2584536074559,-0.926709001146446,3.40635085276093
0.602181874834474,6.93396212896296,7,8.07574535059559,0.489699212426348,6.691263733994
-0.259560032259945,4.95990481308748,5,5.9707030322157,-0.569363402999709,4.25445608600818
0.263653123264626,6.17884553762695,6,7.31338047375246,0.319364816967384,6.31007135298872
0.286189027990291,6.23034729640166,6,7.36669443197169,0.42761369598905,6.55347655560118
1.71954729863576,8.85137646012049,10,10,1.76814511008981,8.90683556483585
0.574563023464036,6.87414826842048,8,8.01664979108329,1.2565961329071,8.1983078094529
-0.302557264857484,4.85921636135327,5,5.85098925175476,-0.101971012809086,5.3391636281516
0.938623422359679,7.62552296521382,8,8.75073620272867,0.794491095854653,7.34100794021226
0.185241657813729,5.998647458439,6,7.12503052378526,-0.714306113740476,3.91653224809716
-0.301069155226353,4.86269921030198,4,5.8551579449705,-0.830225750245438,3.64123013920299
0.481509261633539,6.66996267405657,7,7.81347266086573,0.717764003500771,7.18238599474871
-0.515347334040122,4.36287868933125,4,5.23524072526734,-0.418999586752469,4.60265738896925
1.26460638485041,8.20997764087302,9,9.32500914786692,1.71962982117531,8.85092809391486
0.959892469497417,7.66651662938738,8,8.79059887600052,1.31642497607017,8.29488956850339
0.246227186021216,6.13892910252213,6,7.27190489240329,0.572565631269625,6.87269889945189
-0.0306078615600133,5.49658875259346,5,6.58346275532282,0.208062859826211,6.05643508498312
0.570248117263869,6.86476918606246,7,8.00736719935164,1.42760216788927,8.46474753500335
1.36041191794248,8.36249140310666,9,9.47904101308099,1.37113238046771,8.38004547998151
0.620960188832158,6.97440675994234,7,8.11560802386744,1.22250647267996,8.14168433408057
-0.267000990320176,4.942472342014,5,5.95009425067227,-0.248160532422855,4.9990708665355
0.448346006632604,6.59628878248262,7,7.73954992110307,0.383165236051222,6.45397973566065
0.602181874834474,6.93396212896296,7,8.07574535059559,0.681898950657196,7.10697972929493
-0.48347727934103,4.43702344634158,4,5.33003026483575,-0.784540253335568,3.75048977406816
0.271665027196098,6.19717108404936,6,7.33237634721856,0.0630730547726188,5.72236672090612
-0.00932369848087768,5.54637233454871,5,6.63838962161938,-0.0730968531315811,5.40632372794093
-0.314782984019555,4.8306083908376,5,5.81667116700163,-0.196828988752368,5.11845059957462
-0.515347334040122,4.36287868933125,4,5.23524072526734,-0.204984022733503,5.09947941637299
-0.109794222448249,5.31108520439177,5,6.37611693188952,-0.0471657664582954,5.46660995857749
0.154961527267157,5.92868739763336,6,7.0511077840226,0.875637200367899,7.50438436574408
-0.04597301132529,5.46062557093049,5,6.54360008205097,0.261695840259475,6.17902276800988
0.602181874834474,6.93396212896296,7,8.07574535059559,0.479372974597651,6.66844957708699
-0.0511424732550938,5.44852201327419,5,6.53014879710359,1.11552708399942,7.95667306743928
0.185241657813729,5.998647458439,6,7.12503052378526,-0.687236137101011,3.98003027864976
1.22003050865431,8.1359089809732,9,9.25108640810426,1.41655269037592,8.44843039141423
0.246227186021216,6.13892910252213,6,7.27190489240329,0.115012175673129,5.84241621987484
0.497027359199891,6.70428140855856,7,7.84779074561886,1.08244721456244,7.89728170722921
0.185241657813729,5.998647458439,6,7.12503052378526,0.60411590711541,6.94094349957771
-1.17361913416288,2.77691302702518,2,3.05815283899499,-1.31787871183411,2.38981567768407
0.524565355246269,6.76492661794119,7,7.90826220043414,0.245787090427162,6.14272721776568
0.851141962366517,7.45317149009533,8,8.58325305256722,1.73140188458754,8.8647040754629
0.927697007815168,7.60432165893067,8,8.73012742118524,0.564119586551385,6.85434794028521
0.847468130331882,7.44580689485297,8,8.57609555597118,1.20906510796314,8.11904407354373
-0.301069155226353,4.86269921030198,4,5.8551579449705,-0.569225519928003,4.25477580641653
0.542290823845633,6.80378265309963,7,7.94689574453637,0.283684908914332,6.22909114600036
-0.570895732955109,4.23370483959362,4,5.06775757510589,-0.848532618224211,3.59712070386419
0.223961012697368,6.08781364196072,6,7.21859093418405,0.141556836306816,5.90362101509065
-0.795505801063537,3.70831611287634,4,4.35974195208777,-0.737908496935286,3.86096017333481
1.23237061703657,8.15660858681269,9,9.27169518964769,1.70053800734565,8.82829772126806
1.22003050865431,8.1359089809732,9,9.25108640810426,1.88269089890454,9.02993313291938
-0.737699706251775,3.84452513434956,3,4.54679858818687,-1.10537229859982,2.95372751282012
-0.220209729518988,5.05213605127956,5,6.07894385673149,-0.567248176994254,4.25936062503095
0.64710564517863,7.03040535577215,8,8.17068165629735,1.10450169929022,7.93699016625367
-0.227736973686993,5.03448854093441,5,6.05833507518806,0.69329461336098,7.13102175592342
0.927697007815168,7.60432165893067,8,8.73012742118524,0.945437074798332,7.64095721165139
-0.302557264857484,4.85921636135327,5,5.85098925175476,-0.786494283113056,3.7458388306603
-0.495052079039003,4.41008995611005,4,5.29571218008262,-1.05587303798966,3.08150657454801
0.858060207010219,7.46701297743401,8,8.5967043375146,1.34186688666615,8.33486928656687
-0.420691046302433,4.58326116208761,5,5.51406944365733,0.318323612784583,6.30771301983394
-1.1789197412052,2.76329023238899,2,3.03913537450454,-1.79603809527906,1.19336363647695
1.25643008151849,8.19653788245115,9,9.31155786291953,1.32421619106978,8.30720231321772
0.847468130331882,7.44580689485297,8,8.57609555597118,0.626060713640879,6.9881157864067
0.840577607581379,7.43196756588932,8,8.56264427102379,1.4626724602105,8.51570874028473
0.246227186021216,6.13892910252213,6,7.27190489240329,1.30988010216326,8.28449912589737
-2.14742984530952,0.639887316922247,0,0,-2.28116402179051,0.441516301164688
0.230138525155161,6.1020073149411,7,7.23341811443441,-0.189192742377028,5.13621627207747
-1.19084344088244,2.73260034221067,2,2.99630896287422,-0.545873215289088,4.3089006223954
1.23237061703657,8.15660858681269,9,9.27169518964769,1.39720516897987,8.41955838088973
0.0330653132883201,5.64538174177679,6,6.74677721226853,-0.163038234430064,5.19707172302741
-1.02650027560836,3.14904138124919,3,3.579111825914,-1.2356404968502,2.61013686125496
-1.45950180201603,2.03564905731787,2,2.02862220060135,-1.53126837559925,1.82426265734594
-1.1789197412052,2.76329023238899,2,3.03913537450454,-1.30625567735534,2.42101688652574
-0.04597301132529,5.46062557093049,5,6.54360008205097,0.975659444688871,7.69887848339327
-0.301069155226353,4.86269921030198,4,5.8551579449705,1.03985764865649,7.81935342774643
-0.00932369848087768,5.54637233454871,5,6.63838962161938,0.526844262872436,6.77296571266349
-0.737699706251775,3.84452513434956,3,4.54679858818687,-0.0789360525809222,5.39274428417178
0.802895791564057,7.35568466505492,8,8.48846351299881,1.03214287152818,7.80506451768182
1.25643008151849,8.19653788245115,9,9.31155786291953,1.58577980627409,8.68463779038118
0.199392061803599,6.03127375918886,6,7.1593486085384,0.197376326160438,6.03193616014887
-0.247132989628093,4.98902475200715,5,6.00502111696883,-0.215453227118995,5.0751272884161
-0.301069155226353,4.86269921030198,4,5.8551579449705,0.223847749759874,6.09257929523825
0.286189027990291,6.23034729640166,6,7.36669443197169,-0.492248013115206,4.43307474912921
0.820262271709285,7.39096606457045,8,8.52278159775194,1.04651524249296,7.83164205225585
0.551789325196849,6.82454451464214,7,7.96750452607979,0.290820784817333,6.24531351477557
0.620960188832158,6.97440675994234,7,8.11560802386744,0.7410317804851,7.23088843173383
0.851141962366517,7.45317149009533,8,8.58325305256722,0.898749750239332,7.55002881705308
-0.022637311617515,5.51523665525912,5,6.60407153686625,-0.599898647308263,4.18359883530419
0.802895791564057,7.35568466505492,8,8.48846351299881,0.243130711247652,6.13666106869408
0.269324468589008,6.19181932480786,6,7.32683175869985,0.229640362377733,6.10583001651794
-1.02650027560836,3.14904138124919,3,3.579111825914,-0.683786513479315,3.98810561818768
-0.301069155226353,4.86269921030198,4,5.8551579449705,-0.497188801430441,4.42163742652366
-0.48347727934103,4.43702344634158,4,5.33003026483575,-0.714542462092177,3.91597677335664
-0.00932369848087768,5.54637233454871,5,6.63838962161938,0.0708895123912385,5.74045564110483
-0.336218194860719,4.7804762185194,5,5.75619971218636,-0.644595753440696,4.07962470791139
0.140317172763959,5.89478625099331,7,7.01511838406961,-0.143801517746239,5.24183456252581
-0.0737624140340306,5.3955393966044,6,6.47105323759129,-0.704997171034355,3.93839518960918
0.959892469497417,7.66651662938738,8,8.79059887600052,0.476890473219891,6.66295854907387
-1.59684062980767,1.69144149894711,1,1.55048962531266,-1.38438240382364,2.21145802785657
0.263653123264626,6.17884553762695,6,7.31338047375246,0.100482839888713,5.80887060753547
0.0411844535449099,5.66432177658739,6,6.76738599381196,0.232167006167039,6.11160749565351
1.19962730879912,8.10135956640896,9,9.21676832335113,0.933629622190717,7.61812519904272
-0.737699706251775,3.84452513434956,3,4.54679858818687,-0.548891099881684,4.30190833104658
0.497027359199891,6.70428140855856,7,7.84779074561886,-0.0308735491871903,5.50446882135486
1.71954729863576,8.85137646012049,10,10,2.30033896159044,9.38278739078543
0.620960188832158,6.97440675994234,7,8.11560802386744,0.25563940414362,6.16521204107349
-1.19084344088244,2.73260034221067,2,2.99630896287422,-1.41851148331663,2.12034125849831
0.269324468589008,6.19181932480786,6,7.32683175869985,0.962401454439382,7.67356234551643
0.967110172222574,7.68034396310388,8,8.8040501609479,1.42769438696712,8.46488319213101
-0.968601206541116,3.29197812044263,3,3.77954063952309,-0.661890140974379,4.03928622817336
-1.17361913416288,2.77691302702518,2,3.05815283899499,-1.97701697037446,0.845222869402315
1.26460638485041,8.20997764087302,9,9.32500914786692,1.17626386154892,8.063057253849
0.490935522363066,6.69082126841918,7,7.83433946067148,-0.237139751970399,5.02469381793232
0.199392061803599,6.03127375918886,6,7.1593486085384,0.67503680158177,7.09246599456341
1.36041191794248,8.36249140310666,9,9.47904101308099,2.14923078137246,9.27120688209197
0.199392061803599,6.03127375918886,6,7.1593486085384,0.622264629765967,6.97997362126166
-0.0511424732550938,5.44852201327419,5,6.53014879710359,0.0242351117575541,5.63238596214653
0.595872448722802,6.92033185932411,7,8.0622940656482,-0.102712415056934,5.33743883081807
1.26460638485041,8.20997764087302,9,9.32500914786692,1.54543067808223,8.63097382779512
-1.2408760681242,2.60322177289339,2,2.81602257046596,-1.55334227793731,1.76762351088425
-1.59684062980767,1.69144149894711,1,1.55048962531266,-2.30761042396217,0.416356504580333
0.64710564517863,7.03040535577215,8,8.17068165629735,-0.123347211315742,5.2894295131905
-1.19084344088244,2.73260034221067,2,2.99630896287422,-1.3056001824113,2.42277629596292
0.160451253069382,5.94138502733454,6,7.06455906896999,0.434186345812957,6.56813140302021
-2.14742984530952,0.639887316922247,0,0,-3.50968548561818,0.0399038839512331
0.199392061803599,6.03127375918886,6,7.1593486085384,0.390839589604842,6.47120573413831
0.263653123264626,6.17884553762695,6,7.31338047375246,0.244950532787205,6.14081701378892
-2.14742984530952,0.639887316922247,0,0,-2.71716996025791,0.169673374934534
-1.60949966852091,1.6607494033029,1,1.50766321368233,-0.934734022441122,3.38653000720771
-0.570895732955109,4.23370483959362,4,5.06775757510589,-0.823307885407797,3.6578475346246
0.620960188832158,6.97440675994234,7,8.11560802386744,0.560431437229375,6.84632405021373
0.595872448722802,6.92033185932411,7,8.0622940656482,0.681399323131389,7.10592391111835
-0.301069155226353,4.86269921030198,4,5.8551579449705,0.0965431571896849,5.79976943444505
0.823078699460506,7.39666790310474,8,8.52832618627066,0.952452932655229,7.65447012542439
-0.134152286408207,5.25396621248445,6,6.31137562672646,-0.0399454188610567,5.4833901111767
1.26460638485041,8.20997764087302,9,9.32500914786692,1.1011112658175,7.9309148460705
-0.960581021984919,3.31161907071143,3,3.80706643089073,-1.14460609972702,2.85125414305876
0.0411844535449099,5.66432177658739,6,6.76738599381196,0.500074716145373,6.71414320517135
0.524565355246269,6.76492661794119,7,7.90826220043414,0.591424325794844,6.91355000703077
-1.17361913416288,2.77691302702518,2,3.05815283899499,-1.50991179787753,1.87954649549848
0.24059527082913,6.12601179724162,6,7.2584536074559,-0.0384266959160308,5.48691925161885
0.472227870890714,6.64938850799629,7,7.7928638793223,0.93765696260002,7.62592550652568
-0.561986301110555,4.2544228061733,4,5.09481700613094,-0.737917537651717,3.86093884616401
-0.0454438053825861,5.46186452004503,6,6.54497597735395,-0.728679175983153,3.88271559854126
-0.793431761642879,3.71322227190331,3,4.36651219577862,-0.456120752512386,4.51670382996926
0.829923817547013,7.41050231725914,8,8.54177747121804,-0.16568156033484,5.1909209628261
1.71954729863576,8.85137646012049,10,10,2.12179691435717,9.2490980318777
-0.737699706251775,3.84452513434956,3,4.54679858818687,-0.471551883018885,4.48098225861673
-0.987592536133599,3.24531710732591,3,3.71412622663762,-1.42781314066024,2.09559321041904
-1.17361913416288,2.77691302702518,2,3.05815283899499,-1.58590124659609,1.68512644893346
0.542290823845633,6.80378265309963,7,7.94689574453637,1.0634584629152,7.86273809230978
0.294942012423609,6.25031285768962,6,7.38730321351512,-0.247638719764037,5.00028395325267
-0.39931934963663,4.63310325842808,5,5.5759133197781,-0.405156083756168,4.63472398363835
0.959892469497417,7.66651662938738,8,8.79059887600052,0.748584608558421,7.24655939661571
0.24059527082913,6.12601179724162,6,7.2584536074559,0.456795433586982,6.61842203938597
-0.301069155226353,4.86269921030198,4,5.8551579449705,-0.996299775630316,3.23289118785449
-0.302557264857484,4.85921636135327,5,5.85098925175476,-0.0702776603889056,5.41287945939129
0.269324468589008,6.19181932480786,6,7.32683175869985,-0.0473291303943795,5.46623026531921
0.294942012423609,6.25031285768962,6,7.38730321351512,0.580482354529746,6.88986887853794
-0.336218194860719,4.7804762185194,5,5.75619971218636,-0.200677356708241,5.10949788145027
-1.87204062082227,1.08489899296516,1,0.688442137080467,-1.80814199582975,1.16766842728918
1.19962730879912,8.10135956640896,9,9.21676832335113,0.728110723752392,7.20399565444396
0.199392061803599,6.03127375918886,6,7.1593486085384,0.163401562887319,5.95390302547227
-0.301069155226353,4.86269921030198,4,5.8551579449705,-0.67498834596348,4.00868608029559
-1.60949966852091,1.6607494033029,1,1.50766321368233,-1.70069008878237,1.4065637635947
0.847468130331882,7.44580689485297,8,8.57609555597118,0.243384751798824,6.13724126858088
0.515152259501793,6.74423432648333,7,7.88765341889071,0.801028988754948,7.35434407863939
-0.247132989628093,4.98902475200715,5,6.00502111696883,-0.416211921170717,4.60911401070324
-1.61514499008094,1.64713119736915,1,1.48864574919188,-2.00102692456085,0.80510729985013
1.25643008151849,8.19653788245115,9,9.31155786291953,1.59499504812017,8.69666224358964
0.246227186021216,6.13892910252213,6,7.27190489240329,0.841851634549314,7.43693908243135
-0.00932369848087768,5.54637233454871,5,6.63838962161938,0.604750984515272,6.94231212432872
0.576502840575381,6.87836176642635,7,8.02081848429903,0.215002449760709,6.07233173054403
0.524565355246269,6.76492661794119,7,7.90826220043414,0.87503742953106,7.50319447535369
0.286189027990291,6.23034729640166,6,7.36669443197169,0.194307437789714,6.02489653147963
-1.17361913416288,2.77691302702518,2,3.05815283899499,-1.28742636437475,2.47153967080874
-0.220209729518988,5.05213605127956,5,6.07894385673149,-0.221619361279941,5.06078592409093
-0.301069155226353,4.86269921030198,4,5.8551579449705,0.253303433552502,6.15988294322597
0.286189027990291,6.23034729640166,6,7.36669443197169,-0.98005454104382,3.27370699181591
0.595872448722802,6.92033185932411,7,8.0622940656482,0.293357650598119,6.2510775781587
0.294942012423609,6.25031285768962,6,7.38730321351512,0.191068015516511,6.01746372773478
-1.1789197412052,2.76329023238899,2,3.03913537450454,-0.941249646735271,3.37040293398281
-0.0511424732550938,5.44852201327419,5,6.53014879710359,0.386317863957087,6.46105849060057
-0.109794222448249,5.31108520439177,5,6.37611693188952,0.165350155182374,5.95838427765889
0.620960188832158,6.97440675994234,7,8.11560802386744,0.0543821941592049,5.7022457883614
0.602181874834474,6.93396212896296,7,8.07574535059559,0.664437542779281,7.06999532551209
0.802895791564057,7.35568466505492,8,8.48846351299881,0.686919628871911,7.11758144971745
1.22003050865431,8.1359089809732,9,9.25108640810426,1.3697891616953,8.37799107440019
-0.378287291471738,4.68218849632696,5,5.63638477459338,-0.118732234578338,5.30016745995034
0.620960188832158,6.97440675994234,7,8.11560802386744,0.94836249446568,7.64659660640748
0.46618498524514,6.63597419392793,7,7.77941259437492,0.151526881456649,5.92658003882178
-0.0527429766268699,5.44477427222054,6,6.52598010388785,-1.01017590099107,3.19786945893303
-2.14742984530952,0.639887316922247,0,0,-2.09935430181118,0.655996748743042
0.224533776106363,6.08913003163202,7,7.21996682948703,-0.038909134881905,5.48579819643483
0.540373147130337,6.79958587580629,8,7.94272705132063,0.622264629765967,6.97997362126166
1.26460638485041,8.20997764087302,9,9.32500914786692,1.35539425904154,8.35585926466499
0.820262271709285,7.39096606457045,8,8.52278159775194,0.755114910798663,7.26007934216926
0.851141962366517,7.45317149009533,8,8.58325305256722,0.374522562798532,6.43455761260384
0.959892469497417,7.66651662938738,8,8.79059887600052,1.44104098708879,8.48442460786185
0.967110172222574,7.68034396310388,8,8.8040501609479,1.41500505673915,8.44613497017068
1.71954729863576,8.85137646012049,10,10,2.38754769436141,9.43983506638391
-0.220209729518988,5.05213605127956,5,6.07894385673149,0.00572052397882885,5.58943795489757
-0.301069155226353,4.86269921030198,4,5.8551579449705,-0.627440582611816,4.11957404272741
1.26460638485041,8.20997764087302,9,9.32500914786692,1.77071921815715,8.90973826987106
-0.0306078615600133,5.49658875259346,5,6.58346275532282,0.0907809332406394,5.78645412532279
0.199392061803599,6.03127375918886,6,7.1593486085384,0.830552908967521,7.4141972109668
-0.314782984019555,4.8306083908376,5,5.81667116700163,-0.622499593110847,4.13106950419446
0.271665027196098,6.19717108404936,6,7.33237634721856,0.59671506982904,6.92497932771546
-0.9960902612009,3.22436834394592,3,3.68475109995468,-1.14071377383312,2.86146434290549
1.26460638485041,8.20997764087302,9,9.32500914786692,1.6760387227464,8.79873144049741
0.847468130331882,7.44580689485297,8,8.57609555597118,1.83547537295675,8.98068327998795
-0.960581021984919,3.31161907071143,3,3.80706643089073,-1.20293648095733,2.69721584794193
-1.59684062980767,1.69144149894711,1,1.55048962531266,-1.3103479217349,2.41003228397561
0.570248117263869,6.86476918606246,7,8.00736719935164,0.29988532354641,6.26590158177871
-0.301069155226353,4.86269921030198,4,5.8551579449705,-0.474684460847227,4.47373093409157
1.71954729863576,8.85137646012049,10,10,1.08750507714726,7.90642760052409
1.71954729863576,8.85137646012049,10,10,1.01438825119718,7.77198243221929
-0.247132989628093,4.98902475200715,5,6.00502111696883,-0.033866208101509,5.49751586949353
-0.301069155226353,4.86269921030198,4,5.8551579449705,-0.0210427364339895,5.52730496734311
0.249227859934755,6.14580813560251,6,7.27906238899933,0.11847655074532,5.8504102857042
-1.17361913416288,2.77691302702518,2,3.05815283899499,-1.1518005256741,2.8323577593229
0.586231973997287,6.89946639054063,7,8.04168528410478,0.635764726116153,7.00889520239028
-0.301069155226353,4.86269921030198,4,5.8551579449705,-0.0495740075218607,5.46101253594936
-0.301069155226353,4.86269921030198,4,5.8551579449705,-0.529724875643261,4.3463059261136
-0.114106110876461,5.30097513960181,6,6.36468958494569,0.388460312547558,6.46586720626912
-0.747180027072168,3.8222560799393,4,4.5163537767526,-1.30584445098579,2.42212065999912
0.847468130331882,7.44580689485297,8,8.57609555597118,0.671185235093132,7.08430795575358
0.592520695726839,6.91308278994091,7,8.05513656905216,0.809587968674994,7.37175833085439
-0.301069155226353,4.86269921030198,4,5.8551579449705,-0.838238702049417,3.62194774494776
0.249227859934755,6.14580813560251,6,7.27906238899933,0.162303586343754,5.95137767130505
-0.48347727934103,4.43702344634158,4,5.33003026483575,0.418603356476105,6.5333615893294
-0.301069155226353,4.86269921030198,4,5.8551579449705,0.237702570298629,6.1242603523588
1.25643008151849,8.19653788245115,9,9.31155786291953,1.33639705547891,8.32632921426517
-2.14742984530952,0.639887316922247,0,0,-2.24861109242536,0.474467506512666
0.254874476951082,6.15874672244797,6,7.29251367394671,0.471305115914079,6.6505954626212
-0.495052079039003,4.41008995611005,4,5.29571218008262,-0.753229577480499,3.82476976121613
0.24059527082913,6.12601179724162,6,7.2584536074559,0.0788991936795927,5.75898394727588
-0.340967679131034,4.76937288026869,5,5.74274842723897,-0.34103578588363,4.78337080143811
0.959892469497417,7.66651662938738,8,8.79059887600052,0.619425936873483,6.97388002609669
1.23237061703657,8.15660858681269,9,9.27169518964769,1.32527024310078,8.3088633615476
0.64710564517863,7.03040535577215,8,8.17068165629735,0.729164790708189,7.20619341193633
0.602181874834474,6.93396212896296,7,8.07574535059559,0.462710672836449,6.63154810364137
0.294942012423609,6.25031285768962,6,7.38730321351512,-0.492771957454443,4.43186189555882
0.0277762817072111,5.63303923826845,6,6.73332592732115,1.12222039386579,7.96856712177584
0.567673771859341,6.85916913508252,7,8.00182261083293,0.495612589755423,6.70430898517075
-1.60949966852091,1.6607494033029,1,1.50766321368233,-1.34388260143555,2.3200110683333
0.823078699460506,7.39666790310474,8,8.52832618627066,1.59409516631529,8.69549182432025
0.851141962366517,7.45317149009533,8,8.58325305256722,0.491843386345831,6.69599555216584
-0.956115343428202,3.32253887925511,3,3.82236705115342,-1.32048087527884,2.38282974594152
-1.19084344088244,2.73260034221067,2,2.99630896287422,-1.38480798335287,2.2103193177721
0.246227186021216,6.13892910252213,6,7.27190489240329,-0.551209180362561,4.29653701328156
-1.41790424423958,2.14280776021976,2,2.17708788627235,-1.53712584460942,1.80918114381576
-0.737699706251775,3.84452513434956,3,4.54679858818687,-0.996342240483741,3.23278423417147
0.185241657813729,5.998647458439,6,7.12503052378526,0.697512763024136,7.13990169444764
0.540373147130337,6.79958587580629,8,7.94272705132063,0.791356272390929,7.33460308916272
-0.737699706251775,3.84452513434956,3,4.54679858818687,-0.759802858480013,3.80921244284515
0.271665027196098,6.19717108404936,6,7.33237634721856,-0.396535838430239,4.65469579357514
0.840577607581379,7.43196756588932,8,8.56264427102379,0.542232223759581,6.80663801640835
-0.319332755633964,4.81996468309439,5,5.80386792475483,0.120408106401513,5.85486658077448
0.570248117263869,6.86476918606246,7,8.00736719935164,0.149173182886146,5.92116143853941
0.878670265402023,7.50803734403149,8,8.63656701078645,0.548850128013548,6.82108686047895
0.263653123264626,6.17884553762695,6,7.31338047375246,0.359249803913936,6.40017896746507
1.71954729863576,8.85137646012049,10,10,3.45170940562822,9.83438512628459
0.927697007815168,7.60432165893067,8,8.73012742118524,0.479778479860623,6.66934627948554
1.36041191794248,8.36249140310666,9,9.47904101308099,0.771972954327383,7.2948531404603
0.551789325196849,6.82454451464214,7,7.96750452607979,0.956259921292287,7.66178573608176
0.254874476951082,6.15874672244797,6,7.29251367394671,0.428525240731654,6.55550992139568
-0.543824384886492,4.29665459464973,4,5.14974387242749,-0.875155263740393,3.53260870598216
0.829923817547013,7.41050231725914,8,8.54177747121804,1.94135179008166,9.08828733125004
0.246227186021216,6.13892910252213,6,7.27190489240329,0.62486660892947,6.9855553834685
0.542290823845633,6.80378265309963,7,7.94689574453637,0.529622069391387,6.7790519212183
-0.501983114713049,4.39396502342342,4,5.27510339853919,-0.302875592383081,4.87194194800308
-0.301069155226353,4.86269921030198,4,5.8551579449705,-0.184305586515894,5.14758680026888
0.263653123264626,6.17884553762695,6,7.31338047375246,0.570326527228771,6.86783723005348
0.570248117263869,6.86476918606246,7,8.00736719935164,0.407900979292497,6.50943261192894
0.568312389960335,6.86055864119243,8,8.0031985061359,0.919465800235581,7.59058896656944
-0.0306078615600133,5.49658875259346,5,6.58346275532282,0.49010838173773,6.69216684347809
-1.60949966852091,1.6607494033029,1,1.50766321368233,-1.88207715548439,1.01800340355009
0.542290823845633,6.80378265309963,7,7.94689574453637,0.616160070601484,6.9668642699789
1.71954729863576,8.85137646012049,10,10,2.15109956287843,9.27269148180701
-1.19084344088244,2.73260034221067,2,2.99630896287422,-0.929742716405778,3.39886338573163
-0.737699706251775,3.84452513434956,3,4.54679858818687,-1.2289822337714,2.62789956256521
-0.301069155226353,4.86269921030198,4,5.8551579449705,-0.00301760005774472,5.56915789657758
0.586231973997287,6.89946639054063,7,8.04168528410478,1.24821422224403,8.18449171752432
0.515152259501793,6.74423432648333,7,7.88765341889071,0.479778479860623,6.66934627948554
0.595872448722802,6.92033185932411,7,8.0622940656482,1.3950332136622,8.41629331366276
-0.570895732955109,4.23370483959362,4,5.06775757510589,-0.91302489283841,3.4400429365723
-0.306633152190362,4.84967770995388,6,5.83956190481094,-0.683795986109614,3.98808344815768
0.620960188832158,6.97440675994234,7,8.11560802386744,1.13962522413426,7.99929948120118
0.160451253069382,5.94138502733454,6,7.06455906896999,0.627144592595394,6.9904391935118
1.71954729863576,8.85137646012049,10,10,1.09153368782079,7.913695634129
-0.00932369848087768,5.54637233454871,5,6.63838962161938,-0.122919298690376,5.29042517609464
0.840577607581379,7.43196756588932,8,8.56264427102379,1.22464171810687,8.1452646050366
0.576502840575381,6.87836176642635,7,8.02081848429903,0.678155920453353,7.09906641752876
0.269324468589008,6.19181932480786,6,7.32683175869985,0.6944063884387,7.13336325523813
0.909605301325165,7.56900870781654,8,8.69580933643211,1.46939927211822,8.52533954113678
0.199392061803599,6.03127375918886,6,7.1593486085384,0.425806755552835,6.54944497625394
-0.501983114713049,4.39396502342342,4,5.27510339853919,-0.376173721158643,4.70188587134343
-1.1789197412052,2.76329023238899,2,3.03913537450454,-1.75095162043807,1.29186749631398
1.26460638485041,8.20997764087302,9,9.32500914786692,0.55134560661788,6.826530054681
-0.301069155226353,4.86269921030198,4,5.8551579449705,-0.378663207164561,4.69611526339335
0.829923817547013,7.41050231725914,8,8.54177747121804,0.664437542779281,7.06999532551209
-0.00932369848087768,5.54637233454871,5,6.63838962161938,-0.165510326709436,5.1913194050451
0.515152259501793,6.74423432648333,7,7.88765341889071,0.652681001742184,7.04499742121601
-1.19084344088244,2.73260034221067,2,2.99630896287422,-1.30009563368761,2.43754965347248
-1.17361913416288,2.77691302702518,2,3.05815283899499,-0.951030927895034,3.34613469384919
-0.737699706251775,3.84452513434956,3,4.54679858818687,-0.343871525192203,4.77679219516568
0.823078699460506,7.39666790310474,8,8.52832618627066,0.274142123073205,6.20737705858449
0.335569657946212,6.34269215466961,7,7.48223951921689,-0.135640033246646,5.26082582702655
-0.259560032259945,4.95990481308748,5,5.9707030322157,-0.266918843189963,4.95547023008878
-1.46485651571286,2.02192601939593,2,2.0096047361109,-1.3302611013045,2.35657329726105
0.223961012697368,6.08781364196072,6,7.21859093418405,0.0497206882298866,5.69145000485705
0.249227859934755,6.14580813560251,6,7.27906238899933,0.694024032666858,7.13255806142178
-0.0511424732550938,5.44852201327419,5,6.53014879710359,-0.888323142522613,3.50053177912623
-0.812327905150029,3.66846399626542,3,4.30466831965785,-0.958663123318513,3.32714957295081
-0.314782984019555,4.8306083908376,5,5.81667116700163,-0.558170825368109,4.28040344704074
-0.9781779964681,3.26847523523986,3,3.74659497607546,-0.930630704142117,3.39667050596658
0.249227859934755,6.14580813560251,6,7.27906238899933,0.386279026111535,6.46097130552335
1.71954729863576,8.85137646012049,10,10,1.86659088417273,9.01337085693794
-0.340967679131034,4.76937288026869,5,5.74274842723897,-0.160034583466337,5.20406098247026
-0.737699706251775,3.84452513434956,3,4.54679858818687,-0.829940449280515,3.64191600118766
0.472227870890714,6.64938850799629,7,7.7928638793223,1.12092998431158,7.96627730419709
0.223961012697368,6.08781364196072,6,7.21859093418405,0.170129500767025,5.96937265553902
-0.322103521262386,4.81348350085115,5,5.7960623854582,-0.252814474547481,4.98825209595583
-0.48347727934103,4.43702344634158,4,5.33003026483575,-0.616939104048463,4.14400102628258
0.829923817547013,7.41050231725914,8,8.54177747121804,0.777045324098989,7.30527950619404
0.967110172222574,7.68034396310388,8,8.8040501609479,1.27653028207874,8.23088529587852
0.938623422359679,7.62552296521382,8,8.75073620272867,1.05152261111903,7.84085877884993
-2.14742984530952,0.639887316922247,0,0,-3.48152597137354,0.0416990608702459
-0.022637311617515,5.51523665525912,5,6.60407153686625,0.0547840242984665,5.70317628994509
0.959892469497417,7.66651662938738,8,8.79059887600052,0.844986581668668,7.44323268484693
0.497027359199891,6.70428140855856,7,7.84779074561886,0.90926349722956,7.57065581351314
-0.737699706251775,3.84452513434956,3,4.54679858818687,-0.954616181774377,3.33722172688096
0.551789325196849,6.82454451464214,7,7.96750452607979,1.05102411843844,7.83994223642089
0.576502840575381,6.87836176642635,7,8.02081848429903,1.19753505236125,8.09948278329778
-2.14742984530952,0.639887316922247,0,0,-2.50122695060879,0.270769692484984
0.959892469497417,7.66651662938738,8,8.79059887600052,0.690016526923089,7.12411357708824
-0.0292026275419958,5.49987683790168,6,6.5870996014037,0.720243871697073,7.18757133266059
0.959892469497417,7.66651662938738,8,8.79059887600052,1.18599494331483,8.07977530073382
-1.19084344088244,2.73260034221067,2,2.99630896287422,-1.23647080077698,2.60792069631426
0.802895791564057,7.35568466505492,8,8.48846351299881,0.383338809577408,6.45436955228013
1.71954729863576,8.85137646012049,10,10,0.948132619172655,7.64615372325871
-0.9960902612009,3.22436834394592,3,3.68475109995468,-1.33166155559432,2.35281375555043
-0.301069155226353,4.86269921030198,4,5.8551579449705,-0.697406917826846,3.95620028359338
-0.515347334040122,4.36287868933125,4,5.23524072526734,-0.337056772965549,4.79260243679281
-0.00932369848087768,5.54637233454871,5,6.63838962161938,0.645200512534969,7.02905195166349
-1.17361913416288,2.77691302702518,2,3.05815283899499,-0.955359638216613,3.33537229931052
-0.793431761642879,3.71322227190331,3,4.36651219577862,-0.0178145032606491,5.5348024330711
-0.737699706251775,3.84452513434956,3,4.54679858818687,-0.59972952168247,4.18399162022303
1.23237061703657,8.15660858681269,9,9.27169518964769,0.303178975293127,6.27337706441896
0.263653123264626,6.17884553762695,6,7.31338047375246,0.773093063307718,7.29715701854931
0.595872448722802,6.92033185932411,7,8.0622940656482,1.58733860735918,8.68667782384843
-0.501983114713049,4.39396502342342,4,5.27510339853919,-0.33744359892112,4.79170493002015
0.592520695726839,6.91308278994091,7,8.05513656905216,0.794565874808955,7.34116064148144
0.490935522363066,6.69082126841918,7,7.83433946067148,0.0287465107781951,5.64284614908815
-0.022637311617515,5.51523665525912,5,6.60407153686625,0.434236052437853,6.56824217346071
-0.48347727934103,4.43702344634158,4,5.33003026483575,-0.317376461351616,4.83827540296839
-0.0527429766268699,5.44477427222054,6,6.52598010388785,0.231710940765004,6.11056474928606
-2.14742984530952,0.639887316922247,0,0,-1.55389800944641,1.76620461848739
0.927697007815168,7.60432165893067,8,8.73012742118524,1.37155007460477,8.38068395371213
-0.227736973686993,5.03448854093441,5,6.05833507518806,-0.186693863977669,5.14203014548741
-0.28134759259472,4.90887013982555,5,5.91023157740042,-0.456703253624781,4.5153553346672
-0.301069155226353,4.86269921030198,4,5.8551579449705,-0.120809294653562,5.29533467613209
-0.0306078615600133,5.49658875259346,5,6.58346275532282,-0.135725767490613,5.26062633065561
1.71954729863576,8.85137646012049,10,10,2.55101697083144,9.53377391591773
0.24059527082913,6.12601179724162,6,7.2584536074559,-0.136014752232554,5.2599538871173
0.802895791564057,7.35568466505492,8,8.48846351299881,1.3381472573732,8.32906511167376
-0.336218194860719,4.7804762185194,5,5.75619971218636,-0.14184715108357,5.24638227786865
0.909605301325165,7.56900870781654,8,8.69580933643211,1.6433619471908,8.75836891495334
0.223961012697368,6.08781364196072,6,7.21859093418405,0.275109877195859,6.20958015667059
0.185241657813729,5.998647458439,6,7.12503052378526,0.229192052826753,6.10480475723666
-0.737699706251775,3.84452513434956,3,4.54679858818687,-0.284018436844527,4.9157393209798
-0.301069155226353,4.86269921030198,4,5.8551579449705,0.334543926865837,6.34441782007413
0.792520569254532,7.33450676775282,8,8.46785473145539,0.55067717008269,6.82507232521604
0.30963252904679,6.28377270425786,7,7.42176806440161,0.202834594893863,6.04445212126
-0.0511424732550938,5.44852201327419,5,6.53014879710359,0.974079816616175,7.69586986610664
0.0277762817072111,5.63303923826845,6,6.73332592732115,0.33269525850304,6.34023822752844
-1.37432475129787,2.25585585073253,2,2.33372130196153,-1.89691376514375,0.989533246369993
0.840577607581379,7.43196756588932,8,8.56264427102379,0.0515129352508097,5.69560103449991
-1.60949966852091,1.6607494033029,1,1.50766321368233,-1.15715288257986,2.81827962941136
-0.301069155226353,4.86269921030198,4,5.8551579449705,0.120408106401513,5.85486658077448
0.595872448722802,6.92033185932411,7,8.0622940656482,0.156624328566741,5.93831196902388
1.71954729863576,8.85137646012049,10,10,0.454299469282523,6.61287945245958
-0.0306078615600133,5.49658875259346,5,6.58346275532282,1.07931156315623,7.89159995957453
-0.812327905150029,3.66846399626542,3,4.30466831965785,-1.10948662231674,2.94302904670483
0.586231973997287,6.89946639054063,7,8.04168528410478,0.383126202495722,6.45389207160158
1.71954729863576,8.85137646012049,10,10,2.3029948026821,9.3846009445338
1.26460638485041,8.20997764087302,9,9.32500914786692,1.0598126158372,7.85606850579137
-0.301069155226353,4.86269921030198,4,5.8551579449705,-0.610466873747159,4.15904628367404
1.26460638485041,8.20997764087302,9,9.32500914786692,1.72250103525249,8.85430055247754
-0.0306078615600133,5.49658875259346,5,6.58346275532282,-0.545495899302225,4.30977480124749
-1.60949966852091,1.6607494033029,1,1.50766321368233,-1.64427424300454,1.54084058864781
-0.737699706251775,3.84452513434956,3,4.54679858818687,-0.404967465749218,4.63516094743753
1.22003050865431,8.1359089809732,9,9.25108640810426,1.3255101488245,8.30924126474281
0.570248117263869,6.86476918606246,7,8.00736719935164,0.290473840653519,6.24452508766567
0.0121498131734589,5.59655376284067,6,6.6934632540493,-0.116727524851552,5.30483183929836
1.36041191794248,8.36249140310666,9,9.47904101308099,1.74458247979098,8.87996805889361
0.524565355246269,6.76492661794119,7,7.90826220043414,0.332818854783296,6.34051769261915
0.927697007815168,7.60432165893067,8,8.73012742118524,1.19724243745989,8.09898466734155
0.246227186021216,6.13892910252213,6,7.27190489240329,-0.322365034178307,4.82669615570811
-0.978576410744614,3.26749628227002,3,3.74522255476996,-1.45297380212999,2.02888385311285
-0.737699706251775,3.84452513434956,3,4.54679858818687,-0.934731915622356,3.38653521689368
0.878670265402023,7.50803734403149,8,8.63656701078645,0.636071751041795,7.00955182380075
0.620960188832158,6.97440675994234,7,8.11560802386744,0.633084003400163,7.00315991266282
-0.00932369848087768,5.54637233454871,5,6.63838962161938,-0.356836646054586,4.74672022903855
-2.14742984530952,0.639887316922247,0,0,-2.86353575937125,0.125494887283073
0.515152259501793,6.74423432648333,7,7.88765341889071,0.80530656810014,7.36305366092468
-0.307612682622029,4.84738551945299,5,5.83681358820246,-0.49796677070651,4.41983649264171
0.847468130331882,7.44580689485297,8,8.57609555597118,0.474459977994775,6.65758019682108
-0.737699706251775,3.84452513434956,3,4.54679858818687,-0.838242924811685,3.62193757336846
-0.336218194860719,4.7804762185194,5,5.75619971218636,-0.194345612532696,5.12422802273713
-1.59684062980767,1.69144149894711,1,1.55048962531266,-0.898885985369406,3.4747169849466
0.576502840575381,6.87836176642635,7,8.02081848429903,1.62407860080843,8.7340492402674
1.71954729863576,8.85137646012049,10,10,2.15039202095633,9.27212971509468
1.22003050865431,8.1359089809732,9,9.25108640810426,0.622261762197789,6.97996746780352
0.244480774273897,6.13492440644527,7,7.26773619918755,0.71083539927122,7.16787857904683
0.254874476951082,6.15874672244797,6,7.29251367394671,-0.0772080556520088,5.39676299237489
0.271665027196098,6.19717108404936,6,7.33237634721856,1.24176235755329,8.17380959974069
0.959892469497417,7.66651662938738,8,8.79059887600052,0.570138409268521,6.86742866902929
0.602181874834474,6.93396212896296,7,8.07574535059559,1.28296199866831,8.24131181087809
0.802895791564057,7.35568466505492,8,8.48846351299881,0.271971510610868,6.20243481230105
0.30963252904679,6.28377270425786,7,7.42176806440161,0.156427301718083,5.93785858849591
0.294942012423609,6.25031285768962,6,7.38730321351512,-0.133259567060715,5.26636495046687
-1.45950180201603,2.03564905731787,2,2.02862220060135,-1.00559737760585,3.20944126053161
-1.1789197412052,2.76329023238899,2,3.03913537450454,-0.989032200328052,3.25117547919862
-0.737699706251775,3.84452513434956,3,4.54679858818687,-0.57004103041557,4.2528847904023
-0.247132989628093,4.98902475200715,5,6.00502111696883,0.513109186688524,6.74282279177941
0.909605301325165,7.56900870781654,8,8.69580933643211,0.398827297168061,6.48911465146788
-1.17361913416288,2.77691302702518,2,3.05815283899499,-1.06768863191893,3.05116581770177
1.36041191794248,8.36249140310666,9,9.47904101308099,1.38501686200318,8.40117354036396
-0.737699706251775,3.84452513434956,3,4.54679858818687,-0.852640107450756,3.58719631882445
-1.17361913416288,2.77691302702518,2,3.05815283899499,-0.955969050096255,3.33385601674789
0.0330653132883201,5.64538174177679,6,6.74677721226853,-0.0862956093189899,5.37562735370264
0.160451253069382,5.94138502733454,6,7.06455906896999,-0.461708609279406,4.50376812293775
-0.515347334040122,4.36287868933125,4,5.23524072526734,-0.051919744766451,5.45556009015947
0.46618498524514,6.63597419392793,7,7.77941259437492,0.912899786427223,7.57776976012589
-2.14742984530952,0.639887316922247,0,0,-2.62170901716935,0.208047903731875
0.878670265402023,7.50803734403149,8,8.63656701078645,1.4943320855695,8.56063162449538
-0.301069155226353,4.86269921030198,4,5.8551579449705,0.421021681619439,6.53876313132512
0.927697007815168,7.60432165893067,8,8.73012742118524,0.755268160421277,7.26039629090542
0.294942012423609,6.25031285768962,6,7.38730321351512,1.16117174138232,8.03694912447455
0.481509261633539,6.66996267405657,7,7.81347266086573,0.0173650920533021,5.6164533198007
-1.1789197412052,2.76329023238899,2,3.03913537450454,-1.5840467242214,1.68978939095896
0.851141962366517,7.45317149009533,8,8.58325305256722,0.783230789527637,7.31797063492672
0.246227186021216,6.13892910252213,6,7.27190489240329,-0.234612408973443,5.03057047349148
-0.301069155226353,4.86269921030198,4,5.8551579449705,-0.592157260611352,4.20157370261246
-0.406931397321319,4.61534670360468,5,5.55393211692918,-0.24265287756646,5.01187537817697
0.592520695726839,6.91308278994091,7,8.05513656905216,0.379472060188258,6.44568320513743
0.878670265402023,7.50803734403149,8,8.63656701078645,0.812832187652491,7.37834576907712
0.542290823845633,6.80378265309963,7,7.94689574453637,0.0658865794298379,5.72887865195298
0.592520695726839,6.91308278994091,7,8.05513656905216,0.351261541684823,6.38216920685698
-0.345482094456072,4.75882069013537,5,5.72994518499217,-0.518019996407092,4.37341043724389
-0.0511424732550938,5.44852201327419,5,6.53014879710359,-0.52116081831399,4.36613791199976
-0.04597301132529,5.46062557093049,5,6.54360008205097,0.02082510741522,5.62447818617736
0.938623422359679,7.62552296521382,8,8.75073620272867,1.49283981635972,8.55853724723674
-0.570895732955109,4.23370483959362,4,5.06775757510589,-1.25202056334342,2.56637495157805
-1.25723387488996,2.56075010336766,3,2.75692701095366,-1.85775306220664,1.06582710874553
0.847468130331882,7.44580689485297,8,8.57609555597118,0.700892840854444,7.14700973887489
0.938623422359679,7.62552296521382,8,8.75073620272867,2.08336793776754,9.21712159880001
-0.322103521262386,4.81348350085115,5,5.7960623854582,-0.534251502255445,4.3358221270949
0.792520569254532,7.33450676775282,8,8.46785473145539,0.19456734953516,6.02549280648745
0.475448155678996,6.65653097420804,7,7.80002137591834,0.194015124193862,6.02422590621433
0.938623422359679,7.62552296521382,8,8.75073620272867,0.755989219599128,7.26188737157189
0.938623422359679,7.62552296521382,8,8.75073620272867,0.922884737503388,7.59725044633268
0.909605301325165,7.56900870781654,8,8.69580933643211,1.39502775168306,8.4162850966775
0.286189027990291,6.23034729640166,6,7.36669443197169,0.537004569781258,6.79521054139957
0.878670265402023,7.50803734403149,8,8.63656701078645,0.67553207217271,7.09351441762425
0.207786080523958,6.05060645292008,7,7.17963779587259,1.46138794718958,8.51386442626989
-0.00932369848087768,5.54637233454871,5,6.63838962161938,0.17008807063905,5.96927741955773
0.851141962366517,7.45317149009533,8,8.58325305256722,0.0264276169060683,5.63746977915484
-0.301069155226353,4.86269921030198,4,5.8551579449705,-0.577857682924326,4.23475598324913
0.967110172222574,7.68034396310388,8,8.8040501609479,1.43891224927308,8.48132004781583
0.602181874834474,6.93396212896296,7,8.07574535059559,0.62255020334125,6.98058640645292
-0.022637311617515,5.51523665525912,5,6.60407153686625,-0.18445473589207,5.14723978092797
-1.61514499008094,1.64713119736915,1,1.48864574919188,-1.63477960324716,1.56396239982326
-0.0306078615600133,5.49658875259346,5,6.58346275532282,0.359396702214045,6.40050997359293
-0.267000990320176,4.942472342014,5,5.95009425067227,-0.613233394291672,4.15261611334797
-2.14742984530952,0.639887316922247,0,0,-2.88113590296321,0.121146320673157
0.576502840575381,6.87836176642635,7,8.02081848429903,0.123714305276915,5.86249300518682
-0.247132989628093,4.98902475200715,5,6.00502111696883,0.319364816967384,6.31007135298872
-1.60949966852091,1.6607494033029,1,1.50766321368233,-1.55906720462272,1.75302393428733
-0.737699706251775,3.84452513434956,3,4.54679858818687,-0.0699818560621218,5.41356730157871
-0.04597301132529,5.46062557093049,5,6.54360008205097,0.522070628810209,6.76249875519556
1.22003050865431,8.1359089809732,9,9.25108640810426,0.845136243935368,7.44353296238049
1.71954729863576,8.85137646012049,10,10,1.02797076664769,7.79731538015849
-0.0511424732550938,5.44852201327419,5,6.53014879710359,-0.218898218234945,5.06711468681713
-2.14742984530952,0.639887316922247,0,0,-2.50692093359495,0.267387160477327
0.620960188832158,6.97440675994234,7,8.11560802386744,0.848421604632028,7.45012048755964
-1.60949966852091,1.6607494033029,1,1.50766321368233,-1.30389986354921,2.42733995989835
-0.737699706251775,3.84452513434956,3,4.54679858818687,-0.675981165193441,4.00636478569118
0.472227870890714,6.64938850799629,7,7.7928638793223,-0.0606375844385257,5.43529382336157
-0.022637311617515,5.51523665525912,5,6.60407153686625,0.118041368079774,5.8494061976201
0.294942012423609,6.25031285768962,6,7.38730321351512,0.885878304276597,7.52465969775191
0.851141962366517,7.45317149009533,8,8.58325305256722,0.502713696799568,6.71995546243931
0.829923817547013,7.41050231725914,8,8.54177747121804,1.00836322493294,7.76069385683704
1.36041191794248,8.36249140310666,9,9.47904101308099,1.54494758563715,8.6303212860922
0.567673771859341,6.85916913508252,7,8.00182261083293,0.506298507425142,6.72784622830326
0.551789325196849,6.82454451464214,7,7.96750452607979,1.10012991640092,7.92915438788385
-1.19084344088244,2.73260034221067,2,2.99630896287422,-1.34812525029586,2.30862633000275
0.490935522363066,6.69082126841918,7,7.83433946067148,0.591424325794844,6.91355000703077
1.71954729863576,8.85137646012049,10,10,2.27836281783378,9.3675917041192
0.24059527082913,6.12601179724162,6,7.2584536074559,0.135800943599697,5.89035889956512
1.25643008151849,8.19653788245115,9,9.31155786291953,0.536631263487802,6.79439403886913
-0.737699706251775,3.84452513434956,3,4.54679858818687,-0.580443979143836,4.22875625533236
-0.302557264857484,4.85921636135327,5,5.85098925175476,0.00834620059373645,5.59553055806658
-0.950557257542345,3.3361136931132,3,3.84138451564386,-1.37800965612807,2.22851552824226
-1.59684062980767,1.69144149894711,1,1.55048962531266,-1.05566831319724,3.08203137170132
0.499541941114457,6.70983284506618,7,7.85333533413758,0.443869812686596,6.58969394216197
0.269905125480396,6.19314715209149,7,7.32820765400282,-0.228890873070879,5.04387523144435
0.858060207010219,7.46701297743401,8,8.5967043375146,1.19803492593209,8.10033352183418
-0.109794222448249,5.31108520439177,5,6.37611693188952,-0.68399269149686,3.98762306703766
0.959892469497417,7.66651662938738,8,8.79059887600052,0.42504572533807,6.54774664780428
0.246227186021216,6.13892910252213,6,7.27190489240329,-0.162816519796644,5.19758763356061
-0.240234785214013,5.00519220094997,5,6.02401699043493,-0.221787806479462,5.06039416649528
-0.737699706251775,3.84452513434956,3,4.54679858818687,-0.621668070129159,4.13300364761741
-1.19084344088244,2.73260034221067,2,2.99630896287422,-1.14453980158045,2.85142813157645
0.475448155678996,6.65653097420804,7,7.80002137591834,0.515676367908791,6.74846287479653
0.0277762817072111,5.63303923826845,6,6.73332592732115,0.711043975798186,7.168315731391
0.499541941114457,6.70983284506618,7,7.85333533413758,1.56702987521239,8.65990633168866
-0.737699706251775,3.84452513434956,3,4.54679858818687,-0.668110910837927,4.02475879434322
0.199452706281452,6.03141348999354,7,7.15949537467175,1.36270850476021,8.36713108883027
-1.19084344088244,2.73260034221067,2,2.99630896287422,-0.887250376363894,3.50314933431584
-0.48347727934103,4.43702344634158,4,5.33003026483575,-0.0861700728212576,5.37591934343178
-0.495052079039003,4.41008995611005,4,5.29571218008262,-0.351870918608458,4.75823689085602
1.25643008151849,8.19653788245115,9,9.31155786291953,1.10911468608575,7.94523913160879
0.515152259501793,6.74423432648333,7,7.88765341889071,1.17510834688756,8.06106602322378
0.254874476951082,6.15874672244797,6,7.29251367394671,0.638757706872265,7.01529401080493
-0.00932369848087768,5.54637233454871,5,6.63838962161938,0.765426539182878,7.2813716782056
-1.60949966852091,1.6607494033029,1,1.50766321368233,-1.19707471001561,2.7127751993731
-0.109794222448249,5.31108520439177,5,6.37611693188952,0.0284604580717234,5.64218296256157
-0.737699706251775,3.84452513434956,3,4.54679858818687,-0.605050658170408,4.17163157731372
0.592520695726839,6.91308278994091,7,8.05513656905216,-0.431281178561148,4.57421492839442
-0.240234785214013,5.00519220094997,5,6.02401699043493,-1.02721774059066,3.15465815371845
-0.519844456469949,4.35241932222546,4,5.22178944031996,-0.784253826604437,3.75117136382621
0.269324468589008,6.19181932480786,6,7.32683175869985,0.112398192368075,5.83638325985174
0.602181874834474,6.93396212896296,7,8.07574535059559,0.592008862049358,6.91481343292158
-0.0306078615600133,5.49658875259346,5,6.58346275532282,0.0108863707147755,5.60142418386006
-0.340967679131034,4.76937288026869,5,5.74274842723897,0.0964153350697209,5.79947411301202
0.185241657813729,5.998647458439,6,7.12503052378526,0.237551294186885,6.12391466443969
0.858060207010219,7.46701297743401,8,8.5967043375146,1.06848323158228,7.87191065449182
-0.737699706251775,3.84452513434956,3,4.54679858818687,-1.23702714671207,2.60643561920547
-1.41635091708374,2.14682562086553,2,2.18265406581541,-1.22728731515053,2.63241861712194
0.620960188832158,6.97440675994234,7,8.11560802386744,0.575878533215108,6.87988766656553
-0.04597301132529,5.46062557093049,5,6.54360008205097,0.0794477311204339,5.76025255012239
0.499541941114457,6.70983284506618,7,7.85333533413758,0.373426042643466,6.43209178379668
-0.747173313816917,3.82227185798205,4,4.51637536777695,-1.60626342423798,1.63423437773395
0.602181874834474,6.93396212896296,7,8.07574535059559,0.332329708736988,6.33941165295394
-1.87680009734296,1.07572813337534,1,0.674990852133082,-2.34468372667002,0.383406968116016
-1.19084344088244,2.73260034221067,2,2.99630896287422,-1.03090512947847,3.14527950222711
1.26460638485041,8.20997764087302,9,9.32500914786692,1.29837734118671,8.26613316710266
0.927697007815168,7.60432165893067,8,8.73012742118524,0.128270934991947,5.87300105536514
1.26460638485041,8.20997764087302,9,9.32500914786692,1.45226472918948,8.50071659019412
-0.301069155226353,4.86269921030198,4,5.8551579449705,-0.32964741446278,4.80979511888351
1.26460638485041,8.20997764087302,9,9.32500914786692,0.856476089142092,7.46623718352842
-0.519844456469949,4.35241932222546,4,5.22178944031996,-0.418864574268009,4.60297008973993
-1.04419951987609,3.10493962588865,3,3.51726794979323,-0.550917156534352,4.29721369506658
-0.0511424732550938,5.44852201327419,5,6.53014879710359,0.126006772480929,5.86778006808887
-0.240234785214013,5.00519220094997,5,6.02401699043493,-0.143770240013688,5.24190734436352
-0.982081107070795,3.25888071766916,3,3.73314369112807,-1.31170858415943,2.40637971665384
1.19962730879912,8.10135956640896,9,9.21676832335113,0.240560647941177,6.13079051925525
0.294942012423609,6.25031285768962,6,7.38730321351512,-0.401399168789736,4.64342777572216
0.592520695726839,6.91308278994091,7,8.05513656905216,0.744759646818428,7.23862772579334
0.620960188832158,6.97440675994234,7,8.11560802386744,0.724711194650007,7.19690284849305
-0.0306078615600133,5.49658875259346,5,6.58346275532282,-0.226410425921699,5.0496435800191
-1.60949966852091,1.6607494033029,1,1.50766321368233,-1.18563197891706,2.7431009908276
-0.570895732955109,4.23370483959362,4,5.06775757510589,-0.0659951035280089,5.42283744390739
-0.292886076156961,4.88185393047149,5,5.87804868277981,0.00102714353019838,5.57854600872298
0.271665027196098,6.19717108404936,6,7.33237634721856,1.3950332136622,8.41629331366276
-0.0686266654566834,5.40757166235436,6,6.48450452253867,0.379630151209928,6.44603843771668
-0.966587427432202,3.29691331079787,3,3.7864576493473,-1.07715267555788,3.02678992587742
-0.302557264857484,4.85921636135327,5,5.85098925175476,0.10971282408792,5.83018450323959
-1.40149194139875,2.18530843602964,2,2.23596802403465,-1.1347374176417,2.87712300523083
-0.737699706251775,3.84452513434956,3,4.54679858818687,-0.537250450639683,4.32887587878355
-0.743415422906479,3.83110198903329,4,4.52845423141883,-0.735056785369744,3.8676857870228
0.820262271709285,7.39096606457045,8,8.52278159775194,1.41776817178408,8.45023145221444
-0.737699706251775,3.84452513434956,3,4.54679858818687,-0.626152938957244,4.12257024465644
0.24059527082913,6.12601179724162,6,7.2584536074559,0.104805913696431,5.81885496675443
-0.301069155226353,4.86269921030198,4,5.8551579449705,-0.0292406240487735,5.50826241310943
-1.19084344088244,2.73260034221067,2,2.99630896287422,-1.07582733264161,3.03020742772491
1.71954729863576,8.85137646012049,10,10,1.17462255660167,8.06022850650882
-0.340967679131034,4.76937288026869,5,5.74274842723897,-0.0236216015504101,5.52131511341191
0.160451253069382,5.94138502733454,6,7.06455906896999,0.307950537733195,6.28420181468072
-0.495052079039003,4.41008995611005,4,5.29571218008262,-0.616553439071282,4.14489773342653
-0.495052079039003,4.41008995611005,4,5.29571218008262,-0.363881587845552,4.7303837116144
1.36041191794248,8.36249140310666,9,9.47904101308099,1.64556410660994,8.76112251531713
-0.267000990320176,4.942472342014,5,5.95009425067227,0.481951333305979,6.6741500429042
0.497027359199891,6.70428140855856,7,7.84779074561886,0.163110866169499,5.95323444155391
-0.065890797020076,5.41398073779464,6,6.49166201913471,-0.0264690266487038,5.51470095496928
-0.737699706251775,3.84452513434956,3,4.54679858818687,-0.459788966487221,4.50821197786115
-0.109794222448249,5.31108520439177,5,6.37611693188952,0.551296401040337,6.82642275391284
0.271665027196098,6.19717108404936,6,7.33237634721856,0.577934452029225,6.88434621872957
0.185241657813729,5.998647458439,6,7.12503052378526,0.0657444244035461,5.72854965534559
0.967110172222574,7.68034396310388,8,8.8040501609479,1.22844073226806,8.15162353771195
-0.314782984019555,4.8306083908376,5,5.81667116700163,0.441473052637595,6.58436017020287
0.840577607581379,7.43196756588932,8,8.56264427102379,0.237172791806376,6.12304970922288
0.959892469497417,7.66651662938738,8,8.79059887600052,0.680671098070434,7.10438476002333
-0.82361518475093,3.64166219729612,4,4.26755396299447,-0.0702731982026077,5.41288983546697
-0.737699706251775,3.84452513434956,3,4.54679858818687,-0.838492310055752,3.62133684795426
-0.28134759259472,4.90887013982555,5,5.91023157740042,-0.261741436278031,4.96750269586139
0.448346006632604,6.59628878248262,7,7.73954992110307,0.626497368333555,6.98905187549529
-0.336218194860719,4.7804762185194,5,5.75619971218636,-0.172235899898261,5.17566992287156
-0.04597301132529,5.46062557093049,5,6.54360008205097,-0.00265439972900492,5.5700009622612
0.269905125480396,6.19314715209149,7,7.32820765400282,0.512498729639281,6.741481208098
0.524565355246269,6.76492661794119,7,7.90826220043414,-0.0709959681364275,5.41120914272914
0.927697007815168,7.60432165893067,8,8.73012742118524,-0.0266095254634623,5.51437458232772
-0.0322178928507181,5.49282126026852,6,6.57929406210708,-0.365768020861444,4.72600971890919
0.576502840575381,6.87836176642635,7,8.02081848429903,0.845542921490148,7.44434882465029
-0.594447968613808,4.17892676136473,5,4.99585877334679,-1.01923073608946,3.174937390446
0.475448155678996,6.65653097420804,7,7.80002137591834,0.705100294283375,7.15584817597592
-0.543824384886492,4.29665459464973,4,5.14974387242749,-1.00082716638046,3.22148062565254
-1.60949966852091,1.6607494033029,1,1.50766321368233,-1.43991767570218,2.06345462514828
0.490935522363066,6.69082126841918,7,7.83433946067148,0.089189151641921,5.78277505732614
0.46618498524514,6.63597419392793,7,7.77941259437492,0.444928381583197,6.59204901918887
-1.19084344088244,2.73260034221067,2,2.99630896287422,-1.05896278705575,3.07358246385475
-0.737699706251775,3.84452513434956,3,4.54679858818687,-1.10978426136672,2.94225465084155
0.840577607581379,7.43196756588932,8,8.56264427102379,0.60042716292557,6.93299003713123
1.36041191794248,8.36249140310666,9,9.47904101308099,1.23198880261153,8.15754962573686
-0.501983114713049,4.39396502342342,4,5.27510339853919,-0.655425749380269,4.05437238360619
1.25643008151849,8.19653788245115,9,9.31155786291953,1.08266343466873,7.89767316480479
-0.570895732955109,4.23370483959362,4,5.06775757510589,-1.17143928196938,2.78062199136623
-2.14742984530952,0.639887316922247,0,0,-1.77188041820969,1.24560566345615
-0.242249702268983,5.00046958860074,5,6.01847240191622,-0.701818463112619,3.9458540272938
0.967110172222574,7.68034396310388,8,8.8040501609479,0.735213695077281,7.21879213561742
0.792520569254532,7.33450676775282,8,8.46785473145539,1.67453965387262,8.7969030405307
0.185241657813729,5.998647458439,6,7.12503052378526,0.71157999864939,7.16943905264272
-1.17361913416288,2.77691302702518,2,3.05815283899499,-1.82229797036732,1.138032998457
0.847468130331882,7.44580689485297,8,8.57609555597118,1.09191582049361,7.91438427020093
0.878670265402023,7.50803734403149,8,8.63656701078645,0.361179509550578,6.40452665279607
-0.301069155226353,4.86269921030198,4,5.8551579449705,-0.100370080748869,5.34288798821905
-1.19084344088244,2.73260034221067,2,2.99630896287422,-2.37894691184042,0.355243431893953
0.286189027990291,6.23034729640166,6,7.36669443197169,0.0909430449622253,5.7868287934082
0.620960188832158,6.97440675994234,7,8.11560802386744,0.827035318422973,7.40709836062003
-0.0306078615600133,5.49658875259346,5,6.58346275532282,0.390678081679573,6.47084340743354
0.0411844535449099,5.66432177658739,6,6.76738599381196,-0.363148861331299,4.7320827055193
-0.065890797020076,5.41398073779464,6,6.49166201913471,-0.0213681997227043,5.5265490487886
0.246227186021216,6.13892910252213,6,7.27190489240329,0.446043962746534,6.59453048858257
0.840577607581379,7.43196756588932,8,8.56264427102379,-0.236429437778602,5.02634543803522
1.23237061703657,8.15660858681269,9,9.27169518964769,1.34226970619645,8.33549701136173
-0.227736973686993,5.03448854093441,5,6.05833507518806,0.156420311838755,5.93784250388903
-1.87204062082227,1.08489899296516,1,0.688442137080467,-1.75569852035259,1.28129494312964
-0.0511424732550938,5.44852201327419,5,6.53014879710359,-0.126216364597064,5.28275353513325
-1.17361913416288,2.77691302702518,2,3.05815283899499,-1.26249705678207,2.5383435869619
-0.109794222448249,5.31108520439177,5,6.37611693188952,-0.537255137521435,4.32886502250394
-0.0511424732550938,5.44852201327419,5,6.53014879710359,0.678670323604825,7.10015441901948
-0.04597301132529,5.46062557093049,5,6.54360008205097,-0.00269037964786005,5.56991744564304
-1.60949966852091,1.6607494033029,1,1.50766321368233,-1.69881021053679,1.41094752158182
-0.519844456469949,4.35241932222546,4,5.22178944031996,-0.558600961101715,4.27940648272102
0.249227859934755,6.14580813560251,6,7.27906238899933,0.370995679685416,6.42662509717601
-1.17361913416288,2.77691302702518,2,3.05815283899499,-1.45249459278883,2.03015087266204
1.36041191794248,8.36249140310666,9,9.47904101308099,2.07727234206576,9.21193980372534
-0.972121455932585,3.2833452378587,3,3.76744018485686,-1.44709887691334,2.04442700566942
-0.519844456469949,4.35241932222546,4,5.22178944031996,-0.226544326942373,5.04933218406477
0.199392061803599,6.03127375918886,6,7.1593486085384,-0.188830797779088,5.13705836270387
-0.966587427432202,3.29691331079787,3,3.7864576493473,-1.37792579451387,2.2287400685514
-0.301069155226353,4.86269921030198,4,5.8551579449705,-0.489049053558556,4.44047981087429
0.46618498524514,6.63597419392793,7,7.77941259437492,1.07605347028013,7.88568688971003
-2.14742984530952,0.639887316922247,0,0,-1.86329118109604,1.05481437876269
0.574563023464036,6.87414826842048,8,8.01664979108329,1.06681842272589,7.86887411413405
-0.04597301132529,5.46062557093049,5,6.54360008205097,-0.401269070313826,4.64372919128184
-0.501983114713049,4.39396502342342,4,5.27510339853919,-0.808333532885453,3.69372586504753
-0.00932369848087768,5.54637233454871,5,6.63838962161938,-0.86812131064235,3.54969698487897
-0.966123986275811,3.29804873185517,3,3.78804896640028,-1.53384082125262,1.81763477769227
0.851141962366517,7.45317149009533,8,8.58325305256722,0.797004856312051,7.34613903218703
0.829923817547013,7.41050231725914,8,8.54177747121804,0.149868690680082,5.92276270888513
1.26460638485041,8.20997764087302,9,9.32500914786692,1.04726229869135,7.83301852235661
-1.1789197412052,2.76329023238899,2,3.03913537450454,-1.65324015173389,1.51913887752894
1.25643008151849,8.19653788245115,9,9.31155786291953,1.23198362996436,8.15754099524519
0.160451253069382,5.94138502733454,6,7.06455906896999,-0.0520819537720899,5.45518303983374
1.71954729863576,8.85137646012049,10,10,1.72071059849672,8.85219849546422
-0.579516336776808,4.21365699891669,4,5.0415030479117,-0.276614108309611,4.93294151953571
-0.240234785214013,5.00519220094997,5,6.02401699043493,-0.633197841775799,4.10617368380204
-0.515347334040122,4.36287868933125,4,5.23524072526734,-1.45403535376134,2.02607765692954
0.0569435325023238,5.7010592708761,6,6.80724866708381,1.15700185832543,8.02969720545757
-0.0511424732550938,5.44852201327419,5,6.53014879710359,0.520794930352954,6.75969990782201
0.959892469497417,7.66651662938738,8,8.79059887600052,0.841395448078327,7.43602266451302
0.851141962366517,7.45317149009533,8,8.58325305256722,0.903372653227824,7.55910913432726
-2.14742984530952,0.639887316922247,0,0,-1.97700392061429,0.845245069187743
-0.9960902612009,3.22436834394592,3,3.68475109995468,-0.0706673564300264,5.41197328252249
-0.570895732955109,4.23370483959362,4,5.06775757510589,-0.18956736941023,5.13534467746432
0.595872448722802,6.92033185932411,7,8.0622940656482,0.714958409339465,7.17651503845679
0.286189027990291,6.23034729640166,6,7.36669443197169,0.163142468984091,5.95330712673501
0.820262271709285,7.39096606457045,8,8.52278159775194,0.966218445341516,7.68086586371943
0.263653123264626,6.17884553762695,6,7.31338047375246,0.285947131193735,6.23423537408721
1.71954729863576,8.85137646012049,10,10,1.85897594126556,9.00545416132471
0.907416332695068,7.56471865790739,9,8.69164064321637,1.82101102586516,8.96518064452353
-0.570895732955109,4.23370483959362,4,5.06775757510589,0.508426977437812,6.73252879849777
0.847468130331882,7.44580689485297,8,8.57609555597118,0.825875496396805,7.40475578917739
0.959892469497417,7.66651662938738,8,8.79059887600052,0.242566004902931,6.13537129122398
-0.301069155226353,4.86269921030198,4,5.8551579449705,-0.147269101441012,5.23376564325925
-0.956115343428202,3.32253887925511,3,3.82236705115342,-1.33194103191125,2.35206350650218
0.497027359199891,6.70428140855856,7,7.84779074561886,0.68834529253587,7.12058922447466
0.576502840575381,6.87836176642635,7,8.02081848429903,0.0633197813119055,5.7229378095441
-0.737699706251775,3.84452513434956,3,4.54679858818687,-0.708484244797246,3.93020891510785
0.595872448722802,6.92033185932411,7,8.0622940656482,0.674853387332198,7.09207769500328
0.592520695726839,6.91308278994091,7,8.05513656905216,0.80566921270734,7.3637914599973
-0.737699706251775,3.84452513434956,3,4.54679858818687,-1.22388089971674,2.64149762560585
-1.17361913416288,2.77691302702518,2,3.05815283899499,-1.78172624917683,1.22416149991431
0.294942012423609,6.25031285768962,6,7.38730321351512,0.136093392907666,5.89103285912347
0.620960188832158,6.97440675994234,7,8.11560802386744,0.468503210284505,6.64438890371819
-1.60949966852091,1.6607494033029,1,1.50766321368233,-1.48020763496538,1.95713711305378
0.586231973997287,6.89946639054063,7,8.04168528410478,0.14183598265455,5.90426405746337
0.820262271709285,7.39096606457045,8,8.52278159775194,0.561192394969726,6.84798010109978
1.71954729863576,8.85137646012049,10,10,1.95390112691148,9.10037146063551
-2.14742984530952,0.639887316922247,0,0,-1.88207715548439,1.01800340355009
-1.2408760681242,2.60322177289339,2,2.81602257046596,-1.07158385111111,3.04114103889052
1.36041191794248,8.36249140310666,9,9.47904101308099,1.40146483634381,8.4259478754707
0.878670265402023,7.50803734403149,8,8.63656701078645,0.576078298366234,6.88032097486752
-1.17361913416288,2.77691302702518,2,3.05815283899499,-1.67558202382021,1.46564276752256
0.602181874834474,6.93396212896296,7,8.07574535059559,0.443984694256278,6.58994954769538
-0.48347727934103,4.43702344634158,4,5.33003026483575,-0.529724239798981,4.34630739867554
0.927697007815168,7.60432165893067,8,8.73012742118524,1.78422336370058,8.92486210419089
-0.48347727934103,4.43702344634158,4,5.33003026483575,-0.741403894111268,3.85271205097426
0.0277762817072111,5.63303923826845,6,6.73332592732115,0.280748572099513,6.22241208361946
1.22003050865431,8.1359089809732,9,9.25108640810426,2.21787530025671,9.32398467392122
0.959892469497417,7.66651662938738,8,8.79059887600052,0.83762136058486,7.42843524330923
-1.60949966852091,1.6607494033029,1,1.50766321368233,-1.54341899330519,1.79301900381143
0.959892469497417,7.66651662938738,8,8.79059887600052,0.396034831337785,6.48285617018782
0.542290823845633,6.80378265309963,7,7.94689574453637,1.4208789131285,8.45483396067482
0.602181874834474,6.93396212896296,7,8.07574535059559,1.10035964680219,7.92956658438926
0.620960188832158,6.97440675994234,7,8.11560802386744,0.107646940314517,5.82541501811226
0.271665027196098,6.19717108404936,6,7.33237634721856,0.641342185331732,7.02081559101562
0.602181874834474,6.93396212896296,7,8.07574535059559,0.868806933454044,7.49081771682322
-0.0306078615600133,5.49658875259346,5,6.58346275532282,-0.708346237864636,3.93053297865201
-2.14742984530952,0.639887316922247,0,0,-1.80816499078007,1.16761992182205
0.829923817547013,7.41050231725914,8,8.54177747121804,-0.186232039509207,5.14310463560858
1.71954729863576,8.85137646012049,10,10,1.56746625504828,8.6604859797924
0.294942012423609,6.25031285768962,6,7.38730321351512,0.226325198332027,6.0982473924504
0.570248117263869,6.86476918606246,7,8.00736719935164,-0.443905559537589,4.5449837091424
-1.60949966852091,1.6607494033029,1,1.50766321368233,-0.95148805063467,3.3449988112955
0.286189027990291,6.23034729640166,6,7.36669443197169,0.39080438834518,6.47112676439667
-0.501983114713049,4.39396502342342,4,5.27510339853919,-0.696583640373283,3.95813040234192
-0.022637311617515,5.51523665525912,5,6.60407153686625,-0.156919054097824,5.21131062601898
-1.19084344088244,2.73260034221067,2,2.99630896287422,-1.34376853335322,2.32031718513338
-0.0306078615600133,5.49658875259346,5,6.58346275532282,-0.308333675972198,4.85926861148291
-1.59684062980767,1.69144149894711,1,1.55048962531266,-1.7925266743217,1.20087854687703
0.249227859934755,6.14580813560251,6,7.27906238899933,-0.349516968851756,4.76369671708059
0.851141962366517,7.45317149009533,8,8.58325305256722,1.14838364979984,8.01465673281057
-0.301069155226353,4.86269921030198,4,5.8551579449705,-0.594241073515422,4.19673606236887
-0.301069155226353,4.86269921030198,4,5.8551579449705,-0.485120669973562,4.44957326821359
0.294942012423609,6.25031285768962,6,7.38730321351512,-0.0630830699865312,5.42960816589988
1.71954729863576,8.85137646012049,10,10,2.00490492675257,9.14806722616613
0.586231973997287,6.89946639054063,7,8.04168528410478,-0.359747825404639,4.7399691662741
-1.60949966852091,1.6607494033029,1,1.50766321368233,-1.91286312272961,0.959527698811036
-0.0607433417453693,5.4260379571232,6,6.5051133040821,-0.0783546140198415,5.3940965166762
-0.301069155226353,4.86269921030198,4,5.8551579449705,-0.0940243383638294,5.35764986788894
0.472227870890714,6.64938850799629,7,7.7928638793223,0.436463650301832,6.57320542573377
-0.0737624140340306,5.3955393966044,6,6.47105323759129,0.548302101031284,6.81989111069371
0.540373147130337,6.79958587580629,8,7.94272705132063,0.0649451110772819,5.72669971888698
-1.60949966852091,1.6607494033029,1,1.50766321368233,-1.37868525990801,2.2267066597651
-0.737699706251775,3.84452513434956,3,4.54679858818687,-0.668110910837927,4.02475879434322
-0.04597301132529,5.46062557093049,5,6.54360008205097,0.21290783481401,6.06753460219414
-0.495052079039003,4.41008995611005,4,5.29571218008262,-1.20789060646499,2.68405346326003
1.26460638485041,8.20997764087302,9,9.32500914786692,1.47716692581913,8.53640284228217
0.542290823845633,6.80378265309963,7,7.94689574453637,0.694577789887934,7.13372417743945
0.246227186021216,6.13892910252213,6,7.27190489240329,0.0284679275650349,5.64220027998756
0.858060207010219,7.46701297743401,8,8.5967043375146,0.494834376214242,6.70259301729297
0.249227859934755,6.14580813560251,6,7.27906238899933,0.53642073176335,6.79393353254695
-0.846394596750483,3.58740996509858,4,4.19225880192631,-0.984461886992295,3.26265334144324
0.490935522363066,6.69082126841918,7,7.83433946067148,0.622060520492196,6.97953561645441
0.592520695726839,6.91308278994091,7,8.05513656905216,0.665155420549532,7.07151924747781
-1.60949966852091,1.6607494033029,1,1.50766321368233,-1.93920731743393,0.911343411644842
1.22003050865431,8.1359089809732,9,9.25108640810426,1.79433459138444,8.93607189902137
-0.570895732955109,4.23370483959362,4,5.06775757510589,-1.01905581250886,3.17538098636882
-2.14742984530952,0.639887316922247,0,0,-2.19082319088901,0.538628964167461
0.515152259501793,6.74423432648333,7,7.88765341889071,1.5759843187519,8.67176188392513
0.967110172222574,7.68034396310388,8,8.8040501609479,0.655242690521182,7.05045087256661
0.0569435325023238,5.7010592708761,6,6.80724866708381,0.678463374331127,7.09971672397213
0.851141962366517,7.45317149009533,8,8.58325305256722,1.13907259037817,7.99832804988113
0.249227859934755,6.14580813560251,6,7.27906238899933,1.08841970663372,7.90807898947561
0.576502840575381,6.87836176642635,7,8.02081848429903,0.934446669006204,7.61970874254924
-1.17361913416288,2.77691302702518,2,3.05815283899499,-1.02237411383176,3.16696202109685
0.472227870890714,6.64938850799629,7,7.7928638793223,-0.34103578588363,4.78337080143811
-0.0306078615600133,5.49658875259346,5,6.58346275532282,0.768259446734692,7.28720913683239
-0.515347334040122,4.36287868933125,4,5.23524072526734,-0.521375766319069,4.36564018957311
1.26460638485041,8.20997764087302,9,9.32500914786692,1.79272260328783,8.93429130300521
0.481509261633539,6.66996267405657,7,7.81347266086573,1.13437866837613,7.99006537954696
-0.48347727934103,4.43702344634158,4,5.33003026483575,-0.933898955326138,3.38859468757544
1.26460638485041,8.20997764087302,9,9.32500914786692,0.959886698446272,7.66874397013892
-0.0511424732550938,5.44852201327419,5,6.53014879710359,-0.395796151437738,4.65640969590937
-0.0306078615600133,5.49658875259346,5,6.58346275532282,0.100334688171623,5.80852839705621
-0.737699706251775,3.84452513434956,3,4.54679858818687,-0.503740689466822,4.40647003183859
0.247479866991626,6.14180114776805,7,7.27489369578359,0.616853021090324,6.96835333286606
0.620960188832158,6.97440675994234,7,8.11560802386744,0.149168039308201,5.92114959615636
0.515152259501793,6.74423432648333,7,7.88765341889071,0.218829288163091,6.08109367404508
-0.757825856819461,3.79721909706604,4,4.48205728302381,-0.497677848527702,4.42050532441463
0.840577607581379,7.43196756588932,8,8.56264427102379,2.03585029914507,9.17591679708696
0.499541941114457,6.70983284506618,7,7.85333533413758,0.688016198911155,7.119895028912
-1.60949966852091,1.6607494033029,1,1.50766321368233,-1.29818326719244,2.44268149707735
0.620960188832158,6.97440675994234,7,8.11560802386744,0.723719639240335,7.19483271168783
0.246227186021216,6.13892910252213,6,7.27190489240329,0.197069863117285,6.03123325705876
0.878670265402023,7.50803734403149,8,8.63656701078645,1.83179230343551,8.97675444839885
1.71954729863576,8.85137646012049,10,10,2.15819266906513,9.2783017130293
1.71954729863576,8.85137646012049,10,10,2.27674659671726,9.36646073005563
0.592520695726839,6.91308278994091,7,8.05513656905216,0.536622626272599,6.79437514665491
0.542290823845633,6.80378265309963,7,7.94689574453637,0.448306743913609,6.59956234589761
0.592520695726839,6.91308278994091,7,8.05513656905216,1.31608084114914,8.29434430628412
-0.737699706251775,3.84452513434956,3,4.54679858818687,-0.312214902354121,4.85025762925054
-0.301069155226353,4.86269921030198,4,5.8551579449705,0.136088859589151,5.89102241203862
-1.60949966852091,1.6607494033029,1,1.50766321368233,-1.38882918782876,2.19956259508507
-2.14742984530952,0.639887316922247,0,0,-1.01922720505054,3.17494634518237
0.574563023464036,6.87414826842048,8,8.01664979108329,-0.17091011984246,5.17875479448711
-0.0889375025670432,5.35997808403329,6,6.43119056431944,-0.43142196334191,4.57388892059466
-0.515347334040122,4.36287868933125,4,5.23524072526734,-0.83550488768561,3.62853061804777
1.23237061703657,8.15660858681269,9,9.27169518964769,0.655071276145481,7.05008607020636
-0.966587427432202,3.29691331079787,3,3.7864576493473,-1.04014602645283,3.12173084302705
-0.109794222448249,5.31108520439177,5,6.37611693188952,-0.357284029834357,4.7456827100352
0.524565355246269,6.76492661794119,7,7.90826220043414,1.28139959726938,8.23878279016679
-0.329093538799232,4.79713543320016,5,5.77634213338719,-0.599698226307807,4.18406430155282
-0.568250487552039,4.23985621795833,4,5.07579954164049,-1.06385823172022,3.06101297503728
-0.737699706251775,3.84452513434956,3,4.54679858818687,-0.485947059623903,4.44766034092889
-2.14742984530952,0.639887316922247,0,0,-2.05794529639834,0.715833422055763
1.36041191794248,8.36249140310666,9,9.47904101308099,1.19782694385191,8.09997958504047
0.542290823845633,6.80378265309963,7,7.94689574453637,0.661123829064535,7.06295717632555
-0.48347727934103,4.43702344634158,4,5.33003026483575,-1.13450210285915,2.87773909563444
0.286189027990291,6.23034729640166,6,7.36669443197169,0.63874929718436,7.0152760381484
1.36041191794248,8.36249140310666,9,9.47904101308099,0.996877708397715,7.73908798886166
-0.04597301132529,5.46062557093049,5,6.54360008205097,-0.253483422485141,4.98669710425497
1.22003050865431,8.1359089809732,9,9.25108640810426,1.67407560623478,8.79633659400853
0.967110172222574,7.68034396310388,8,8.8040501609479,1.53078367072662,8.61108346885369
1.36041191794248,8.36249140310666,9,9.47904101308099,0.255692368594239,6.16533285524656
1.71954729863576,8.85137646012049,10,10,1.18175010614409,8.07249386254028
-0.301069155226353,4.86269921030198,4,5.8551579449705,-0.346387562582333,4.77095563863381
-0.570895732955109,4.23370483959362,4,5.06775757510589,-0.215032606302636,5.07610562249953
0.927697007815168,7.60432165893067,8,8.73012742118524,0.903372653227824,7.55910913432726
-0.737699706251775,3.84452513434956,3,4.54679858818687,-0.149132856749101,5.22942875859263
-0.0306078615600133,5.49658875259346,5,6.58346275532282,-0.268961466942862,4.95072344841779
-0.48347727934103,4.43702344634158,4,5.33003026483575,-0.623000075273472,4.12990531023333
0.294942012423609,6.25031285768962,6,7.38730321351512,-0.0916794074176521,5.36310451172427
-0.0306078615600133,5.49658875259346,5,6.58346275532282,-0.677844392636282,4.00200766913256
-0.227736973686993,5.03448854093441,5,6.05833507518806,0.293552769809837,6.25152084385007
0.858060207010219,7.46701297743401,8,8.5967043375146,1.25273415620777,8.19195067597801
-0.570895732955109,4.23370483959362,4,5.06775757510589,-0.456115917704257,4.51671502261875
-0.737699706251775,3.84452513434956,3,4.54679858818687,-0.868490292845709,3.54880137099448
0.567673771859341,6.85916913508252,7,8.00182261083293,0.88665650786772,7.52619712033291
1.71954729863576,8.85137646012049,10,10,2.37598417465212,9.43256190956785
0.475448155678996,6.65653097420804,7,7.80002137591834,0.442056921599706,6.58565971164301
0.567673771859341,6.85916913508252,7,8.00182261083293,1.08783991901794,7.90703225550256
0.602181874834474,6.93396212896296,7,8.07574535059559,0.882547360652296,7.51807384619098
0.24059527082913,6.12601179724162,6,7.2584536074559,1.08245817595484,7.89730155340162
-1.44746682022832,2.06655645876039,2,2.07144861223167,-1.59525535508358,1.66167676056079
0.254874476951082,6.15874672244797,6,7.29251367394671,0.0292816604806838,5.6440868221434
-0.48347727934103,4.43702344634158,4,5.33003026483575,-0.671143838915732,4.01767233224139
-0.737699706251775,3.84452513434956,3,4.54679858818687,-0.622848623716449,4.13025761324109
0.829923817547013,7.41050231725914,8,8.54177747121804,1.47958775998481,8.53983815027647
-0.495052079039003,4.41008995611005,4,5.29571218008262,-0.305754479651438,4.86525714618878
0.0358829475425118,5.6519555648465,6,6.75393470886457,-0.358983511779169,4.74174157460195
0.524565355246269,6.76492661794119,7,7.90826220043414,0.462530999177077,6.63114959977538
-0.737699706251775,3.84452513434956,3,4.54679858818687,-1.37762424222071,2.22954749299015
0.820262271709285,7.39096606457045,8,8.52278159775194,1.53551598514517,8.61753379319961
0.567673771859341,6.85916913508252,7,8.00182261083293,0.564310848131567,6.85476387260396
0.271665027196098,6.19717108404936,6,7.33237634721856,0.0573667430166556,5.70915654735851
0.792520569254532,7.33450676775282,8,8.46785473145539,-0.0239924349474575,5.52045375197146
0.185241657813729,5.998647458439,6,7.12503052378526,0.183975553293048,6.00118313774595
0.271665027196098,6.19717108404936,6,7.33237634721856,0.717764003500771,7.18238599474871
0.620960188832158,6.97440675994234,7,8.11560802386744,-0.354663124752267,4.75176095651536
0.959892469497417,7.66651662938738,8,8.79059887600052,1.06417106859086,7.86404031439121
1.26460638485041,8.20997764087302,9,9.32500914786692,0.76242602169284,7.27518310303486
-0.0737624140340306,5.3955393966044,6,6.47105323759129,-0.293700062092335,4.89325057717343
-0.109794222448249,5.31108520439177,5,6.37611693188952,-0.0892285938906884,5.36880527583885
-0.0475759075937006,5.45687282729399,6,6.53943138883523,-0.794222232195444,3.72742630708979
1.36041191794248,8.36249140310666,9,9.47904101308099,1.84432726673711,8.99007399442352
0.540373147130337,6.79958587580629,8,7.94272705132063,0.974018687125917,7.6957533947264
-0.48347727934103,4.43702344634158,4,5.33003026483575,-0.284016690361164,4.91574337819392
-0.48347727934103,4.43702344634158,4,5.33003026483575,-0.434117948369863,4.56764609446707
0.499541941114457,6.70983284506618,7,7.85333533413758,0.18889934383204,6.01248661088256
-2.14742984530952,0.639887316922247,0,0,-1.89461477266235,0.993909744123419
0.294942012423609,6.25031285768962,6,7.38730321351512,-0.319455003864584,4.83345061698694
-0.501983114713049,4.39396502342342,4,5.27510339853919,-0.83434184980681,3.63132982012909
-1.41259874358695,2.15653517220487,2,2.1961053507628,-1.31200046595138,2.405596176396
0.271665027196098,6.19717108404936,6,7.33237634721856,0.31534182815625,6.3009576167219
0.286189027990291,6.23034729640166,6,7.36669443197169,0.512738356869542,6.74200784876169
0.154961527267157,5.92868739763336,6,7.0511077840226,-0.572612282477,4.24692210347155
1.36041191794248,8.36249140310666,9,9.47904101308099,1.92717098807324,9.07446406009448
0.847468130331882,7.44580689485297,8,8.57609555597118,1.01478627710984,7.77272707499391
0.524565355246269,6.76492661794119,7,7.90826220043414,0.831328404168296,7.41576104822416
1.25643008151849,8.19653788245115,9,9.31155786291953,-0.143803920752102,5.24182897084215
-0.022637311617515,5.51523665525912,5,6.60407153686625,-0.694488105323729,3.96304228240885
1.71954729863576,8.85137646012049,10,10,1.61597697880498,8.72372025192052
0.341367474194451,6.35583441056594,7,7.49569080416427,-0.542647500120355,4.31637376903721
-1.17361913416288,2.77691302702518,2,3.05815283899499,-0.780424346507889,3.76028027295783
1.26460638485041,8.20997764087302,9,9.32500914786692,0.777595969779556,7.3064103401034
0.246227186021216,6.13892910252213,6,7.27190489240329,-0.896056828546818,3.48163864537458
1.26460638485041,8.20997764087302,9,9.32500914786692,2.15707349918506,9.27741910655921
-1.19084344088244,2.73260034221067,2,2.99630896287422,-1.53232151336844,1.82154841759724
0.938623422359679,7.62552296521382,8,8.75073620272867,0.489557931817304,6.69095188678522
1.19962730879912,8.10135956640896,9,9.21676832335113,1.78490905230141,8.92562537612651
1.26460638485041,8.20997764087302,9,9.32500914786692,1.16608846942912,8.04547859263355
0.927697007815168,7.60432165893067,8,8.73012742118524,1.18036342470957,8.07011143751904
1.19962730879912,8.10135956640896,9,9.21676832335113,1.02704136028511,7.79558705430144
-0.0511424732550938,5.44852201327419,5,6.53014879710359,-0.0211851700731057,5.52697415296798
-0.301069155226353,4.86269921030198,4,5.8551579449705,-0.0938791414867071,5.35798762122777
-1.02650027560836,3.14904138124919,3,3.579111825914,-1.40860117747541,2.14675272180747
1.71954729863576,8.85137646012049,10,10,2.56255104764384,9.53980876709371
0.967110172222574,7.68034396310388,8,8.8040501609479,1.30567039934685,8.27779312128543
0.878670265402023,7.50803734403149,8,8.63656701078645,0.791005313764508,7.33388561869078
-0.227736973686993,5.03448854093441,5,6.05833507518806,-1.0508048687543,3.09448932142616
0.938623422359679,7.62552296521382,8,8.75073620272867,1.46938421479532,8.52531803528723
-0.00932369848087768,5.54637233454871,5,6.63838962161938,0.179605385111807,5.99114677047227
-0.314782984019555,4.8306083908376,5,5.81667116700163,-0.233879057584449,5.03227572928346
-0.737699706251775,3.84452513434956,3,4.54679858818687,-0.321765625545763,4.82808740245626
0.475448155678996,6.65653097420804,7,7.80002137591834,0.262039379346729,6.17980589432106
0.542290823845633,6.80378265309963,7,7.94689574453637,0.378902705369797,6.44440379158261
-0.301069155226353,4.86269921030198,4,5.8551579449705,0.725590574698359,7.19873828079977
0.802895791564057,7.35568466505492,8,8.48846351299881,0.427769643881978,6.55382444657415
-0.336218194860719,4.7804762185194,5,5.75619971218636,-0.173033901227601,5.17381311484634
1.26460638485041,8.20997764087302,9,9.32500914786692,1.68069633827466,8.80439806886766
0.851141962366517,7.45317149009533,8,8.58325305256722,-0.0709596043199145,5.41129370183511
1.23237061703657,8.15660858681269,9,9.27169518964769,1.79297963928617,8.93457538984635
1.22003050865431,8.1359089809732,9,9.25108640810426,1.49936944204325,8.56768464352178
-0.570895732955109,4.23370483959362,4,5.06775757510589,-0.0470800736632938,5.46680912665204
-1.46485651571286,2.02192601939593,2,2.0096047361109,-1.2939715055747,2.45398237787921
-0.570895732955109,4.23370483959362,4,5.06775757510589,-0.0215755206907062,5.52606752283723
-0.519844456469949,4.35241932222546,4,5.22178944031996,-0.521206966304187,4.36603105426393
0.263653123264626,6.17884553762695,6,7.31338047375246,0.360605262871133,6.40323297601818
-1.60949966852091,1.6607494033029,1,1.50766321368233,-1.69094540510881,1.42935804752376
-2.14742984530952,0.639887316922247,0,0,-1.55906127356905,1.75303903955511
0.823078699460506,7.39666790310474,8,8.52832618627066,2.21979415235946,9.32540901044271
1.19962730879912,8.10135956640896,9,9.21676832335113,1.86656718064894,9.01334629715891
1.36041191794248,8.36249140310666,9,9.47904101308099,0.627135458167198,6.99041961550192
1.25643008151849,8.19653788245115,9,9.31155786291953,1.56703308763618,8.65991059949323
-1.19084344088244,2.73260034221067,2,2.99630896287422,-1.32604540169699,2.3678907853742
-0.519844456469949,4.35241932222546,4,5.22178944031996,-0.456124212890045,4.51669581914609
-2.14742984530952,0.639887316922247,0,0,-1.84561536716005,1.09021659731926
-1.40066688476658,2.18744761738488,2,2.23893176239312,-1.59525765071133,1.66167102020735
-0.0306078615600133,5.49658875259346,5,6.58346275532282,-0.635364348961879,4.10112933021229
-1.19084344088244,2.73260034221067,2,2.99630896287422,-0.752842731785045,3.82568474714617
1.71954729863576,8.85137646012049,10,10,1.07729786549352,7.88794646286573
-0.737699706251775,3.84452513434956,3,4.54679858818687,-0.967461482999888,3.30520992324841
-0.555184000454783,4.27024024411411,4,5.11542578767436,-0.336873732697337,4.79302712652395
0.792520569254532,7.33450676775282,8,8.46785473145539,1.49531206398981,8.56200576929727
-0.302557264857484,4.85921636135327,5,5.85098925175476,-0.0215830185564032,5.52605010815616
-1.60949966852091,1.6607494033029,1,1.50766321368233,-1.50204612861412,1.90001777256147
-0.00932369848087768,5.54637233454871,5,6.63838962161938,-0.0215528384407862,5.52612020502517
0.199392061803599,6.03127375918886,6,7.1593486085384,0.425856685006489,6.54955639255019
1.71954729863576,8.85137646012049,10,10,2.14895749686513,9.27098955127835
-1.17361913416288,2.77691302702518,2,3.05815283899499,-1.63425333299788,1.56524814343058
1.25643008151849,8.19653788245115,9,9.31155786291953,0.415816856518983,6.52713517437609
0.263653123264626,6.17884553762695,6,7.31338047375246,0.55825924366508,6.84159528173335
-0.570895732955109,4.23370483959362,4,5.06775757510589,-0.357281492906818,4.74568859334344
-1.22901086730042,2.63398180765183,2,2.85884898209629,-1.55334227793731,1.76762351088425
-1.17361913416288,2.77691302702518,2,3.05815283899499,-1.72017722118466,1.36151131301769
1.26460638485041,8.20997764087302,9,9.32500914786692,1.73025416091348,8.86336693172212
0.294942012423609,6.25031285768962,6,7.38730321351512,0.648020662153497,7.03506699931516
-0.0306078615600133,5.49658875259346,5,6.58346275532282,-0.677643647512696,4.00247715355499
0.595872448722802,6.92033185932411,7,8.0622940656482,1.0141222693041,7.77148474626338
-0.595344784378883,4.176840517344,4,4.99311045673831,-0.647971997154284,4.07175516104558
-0.737699706251775,3.84452513434956,3,4.54679858818687,-0.838951017534746,3.62023180597282
-0.519844456469949,4.35241932222546,4,5.22178944031996,-0.569850553153741,4.25332647735536
0.938623422359679,7.62552296521382,8,8.75073620272867,0.24294271219303,6.13623169075782
-0.302557264857484,4.85921636135327,5,5.85098925175476,0.0859188639881322,5.77521541980362
-1.19084344088244,2.73260034221067,2,2.99630896287422,-1.54341037101187,1.79304111797365
-0.830281695381916,3.62580798303989,4,4.24557276014555,-1.09545724717554,2.97946186785094
-0.950557257542345,3.3361136931132,3,3.84138451564386,-1.41919226049096,2.11852856837629
-0.737699706251775,3.84452513434956,3,4.54679858818687,-0.401272092469181,4.6437221894644
-1.59684062980767,1.69144149894711,1,1.55048962531266,-2.71022043369944,0.172180457049904
-0.022637311617515,5.51523665525912,5,6.60407153686625,0.445056116142821,6.59233317186152
0.515152259501793,6.74423432648333,7,7.88765341889071,0.274292224679289,6.20771878085
-0.247132989628093,4.98902475200715,5,6.00502111696883,-0.74762795361091,3.83801280016584
-0.48347727934103,4.43702344634158,4,5.33003026483575,-0.608307528230578,4.16406435670098
-0.022637311617515,5.51523665525912,5,6.60407153686625,-0.293592276560478,4.89350091752107
0.909605301325165,7.56900870781654,8,8.69580933643211,1.13568376324206,7.99236480754515
-0.575102566980359,4.22392177147174,4,5.05495433285909,-1.14994627524282,2.83723098157723
0.967110172222574,7.68034396310388,8,8.8040501609479,1.2470939153335,8.18263981887269
0.820262271709285,7.39096606457045,8,8.52278159775194,-0.0147213922097998,5.54198538111168
0.475448155678996,6.65653097420804,7,7.80002137591834,-0.0705275119436904,5.41229846961946
-0.262146148024906,4.95384580301628,5,5.96354553561966,-1.16005260370681,2.81064560444638
-0.262146148024906,4.95384580301628,5,5.96354553561966,0.4384127078375,6.57754659690197
0.858060207010219,7.46701297743401,8,8.5967043375146,0.673048355021466,7.08825530288297
0.858060207010219,7.46701297743401,8,8.5967043375146,1.1520515455379,8.02106655148485
1.36041191794248,8.36249140310666,9,9.47904101308099,0.619345777358643,6.97370789314305
0.620960188832158,6.97440675994234,7,8.11560802386744,0.548302101031284,6.81989111069371
-0.0475759075937006,5.45687282729399,6,6.53943138883523,-0.0215755206907062,5.52606752283723
-1.61514499008094,1.64713119736915,1,1.48864574919188,-1.37166550410854,2.24550704813818
-0.501983114713049,4.39396502342342,4,5.27510339853919,-0.607140516121164,4.16677605529042
1.71954729863576,8.85137646012049,10,10,1.99861559398047,9.14230743349105
-0.570895732955109,4.23370483959362,4,5.06775757510589,-0.629585561389238,4.11458222443854
0.576502840575381,6.87836176642635,7,8.02081848429903,0.445640188962606,6.59363239784336
1.22003050865431,8.1359089809732,9,9.25108640810426,1.14900271782095,8.01573947754874
0.620960188832158,6.97440675994234,7,8.11560802386744,0.0772444955866545,5.75515689452605
0.576502840575381,6.87836176642635,7,8.02081848429903,0.812779448046845,7.37823873926201
0.823078699460506,7.39666790310474,8,8.52832618627066,1.5079812109931,8.57968220854124
1.36041191794248,8.36249140310666,9,9.47904101308099,0.737443741637832,7.22343111503635
-0.495052079039003,4.41008995611005,4,5.29571218008262,-0.203311255739257,5.10337066788531
-1.60949966852091,1.6607494033029,1,1.50766321368233,-1.64635825941611,1.53578468011142
0.154961527267157,5.92868739763336,6,7.0511077840226,-0.044615634463244,5.47253682700929
-1.19084344088244,2.73260034221067,2,2.99630896287422,-1.79520078853871,1.19515312673021
-0.301069155226353,4.86269921030198,4,5.8551579449705,-1.10148278485692,2.96383077133908
1.22003050865431,8.1359089809732,9,9.25108640810426,0.593942611043277,6.91899186249643
-0.737699706251775,3.84452513434956,3,4.54679858818687,-1.1492529647317,2.83905256814452
-1.03561633000945,3.1263505094936,3,3.54729111917675,-0.497311677279559,4.42135297980068
-0.0511424732550938,5.44852201327419,5,6.53014879710359,-0.891975333707695,3.49161462722876
1.71954729863576,8.85137646012049,10,10,0.975477848577356,7.69853271497048
-1.03195080875761,3.13548050219849,3,3.56009436142356,-0.529856666330919,4.34600070952921
-0.301069155226353,4.86269921030198,4,5.8551579449705,-0.599552418492337,4.18440292821423
0.829923817547013,7.41050231725914,8,8.54177747121804,0.845538263103408,7.44433947984038
0.294942012423609,6.25031285768962,6,7.38730321351512,0.500544039069874,6.71517708280623
0.840577607581379,7.43196756588932,8,8.56264427102379,0.675751882738079,7.09397968288638
0.878670265402023,7.50803734403149,8,8.63656701078645,1.07957978453528,7.89208632176438
-0.0737624140340306,5.3955393966044,6,6.47105323759129,1.41023853539621,8.43904995771896
0.851141962366517,7.45317149009533,8,8.58325305256722,0.588219578636468,6.90662021892549
-2.14742984530952,0.639887316922247,0,0,-2.83816818124157,0.13209047061432
0.927697007815168,7.60432165893067,8,8.73012742118524,0.882817225658042,7.5186077308131
0.840577607581379,7.43196756588932,8,8.56264427102379,0.669966343226107,7.08172445173222
-0.022637311617515,5.51523665525912,5,6.60407153686625,0.740981288811986,7.23078354719563
-0.301069155226353,4.86269921030198,4,5.8551579449705,0.361348805107565,6.40490802673146
-0.301069155226353,4.86269921030198,4,5.8551579449705,-0.0447243156232902,5.47228424400803
-1.19084344088244,2.73260034221067,2,2.99630896287422,-1.34812525029586,2.30862633000275
0.249227859934755,6.14580813560251,6,7.27906238899933,0.318021868527075,6.30702951176186
0.294942012423609,6.25031285768962,6,7.38730321351512,0.125850993393674,5.86742082410449
-1.83902507766838,1.1498868791728,1,0.783231676648875,-2.03778586636754,0.746517196095586
1.25643008151849,8.19653788245115,9,9.31155786291953,1.13018161195896,7.98265979934753
-0.793431761642879,3.71322227190331,3,4.36651219577862,-0.588091206033147,4.211011553809
0.176772552658878,5.97909952316537,6,7.10442174224184,0.761989097896321,7.27428145537366
-0.48347727934103,4.43702344634158,4,5.33003026483575,-0.349359149405912,4.76406277954204
0.497027359199891,6.70428140855856,7,7.84779074561886,0.664540117283393,7.07021308998058
-0.495052079039003,4.41008995611005,4,5.29571218008262,-0.334153424219994,4.7993390031625
1.71954729863576,8.85137646012049,10,10,1.54258226966408,8.62712287955973
0.185241657813729,5.998647458439,6,7.12503052378526,0.433472504121052,6.56654051982443
0.959892469497417,7.66651662938738,8,8.79059887600052,1.16694431562653,8.04696094249555
0.497027359199891,6.70428140855856,7,7.84779074561886,0.415967563672778,6.52747199729223
-0.04597301132529,5.46062557093049,5,6.54360008205097,0.591037128861284,6.91271302044736
-0.48347727934103,4.43702344634158,4,5.33003026483575,-0.255599164556091,4.98177911918024
-0.0511424732550938,5.44852201327419,5,6.53014879710359,-0.272015805732588,4.94362594740168
1.26460638485041,8.20997764087302,9,9.32500914786692,1.51582864822107,8.59054888165292
-0.00932369848087768,5.54637233454871,5,6.63838962161938,-0.183460441866851,5.1495531684612
0.602181874834474,6.93396212896296,7,8.07574535059559,0.89930685334509,7.55112395968281
-0.950557257542345,3.3361136931132,3,3.84138451564386,-1.22345534976201,2.64263151513463
0.46618498524514,6.63597419392793,7,7.77941259437492,0.731813356600679,7.21171268813816
0.878670265402023,7.50803734403149,8,8.63656701078645,0.667480386486994,7.07645272981971
-0.512187710302294,4.37022768422561,5,5.24468017812926,-1.05473069191756,3.08443449928752
-0.109794222448249,5.31108520439177,5,6.37611693188952,-0.629544503646322,4.11467778269601
0.199392061803599,6.03127375918886,6,7.1593486085384,0.296682485273356,6.25862948784308
-0.331406462815973,4.79172682478514,5,5.76980785826402,-0.948196881451805,3.35317344516996
1.36041191794248,8.36249140310666,9,9.47904101308099,1.29282294603311,8.2572170947452
-0.314782984019555,4.8306083908376,5,5.81667116700163,0.32480828660311,6.32239596346963
0.490935522363066,6.69082126841918,7,7.83433946067148,2.08295076201883,9.21676792826624
0.472227870890714,6.64938850799629,7,7.7928638793223,0.283945712024177,6.22968427048117
-1.3957567346532,2.20018325945938,2,2.25657680557807,-0.935233483316474,3.38529486283527
-0.00926665063717429,5.54650571228798,6,6.63853638775274,-0.638800062941324,4.09312789101317
-0.28134759259472,4.90887013982555,5,5.91023157740042,-0.294189136219905,4.89211467184721
-0.570895732955109,4.23370483959362,4,5.06775757510589,-0.690109002945676,3.97330239651972
0.490935522363066,6.69082126841918,7,7.83433946067148,0.849219503081178,7.45171917510479
-0.262146148024906,4.95384580301628,5,5.96354553561966,-0.459788966487221,4.50821197786115
0.254874476951082,6.15874672244797,6,7.29251367394671,0.102041857009828,5.81247154047561
-0.501983114713049,4.39396502342342,4,5.27510339853919,-0.619914321437518,4.13708250827895
-0.950557257542345,3.3361136931132,3,3.84138451564386,-1.34376853335322,2.32031718513338
0.967110172222574,7.68034396310388,8,8.8040501609479,1.06855855480742,7.87204798178079
-0.827696342206071,3.63195864218653,4,4.25410267804709,-0.738248927203271,3.86015707137446
0.481509261633539,6.66996267405657,7,7.81347266086573,0.731672401433983,7.21141906566818
-0.301069155226353,4.86269921030198,4,5.8551579449705,-0.530145407710624,4.34533200488144
-0.301069155226353,4.86269921030198,4,5.8551579449705,-0.503784216648056,4.40636926521445
-0.570895732955109,4.23370483959362,4,5.06775757510589,-0.49514476712391,4.42636915392737
0.551789325196849,6.82454451464214,7,7.96750452607979,0.343909106753633,6.36557613768413
-0.570895732955109,4.23370483959362,4,5.06775757510589,-0.913265926314564,3.43945062441821
-0.04597301132529,5.46062557093049,5,6.54360008205097,0.044255542746547,5.67878998601953
-0.00932369848087768,5.54637233454871,5,6.63838962161938,-0.331835059963691,4.80471858418394
0.185241657813729,5.998647458439,6,7.12503052378526,0.157472172570591,5.94026287519455
-0.950557257542345,3.3361136931132,3,3.84138451564386,-1.07918865463722,3.02153752766461
0.286189027990291,6.23034729640166,6,7.36669443197169,0.472072815209805,6.65229547549703
0.263653123264626,6.17884553762695,6,7.31338047375246,0.341642291866924,6.36045715885206
0.574563023464036,6.87414826842048,8,8.01664979108329,0.542566132191674,6.80736751205844
-1.17361913416288,2.77691302702518,2,3.05815283899499,-0.687058769517238,3.9804455698914
-0.737699706251775,3.84452513434956,3,4.54679858818687,-0.684863933151537,3.98558382518077
-0.582312081143229,4.20715485385826,4,5.03297313001016,-0.835038370806774,3.62965352682414
0.592520695726839,6.91308278994091,7,8.05513656905216,0.607182875352733,6.94755108429194
0.524565355246269,6.76492661794119,7,7.90826220043414,0.42836943293139,6.55516238477379
-0.737699706251775,3.84452513434956,3,4.54679858818687,-0.9300463501855,3.3981136279619
-0.301069155226353,4.86269921030198,4,5.8551579449705,0.307950537733195,6.28420181468072
-0.501983114713049,4.39396502342342,4,5.27510339853919,-0.588486386909098,4.21009437902528
0.271665027196098,6.19717108404936,6,7.33237634721856,0.149535877561551,5.92199648208508
1.26460638485041,8.20997764087302,9,9.32500914786692,1.48006865056614,8.54051984798811
0.223961012697368,6.08781364196072,6,7.21859093418405,1.23687563072483,8.16569146529702
-1.60949966852091,1.6607494033029,1,1.50766321368233,-1.69778281131814,1.41334610591827
1.36041191794248,8.36249140310666,9,9.47904101308099,1.02776433233238,7.7969315597641
-0.737699706251775,3.84452513434956,3,4.54679858818687,-0.655564590380271,4.05404847194917
-0.0306078615600133,5.49658875259346,5,6.58346275532282,0.831524681688875,7.41615678650655
-0.737699706251775,3.84452513434956,3,4.54679858818687,-0.529392069703045,4.34707667405779
0.595872448722802,6.92033185932411,7,8.0622940656482,0.72047504677251,7.1880545213763
-0.109794222448249,5.31108520439177,5,6.37611693188952,-0.0493167243227924,5.46161054872077
0.792520569254532,7.33450676775282,8,8.46785473145539,0.497885920586547,6.70932027560373
-0.04597301132529,5.46062557093049,5,6.54360008205097,0.250023156588416,6.15239744769471
1.25643008151849,8.19653788245115,9,9.31155786291953,1.17005706592984,8.05234640530383
-1.45950180201603,2.03564905731787,2,2.02862220060135,-0.723826725871911,3.89414079527394
1.71954729863576,8.85137646012049,10,10,3.49300104448509,9.84212941767599
-0.737699706251775,3.84452513434956,3,4.54679858818687,-1.26367230257423,2.53519725436979
-0.737699706251775,3.84452513434956,3,4.54679858818687,-0.0837270864458963,5.38160146520644
0.263653123264626,6.17884553762695,6,7.31338047375246,0.0475254270868531,5.68636506977003
-1.095400115208,2.9762963161312,3,3.33698155738498,-0.909860940170615,3.44781421802812
-0.737699706251775,3.84452513434956,3,4.54679858818687,0.290989026360389,6.24569583088757
-0.340967679131034,4.76937288026869,5,5.74274842723897,-0.497309672372139,4.42135762098582
1.71954729863576,8.85137646012049,10,10,0.600168420650047,6.93243189441992
-1.59684062980767,1.69144149894711,1,1.55048962531266,-0.9300463501855,3.3981136279619
-0.00932369848087768,5.54637233454871,5,6.63838962161938,-0.677900883564101,4.00187555126568
-0.301069155226353,4.86269921030198,4,5.8551579449705,0.0500777845047079,5.69227710520175
-1.01827524277036,3.1694708186349,3,3.60776257399203,-1.44826038355321,2.04135233230831
0.199392061803599,6.03127375918886,6,7.1593486085384,0.550876235192969,6.82550646872487
-1.45950180201603,2.03564905731787,2,2.02862220060135,-1.86329118109604,1.05481437876269
0.499541941114457,6.70983284506618,7,7.85333533413758,0.414097664164021,6.52329231077404
-1.17361913416288,2.77691302702518,2,3.05815283899499,-1.20174952544132,2.70036776329818
-1.67075021624742,1.51545575703753,2,1.30419066356789,-1.56829713396161,1.72956831770454
0.515152259501793,6.74423432648333,7,7.88765341889071,0.610610820587237,6.95493070600154
0.154961527267157,5.92868739763336,6,7.0511077840226,0.305219077052715,6.27800597311863
0.620960188832158,6.97440675994234,7,8.11560802386744,0.530559452861441,6.78110497583009
1.19962730879912,8.10135956640896,9,9.21676832335113,2.30041045237722,9.38283627280277
0.223961012697368,6.08781364196072,6,7.21859093418405,0.205612547630956,6.0508197593086
-0.0306078615600133,5.49658875259346,5,6.58346275532282,-0.0517065806731439,5.45605558207492
0.295004431090761,6.25045515690401,7,7.38744997964848,0.780157860428539,7.31166890559818
-0.737699706251775,3.84452513434956,3,4.54679858818687,-0.887307720960003,3.50300943265357
-0.00932369848087768,5.54637233454871,5,6.63838962161938,-0.385153069327255,4.68107330735075
-0.570895732955109,4.23370483959362,4,5.06775757510589,-0.84935177054231,3.59514231637667
-0.247132989628093,4.98902475200715,5,6.00502111696883,-0.652721444487272,4.06068053489419
0.829923817547013,7.41050231725914,8,8.54177747121804,1.50937802349724,8.58162103992183
0.223961012697368,6.08781364196072,6,7.21859093418405,0.096126092619718,5.79880583624123
0.549865557505589,6.82034295730932,8,7.96333583286405,0.388909688111121,6.46687563860846
0.24059527082913,6.12601179724162,6,7.2584536074559,0.675940062736054,7.09437797487478
-1.17361913416288,2.77691302702518,2,3.05815283899499,-1.86400707304286,1.05339612093646
1.36041191794248,8.36249140310666,9,9.47904101308099,2.03713318912446,9.17705388924772
-0.799254292248503,3.69944503392746,3,4.34749473128817,-1.20870385065616,2.68189174705367
-1.19084344088244,2.73260034221067,2,2.99630896287422,-1.57562172672155,1.7110292513992
0.620960188832158,6.97440675994234,7,8.11560802386744,1.32665215995395,8.31103938053949
-0.515347334040122,4.36287868933125,4,5.23524072526734,-0.249930071566627,4.99495720566614
-0.737699706251775,3.84452513434956,3,4.54679858818687,-0.0786462805739606,5.39341819896184
-0.737699706251775,3.84452513434956,3,4.54679858818687,-0.874945861653954,3.53311788928097
-0.314782984019555,4.8306083908376,5,5.81667116700163,0.205029474398025,6.04948336451141
1.36041191794248,8.36249140310666,9,9.47904101308099,1.94417253804442,9.09101564929741
0.294942012423609,6.25031285768962,6,7.38730321351512,-0.844836198084049,3.6060431069755
-0.737699706251775,3.84452513434956,3,4.54679858818687,-0.351181500093106,4.75983591835511
0.199392061803599,6.03127375918886,6,7.1593486085384,0.0315524898312573,5.64935112097503
1.19962730879912,8.10135956640896,9,9.21676832335113,0.793158333790161,7.3382857527979
-0.579516336776808,4.21365699891669,4,5.0415030479117,-1.1609382223339,2.80831309177128
0.24059527082913,6.12601179724162,6,7.2584536074559,0.64174159545173,7.02166858479835
-0.48347727934103,4.43702344634158,4,5.33003026483575,-0.0154094102726651,5.54038769784878
-2.14742984530952,0.639887316922247,0,0,-2.44791636643415,0.304709705460415
-0.48347727934103,4.43702344634158,4,5.33003026483575,0.117785142938747,5.84881500129947
1.19962730879912,8.10135956640896,9,9.21676832335113,1.24070739048391,8.17205901703501
-1.41635091708374,2.14682562086553,2,2.18265406581541,-1.68821850167639,1.43576762484268
-0.570895732955109,4.23370483959362,4,5.06775757510589,-0.675799509023176,4.00678953329393
1.36041191794248,8.36249140310666,9,9.47904101308099,0.793554235456573,7.33909451467119
-0.56336048814519,4.25122734958903,5,5.09064831291519,-0.485911871704183,4.44774179400954
0.497027359199891,6.70428140855856,7,7.84779074561886,-0.482562911831605,4.45549395323931
-0.227736973686993,5.03448854093441,5,6.05833507518806,0.122881819772629,5.86057286390333
0.927697007815168,7.60432165893067,8,8.73012742118524,1.78000008378382,8.92015106108082
0.254874476951082,6.15874672244797,6,7.29251367394671,-0.0399454188610567,5.4833901111767
0.829923817547013,7.41050231725914,8,8.54177747121804,0.163003531832443,5.95298757565345
-0.570895732955109,4.23370483959362,4,5.06775757510589,-0.181811271411476,5.15339026873352
0.448346006632604,6.59628878248262,7,7.73954992110307,0.648232555699913,7.03551876807044
-1.60949966852091,1.6607494033029,1,1.50766321368233,-1.61769977342962,1.60590685570737
-1.60949966852091,1.6607494033029,1,1.50766321368233,-2.02177701512137,0.771613633609518
-0.259560032259945,4.95990481308748,5,5.9707030322157,0.506306344839864,6.72786347387039
-0.737699706251775,3.84452513434956,3,4.54679858818687,-0.874741188635906,3.53361554580595
-0.501983114713049,4.39396502342342,4,5.27510339853919,-0.451514951370659,4.52736652582116
0.847468130331882,7.44580689485297,8,8.57609555597118,0.834410866397651,7.42197277374676
-0.220209729518988,5.05213605127956,5,6.07894385673149,-0.36279972967153,4.73289225730073
-0.82361518475093,3.64166219729612,4,4.26755396299447,-1.11594564882427,2.92621058724567
0.967110172222574,7.68034396310388,8,8.8040501609479,0.505980282770017,6.72714598015797
-0.799254292248503,3.69944503392746,3,4.34749473128817,-1.21722836050227,2.65921526545261
0.586231973997287,6.89946639054063,7,8.04168528410478,0.0393091365177714,5.66732886219078
0.851141962366517,7.45317149009533,8,8.58325305256722,0.734308508959199,7.21690826097659
-1.83902507766838,1.1498868791728,1,0.783231676648875,-1.92327501099311,0.940278057203361
-0.109794222448249,5.31108520439177,5,6.37611693188952,0.0957099973870477,5.79784445384297
-0.301069155226353,4.86269921030198,4,5.8551579449705,-0.117219801070733,5.3036864610521
0.269324468589008,6.19181932480786,6,7.32683175869985,-0.28645897163169,4.91006992433246
-0.04597301132529,5.46062557093049,5,6.54360008205097,0.309732942066606,6.28824381211655
0.847468130331882,7.44580689485297,8,8.57609555597118,0.738334017061605,7.22528220605045
-0.109794222448249,5.31108520439177,5,6.37611693188952,-0.495347657882957,4.42589948538634
-0.737699706251775,3.84452513434956,3,4.54679858818687,-0.87224980386274,3.53967109769524
0.823078699460506,7.39666790310474,8,8.52832618627066,1.53078367072662,8.61108346885369
0.847468130331882,7.44580689485297,8,8.57609555597118,-0.196172381497582,5.11997814311658
0.481509261633539,6.66996267405657,7,7.81347266086573,0.329343141546952,6.3326570604911
1.26460638485041,8.20997764087302,9,9.32500914786692,2.461182852494,9.48415284557066
0.602181874834474,6.93396212896296,7,8.07574535059559,0.2764820738362,6.21270357593377
-1.87204062082227,1.08489899296516,1,0.688442137080467,-1.13574394625858,2.87448736399485
-0.737699706251775,3.84452513434956,3,4.54679858818687,-1.04588886481802,3.10706402791839
-1.60949966852091,1.6607494033029,1,1.50766321368233,-1.53713362522312,1.80916113499427
-0.109794222448249,5.31108520439177,5,6.37611693188952,-0.332396002682654,4.80341693331101
0.823078699460506,7.39666790310474,8,8.52832618627066,0.569758766718767,6.86660409714109
1.71954729863576,8.85137646012049,10,10,2.71507198989686,9.6129505630382
0.620960188832158,6.97440675994234,7,8.11560802386744,0.616357295812552,6.96728810727827
0.335569657946212,6.34269215466961,7,7.48223951921689,0.212212518166317,6.0659419738659
0.481509261633539,6.66996267405657,7,7.81347266086573,0.415966793788004,6.5274702766584
1.71954729863576,8.85137646012049,10,10,2.28059414215351,9.36915006905773
1.71954729863576,8.85137646012049,10,10,1.58447403110367,8.68292700233134
0.602181874834474,6.93396212896296,7,8.07574535059559,1.28132247807385,8.23865789599587
0.294942012423609,6.25031285768962,6,7.38730321351512,0.181608746287441,5.99574806040597
-0.960581021984919,3.31161907071143,3,3.80706643089073,-1.15635586278401,2.82037706941312
1.71954729863576,8.85137646012049,10,10,1.95468303434547,9.10111978159722
0.524565355246269,6.76492661794119,7,7.90826220043414,0.291245033255552,6.24627757317417
1.25643008151849,8.19653788245115,9,9.31155786291953,1.70964520830408,8.83913753631384
-0.0889375025670432,5.35997808403329,6,6.43119056431944,-0.441694327266642,4.55010339676742
-0.220209729518988,5.05213605127956,5,6.07894385673149,-0.0754520366763501,5.40084675303563
0.570248117263869,6.86476918606246,7,8.00736719935164,1.17190891701713,8.05554594666346
-0.301069155226353,4.86269921030198,4,5.8551579449705,-0.906701404556917,3.45556768509061
-2.14742984530952,0.639887316922247,0,0,-2.58392824027194,0.225825458577592
-0.737699706251775,3.84452513434956,3,4.54679858818687,-0.156094089105114,5.21323027538089
-1.60949966852091,1.6607494033029,1,1.50766321368233,-1.46160697084899,2.00608366412623
1.26460638485041,8.20997764087302,9,9.32500914786692,0.599989201058643,6.93204527337132
-2.14742984530952,0.639887316922247,0,0,-2.10068433506475,0.654145353228521
-0.515347334040122,4.36287868933125,4,5.23524072526734,-0.86538173615715,3.55634391249619
0.515152259501793,6.74423432648333,7,7.88765341889071,0.539842817568807,6.80141637496833
0.927697007815168,7.60432165893067,8,8.73012742118524,1.2470977927934,8.18264623056367
0.269324468589008,6.19181932480786,6,7.32683175869985,0.806263073544784,7.36499947074381
1.22003050865431,8.1359089809732,9,9.25108640810426,1.04001194985095,7.81963868147946
0.294942012423609,6.25031285768962,6,7.38730321351512,-0.149351441241151,5.22892012110559
0.185241657813729,5.998647458439,6,7.12503052378526,0.191607179631287,6.01870097247713
-0.240234785214013,5.00519220094997,5,6.02401699043493,0.0393342849485022,5.66738713915555
0.448346006632604,6.59628878248262,7,7.73954992110307,1.31076952303877,8.28591367853945
1.22003050865431,8.1359089809732,9,9.25108640810426,0.856473044648132,7.46623110064313
0.249227859934755,6.14580813560251,6,7.27906238899933,0.318648159320719,6.30844815148585
-1.44746682022832,2.06655645876039,2,2.07144861223167,-1.39784692453058,2.17545914547822
-1.60949966852091,1.6607494033029,1,1.50766321368233,-1.84589924979199,1.0896422133456
0.847468130331882,7.44580689485297,8,8.57609555597118,0.433003218974624,6.56549456086274
0.269324468589008,6.19181932480786,6,7.32683175869985,0.165350155182374,5.95838427765889
0.959892469497417,7.66651662938738,8,8.79059887600052,0.499884183344422,6.71372345192842
-0.570895732955109,4.23370483959362,4,5.06775757510589,-0.589253670257596,4.2083135359491
-0.48347727934103,4.43702344634158,4,5.33003026483575,0.0500486195045466,5.69220955425099
0.24059527082913,6.12601179724162,6,7.2584536074559,0.00571815129306571,5.5894324490656
-0.515347334040122,4.36287868933125,4,5.23524072526734,-0.479457818350752,4.46268159237541
0.490935522363066,6.69082126841918,7,7.83433946067148,-0.181439257632498,5.15425583362513
0.185241657813729,5.998647458439,6,7.12503052378526,-0.334847715186984,4.79772801447365
1.26460638485041,8.20997764087302,9,9.32500914786692,0.212507880620736,6.06661851610131
0.160451253069382,5.94138502733454,6,7.06455906896999,1.09133084227985,7.91333003461752
-0.528353140359681,4.33263136383265,5,5.19628758695587,-1.10570126405643,2.95287252876924
1.36041191794248,8.36249140310666,9,9.47904101308099,2.00155434421161,9.14500296994205
1.25643008151849,8.19653788245115,9,9.31155786291953,1.05102411843844,7.83994223642089
0.524565355246269,6.76492661794119,7,7.90826220043414,1.43951804077259,8.48220400920689
-1.60949966852091,1.6607494033029,1,1.50766321368233,-1.22999220267798,2.62520623658991
0.497027359199891,6.70428140855856,7,7.84779074561886,0.722979831273614,7.19328776959203
0.595872448722802,6.92033185932411,7,8.0622940656482,0.864426539242054,7.48209872199188
-0.966587427432202,3.29691331079787,3,3.7864576493473,-1.06689201652488,3.05321463317776
-1.40149194139875,2.18530843602964,2,2.23596802403465,-1.46768378900241,1.99006520011935
-0.570895732955109,4.23370483959362,4,5.06775757510589,-0.962959810092428,3.316442533336
-2.14742984530952,0.639887316922247,0,0,-2.09700544911637,0.659276985164825
-0.314782984019555,4.8306083908376,5,5.81667116700163,-0.165554898909818,5.19121569030847
0.515152259501793,6.74423432648333,7,7.88765341889071,0.874885422651197,7.50289286449822
0.154961527267157,5.92868739763336,6,7.0511077840226,0.0859637355934344,5.77531915511005
-1.04419951987609,3.10493962588865,3,3.51726794979323,-1.88207715548439,1.01800340355009
0.927697007815168,7.60432165893067,8,8.73012742118524,0.747463491256745,7.2442355486585
-0.737699706251775,3.84452513434956,3,4.54679858818687,-0.701489416106736,3.94662594719481
-1.1789197412052,2.76329023238899,2,3.03913537450454,-1.3955653562614,2.18155491462897
0.30963252904679,6.28377270425786,7,7.42176806440161,1.00156390109502,7.74791702026436
0.840577607581379,7.43196756588932,8,8.56264427102379,1.56063141580755,8.6513849631265
0.254874476951082,6.15874672244797,6,7.29251367394671,0.498210387804164,6.71003535193113
0.246227186021216,6.13892910252213,6,7.27190489240329,0.221322147036363,6.08679968071423
0.967110172222574,7.68034396310388,8,8.8040501609479,0.805272439165424,7.36298422104583
-0.00932369848087768,5.54637233454871,5,6.63838962161938,-0.351703341377836,4.7586255646791
-1.17361913416288,2.77691302702518,2,3.05815283899499,-1.1521284289715,2.83149577186318
0.249227859934755,6.14580813560251,6,7.27906238899933,0.678624895131111,7.10005834049227
0.497027359199891,6.70428140855856,7,7.84779074561886,0.661977858279481,7.06477167641309
-1.17361913416288,2.77691302702518,2,3.05815283899499,-1.40321167387325,2.16113338403561
0.176772552658878,5.97909952316537,6,7.10442174224184,-0.215332027970269,5.07540918846677
